  EFITD    01/21/2000    #163518  4000ms           7  65  65
 0.170000005E+01 0.320000005E+01 0.169550002E+01 0.839999974E+00 0.000000000E+00
 0.176564610E+01-0.210898537E-01-0.182072103E+00 0.420899130E-01-0.200949931E+01
-0.107516088E+07-0.182072103E+00 0.000000000E+00 0.176564610E+01 0.000000000E+00
-0.210898537E-01 0.000000000E+00 0.420899130E-01 0.000000000E+00 0.000000000E+00
-0.344331956E+01-0.344147801E+01-0.343969822E+01-0.343797898E+01-0.343631935E+01
-0.343471861E+01-0.343317556E+01-0.343168926E+01-0.343025851E+01-0.342888284E+01
-0.342756057E+01-0.342629123E+01-0.342507362E+01-0.342390680E+01-0.342278957E+01
-0.342172098E+01-0.342070007E+01-0.341972566E+01-0.341879702E+01-0.341791296E+01
-0.341707230E+01-0.341627407E+01-0.341551733E+01-0.341480088E+01-0.341412401E+01
-0.341348529E+01-0.341288376E+01-0.341231871E+01-0.341178846E+01-0.341129231E+01
-0.341082931E+01-0.341039824E+01-0.340999818E+01-0.340962768E+01-0.340928626E+01
-0.340897226E+01-0.340868497E+01-0.340842342E+01-0.340818620E+01-0.340797234E+01
-0.340778112E+01-0.340761089E+01-0.340746117E+01-0.340733027E+01-0.340721774E+01
-0.340712214E+01-0.340704226E+01-0.340697742E+01-0.340692639E+01-0.340688801E+01
-0.340686131E+01-0.340684509E+01-0.340683842E+01-0.340684009E+01-0.340684915E+01
-0.340686440E+01-0.340688491E+01-0.340690947E+01-0.340693712E+01-0.340696669E+01
-0.340699697E+01-0.340702724E+01-0.340705633E+01-0.340708303E+01-0.340710616E+01
 0.560913945E+05 0.551534922E+05 0.542175430E+05 0.532835430E+05 0.523514961E+05
 0.514214023E+05 0.504932578E+05 0.495670664E+05 0.486428281E+05 0.477205391E+05
 0.468001992E+05 0.458818164E+05 0.449653789E+05 0.440508984E+05 0.431383672E+05
 0.422277852E+05 0.413191562E+05 0.404124805E+05 0.395077578E+05 0.386049844E+05
 0.377041602E+05 0.368052891E+05 0.359083711E+05 0.350134023E+05 0.341203867E+05
 0.332293242E+05 0.323402109E+05 0.314530488E+05 0.305678379E+05 0.296845801E+05
 0.288032734E+05 0.279239180E+05 0.270465137E+05 0.261710625E+05 0.252975605E+05
 0.244260117E+05 0.235564141E+05 0.226887676E+05 0.218230742E+05 0.209593301E+05
 0.200975391E+05 0.192376992E+05 0.183798105E+05 0.175238730E+05 0.166698887E+05
 0.158178545E+05 0.149677725E+05 0.141196406E+05 0.132734619E+05 0.124292344E+05
 0.115869580E+05 0.107466328E+05 0.990825977E+04 0.907183789E+04 0.823736816E+04
 0.740484912E+04 0.657428223E+04 0.574566650E+04 0.491900244E+04 0.409428979E+04
 0.327152881E+04 0.245071924E+04 0.163186133E+04 0.814954895E+03 0.000000000E+00
-0.184089327E+01-0.177887416E+01-0.171790063E+01-0.165797246E+01-0.159908974E+01
-0.154125261E+01-0.148446083E+01-0.142871451E+01-0.137401366E+01-0.132035828E+01
-0.126774836E+01-0.121618378E+01-0.116566479E+01-0.111619127E+01-0.106776309E+01
-0.102038050E+01-0.974043250E+00-0.928751528E+00-0.884505212E+00-0.841304421E+00
-0.799149036E+00-0.758039117E+00-0.717974663E+00-0.678955674E+00-0.640982091E+00
-0.604054034E+00-0.568171382E+00-0.533334196E+00-0.499542505E+00-0.466796249E+00
-0.435095429E+00-0.404440075E+00-0.374830186E+00-0.346265763E+00-0.318746775E+00
-0.292273253E+00-0.266845196E+00-0.242462590E+00-0.219125435E+00-0.196833745E+00
-0.175587505E+00-0.155386716E+00-0.136231393E+00-0.118121527E+00-0.101057120E+00
-0.850381628E-01-0.700646639E-01-0.561366230E-01-0.432540365E-01-0.314169079E-01
-0.206252374E-01-0.108790221E-01-0.217826362E-02 0.547703821E-02 0.120868832E-01
 0.176512711E-01 0.221702028E-01 0.256436784E-01 0.280716959E-01 0.294542573E-01
 0.297913626E-01 0.290830117E-01 0.273292027E-01 0.245299377E-01 0.206852164E-01
-0.268056656E+06-0.267499469E+06-0.266942312E+06-0.266385125E+06-0.265827938E+06
-0.265270781E+06-0.264713594E+06-0.264156438E+06-0.263599250E+06-0.263042062E+06
-0.262484906E+06-0.261927719E+06-0.261370547E+06-0.260813359E+06-0.260256188E+06
-0.259699016E+06-0.259141844E+06-0.258584656E+06-0.258027484E+06-0.257470312E+06
-0.256913125E+06-0.256355953E+06-0.255798781E+06-0.255241609E+06-0.254684422E+06
-0.254127250E+06-0.253570078E+06-0.253012891E+06-0.252455719E+06-0.251898547E+06
-0.251341375E+06-0.250784188E+06-0.250227016E+06-0.249669844E+06-0.249112672E+06
-0.248555484E+06-0.247998312E+06-0.247441141E+06-0.246883953E+06-0.246326781E+06
-0.245769609E+06-0.245212438E+06-0.244655250E+06-0.244098078E+06-0.243540906E+06
-0.242983734E+06-0.242426547E+06-0.241869375E+06-0.241312203E+06-0.240755016E+06
-0.240197844E+06-0.239640672E+06-0.239083500E+06-0.238526312E+06-0.237969141E+06
-0.237411969E+06-0.236854781E+06-0.236297609E+06-0.235740438E+06-0.235183266E+06
-0.234626078E+06-0.234068906E+06-0.233511734E+06-0.232954562E+06-0.232397375E+06
 0.557586364E-01 0.495971702E-01 0.429332331E-01 0.357297510E-01 0.280377939E-01
 0.199948195E-01 0.117982617E-01 0.366116455E-02-0.224773120E-02-0.374826603E-02
-0.600760709E-02-0.115042916E-01-0.180591010E-01-0.216048583E-01-0.228070207E-01
-0.218993872E-01-0.188793652E-01-0.136018321E-01-0.572341541E-02 0.543579180E-02
 0.211509559E-01 0.375603661E-01 0.517453104E-01 0.647996292E-01 0.773843750E-01
 0.899686590E-01 0.102965951E+00 0.116825536E+00 0.132126972E+00 0.149575233E+00
 0.164701030E+00 0.176046059E+00 0.184091151E+00 0.188569546E+00 0.189321741E+00
 0.185844690E+00 0.179871395E+00 0.176048830E+00 0.173685476E+00 0.172358438E+00
 0.171810344E+00 0.171879157E+00 0.172455862E+00 0.173460051E+00 0.174826890E+00
 0.176500484E+00 0.178430483E+00 0.180570126E+00 0.182874978E+00 0.185302243E+00
 0.187810242E+00 0.190358341E+00 0.192907050E+00 0.195418403E+00 0.197856620E+00
 0.200188771E+00 0.202385649E+00 0.204422459E+00 0.206279427E+00 0.207942232E+00
 0.209402129E+00 0.210655704E+00 0.211704507E+00 0.212554380E+00 0.213214621E+00
 0.511321686E-01 0.439071655E-01 0.359748825E-01 0.272101946E-01 0.175975002E-01
 0.730565004E-02-0.203319127E-02-0.806229096E-02-0.103464443E-01-0.883169379E-02
-0.824570563E-02-0.991224870E-02-0.122860400E-01-0.135952868E-01-0.134668015E-01
-0.117715113E-01-0.838381425E-02-0.313669490E-02 0.419149082E-02 0.138585828E-01
 0.259351674E-01 0.389226004E-01 0.514726527E-01 0.636544749E-01 0.757285655E-01
 0.879845843E-01 0.100742593E+00 0.114392608E+00 0.129471257E+00 0.146623313E+00
 0.161567926E+00 0.172808453E+00 0.180767655E+00 0.185334817E+00 0.186287895E+00
 0.183075145E+00 0.177571028E+00 0.174184829E+00 0.172274336E+00 0.171424434E+00
 0.171378151E+00 0.171967819E+00 0.173077941E+00 0.174623802E+00 0.176538780E+00
 0.178766668E+00 0.181257084E+00 0.183962598E+00 0.186836943E+00 0.189833894E+00
 0.192906767E+00 0.196008250E+00 0.199090809E+00 0.202107444E+00 0.205012798E+00
 0.207764611E+00 0.210325271E+00 0.212663203E+00 0.214754164E+00 0.216581926E+00
 0.218138576E+00 0.219424143E+00 0.220445693E+00 0.221216217E+00 0.221753120E+00
 0.477105565E-01 0.399149954E-01 0.312079228E-01 0.211399440E-01 0.951438118E-02
 0.389877358E-03-0.531455036E-02-0.747094117E-02-0.598004973E-02-0.388984382E-02
-0.254743919E-02-0.188486080E-02-0.144576153E-02-0.711231201E-03 0.723637291E-03
 0.313026877E-02 0.669202814E-02 0.115353903E-01 0.177295357E-01 0.252508000E-01
 0.339227803E-01 0.434154160E-01 0.533962846E-01 0.636785254E-01 0.742212012E-01
 0.850727856E-01 0.963271558E-01 0.108091272E+00 0.120432369E+00 0.133094370E+00
 0.144642040E+00 0.154118091E+00 0.161344424E+00 0.166244373E+00 0.168765083E+00
 0.168994352E+00 0.168011054E+00 0.167328820E+00 0.167239815E+00 0.167739287E+00
 0.168776840E+00 0.170296416E+00 0.172245696E+00 0.174577489E+00 0.177248433E+00
 0.180217326E+00 0.183443278E+00 0.186884269E+00 0.190495938E+00 0.194230646E+00
 0.198037028E+00 0.201859921E+00 0.205641016E+00 0.209320158E+00 0.212837398E+00
 0.216135666E+00 0.219163701E+00 0.221879035E+00 0.224250376E+00 0.226259157E+00
 0.227899909E+00 0.229179546E+00 0.230115533E+00 0.230733529E+00 0.231064558E+00
 0.456569716E-01 0.380611867E-01 0.298623201E-01 0.206941813E-01 0.108225681E-01
 0.481543969E-02 0.315711671E-02 0.346153392E-02 0.417772541E-02 0.508023938E-02
 0.602943357E-02 0.701186014E-02 0.813338347E-02 0.956766028E-02 0.115001732E-01
 0.140930153E-01 0.174701121E-01 0.217115637E-01 0.268483609E-01 0.328561775E-01
 0.396547578E-01 0.471229814E-01 0.551300161E-01 0.635657981E-01 0.723534524E-01
 0.814416781E-01 0.907832757E-01 0.100302100E+00 0.109846406E+00 0.119142070E+00
 0.127813384E+00 0.135508806E+00 0.142002061E+00 0.147203505E+00 0.151157349E+00
 0.154063255E+00 0.156274244E+00 0.158186346E+00 0.160099298E+00 0.162187889E+00
 0.164540634E+00 0.167196825E+00 0.170168608E+00 0.173452839E+00 0.177036703E+00
 0.180900425E+00 0.185018077E+00 0.189357355E+00 0.193878978E+00 0.198535770E+00
 0.203271776E+00 0.208021909E+00 0.212712437E+00 0.217262655E+00 0.221588388E+00
 0.225606799E+00 0.229242474E+00 0.232433364E+00 0.235135943E+00 0.237328351E+00
 0.239011049E+00 0.240205020E+00 0.240947694E+00 0.241287783E+00 0.241279796E+00
 0.441102982E-01 0.372426137E-01 0.307748020E-01 0.245166104E-01 0.188710950E-01
 0.161167178E-01 0.146284411E-01 0.139706312E-01 0.138732661E-01 0.141638257E-01
 0.147444261E-01 0.155830272E-01 0.167028680E-01 0.181655753E-01 0.200512744E-01
 0.224407464E-01 0.254022256E-01 0.289826375E-01 0.332023203E-01 0.380529650E-01
 0.434994623E-01 0.494860671E-01 0.559454635E-01 0.628071800E-01 0.700017586E-01
 0.774588585E-01 0.850998387E-01 0.928270966E-01 0.100514680E+00 0.108007506E+00
 0.115136422E+00 0.121747039E+00 0.127729297E+00 0.133036777E+00 0.137694657E+00
 0.141797259E+00 0.145491689E+00 0.148947433E+00 0.152323872E+00 0.155749992E+00
 0.159320012E+00 0.163097799E+00 0.167123929E+00 0.171421617E+00 0.176000938E+00
 0.180861354E+00 0.185992673E+00 0.191374943E+00 0.196977288E+00 0.202756077E+00
 0.208652496E+00 0.214590207E+00 0.220473975E+00 0.226190463E+00 0.231613040E+00
 0.236610949E+00 0.241062060E+00 0.244866282E+00 0.247956783E+00 0.250306815E+00
 0.251930863E+00 0.252880067E+00 0.253232449E+00 0.253080636E+00 0.252520233E+00
 0.405961722E-01 0.335656814E-01 0.303727854E-01 0.282052644E-01 0.260863621E-01
 0.244129859E-01 0.232671779E-01 0.225921366E-01 0.223084819E-01 0.223517362E-01
 0.226825662E-01 0.232885424E-01 0.241815317E-01 0.253919177E-01 0.269609541E-01
 0.289327670E-01 0.313471928E-01 0.342341326E-01 0.376096778E-01 0.414741673E-01
 0.458123721E-01 0.505954586E-01 0.557839349E-01 0.613304004E-01 0.671811700E-01
 0.732763037E-01 0.795482844E-01 0.859205574E-01 0.923075005E-01 0.986176878E-01
 0.104761340E+00 0.110660806E+00 0.116261445E+00 0.121539861E+00 0.126507610E+00
 0.131209433E+00 0.135716155E+00 0.140113845E+00 0.144492000E+00 0.148934200E+00
 0.153512597E+00 0.158285975E+00 0.163300201E+00 0.168589562E+00 0.174178272E+00
 0.180081338E+00 0.186304763E+00 0.192844644E+00 0.199685112E+00 0.206794590E+00
 0.214120328E+00 0.221580967E+00 0.229058132E+00 0.236389950E+00 0.243373007E+00
 0.249779537E+00 0.255389094E+00 0.260022491E+00 0.263566017E+00 0.265984744E+00
 0.267326206E+00 0.267710984E+00 0.267307073E+00 0.266295910E+00 0.264845163E+00
 0.394349359E-01 0.324895531E-01 0.310257617E-01 0.312358625E-01 0.309997909E-01
 0.305795390E-01 0.301525109E-01 0.298147872E-01 0.296141952E-01 0.295760948E-01
 0.297190696E-01 0.300631411E-01 0.306330472E-01 0.314584337E-01 0.325721465E-01
 0.340075642E-01 0.357956216E-01 0.379619114E-01 0.405239202E-01 0.434885398E-01
 0.468513928E-01 0.505979769E-01 0.547049679E-01 0.591414049E-01 0.638696104E-01
 0.688459501E-01 0.740215480E-01 0.793433040E-01 0.847554877E-01 0.902025551E-01
 0.956330970E-01 0.101004526E+00 0.106287658E+00 0.111470170E+00 0.116558157E+00
 0.121575460E+00 0.126560822E+00 0.131563485E+00 0.136638343E+00 0.141841412E+00
 0.147226453E+00 0.152842984E+00 0.158735380E+00 0.164942726E+00 0.171499148E+00
 0.178433970E+00 0.185771734E+00 0.193531305E+00 0.201723784E+00 0.210348308E+00
 0.219384164E+00 0.228777006E+00 0.238415137E+00 0.248092741E+00 0.257469237E+00
 0.266083419E+00 0.273477793E+00 0.279313833E+00 0.283392578E+00 0.285654604E+00
 0.286206692E+00 0.285344779E+00 0.283476919E+00 0.280977607E+00 0.278125077E+00
 0.417944081E-01 0.351682305E-01 0.346255898E-01 0.357492156E-01 0.363608785E-01
 0.366089866E-01 0.366199054E-01 0.364981107E-01 0.363253728E-01 0.361653194E-01
 0.360691175E-01 0.360802189E-01 0.362376608E-01 0.365779884E-01 0.371361598E-01
 0.379458368E-01 0.390393808E-01 0.404474512E-01 0.421969406E-01 0.443027020E-01
 0.467660762E-01 0.495811477E-01 0.527358055E-01 0.562117584E-01 0.599846579E-01
 0.640249103E-01 0.682994947E-01 0.727733970E-01 0.774111673E-01 0.821786970E-01
 0.870455727E-01 0.919874236E-01 0.969881490E-01 0.102041468E+00 0.107151732E+00
 0.112333722E+00 0.117611565E+00 0.123016924E+00 0.128586873E+00 0.134361774E+00
 0.140383676E+00 0.146694988E+00 0.153338060E+00 0.160355046E+00 0.167788297E+00
 0.175681129E+00 0.184078604E+00 0.193028435E+00 0.202581495E+00 0.212791696E+00
 0.223713547E+00 0.235395014E+00 0.247857898E+00 0.261049032E+00 0.274674863E+00
 0.287257195E+00 0.297548831E+00 0.305207103E+00 0.309995234E+00 0.311724871E+00
 0.310287654E+00 0.306368858E+00 0.301643342E+00 0.296686828E+00 0.291779339E+00
 0.471788682E-01 0.409430154E-01 0.406663641E-01 0.421283469E-01 0.430225283E-01
 0.434485003E-01 0.435129702E-01 0.433183983E-01 0.429559834E-01 0.425035357E-01
 0.420263149E-01 0.415791050E-01 0.412085094E-01 0.409550406E-01 0.408550203E-01
 0.409426354E-01 0.412531830E-01 0.418295562E-01 0.427368209E-01 0.440019779E-01
 0.456091315E-01 0.475566201E-01 0.498430990E-01 0.524621159E-01 0.553996228E-01
 0.586337261E-01 0.621420704E-01 0.659026951E-01 0.698938817E-01 0.740947947E-01
 0.784873962E-01 0.830579102E-01 0.877977684E-01 0.927043930E-01 0.977817029E-01
 0.103040256E+00 0.108496867E+00 0.114173956E+00 0.120098718E+00 0.126302257E+00
 0.132818937E+00 0.139686018E+00 0.146943644E+00 0.154635370E+00 0.162809193E+00
 0.171519086E+00 0.180827335E+00 0.190807924E+00 0.201551169E+00 0.213170707E+00
 0.225814119E+00 0.239680648E+00 0.255053848E+00 0.272373408E+00 0.291983306E+00
 0.309751987E+00 0.323723555E+00 0.333811611E+00 0.339823782E+00 0.341271728E+00
 0.337965161E+00 0.329419017E+00 0.320202649E+00 0.311864406E+00 0.304423690E+00
 0.552688614E-01 0.494176298E-01 0.492137261E-01 0.506601110E-01 0.514091700E-01
 0.515755899E-01 0.512929671E-01 0.506822914E-01 0.498464257E-01 0.488702245E-01
 0.478228331E-01 0.467604734E-01 0.457289480E-01 0.447655842E-01 0.439004973E-01
 0.431570150E-01 0.425507985E-01 0.420863330E-01 0.420797318E-01 0.425841995E-01
 0.433633067E-01 0.444694720E-01 0.459311642E-01 0.477622785E-01 0.499595627E-01
 0.524824485E-01 0.553164482E-01 0.584532171E-01 0.618825182E-01 0.655900687E-01
 0.695652291E-01 0.738013983E-01 0.782951266E-01 0.830459520E-01 0.880574435E-01
 0.933375880E-01 0.988987908E-01 0.104757704E+00 0.110935017E+00 0.117455222E+00
 0.124346532E+00 0.131641045E+00 0.139375165E+00 0.147590518E+00 0.156335309E+00
 0.165666476E+00 0.175652713E+00 0.186378956E+00 0.197952881E+00 0.210514739E+00
 0.224252254E+00 0.239424184E+00 0.256397158E+00 0.275696158E+00 0.298022479E+00
 0.320812643E+00 0.338608056E+00 0.351287633E+00 0.358931512E+00 0.361461371E+00
 0.358199745E+00 0.348806500E+00 0.335088402E+00 0.323496103E+00 0.313809931E+00
 0.663481504E-01 0.608538054E-01 0.608649328E-01 0.618591756E-01 0.618929081E-01
 0.612567551E-01 0.601583011E-01 0.587458089E-01 0.571262948E-01 0.553792529E-01
 0.535653494E-01 0.517318062E-01 0.499157123E-01 0.481460355E-01 0.464446694E-01
 0.448267274E-01 0.433000550E-01 0.418641493E-01 0.408413857E-01 0.402338393E-01
 0.400196575E-01 0.402061306E-01 0.408169813E-01 0.418944806E-01 0.435159765E-01
 0.453972444E-01 0.476035886E-01 0.501687191E-01 0.531015098E-01 0.563668311E-01
 0.599603690E-01 0.638858899E-01 0.681458712E-01 0.727384537E-01 0.776656941E-01
 0.829334706E-01 0.885505602E-01 0.945289880E-01 0.100884050E+00 0.107634209E+00
 0.114801265E+00 0.122410789E+00 0.130492672E+00 0.139082059E+00 0.148220539E+00
 0.157958016E+00 0.168355152E+00 0.179486856E+00 0.191446960E+00 0.204354867E+00
 0.218364149E+00 0.233673841E+00 0.250541359E+00 0.269294560E+00 0.290340304E+00
 0.314032584E+00 0.334269822E+00 0.348972648E+00 0.358315200E+00 0.362356156E+00
 0.361241937E+00 0.354279786E+00 0.341358036E+00 0.328079611E+00 0.317483783E+00
 0.828869864E-01 0.784347430E-01 0.772558227E-01 0.763611272E-01 0.745939389E-01
 0.723983720E-01 0.699556172E-01 0.673619509E-01 0.646785796E-01 0.619490892E-01
 0.592066981E-01 0.564776622E-01 0.537828989E-01 0.511388667E-01 0.485578589E-01
 0.460479558E-01 0.436126143E-01 0.412499495E-01 0.392841287E-01 0.377225578E-01
 0.365700386E-01 0.358352996E-01 0.355310366E-01 0.356712230E-01 0.362636223E-01
 0.372889750E-01 0.387678035E-01 0.407500751E-01 0.433295779E-01 0.461849123E-01
 0.493997335E-01 0.530216508E-01 0.570696034E-01 0.615112670E-01 0.663476214E-01
 0.715859830E-01 0.772304609E-01 0.832887292E-01 0.897711664E-01 0.966897830E-01
 0.104058869E+00 0.111895598E+00 0.120220535E+00 0.129058212E+00 0.138437808E+00
 0.148394048E+00 0.158968240E+00 0.170209602E+00 0.182176620E+00 0.194938466E+00
 0.208575830E+00 0.223180696E+00 0.238854051E+00 0.255701870E+00 0.273835003E+00
 0.293411702E+00 0.313329726E+00 0.327904046E+00 0.337816030E+00 0.343426049E+00
 0.344575107E+00 0.341617584E+00 0.333974242E+00 0.322747797E+00 0.313804805E+00
 0.105331734E+00 0.103517398E+00 0.982961282E-01 0.929610878E-01 0.883637965E-01
 0.840956792E-01 0.800058693E-01 0.760295391E-01 0.721370801E-01 0.683154389E-01
 0.645599589E-01 0.608703196E-01 0.572482944E-01 0.536964722E-01 0.502175055E-01
 0.468136296E-01 0.434860997E-01 0.402335711E-01 0.373776294E-01 0.349257849E-01
 0.328861959E-01 0.312686861E-01 0.300845951E-01 0.293457564E-01 0.290630721E-01
 0.292461440E-01 0.299097318E-01 0.310716927E-01 0.327442139E-01 0.349094868E-01
 0.375964567E-01 0.408683531E-01 0.448384322E-01 0.491437502E-01 0.538809672E-01
 0.590926930E-01 0.647545382E-01 0.708729476E-01 0.774575174E-01 0.845114365E-01
 0.920397043E-01 0.100049347E+00 0.108549789E+00 0.117552757E+00 0.127072170E+00
 0.137123957E+00 0.147725716E+00 0.158896059E+00 0.170653239E+00 0.183012590E+00
 0.195981950E+00 0.209553689E+00 0.223690629E+00 0.238300696E+00 0.253187209E+00
 0.267940342E+00 0.281746626E+00 0.293540239E+00 0.302681059E+00 0.308962852E+00
 0.312373191E+00 0.313040197E+00 0.311311990E+00 0.307952791E+00 0.304038972E+00
 0.122013927E+00 0.121099211E+00 0.114560328E+00 0.107265748E+00 0.100778691E+00
 0.948525369E-01 0.893168226E-01 0.840600431E-01 0.790106654E-01 0.741226003E-01
 0.693658441E-01 0.647206008E-01 0.601736717E-01 0.557162650E-01 0.513429344E-01
 0.470519066E-01 0.428479053E-01 0.387506522E-01 0.350573808E-01 0.317682996E-01
 0.288907327E-01 0.264357179E-01 0.244164299E-01 0.228472557E-01 0.217432342E-01
 0.211199373E-01 0.209938958E-01 0.213820171E-01 0.223002769E-01 0.237635355E-01
 0.257932544E-01 0.284156203E-01 0.316525958E-01 0.354966410E-01 0.400044173E-01
 0.452964492E-01 0.509722233E-01 0.571360514E-01 0.638304055E-01 0.710206330E-01
 0.787015855E-01 0.868690684E-01 0.955217704E-01 0.104659043E+00 0.114280112E+00
 0.124383144E+00 0.134964183E+00 0.146015435E+00 0.157522857E+00 0.169462174E+00
 0.181793407E+00 0.194452405E+00 0.207338959E+00 0.220300436E+00 0.233111680E+00
 0.245459482E+00 0.256954253E+00 0.267193884E+00 0.275854349E+00 0.282742977E+00
 0.287805855E+00 0.291122645E+00 0.292904079E+00 0.293472141E+00 0.293193310E+00
 0.133239880E+00 0.132576585E+00 0.126092732E+00 0.118130520E+00 0.110713005E+00
 0.103761986E+00 0.971895754E-01 0.909197181E-01 0.848916993E-01 0.790589079E-01
 0.733861327E-01 0.678467304E-01 0.624202229E-01 0.570901185E-01 0.518418364E-01
 0.466599092E-01 0.415231176E-01 0.367124751E-01 0.322620645E-01 0.281938873E-01
 0.245259944E-01 0.212756675E-01 0.184605811E-01 0.160991177E-01 0.142103517E-01
 0.128139546E-01 0.119300745E-01 0.115791047E-01 0.117814597E-01 0.125576900E-01
 0.139291231E-01 0.159172751E-01 0.185422953E-01 0.218222048E-01 0.257797521E-01
 0.304340757E-01 0.357725695E-01 0.418529101E-01 0.488009378E-01 0.561651699E-01
 0.640322417E-01 0.723799616E-01 0.812042877E-01 0.904948413E-01 0.100239255E+00
 0.110421605E+00 0.121021703E+00 0.132013649E+00 0.143363506E+00 0.155026063E+00
 0.166940749E+00 0.179026634E+00 0.191176832E+00 0.203253359E+00 0.215084463E+00
 0.226468086E+00 0.237185150E+00 0.247022837E+00 0.255802065E+00 0.263399780E+00
 0.269761235E+00 0.274902672E+00 0.278904945E+00 0.281897843E+00 0.284035861E+00
 0.141757876E+00 0.141240209E+00 0.134532318E+00 0.126223698E+00 0.118291818E+00
 0.110702328E+00 0.103413388E+00 0.963821784E-01 0.895692855E-01 0.829404667E-01
 0.764668807E-01 0.701245815E-01 0.638937578E-01 0.577579774E-01 0.517034009E-01
 0.457179323E-01 0.397894979E-01 0.342186205E-01 0.290141013E-01 0.241893176E-01
 0.197604913E-01 0.157460067E-01 0.121660018E-01 0.904204790E-02 0.639683800E-02
 0.425388152E-02 0.263720006E-02 0.157102325E-02 0.107951777E-02 0.118657527E-02
 0.191563414E-02 0.328936428E-02 0.532930717E-02 0.805580057E-02 0.114884265E-01
 0.156453140E-01 0.205432624E-01 0.262066759E-01 0.326613225E-01 0.399100520E-01
 0.480602570E-01 0.566196255E-01 0.656683668E-01 0.751707256E-01 0.851080790E-01
 0.954526812E-01 0.106172845E+00 0.117232397E+00 0.128588378E+00 0.140188634E+00
 0.151969358E+00 0.163852796E+00 0.175745338E+00 0.187536836E+00 0.199101686E+00
 0.210302934E+00 0.220999599E+00 0.231056750E+00 0.240356356E+00 0.248806790E+00
 0.256348997E+00 0.262958527E+00 0.268643349E+00 0.273437858E+00 0.277394474E+00
 0.148027107E+00 0.147556245E+00 0.140652359E+00 0.132133439E+00 0.123879418E+00
 0.115862317E+00 0.108059019E+00 0.100446805E+00 0.930038393E-01 0.857094452E-01
 0.785443038E-01 0.714907497E-01 0.645330325E-01 0.576578304E-01 0.508555099E-01
 0.441234894E-01 0.374749713E-01 0.311903972E-01 0.252694096E-01 0.197218060E-01
 0.145634096E-01 0.981402304E-02 0.549631193E-02 0.163506961E-02-0.174333970E-02
-0.461146841E-02-0.694124261E-02-0.870439969E-02-0.987290405E-02-0.104193417E-01
-0.103172828E-01-0.954163074E-02-0.806890801E-02-0.587744126E-02-0.294739939E-02
 0.739209296E-03 0.519883074E-02 0.104470970E-01 0.164978579E-01 0.233617593E-01
 0.310504641E-01 0.395526960E-01 0.489684455E-01 0.587625317E-01 0.690032095E-01
 0.796324089E-01 0.906086788E-01 0.101893455E+00 0.113443278E+00 0.125207528E+00
 0.137127385E+00 0.149135247E+00 0.161154255E+00 0.173098639E+00 0.184874877E+00
 0.196384072E+00 0.207525387E+00 0.218200207E+00 0.228316471E+00 0.237792313E+00
 0.246558696E+00 0.254560500E+00 0.261756688E+00 0.268119633E+00 0.273634374E+00
 0.152131230E+00 0.151572391E+00 0.144855544E+00 0.136263788E+00 0.127820224E+00
 0.119503044E+00 0.111305274E+00 0.103224717E+00 0.952567905E-01 0.873936117E-01
 0.796247944E-01 0.719383582E-01 0.643212348E-01 0.567591637E-01 0.492353514E-01
 0.417268090E-01 0.344998464E-01 0.275847018E-01 0.210026652E-01 0.147737814E-01
 0.891966838E-02 0.346437143E-02-0.156558992E-02-0.614150660E-02-0.102329133E-01
-0.138080847E-01-0.168345701E-01-0.192797333E-01-0.211112928E-01-0.222978480E-01
-0.228093788E-01-0.226176959E-01-0.216968264E-01-0.200233329E-01-0.175765026E-01
-0.143384663E-01-0.102942046E-01-0.543149747E-02 0.258979417E-03 0.678360509E-02
 0.141460774E-01 0.223467518E-01 0.313871615E-01 0.412435904E-01 0.520055331E-01
 0.630755946E-01 0.744517073E-01 0.861207545E-01 0.980466902E-01 0.110183872E+00
 0.122480974E+00 0.134881854E+00 0.147325590E+00 0.159746528E+00 0.172074690E+00
 0.184236482E+00 0.196155578E+00 0.207753748E+00 0.218951494E+00 0.229668021E+00
 0.239820853E+00 0.249325439E+00 0.258095413E+00 0.266044825E+00 0.273093075E+00
 0.154748395E+00 0.153893530E+00 0.147386312E+00 0.139046803E+00 0.130508423E+00
 0.121923916E+00 0.113365620E+00 0.104863614E+00 0.964285508E-01 0.880610198E-01
 0.797560140E-01 0.715053976E-01 0.632994324E-01 0.551276505E-01 0.469790809E-01
 0.388414897E-01 0.310005695E-01 0.234638136E-01 0.162451286E-01 0.936331321E-02
 0.284135598E-02-0.329404720E-02-0.901298039E-02-0.142828273E-01-0.190688334E-01
-0.233347211E-01-0.270433165E-01-0.301572178E-01-0.326394513E-01-0.344541259E-01
-0.355670638E-01-0.359463729E-01-0.355629735E-01-0.343910083E-01-0.324081741E-01
-0.295959450E-01-0.259396378E-01-0.214283988E-01-0.160550252E-01-0.981561560E-02
-0.270889606E-02 0.526488759E-02 0.141061433E-01 0.238189008E-01 0.344236903E-01
 0.459487475E-01 0.577773452E-01 0.699633956E-01 0.824303180E-01 0.951233804E-01
 0.107995763E+00 0.121002622E+00 0.134098589E+00 0.147236645E+00 0.160367623E+00
 0.173439682E+00 0.186397567E+00 0.199181274E+00 0.211723670E+00 0.223947033E+00
 0.235758275E+00 0.247043729E+00 0.257665336E+00 0.267461687E+00 0.276258379E+00
 0.158564210E+00 0.157934621E+00 0.150581703E+00 0.141443998E+00 0.132391661E+00
 0.123374082E+00 0.114399984E+00 0.105476268E+00 0.966033190E-01 0.877766088E-01
 0.789885670E-01 0.702301040E-01 0.614920445E-01 0.527669936E-01 0.440527909E-01
 0.353608392E-01 0.269568916E-01 0.188401043E-01 0.110213589E-01 0.351943844E-02
-0.364091760E-02-0.104301665E-01-0.168147925E-01-0.227580238E-01-0.282205306E-01
-0.331611447E-01-0.375376008E-01-0.413073115E-01-0.444281511E-01-0.468592234E-01
-0.485616475E-01-0.494992360E-01-0.496391617E-01-0.489524901E-01-0.474146158E-01
-0.450055636E-01-0.417101160E-01-0.375178158E-01-0.324227549E-01-0.264231954E-01
-0.195209887E-01-0.117208520E-01-0.302960491E-02 0.654414948E-02 0.169889666E-01
 0.282834917E-01 0.403812900E-01 0.533628613E-01 0.665687248E-01 0.799854696E-01
 0.935919359E-01 0.107363604E+00 0.121274479E+00 0.135297954E+00 0.149407014E+00
 0.163573787E+00 0.177768469E+00 0.191956937E+00 0.206096664E+00 0.220129952E+00
 0.233973324E+00 0.247501850E+00 0.260527968E+00 0.272781134E+00 0.283911020E+00
 0.160965145E+00 0.160386622E+00 0.152669594E+00 0.142878234E+00 0.133268267E+00
 0.123789355E+00 0.114403754E+00 0.105086721E+00 0.958193913E-01 0.865852982E-01
 0.773689896E-01 0.681555793E-01 0.589301921E-01 0.496766493E-01 0.403730199E-01
 0.312685817E-01 0.223883428E-01 0.137514565E-01 0.537853176E-02-0.270585064E-02
-0.104724811E-01-0.178876128E-01-0.249133743E-01-0.315083377E-01-0.376281925E-01
-0.432265177E-01-0.482555702E-01-0.526671708E-01-0.564135984E-01-0.594484843E-01
-0.617277212E-01-0.632102862E-01-0.638590232E-01-0.636413246E-01-0.625296459E-01
-0.605019033E-01-0.575416908E-01-0.536382683E-01-0.487863906E-01-0.429858938E-01
-0.362411104E-01-0.285600945E-01-0.199537016E-01-0.104345996E-01-0.161087064E-04
 0.112895472E-01 0.234759636E-01 0.365564562E-01 0.505511276E-01 0.647681132E-01
 0.791961327E-01 0.938240737E-01 0.108642243E+00 0.123643473E+00 0.138823882E+00
 0.154183209E+00 0.169724450E+00 0.185452595E+00 0.201371670E+00 0.217478842E+00
 0.233753517E+00 0.250136226E+00 0.266485959E+00 0.282479346E+00 0.297369808E+00
 0.161691889E+00 0.161063597E+00 0.152780786E+00 0.142687663E+00 0.132767394E+00
 0.122980081E+00 0.113292336E+00 0.103672691E+00 0.940929577E-01 0.845282227E-01
 0.749565437E-01 0.653587952E-01 0.557193533E-01 0.460287035E-01 0.362911820E-01
 0.267551541E-01 0.174194146E-01 0.829570089E-02-0.595861638E-03-0.922853313E-02
-0.175697990E-01-0.255819615E-01-0.332227200E-01-0.404458009E-01-0.472016744E-01
-0.534383729E-01-0.591023862E-01-0.641396046E-01-0.684963465E-01-0.721203610E-01
-0.749618784E-01-0.769745782E-01-0.781165063E-01-0.783508644E-01-0.776466727E-01
-0.759792328E-01-0.733304247E-01-0.696887523E-01-0.650491416E-01-0.594125241E-01
-0.527851656E-01-0.451777354E-01-0.366041586E-01-0.270801708E-01-0.166216083E-01
-0.524216471E-02 0.704941479E-02 0.202524345E-01 0.343747661E-01 0.494341664E-01
 0.647248849E-01 0.802447051E-01 0.959963799E-01 0.111989364E+00 0.128241658E+00
 0.144781381E+00 0.161648303E+00 0.178895548E+00 0.196591347E+00 0.214821041E+00
 0.233688846E+00 0.253319263E+00 0.273856312E+00 0.295435190E+00 0.317085296E+00
 0.160084695E+00 0.159264445E+00 0.151112035E+00 0.140882507E+00 0.130817235E+00
 0.120882675E+00 0.111037932E+00 0.101243295E+00 0.914630219E-01 0.816658735E-01
 0.718243793E-01 0.619133562E-01 0.519076250E-01 0.417777710E-01 0.317593589E-01
 0.218736436E-01 0.121379802E-01 0.257242005E-02-0.679798843E-02-0.159425084E-01
-0.248246808E-01-0.334025994E-01-0.416293666E-01-0.494537205E-01-0.568207614E-01
-0.636728033E-01-0.699503422E-01-0.755931288E-01-0.805412233E-01-0.847362354E-01
-0.881223902E-01-0.906477496E-01-0.922651738E-01-0.929333344E-01-0.926174298E-01
-0.912898034E-01-0.889302865E-01-0.855263174E-01-0.810727328E-01-0.755713731E-01
-0.690302998E-01-0.614628084E-01-0.528861396E-01-0.433199368E-01-0.327844210E-01
-0.212983619E-01-0.887682941E-02 0.447105756E-02 0.187441930E-01 0.339517593E-01
 0.501160212E-01 0.665211007E-01 0.831764117E-01 0.100101724E+00 0.117331758E+00
 0.134917989E+00 0.152931407E+00 0.171467096E+00 0.190651163E+00 0.210650891E+00
 0.231690302E+00 0.254074991E+00 0.278237641E+00 0.304834783E+00 0.332590967E+00
 0.156906083E+00 0.155863643E+00 0.147664651E+00 0.137433127E+00 0.127407938E+00
 0.117516913E+00 0.107690752E+00 0.978745148E-01 0.880256593E-01 0.781108141E-01
 0.681030378E-01 0.579797663E-01 0.477211736E-01 0.373081788E-01 0.269938521E-01
 0.167804714E-01 0.667956565E-02-0.328947953E-02-0.131000448E-01-0.227186736E-01
-0.321054459E-01-0.412144214E-01-0.499941669E-01-0.583884306E-01-0.663368851E-01
-0.737760812E-01-0.806404501E-01-0.868634582E-01-0.923788249E-01-0.971218124E-01
-0.101030506E+00-0.104047112E+00-0.106119141E+00-0.107200488E+00-0.107252330E+00
-0.106243841E+00-0.104152657E+00-0.100964986E+00-0.966755301E-01-0.912869871E-01
-0.848093331E-01-0.772587359E-01-0.686561838E-01-0.590259060E-01-0.483934954E-01
-0.367839076E-01-0.242192801E-01-0.107167521E-01 0.371376402E-02 0.190717876E-01
 0.353685729E-01 0.526297130E-01 0.701238140E-01 0.878657103E-01 0.105901130E+00
 0.124296345E+00 0.143139020E+00 0.162543952E+00 0.182662353E+00 0.203695059E+00
 0.225910679E+00 0.249669641E+00 0.275451094E+00 0.303869307E+00 0.334253430E+00
 0.152036324E+00 0.150736049E+00 0.142093197E+00 0.132193267E+00 0.122557819E+00
 0.112993784E+00 0.103404164E+00 0.937342197E-01 0.839490071E-01 0.740236863E-01
 0.639394820E-01 0.536824875E-01 0.432452671E-01 0.326334126E-01 0.220840927E-01
 0.115947481E-01 0.117599731E-02-0.915160682E-02-0.193591136E-01-0.294099972E-01
-0.392607264E-01-0.488612615E-01-0.581556372E-01-0.670826137E-01-0.755765140E-01
-0.835681558E-01-0.909859389E-01-0.977571011E-01-0.103809029E+00-0.109070651E+00
-0.113473907E+00-0.116955116E+00-0.119456373E+00-0.120926753E+00-0.121323377E+00
-0.120612189E+00-0.118768573E+00-0.115777537E+00-0.111633636E+00-0.106340572E+00
-0.999103710E-01-0.923623145E-01-0.837215036E-01-0.740171969E-01-0.632808432E-01
-0.515440106E-01-0.388361067E-01-0.251820404E-01-0.105999364E-01 0.490087876E-02
 0.213209707E-01 0.386692248E-01 0.569540188E-01 0.753572732E-01 0.939737856E-01
 0.112883247E+00 0.132171363E+00 0.151942387E+00 0.172329307E+00 0.193505555E+00
 0.215700760E+00 0.239224628E+00 0.264504373E+00 0.292139739E+00 0.321680188E+00
 0.142510414E+00 0.140098244E+00 0.133560881E+00 0.125280485E+00 0.116616875E+00
 0.107687972E+00 0.985210836E-01 0.891236961E-01 0.794954449E-01 0.696318820E-01
 0.595256425E-01 0.491659455E-01 0.385349467E-01 0.278589744E-01 0.171611253E-01
 0.646017026E-02-0.422230642E-02-0.148591306E-01-0.254164971E-01-0.358536616E-01
-0.461229682E-01-0.561701208E-01-0.659346133E-01-0.753503367E-01-0.843463838E-01
-0.928480402E-01-0.100777887E+00-0.108057126E+00-0.114606984E+00-0.120350271E+00
-0.125212923E+00-0.129125535E+00-0.132024929E+00-0.133855462E+00-0.134570301E+00
-0.134132251E+00-0.132514507E+00-0.129700989E+00-0.125686213E+00-0.120474964E+00
-0.114081517E+00-0.106528468E+00-0.978453010E-01-0.880666152E-01-0.772300959E-01
-0.653742701E-01-0.525360033E-01-0.387477241E-01-0.240341816E-01-0.840835366E-02
 0.813462026E-02 0.256279241E-01 0.441542193E-01 0.628841743E-01 0.818055794E-01
 0.100936681E+00 0.120318279E+00 0.140009791E+00 0.160088152E+00 0.180648670E+00
 0.201807186E+00 0.223704651E+00 0.246519610E+00 0.270525098E+00 0.295710742E+00
 0.134685799E+00 0.131644771E+00 0.125783414E+00 0.118544266E+00 0.110682063E+00
 0.102330036E+00 0.935717374E-01 0.844539031E-01 0.750015974E-01 0.652275085E-01
 0.551378280E-01 0.447376370E-01 0.340397097E-01 0.232744217E-01 0.124450969E-01
 0.156647072E-02-0.933858939E-02-0.202399585E-01-0.311003923E-01-0.418755226E-01
-0.525139160E-01-0.629572794E-01-0.731408522E-01-0.829939619E-01-0.924408287E-01
-0.101401538E+00-0.109793223E+00-0.117531449E+00-0.124531686E+00-0.130710974E+00
-0.135989606E+00-0.140292808E+00-0.143552452E+00-0.145708457E+00-0.146710232E+00
-0.146517724E+00-0.145102099E+00-0.142446309E+00-0.138544977E+00-0.133404091E+00
-0.127040267E+00-0.119479537E+00-0.110755943E+00-0.100909680E+00-0.899850726E-01
-0.780283511E-01-0.650851652E-01-0.511981361E-01-0.364041813E-01-0.207319576E-01
-0.419956353E-02 0.131866867E-01 0.314299986E-01 0.505305231E-01 0.696931705E-01
 0.889038742E-01 0.108173370E+00 0.127520621E+00 0.146964520E+00 0.166516066E+00
 0.186166465E+00 0.205864683E+00 0.225470781E+00 0.244653657E+00 0.262721807E+00
 0.129441410E+00 0.126156852E+00 0.120200589E+00 0.113160186E+00 0.105590574E+00
 0.975322053E-01 0.890252143E-01 0.801003128E-01 0.707778037E-01 0.610684045E-01
 0.509736799E-01 0.404843092E-01 0.298252217E-01 0.190240405E-01 0.810277555E-02
-0.291508739E-02-0.140015678E-01-0.251227543E-01-0.362380706E-01-0.472998954E-01
-0.582534522E-01-0.690369159E-01-0.795817301E-01-0.898131654E-01-0.996510610E-01
-0.109010860E+00-0.117804825E+00-0.125943422E+00-0.133336946E+00-0.139897272E+00
-0.145539582E+00-0.150184304E+00-0.153758764E+00-0.156198949E+00-0.157450929E+00
-0.157472014E+00-0.156231701E+00-0.153712079E+00-0.149908006E+00-0.144826755E+00
-0.138487220E+00-0.130918890E+00-0.122160204E+00-0.112256899E+00-0.101259880E+00
-0.892230496E-01-0.762009695E-01-0.622465834E-01-0.474089608E-01-0.317313746E-01
-0.152498633E-01 0.200715265E-02 0.200173911E-01 0.387599394E-01 0.582057163E-01
 0.774490237E-01 0.965292975E-01 0.115453154E+00 0.134205952E+00 0.152750194E+00
 0.171016559E+00 0.188888744E+00 0.206183329E+00 0.222631365E+00 0.237881377E+00
 0.125324383E+00 0.121849775E+00 0.115933008E+00 0.108922422E+00 0.101442739E+00
 0.935054347E-01 0.851226375E-01 0.763059556E-01 0.670644790E-01 0.574040003E-01
 0.473266467E-01 0.368301235E-01 0.261543859E-01 0.153093124E-01 0.431122305E-02
-0.681746099E-02-0.180479512E-01-0.293446984E-01-0.406650491E-01-0.519590005E-01
-0.631691441E-01-0.742307752E-01-0.850721672E-01-0.956151560E-01-0.105775915E+00
-0.115465932E+00-0.124593295E+00-0.133064166E+00-0.140784413E+00-0.147661462E+00
-0.153606191E+00-0.158534870E+00-0.162371010E+00-0.165047228E+00-0.166506737E+00
-0.166704684E+00-0.165609121E+00-0.163201556E+00-0.159477115E+00-0.154444292E+00
-0.148124143E+00-0.140549228E+00-0.131762087E+00-0.121813431E+00-0.110760100E+00
-0.986628681E-01-0.855841339E-01-0.715856403E-01-0.567262061E-01-0.410595573E-01
-0.246320628E-01-0.748013845E-02 0.103738764E-01 0.289300438E-01 0.482302979E-01
 0.673460439E-01 0.861924365E-01 0.104720771E+00 0.122885987E+00 0.140631065E+00
 0.157877490E+00 0.174518436E+00 0.190414727E+00 0.205396533E+00 0.219274029E+00
 0.122248694E+00 0.118648484E+00 0.112635881E+00 0.105606370E+00 0.981517285E-01
 0.902651772E-01 0.819428489E-01 0.731830597E-01 0.639855266E-01 0.543513969E-01
 0.442852788E-01 0.338018648E-01 0.231234636E-01 0.122528384E-01 0.120342884E-02
-0.100030238E-01-0.213372596E-01-0.327626280E-01-0.442349762E-01-0.557025410E-01
-0.671058968E-01-0.783780739E-01-0.894449130E-01-0.100225545E+00-0.110633209E+00
-0.120576292E+00-0.129959598E+00-0.138685837E+00-0.146657407E+00-0.153778210E+00
-0.159955725E+00-0.165102899E+00-0.169140264E+00-0.171997771E+00-0.173616409E+00
-0.173949629E+00-0.172964424E+00-0.170641869E+00-0.166977435E+00-0.161980629E+00
-0.155674383E+00-0.148093820E+00-0.139284879E+00-0.129302382E+00-0.118208036E+00
-0.106068224E+00-0.929517150E-01-0.789273679E-01-0.640620291E-01-0.484184623E-01
-0.320537537E-01-0.150181092E-01 0.264520315E-02 0.208973605E-01 0.396947823E-01
 0.589618459E-01 0.777219012E-01 0.959866270E-01 0.113736004E+00 0.130927414E+00
 0.147498816E+00 0.163370311E+00 0.178446457E+00 0.192620739E+00 0.205783352E+00
 0.119900540E+00 0.116207428E+00 0.110094368E+00 0.103060156E+00 0.956326351E-01
 0.877876580E-01 0.795094743E-01 0.707867742E-01 0.616099313E-01 0.519681498E-01
 0.418455489E-01 0.314536765E-01 0.208168030E-01 0.995424390E-02-0.111308647E-02
-0.123597300E-01-0.237542391E-01-0.352583602E-01-0.468265153E-01-0.584055185E-01
-0.699344426E-01-0.813447013E-01-0.925603509E-01-0.103498638E+00-0.114070728E+00
-0.124182813E+00-0.133737370E+00-0.142634735E+00-0.150774822E+00-0.158059120E+00
-0.164392665E+00-0.169686183E+00-0.173858076E+00-0.176836476E+00-0.178560853E+00
-0.178983524E+00-0.178070754E+00-0.175803438E+00-0.172177285E+00-0.167202666E+00
-0.160903856E+00-0.153317928E+00-0.144493237E+00-0.134487629E+00-0.123366296E+00
-0.111199632E+00-0.980608612E-01-0.840237960E-01-0.691605955E-01-0.535397790E-01
-0.372243449E-01-0.202702340E-01-0.272502168E-02 0.153733194E-01 0.339984000E-01
 0.531412028E-01 0.717421100E-01 0.897832885E-01 0.107236743E+00 0.124062993E+00
 0.140211463E+00 0.155621871E+00 0.170226768E+00 0.183955297E+00 0.196738124E+00
 0.117935345E+00 0.114137381E+00 0.108130902E+00 0.101185501E+00 0.938443616E-01
 0.860726535E-01 0.778545439E-01 0.691800863E-01 0.600403547E-01 0.504258014E-01
 0.403256975E-01 0.299678519E-01 0.193597265E-01 0.851519220E-02-0.254616933E-02
-0.137988040E-01-0.252106898E-01-0.367428325E-01-0.483488515E-01-0.599747188E-01
-0.715586171E-01-0.830310062E-01-0.943149403E-01-0.105326563E+00-0.115975916E+00
-0.126167968E+00-0.135803953E+00-0.144782871E+00-0.153003380E+00-0.160365611E+00
-0.166773379E+00-0.172136188E+00-0.176371396E+00-0.179406166E+00-0.181179225E+00
-0.181642339E+00-0.180761471E+00-0.178517446E+00-0.174906224E+00-0.169938669E+00
-0.163639888E+00-0.156048074E+00-0.147212967E+00-0.137194127E+00-0.126058683E+00
-0.113879256E+00-0.100731529E+00-0.866919532E-01-0.718355030E-01-0.562335104E-01
-0.399516448E-01-0.230479818E-01-0.557106687E-02 0.124421781E-01 0.309690218E-01
 0.500041395E-01 0.684772581E-01 0.863623843E-01 0.103628211E+00 0.120236993E+00
 0.136144534E+00 0.151301324E+00 0.165654510E+00 0.179150790E+00 0.191739842E+00
 0.116325788E+00 0.112325974E+00 0.106690526E+00 0.100048579E+00 0.928516835E-01
 0.851720870E-01 0.770231262E-01 0.684052855E-01 0.593142733E-01 0.497432575E-01
 0.396838970E-01 0.293658227E-01 0.187955871E-01 0.798616838E-02-0.304322690E-02
-0.142670367E-01-0.256530363E-01-0.371619500E-01-0.487471074E-01-0.603541732E-01
-0.719210505E-01-0.833779573E-01-0.946476981E-01-0.105646200E+00-0.116283298E+00
-0.126463786E+00-0.136088699E+00-0.145056948E+00-0.153267011E+00-0.160618961E+00
-0.167016476E+00-0.172369063E+00-0.176594019E+00-0.179618523E+00-0.181381300E+00
-0.181834206E+00-0.180943280E+00-0.178689450E+00-0.175068825E+00-0.170092463E+00
-0.163785651E+00-0.156186834E+00-0.147346035E+00-0.137323067E+00-0.126185477E+00
-0.114006236E+00-0.100861475E+00-0.868281499E-01-0.719817877E-01-0.563943535E-01
-0.401322283E-01-0.232542492E-01-0.580980396E-02 0.121633215E-01 0.306415316E-01
 0.496186987E-01 0.680241808E-01 0.858321860E-01 0.103012212E+00 0.119528048E+00
 0.135337964E+00 0.150395840E+00 0.164653182E+00 0.178061694E+00 0.190576404E+00
 0.116420902E+00 0.112530306E+00 0.106689058E+00 0.999630690E-01 0.927903876E-01
 0.851570815E-01 0.770588890E-01 0.684924349E-01 0.594529100E-01 0.499335006E-01
 0.399253666E-01 0.296574589E-01 0.191385653E-01 0.838359166E-02-0.258707325E-02
-0.137472525E-01-0.250644516E-01-0.364993475E-01-0.480053611E-01-0.595283844E-01
-0.710066482E-01-0.823707953E-01-0.935441777E-01-0.104443356E+00-0.114978917E+00
-0.125056490E+00-0.134578079E+00-0.143443570E+00-0.151552513E+00-0.158806071E+00
-0.165109053E+00-0.170372024E+00-0.174513310E+00-0.177461013E+00-0.179154679E+00
-0.179546818E+00-0.178603932E+00-0.176307216E+00-0.172652856E+00-0.167651698E+00
-0.161328629E+00-0.153721392E+00-0.144879162E+00-0.134860665E+00-0.123732105E+00
-0.111565024E+00-0.984339491E-01-0.844141692E-01-0.695795342E-01-0.540004596E-01
-0.377420969E-01-0.208627935E-01-0.341275777E-02 0.145672141E-01 0.330478214E-01
 0.520172231E-01 0.704142973E-01 0.882212073E-01 0.105411686E+00 0.121950328E+00
 0.137793601E+00 0.152891681E+00 0.167190939E+00 0.180637047E+00 0.193178698E+00
 0.117140256E+00 0.113307633E+00 0.107505523E+00 0.100789063E+00 0.936331600E-01
 0.860283151E-01 0.779676959E-01 0.694466680E-01 0.604605414E-01 0.510021597E-01
 0.410584286E-01 0.308425445E-01 0.203809775E-01 0.969482586E-02-0.119355950E-02
-0.122575983E-01-0.234649982E-01-0.347769074E-01-0.461474024E-01-0.575231723E-01
-0.688434094E-01-0.800398961E-01-0.910372809E-01-0.101753637E+00-0.112101220E+00
-0.121987514E+00-0.131316513E+00-0.139990225E+00-0.147910446E+00-0.154980570E+00
-0.161107644E+00-0.166204408E+00-0.170191228E+00-0.172998011E+00-0.174565881E+00
-0.174848542E+00-0.173813373E+00-0.171441957E+00-0.167730451E+00-0.162689134E+00
-0.156341881E+00-0.148724914E+00-0.139885381E+00-0.129879534E+00-0.118770659E+00
-0.106626980E+00-0.935193226E-01-0.795189664E-01-0.646954998E-01-0.491148829E-01
-0.328378789E-01-0.159189142E-01 0.159395393E-02 0.196565464E-01 0.382194668E-01
 0.572010167E-01 0.756206363E-01 0.934876353E-01 0.110782251E+00 0.127466172E+00
 0.143487453E+00 0.158783495E+00 0.173284292E+00 0.186916366E+00 0.199607924E+00
 0.118701912E+00 0.114969559E+00 0.109141529E+00 0.102464989E+00 0.953395441E-01
 0.877603516E-01 0.797280967E-01 0.712453425E-01 0.623154379E-01 0.529425852E-01
 0.431339666E-01 0.329064392E-01 0.224840920E-01 0.118719749E-01 0.108536612E-02
-0.985255931E-02-0.209114645E-01-0.320539549E-01-0.432354584E-01-0.544041023E-01
-0.655006766E-01-0.764587745E-01-0.872051120E-01-0.976600572E-01-0.107738435E+00
-0.117350511E+00-0.126403287E+00-0.134801939E+00-0.142451525E+00-0.149258792E+00
-0.155134067E+00-0.159993246E+00-0.163759664E+00-0.166365862E+00-0.167755187E+00
-0.167883128E+00-0.166718200E+00-0.164242581E+00-0.160452247E+00-0.155356675E+00
-0.148978129E+00-0.141350508E+00-0.132517949E+00-0.122532926E+00-0.111454323E+00
-0.993452370E-01-0.862707719E-01-0.722958297E-01-0.574829131E-01-0.418901220E-01
-0.255690161E-01-0.856215972E-02 0.910080969E-02 0.274113752E-01 0.464014970E-01
 0.651322380E-01 0.835093260E-01 0.101475343E+00 0.118978843E+00 0.135961324E+00
 0.152351409E+00 0.168062612E+00 0.182994172E+00 0.197034851E+00 0.210070521E+00
 0.120944247E+00 0.117331780E+00 0.111670576E+00 0.105039537E+00 0.979266390E-01
 0.903441980E-01 0.823066458E-01 0.738278106E-01 0.649188980E-01 0.555876717E-01
 0.458381921E-01 0.356700607E-01 0.253246184E-01 0.148142353E-01 0.415721023E-02
-0.662252214E-02-0.174950622E-01-0.284241084E-01-0.393666029E-01-0.502725095E-01
-0.610847548E-01-0.717393681E-01-0.821657926E-01-0.922874585E-01-0.102022544E+00
-0.111284956E+00-0.119985595E+00-0.128033742E+00-0.135338679E+00-0.141811416E+00
-0.147366479E+00-0.151923820E+00-0.155410528E+00-0.157762498E+00-0.158925936E+00
-0.158858493E+00-0.157530189E+00-0.154923886E+00-0.151035383E+00-0.145873040E+00
-0.139457092E+00-0.131818518E+00-0.122997530E+00-0.113041803E+00-0.102004506E+00
-0.899421349E-01-0.769122913E-01-0.629715100E-01-0.481731668E-01-0.325657427E-01
-0.161916576E-01 0.912828371E-03 0.187157374E-01 0.371841677E-01 0.562742725E-01
 0.750645548E-01 0.935762152E-01 0.111795411E+00 0.129685834E+00 0.147189885E+00
 0.164225146E+00 0.180679604E+00 0.196408361E+00 0.211235389E+00 0.224964544E+00
 0.124280974E+00 0.120844789E+00 0.115262516E+00 0.108624145E+00 0.101448625E+00
 0.937821195E-01 0.856658071E-01 0.771307945E-01 0.681976750E-01 0.588778444E-01
 0.491740033E-01 0.390784778E-01 0.288173556E-01 0.184209980E-01 0.791325141E-02
-0.268115662E-02-0.133333588E-01-0.240088347E-01-0.346666873E-01-0.452593379E-01
-0.557324402E-01-0.660250634E-01-0.760700330E-01-0.857944936E-01-0.951206833E-01
-0.103966892E+00-0.112248689E+00-0.119880229E+00-0.126775816E+00-0.132851496E+00
-0.138026804E+00-0.142226443E+00-0.145381898E+00-0.147433043E+00-0.148329377E+00
-0.148031175E+00-0.146510184E+00-0.143750072E+00-0.139746428E+00-0.134506389E+00
-0.128047869E+00-0.120398439E+00-0.111593820E+00-0.101676129E+00-0.906918794E-01
-0.786898285E-01-0.657186061E-01-0.518243648E-01-0.370483659E-01-0.214246474E-01
-0.497807702E-02 0.122763952E-01 0.303308684E-01 0.491710901E-01 0.679843053E-01
 0.867347270E-01 0.105405353E+00 0.123979807E+00 0.142432317E+00 0.160718426E+00
 0.178763032E+00 0.196443960E+00 0.213570938E+00 0.229866549E+00 0.244969338E+00
 0.129073635E+00 0.125915274E+00 0.120249495E+00 0.113409817E+00 0.105959088E+00
 0.980320200E-01 0.897084028E-01 0.810307488E-01 0.720215067E-01 0.626923665E-01
 0.530500039E-01 0.431013666E-01 0.328624025E-01 0.225670598E-01 0.122190788E-01
 0.183317612E-02-0.856751483E-02-0.189524479E-01-0.292840563E-01-0.395179577E-01
-0.496031381E-01-0.594822541E-01-0.690920353E-01-0.783639103E-01-0.872247443E-01
-0.955978259E-01-0.103403978E+00-0.110562883E+00-0.116994470E+00-0.122620456E+00
-0.127365932E+00-0.131160900E+00-0.133941799E+00-0.135652840E+00-0.136247262E+00
-0.135688215E+00-0.133949414E+00-0.131015435E+00-0.126881748E+00-0.121554181E+00
-0.115048192E+00-0.107387736E+00-0.986037552E-01-0.887324885E-01-0.778134316E-01
-0.658871680E-01-0.529929735E-01-0.391661488E-01-0.244350284E-01-0.881712232E-02
 0.768654142E-02 0.251013860E-01 0.434996933E-01 0.620384626E-01 0.806880444E-01
 0.994431451E-01 0.118312567E+00 0.137311712E+00 0.156456172E+00 0.175754085E+00
 0.195193782E+00 0.214720681E+00 0.234189570E+00 0.253259927E+00 0.271222681E+00
 0.136366785E+00 0.134014919E+00 0.127508923E+00 0.119521216E+00 0.111299604E+00
 0.102850899E+00 0.941780806E-01 0.852791965E-01 0.761497244E-01 0.667835549E-01
 0.571734644E-01 0.473111272E-01 0.371863544E-01 0.270462148E-01 0.168977641E-01
 0.675580418E-02-0.335803279E-02-0.134155136E-01-0.233818684E-01-0.332158804E-01
-0.428700633E-01-0.522909500E-01-0.614195690E-01-0.701920092E-01-0.785402134E-01
-0.863928795E-01-0.936765671E-01-0.100316890E+00-0.106239855E+00-0.111373283E+00
-0.115648195E+00-0.119000286E+00-0.121371239E+00-0.122709967E+00-0.122973628E+00
-0.122128457E+00-0.120150290E+00-0.117024772E+00-0.112747274E+00-0.107322372E+00
-0.100763112E+00-0.930898115E-01-0.843286812E-01-0.745100752E-01-0.636666119E-01
-0.518310592E-01-0.390341617E-01-0.253023952E-01-0.106558427E-01 0.489361864E-02
 0.213430859E-01 0.386966430E-01 0.569559373E-01 0.752939880E-01 0.937930867E-01
 0.112515293E+00 0.131521314E+00 0.150879562E+00 0.170671284E+00 0.190994173E+00
 0.211965978E+00 0.233729661E+00 0.256466568E+00 0.280454725E+00 0.305682182E+00
 0.143884346E+00 0.142395422E+00 0.134855151E+00 0.125627607E+00 0.116603449E+00
 0.107630119E+00 0.986185223E-01 0.895161405E-01 0.802886635E-01 0.709108114E-01
 0.613614060E-01 0.516196489E-01 0.416605175E-01 0.317109935E-01 0.217937455E-01
 0.119274668E-01 0.213337247E-02-0.756239705E-02-0.171279330E-01-0.265253540E-01
-0.357109159E-01-0.446352996E-01-0.532440655E-01-0.614782684E-01-0.692751929E-01
-0.765692443E-01-0.832929760E-01-0.893782303E-01-0.947573334E-01-0.993644223E-01
-0.103136674E+00-0.106015652E+00-0.107948452E+00-0.108888775E+00-0.108797856E+00
-0.107645102E+00-0.105408542E+00-0.102074973E+00-0.976397470E-01-0.921063349E-01
-0.854854509E-01-0.777939931E-01-0.690535903E-01-0.592889562E-01-0.485259779E-01
-0.367896780E-01-0.241020825E-01-0.104800370E-01 0.406692270E-02 0.195386913E-01
 0.359467715E-01 0.533167198E-01 0.709165931E-01 0.887598246E-01 0.106889516E+00
 0.125367492E+00 0.144274294E+00 0.163713723E+00 0.183820382E+00 0.204770550E+00
 0.226798102E+00 0.250218838E+00 0.275468767E+00 0.303160489E+00 0.332832336E+00
 0.148608625E+00 0.147461534E+00 0.139691427E+00 0.130227581E+00 0.120929249E+00
 0.111723512E+00 0.102552511E+00 0.933691561E-01 0.841364712E-01 0.748254135E-01
 0.654130131E-01 0.558816902E-01 0.462209471E-01 0.364341624E-01 0.267579481E-01
 0.171914045E-01 0.774660939E-02-0.155570090E-02-0.106877964E-01-0.196157154E-01
-0.282997619E-01-0.366949663E-01-0.447516106E-01-0.524158590E-01-0.596304946E-01
-0.663357601E-01-0.724703297E-01-0.779723525E-01-0.827805623E-01-0.868354365E-01
-0.900803581E-01-0.924627483E-01-0.939350873E-01-0.944558606E-01-0.939903185E-01
-0.925110355E-01-0.899982229E-01-0.864398256E-01-0.818312839E-01-0.761750564E-01
-0.694798082E-01-0.617593117E-01-0.530310646E-01-0.433146060E-01-0.326295681E-01
-0.209935401E-01-0.841978192E-02 0.508502079E-02 0.195228420E-01 0.349066369E-01
 0.512632392E-01 0.678820461E-01 0.847786218E-01 0.101980165E+00 0.119530477E+00
 0.137492493E+00 0.155952051E+00 0.175023913E+00 0.194860905E+00 0.215667039E+00
 0.237716019E+00 0.261375576E+00 0.287135124E+00 0.315622509E+00 0.346151263E+00
 0.151042774E+00 0.150063664E+00 0.142706320E+00 0.133311331E+00 0.124024011E+00
 0.114825577E+00 0.105683267E+00 0.965650603E-01 0.874420777E-01 0.782891437E-01
 0.690843537E-01 0.598080195E-01 0.504406914E-01 0.409583971E-01 0.315969139E-01
 0.223785844E-01 0.133217480E-01 0.444730278E-02-0.421917904E-02-0.126469247E-01
-0.208000354E-01-0.286378209E-01-0.361152776E-01-0.431836993E-01-0.497913547E-01
-0.558843277E-01-0.614073612E-01-0.663048550E-01-0.705218539E-01-0.740050599E-01
-0.767039135E-01-0.785715207E-01-0.795655772E-01-0.796491578E-01-0.787913501E-01
-0.769677088E-01-0.741605014E-01-0.703587383E-01-0.655579194E-01-0.597596169E-01
-0.529706813E-01-0.452022739E-01-0.364685208E-01-0.267848298E-01-0.161657892E-01
-0.462266710E-02 0.783939008E-02 0.212243591E-01 0.355458744E-01 0.508287102E-01
 0.663753226E-01 0.821932405E-01 0.982971638E-01 0.114711322E+00 0.131472409E+00
 0.148632690E+00 0.166263759E+00 0.184461772E+00 0.203354627E+00 0.223112538E+00
 0.243963748E+00 0.266220063E+00 0.290323347E+00 0.316944927E+00 0.344781011E+00
 0.152357295E+00 0.151568636E+00 0.144254908E+00 0.135010272E+00 0.125882849E+00
 0.116846591E+00 0.107876278E+00 0.989486873E-01 0.900431499E-01 0.811412781E-01
 0.722266883E-01 0.632850677E-01 0.543048419E-01 0.452797078E-01 0.362160616E-01
 0.273638070E-01 0.187232736E-01 0.103072077E-01 0.213624956E-02-0.576290628E-02
-0.133584132E-01-0.206139013E-01-0.274890456E-01-0.339401923E-01-0.399210118E-01
-0.453832783E-01-0.502776504E-01-0.545545705E-01-0.581651367E-01-0.610620417E-01
-0.632004440E-01-0.645388290E-01-0.650397837E-01-0.646706223E-01-0.634039417E-01
-0.612179562E-01-0.580966771E-01-0.540298969E-01-0.490129665E-01-0.430464223E-01
-0.361354090E-01-0.282889269E-01-0.195187908E-01-0.983820204E-02 0.740480376E-03
 0.122089870E-01 0.245667659E-01 0.378341898E-01 0.520395190E-01 0.664999634E-01
 0.812148750E-01 0.961858034E-01 0.111418426E+00 0.126924425E+00 0.142723307E+00
 0.158844277E+00 0.175328031E+00 0.192228660E+00 0.209615707E+00 0.227576017E+00
 0.246215731E+00 0.265661389E+00 0.286058843E+00 0.307543278E+00 0.329119653E+00
 0.152178615E+00 0.151519299E+00 0.144327119E+00 0.135353655E+00 0.126518443E+00
 0.117768720E+00 0.109080650E+00 0.100440793E+00 0.918387994E-01 0.832645372E-01
 0.747074112E-01 0.661561936E-01 0.575988032E-01 0.490210131E-01 0.404021107E-01
 0.319921151E-01 0.238170549E-01 0.158971380E-01 0.825370755E-02 0.911460142E-03
-0.610100385E-02-0.127512757E-01-0.190034993E-01-0.248188786E-01-0.301562902E-01
-0.349729508E-01-0.392251574E-01-0.428690612E-01-0.458614714E-01-0.481606387E-01
-0.497270301E-01-0.505240634E-01-0.505187288E-01-0.496821404E-01-0.479899347E-01
-0.454225242E-01-0.419651791E-01-0.376079381E-01-0.323453732E-01-0.261762906E-01
-0.191034190E-01-0.111331595E-01-0.227551791E-02 0.745590776E-02 0.180452242E-01
 0.294806045E-01 0.417263918E-01 0.548731014E-01 0.682705045E-01 0.819151476E-01
 0.957972556E-01 0.109905794E+00 0.124230988E+00 0.138765663E+00 0.153506100E+00
 0.168452278E+00 0.183607578E+00 0.198977396E+00 0.214566186E+00 0.230371386E+00
 0.246372163E+00 0.262507707E+00 0.278633684E+00 0.294419318E+00 0.309103072E+00
 0.149923995E+00 0.149173230E+00 0.142709091E+00 0.134372801E+00 0.126010343E+00
 0.117641918E+00 0.109301962E+00 0.101008624E+00 0.927683190E-01 0.845802948E-01
 0.764395893E-01 0.683389306E-01 0.602702498E-01 0.522264242E-01 0.442045517E-01
 0.362141803E-01 0.285192281E-01 0.211213250E-01 0.140333567E-01 0.727480557E-02
 0.869921932E-03-0.515316799E-02-0.107630771E-01-0.159257278E-01-0.206049457E-01
-0.247630887E-01-0.283617135E-01-0.313622616E-01-0.337267704E-01-0.354185440E-01
-0.364028141E-01-0.366473645E-01-0.361230336E-01-0.348041765E-01-0.326689444E-01
-0.296994410E-01-0.258816667E-01-0.212052502E-01-0.156629942E-01-0.925034843E-02
-0.196510414E-02 0.619251141E-02 0.152186891E-01 0.250997227E-01 0.357991271E-01
 0.474056341E-01 0.593254045E-01 0.716227889E-01 0.842285231E-01 0.970957279E-01
 0.110187359E+00 0.123470917E+00 0.136916250E+00 0.150494456E+00 0.164177343E+00
 0.177936539E+00 0.191742107E+00 0.205560043E+00 0.219347954E+00 0.233048066E+00
 0.246576294E+00 0.259806097E+00 0.272546887E+00 0.284523189E+00 0.295378029E+00
 0.147606239E+00 0.147057429E+00 0.140813708E+00 0.132753670E+00 0.124661289E+00
 0.116580218E+00 0.108559527E+00 0.100621387E+00 0.927730948E-01 0.850137100E-01
 0.773375407E-01 0.697362050E-01 0.621997789E-01 0.547170900E-01 0.472746976E-01
 0.398525000E-01 0.327134766E-01 0.258861147E-01 0.193906203E-01 0.132466378E-01
 0.747590372E-02 0.210296968E-02-0.284485868E-02-0.733788405E-02-0.113445185E-01
-0.148318438E-01-0.177662093E-01-0.201138332E-01-0.218414087E-01-0.229166877E-01
-0.233090222E-01-0.229898840E-01-0.219333023E-01-0.201162342E-01-0.175188109E-01
-0.141244652E-01-0.991977099E-02-0.489390176E-02 0.962466060E-03 0.765900174E-02
 0.152064776E-01 0.236187354E-01 0.329246894E-01 0.431603491E-01 0.537519939E-01
 0.647634044E-01 0.761379153E-01 0.878398940E-01 0.998258144E-01 0.112050705E+00
 0.124469243E+00 0.137035519E+00 0.149702534E+00 0.162421852E+00 0.175143316E+00
 0.187814608E+00 0.200380549E+00 0.212781593E+00 0.224951372E+00 0.236812875E+00
 0.248273537E+00 0.259219646E+00 0.269512206E+00 0.278988004E+00 0.287470043E+00
 0.145433336E+00 0.145221561E+00 0.138863981E+00 0.130511284E+00 0.122401968E+00
 0.114490576E+00 0.106754862E+00 0.991817713E-01 0.917597488E-01 0.844765455E-01
 0.773191825E-01 0.702744722E-01 0.633297265E-01 0.564735718E-01 0.496974252E-01
 0.429987423E-01 0.363895074E-01 0.301482100E-01 0.242733657E-01 0.187739022E-01
 0.136651741E-01 0.896696467E-02 0.470233243E-02 0.896831101E-03-0.242212787E-02
-0.522585539E-02-0.748494267E-02-0.916979462E-02-0.102511356E-01-0.107004717E-01
-0.104905246E-01-0.959564187E-02-0.799218472E-02-0.565885426E-02-0.257699820E-02
 0.126896403E-02 0.589125929E-02 0.112991855E-01 0.175000615E-01 0.245089736E-01
 0.323418304E-01 0.409883894E-01 0.505435802E-01 0.604518615E-01 0.707210079E-01
 0.813492239E-01 0.923135057E-01 0.103581138E+00 0.115111426E+00 0.126857355E+00
 0.138766408E+00 0.150780901E+00 0.162838161E+00 0.174871042E+00 0.186808512E+00
 0.198576629E+00 0.210099608E+00 0.221300676E+00 0.232102498E+00 0.242426932E+00
 0.252194256E+00 0.261322349E+00 0.269726604E+00 0.277321965E+00 0.284027725E+00
 0.141273916E+00 0.141105488E+00 0.134884194E+00 0.126626298E+00 0.118679516E+00
 0.111032076E+00 0.103654869E+00 0.965189710E-01 0.895972103E-01 0.828646198E-01
 0.762986168E-01 0.698788911E-01 0.635872558E-01 0.574073754E-01 0.513243750E-01
 0.453242175E-01 0.393922850E-01 0.338261090E-01 0.286321081E-01 0.238218196E-01
 0.194103234E-01 0.154155558E-01 0.118578821E-01 0.875969138E-02 0.614497811E-02
 0.403888663E-02 0.246723602E-02 0.145606278E-02 0.103123125E-02 0.121815375E-02
 0.204158132E-02 0.352528179E-02 0.569167593E-02 0.856170151E-02 0.121549796E-01
 0.164881870E-01 0.215723701E-01 0.274139475E-01 0.339864567E-01 0.413381569E-01
 0.495885909E-01 0.582439788E-01 0.673769936E-01 0.769403577E-01 0.869032070E-01
 0.972386003E-01 0.107916057E+00 0.118899137E+00 0.130144045E+00 0.141598806E+00
 0.153202444E+00 0.164884642E+00 0.176565558E+00 0.188156664E+00 0.199562401E+00
 0.210683137E+00 0.221418992E+00 0.231674314E+00 0.241361693E+00 0.250405252E+00
 0.258742511E+00 0.266324699E+00 0.273116022E+00 0.279092520E+00 0.284241021E+00
 0.135391578E+00 0.135271758E+00 0.128833011E+00 0.120749287E+00 0.113120601E+00
 0.105893612E+00 0.990219489E-01 0.924583077E-01 0.861593708E-01 0.800876841E-01
 0.742117614E-01 0.685052946E-01 0.629459992E-01 0.575142242E-01 0.521912873E-01
 0.469568782E-01 0.417844094E-01 0.369495377E-01 0.324814990E-01 0.283990763E-01
 0.247184690E-01 0.214562751E-01 0.186305102E-01 0.162608512E-01 0.143684596E-01
 0.129756359E-01 0.121053159E-01 0.117805526E-01 0.120241372E-01 0.128586739E-01
 0.143072829E-01 0.163931455E-01 0.191382542E-01 0.225632265E-01 0.266954079E-01
 0.315633230E-01 0.371749513E-01 0.436352752E-01 0.505066067E-01 0.578892976E-01
 0.658168569E-01 0.742386356E-01 0.831321180E-01 0.924725384E-01 0.102235377E+00
 0.112394929E+00 0.122921810E+00 0.133780554E+00 0.144927338E+00 0.156307578E+00
 0.167853698E+00 0.179482952E+00 0.191095859E+00 0.202576250E+00 0.213793412E+00
 0.224607542E+00 0.234878391E+00 0.244476020E+00 0.253291458E+00 0.261245191E+00
 0.268291652E+00 0.274419576E+00 0.279647857E+00 0.284018189E+00 0.287586302E+00
 0.126584753E+00 0.126264602E+00 0.120203592E+00 0.112491161E+00 0.105392739E+00
 0.988191590E-01 0.926757082E-01 0.868819654E-01 0.813747197E-01 0.761059597E-01
 0.710396320E-01 0.661485121E-01 0.614116602E-01 0.568125397E-01 0.523377918E-01
 0.479771867E-01 0.437259488E-01 0.395931005E-01 0.358657502E-01 0.325403288E-01
 0.296225287E-01 0.271229651E-01 0.250556450E-01 0.234372579E-01 0.222866796E-01
 0.216244105E-01 0.214717556E-01 0.218496379E-01 0.227771811E-01 0.242716148E-01
 0.263561402E-01 0.290581807E-01 0.324004926E-01 0.363758616E-01 0.410405472E-01
 0.465130396E-01 0.523859933E-01 0.587444901E-01 0.655771792E-01 0.728929490E-01
 0.806967914E-01 0.889818445E-01 0.977388695E-01 0.106956653E+00 0.116622135E+00
 0.126719549E+00 0.137228921E+00 0.148123756E+00 0.159368187E+00 0.170913264E+00
 0.182692498E+00 0.194616452E+00 0.206567138E+00 0.218393385E+00 0.229910031E+00
 0.240904883E+00 0.251156360E+00 0.260459691E+00 0.268653691E+00 0.275639802E+00
 0.281390548E+00 0.285948634E+00 0.289416879E+00 0.291938782E+00 0.293671757E+00
 0.114655800E+00 0.113998547E+00 0.108223625E+00 0.101253122E+00 0.951415896E-01
 0.896362513E-01 0.845588222E-01 0.797975063E-01 0.752827451E-01 0.709707439E-01
 0.668334737E-01 0.628525987E-01 0.590157509E-01 0.553139672E-01 0.517397299E-01
 0.482849441E-01 0.449377559E-01 0.416758321E-01 0.387819819E-01 0.362766907E-01
 0.341701433E-01 0.324719325E-01 0.311939903E-01 0.303513091E-01 0.299620423E-01
 0.300473701E-01 0.306308642E-01 0.317360796E-01 0.333787091E-01 0.355430655E-01
 0.382593311E-01 0.415912978E-01 0.456521362E-01 0.500778854E-01 0.549631044E-01
 0.603466593E-01 0.661980137E-01 0.725147054E-01 0.792963654E-01 0.865463316E-01
 0.942687616E-01 0.102466770E+00 0.111142769E+00 0.120298557E+00 0.129935160E+00
 0.140052184E+00 0.150646538E+00 0.161710486E+00 0.173228532E+00 0.185172871E+00
 0.197496787E+00 0.210124850E+00 0.222939193E+00 0.235761136E+00 0.248330921E+00
 0.260298789E+00 0.271255523E+00 0.280814350E+00 0.288694799E+00 0.294756055E+00
 0.298995525E+00 0.301544994E+00 0.302665263E+00 0.302710116E+00 0.302041769E+00
 0.976648778E-01 0.960211828E-01 0.911908001E-01 0.864043459E-01 0.823123902E-01
 0.785237625E-01 0.749188215E-01 0.714505911E-01 0.681003779E-01 0.648622960E-01
 0.617367774E-01 0.587273352E-01 0.558389351E-01 0.530770347E-01 0.504470468E-01
 0.479539670E-01 0.456021987E-01 0.433956720E-01 0.413394347E-01 0.396981984E-01
 0.384511799E-01 0.375960805E-01 0.371398889E-01 0.370953642E-01 0.374802873E-01
 0.383187495E-01 0.396451205E-01 0.415132418E-01 0.440177955E-01 0.468374044E-01
 0.500557199E-01 0.537201725E-01 0.578491576E-01 0.624091662E-01 0.673991516E-01
 0.728233680E-01 0.786817968E-01 0.849771127E-01 0.917146206E-01 0.989022180E-01
 0.106549963E+00 0.114669673E+00 0.123274863E+00 0.132380873E+00 0.142004907E+00
 0.152165964E+00 0.162884474E+00 0.174181387E+00 0.186076477E+00 0.198585004E+00
 0.211712003E+00 0.225442275E+00 0.239722550E+00 0.254428715E+00 0.269298673E+00
 0.283785254E+00 0.296901137E+00 0.307668239E+00 0.315641254E+00 0.320703566E+00
 0.322895169E+00 0.322414249E+00 0.319747865E+00 0.315852225E+00 0.311734110E+00
 0.748941377E-01 0.705993623E-01 0.699800104E-01 0.695500821E-01 0.682340264E-01
 0.664804950E-01 0.644945800E-01 0.623884760E-01 0.602337494E-01 0.580811165E-01
 0.559690744E-01 0.539282635E-01 0.519839749E-01 0.501578636E-01 0.484693684E-01
 0.469372198E-01 0.455814786E-01 0.444268547E-01 0.435087718E-01 0.428849272E-01
 0.425855406E-01 0.426297709E-01 0.430324115E-01 0.438067950E-01 0.449661054E-01
 0.465239324E-01 0.484938025E-01 0.508864447E-01 0.537007786E-01 0.568977147E-01
 0.604716800E-01 0.644262135E-01 0.687636510E-01 0.734815374E-01 0.785805732E-01
 0.840644017E-01 0.899387375E-01 0.962118730E-01 0.102895007E+00 0.110002376E+00
 0.117551379E+00 0.125562727E+00 0.134060815E+00 0.143074244E+00 0.152636588E+00
 0.162787348E+00 0.173573181E+00 0.185049266E+00 0.197280675E+00 0.210343748E+00
 0.224326506E+00 0.239327818E+00 0.255454183E+00 0.272815794E+00 0.291533917E+00
 0.311835080E+00 0.330066770E+00 0.342822284E+00 0.350934952E+00 0.354842186E+00
 0.354170531E+00 0.349273860E+00 0.339600742E+00 0.328493863E+00 0.320123881E+00
 0.587718748E-01 0.536068007E-01 0.538421646E-01 0.549924672E-01 0.552844964E-01
 0.549704991E-01 0.542508364E-01 0.532737859E-01 0.521486402E-01 0.509573705E-01
 0.497628376E-01 0.486143231E-01 0.475514308E-01 0.466068871E-01 0.458087996E-01
 0.451824740E-01 0.447520763E-01 0.445421562E-01 0.445786454E-01 0.448882543E-01
 0.454925597E-01 0.464078858E-01 0.476464070E-01 0.492172278E-01 0.511270836E-01
 0.533806384E-01 0.559802167E-01 0.589249171E-01 0.622092299E-01 0.658228695E-01
 0.697588399E-01 0.740136057E-01 0.785859078E-01 0.834763050E-01 0.886880755E-01
 0.942276269E-01 0.100104630E+00 0.106332205E+00 0.112927027E+00 0.119909473E+00
 0.127303869E+00 0.135138825E+00 0.143447891E+00 0.152270451E+00 0.161653206E+00
 0.171652198E+00 0.182335600E+00 0.193787694E+00 0.206114292E+00 0.219450131E+00
 0.233968660E+00 0.249894321E+00 0.267515689E+00 0.287196547E+00 0.309383541E+00
 0.332944721E+00 0.351114869E+00 0.363734752E+00 0.371097237E+00 0.372985750E+00
 0.369571984E+00 0.360104233E+00 0.345607221E+00 0.333123058E+00 0.323107421E+00
 0.472451262E-01 0.415977761E-01 0.419632122E-01 0.434887372E-01 0.443764441E-01
 0.447622389E-01 0.447783209E-01 0.445448831E-01 0.441639684E-01 0.437190793E-01
 0.432773642E-01 0.428926423E-01 0.426083654E-01 0.424602330E-01 0.424782522E-01
 0.426883511E-01 0.431135222E-01 0.437745489E-01 0.446902402E-01 0.458770022E-01
 0.473478585E-01 0.491120405E-01 0.511750728E-01 0.535391234E-01 0.562033616E-01
 0.591643043E-01 0.624161102E-01 0.659508407E-01 0.697589517E-01 0.738303065E-01
 0.781561509E-01 0.827302262E-01 0.875494257E-01 0.926142707E-01 0.979293585E-01
 0.103503585E+00 0.109350264E+00 0.115487054E+00 0.121935837E+00 0.128722653E+00
 0.135877728E+00 0.143435657E+00 0.151436061E+00 0.159924567E+00 0.168954402E+00
 0.178588822E+00 0.188904643E+00 0.199997395E+00 0.211989015E+00 0.225039437E+00
 0.239364564E+00 0.255264640E+00 0.273167789E+00 0.293679833E+00 0.317411244E+00
 0.338413298E+00 0.354342252E+00 0.365189046E+00 0.370794445E+00 0.371140599E+00
 0.365385950E+00 0.353116393E+00 0.339819461E+00 0.328727305E+00 0.319423437E+00
 0.391376019E-01 0.331114195E-01 0.329641178E-01 0.343685262E-01 0.352986977E-01
 0.358531140E-01 0.361445546E-01 0.362774357E-01 0.363410898E-01 0.364083201E-01
 0.365371108E-01 0.367735215E-01 0.371546820E-01 0.377112366E-01 0.384690948E-01
 0.394505262E-01 0.406746715E-01 0.421576947E-01 0.439125970E-01 0.459488817E-01
 0.482721962E-01 0.508840978E-01 0.537821054E-01 0.569599196E-01 0.604077876E-01
 0.641129687E-01 0.680603459E-01 0.722331926E-01 0.766141415E-01 0.811864734E-01
 0.859355628E-01 0.908503234E-01 0.959243327E-01 0.101156734E+00 0.106552757E+00
 0.112123847E+00 0.117887445E+00 0.123866469E+00 0.130088642E+00 0.136585847E+00
 0.143393621E+00 0.150550857E+00 0.158100054E+00 0.166087836E+00 0.174566135E+00
 0.183593988E+00 0.193240136E+00 0.203586817E+00 0.214735210E+00 0.226813614E+00
 0.239990383E+00 0.254496217E+00 0.270667523E+00 0.289057583E+00 0.308721066E+00
 0.325227946E+00 0.337835312E+00 0.346354544E+00 0.350702673E+00 0.350233167E+00
 0.344722986E+00 0.335040599E+00 0.325915873E+00 0.317706555E+00 0.310390383E+00
 0.331994817E-01 0.266673882E-01 0.261771344E-01 0.271032117E-01 0.276206825E-01
 0.278937742E-01 0.280627050E-01 0.282348953E-01 0.284861885E-01 0.288681202E-01
 0.294160768E-01 0.301560201E-01 0.311090965E-01 0.322942622E-01 0.337293372E-01
 0.354309864E-01 0.374140255E-01 0.396904685E-01 0.422685780E-01 0.451520830E-01
 0.483397022E-01 0.518249646E-01 0.555963479E-01 0.596375950E-01 0.639281943E-01
 0.684439689E-01 0.731577799E-01 0.780405775E-01 0.830626860E-01 0.881955698E-01
 0.934138894E-01 0.986976698E-01 0.104034275E+00 0.109419890E+00 0.114860281E+00
 0.120370708E+00 0.125975028E+00 0.131704226E+00 0.137594596E+00 0.143685937E+00
 0.150020167E+00 0.156640157E+00 0.163589329E+00 0.170911551E+00 0.178651512E+00
 0.186855361E+00 0.195571512E+00 0.204851314E+00 0.214749381E+00 0.225322694E+00
 0.236626834E+00 0.248705089E+00 0.261559963E+00 0.275083184E+00 0.288659275E+00
 0.300502360E+00 0.309863806E+00 0.316457540E+00 0.320063561E+00 0.320511878E+00
 0.317814827E+00 0.313315749E+00 0.308302522E+00 0.303179324E+00 0.298177719E+00
 0.300872810E-01 0.229874570E-01 0.215561688E-01 0.213413220E-01 0.208003614E-01
 0.202665273E-01 0.199345257E-01 0.198943559E-01 0.201727226E-01 0.207662173E-01
 0.216621514E-01 0.228498243E-01 0.243254658E-01 0.260931775E-01 0.281633567E-01
 0.305498596E-01 0.332667343E-01 0.363252126E-01 0.397313423E-01 0.434844643E-01
 0.475765355E-01 0.519921966E-01 0.567093454E-01 0.616998635E-01 0.669303164E-01
 0.723624676E-01 0.779537559E-01 0.836581141E-01 0.894274339E-01 0.952140242E-01
 0.100974090E+00 0.106671780E+00 0.112283155E+00 0.117799141E+00 0.123226963E+00
 0.128589600E+00 0.133923441E+00 0.139274612E+00 0.144694760E+00 0.150237203E+00
 0.155953884E+00 0.161893383E+00 0.168099985E+00 0.174613312E+00 0.181468323E+00
 0.188695356E+00 0.196319535E+00 0.204359576E+00 0.212824807E+00 0.221709803E+00
 0.230984360E+00 0.240576327E+00 0.250342727E+00 0.260028243E+00 0.269234717E+00
 0.277478933E+00 0.284336269E+00 0.289518833E+00 0.292878032E+00 0.294413507E+00
 0.294307023E+00 0.292918175E+00 0.290662527E+00 0.287884474E+00 0.284830391E+00
 0.312406309E-01 0.239144899E-01 0.196512472E-01 0.164562855E-01 0.136866104E-01
 0.117304474E-01 0.106713520E-01 0.104005123E-01 0.107735861E-01 0.116634546E-01
 0.129744513E-01 0.146453604E-01 0.166471228E-01 0.189767703E-01 0.216490589E-01
 0.246875472E-01 0.281165466E-01 0.319547877E-01 0.362110734E-01 0.408820137E-01
 0.459517241E-01 0.513931252E-01 0.571702011E-01 0.632401928E-01 0.695548579E-01
 0.760604888E-01 0.826968029E-01 0.893959105E-01 0.960825980E-01 0.102677442E+00
 0.109103218E+00 0.115293771E+00 0.121203139E+00 0.126812577E+00 0.132133693E+00
 0.137207046E+00 0.142096266E+00 0.146878898E+00 0.151636675E+00 0.156447232E+00
 0.161379009E+00 0.166489035E+00 0.171822727E+00 0.177414700E+00 0.183289617E+00
 0.189462751E+00 0.195939615E+00 0.202714711E+00 0.209768787E+00 0.217064574E+00
 0.224540338E+00 0.232101962E+00 0.239614636E+00 0.246898636E+00 0.253736585E+00
 0.259897321E+00 0.265170485E+00 0.269398272E+00 0.272495240E+00 0.274458379E+00
 0.275366336E+00 0.275363684E+00 0.274630040E+00 0.273346752E+00 0.271674365E+00
 0.333252810E-01 0.254010502E-01 0.176540315E-01 0.991982315E-02 0.273758406E-02
-0.308620161E-03-0.144850102E-02-0.132742431E-02-0.346933346E-03 0.121797936E-02
 0.318596885E-02 0.545813935E-02 0.800651964E-02 0.108552836E-01 0.140581988E-01
 0.176782422E-01 0.217723940E-01 0.263815299E-01 0.315242633E-01 0.371942371E-01
 0.433612950E-01 0.499767140E-01 0.569811128E-01 0.643117875E-01 0.719061643E-01
 0.796999782E-01 0.876208842E-01 0.955798253E-01 0.103464320E+00 0.111139186E+00
 0.118459567E+00 0.125294209E+00 0.131549627E+00 0.137186944E+00 0.142229095E+00
 0.146758333E+00 0.150902033E+00 0.154808208E+00 0.158619180E+00 0.162454173E+00
 0.166403607E+00 0.170531303E+00 0.174879342E+00 0.179472923E+00 0.184323773E+00
 0.189432278E+00 0.194788188E+00 0.200370342E+00 0.206145331E+00 0.212065488E+00
 0.218066469E+00 0.224065229E+00 0.229959294E+00 0.235629007E+00 0.240944147E+00
 0.245774731E+00 0.250004709E+00 0.253544956E+00 0.256343216E+00 0.258388907E+00
 0.259712011E+00 0.260376424E+00 0.260468602E+00 0.260085136E+00 0.259321690E+00
 0.339136459E-01 0.248708613E-01 0.148972394E-01 0.350343017E-02-0.915594213E-02
-0.166532975E-01-0.178061202E-01-0.158755183E-01-0.132888053E-01-0.103802271E-01
-0.739736483E-02-0.443627546E-02-0.144322368E-02 0.172602199E-02 0.524120452E-02
 0.925698038E-02 0.138953431E-01 0.192386117E-01 0.253237952E-01 0.321365669E-01
 0.396106541E-01 0.476417132E-01 0.561157502E-01 0.649363473E-01 0.740348920E-01
 0.833624899E-01 0.928697363E-01 0.102477603E+00 0.112041034E+00 0.121320158E+00
 0.130003363E+00 0.137797043E+00 0.144503832E+00 0.150044248E+00 0.154460818E+00
 0.157928973E+00 0.160743102E+00 0.163233504E+00 0.165666312E+00 0.168211967E+00
 0.170965984E+00 0.173976496E+00 0.177263349E+00 0.180829123E+00 0.184664965E+00
 0.188753471E+00 0.193069696E+00 0.197581157E+00 0.202247307E+00 0.207018808E+00
 0.211836949E+00 0.216633499E+00 0.221331820E+00 0.225849196E+00 0.230100960E+00
 0.234005958E+00 0.237492830E+00 0.240505844E+00 0.243009433E+00 0.244990513E+00
 0.246458113E+00 0.247440726E+00 0.247981563E+00 0.248133078E+00 0.247951642E+00
 0.356839299E-01 0.263307709E-01 0.157164950E-01 0.324084167E-02-0.115639623E-01
-0.230446309E-01-0.295544397E-01-0.308771767E-01-0.269825719E-01-0.217396375E-01
-0.174262319E-01-0.140848123E-01-0.112544568E-01-0.840209983E-02-0.511160819E-02
-0.109959114E-02 0.382942753E-02 0.981343631E-02 0.169338789E-01 0.251838453E-01
 0.344133936E-01 0.443304181E-01 0.546426252E-01 0.651906356E-01 0.759434998E-01
 0.869443566E-01 0.982668996E-01 0.109977439E+00 0.122064196E+00 0.134188995E+00
 0.145341024E+00 0.154727101E+00 0.162089348E+00 0.167334244E+00 0.170449615E+00
 0.171630621E+00 0.171731517E+00 0.171837166E+00 0.172336593E+00 0.173302695E+00
 0.174726233E+00 0.176574782E+00 0.178810209E+00 0.181393921E+00 0.184287801E+00
 0.187453523E+00 0.190851644E+00 0.194440424E+00 0.198175028E+00 0.202006817E+00
 0.205883071E+00 0.209747314E+00 0.213540196E+00 0.217201114E+00 0.220670611E+00
 0.223893180E+00 0.226820335E+00 0.229413509E+00 0.231646076E+00 0.233504608E+00
 0.234988764E+00 0.236110106E+00 0.236890048E+00 0.237357184E+00 0.237544551E+00
 0.395362824E-01 0.309252031E-01 0.213790834E-01 0.107406406E-01-0.100016559E-02
-0.135850282E-01-0.249383282E-01-0.314102620E-01-0.324453972E-01-0.275999568E-01
-0.232254509E-01-0.216535646E-01-0.211776625E-01-0.200466365E-01-0.178586971E-01
-0.144413337E-01-0.963911042E-02-0.326897833E-02 0.489581050E-02 0.151133649E-01
 0.274719335E-01 0.405626260E-01 0.532050356E-01 0.655008256E-01 0.777013451E-01
 0.900780931E-01 0.102926314E+00 0.116600387E+00 0.131590083E+00 0.148588419E+00
 0.163382545E+00 0.174638972E+00 0.182807684E+00 0.187650517E+00 0.189050376E+00
 0.186518997E+00 0.181637406E+00 0.178799570E+00 0.177316383E+00 0.176812589E+00
 0.177059114E+00 0.177904353E+00 0.179241762E+00 0.180991471E+00 0.183089390E+00
 0.185480535E+00 0.188114822E+00 0.190944597E+00 0.193923041E+00 0.197003186E+00
 0.200137556E+00 0.203278199E+00 0.206377208E+00 0.209387615E+00 0.212264717E+00
 0.214967474E+00 0.217460185E+00 0.219713762E+00 0.221706867E+00 0.223426491E+00
 0.224867910E+00 0.226034209E+00 0.226935178E+00 0.227586001E+00 0.228005782E+00
 0.451173484E-01 0.378642604E-01 0.300067440E-01 0.215233713E-01 0.125061357E-01
 0.316517614E-02-0.619649561E-02-0.152217858E-01-0.211242605E-01-0.201902054E-01
-0.191390924E-01-0.214816425E-01-0.249502230E-01-0.259938948E-01-0.251425244E-01
-0.225630980E-01-0.182003248E-01-0.118793221E-01-0.327766594E-02 0.823110249E-02
 0.238139257E-01 0.398220792E-01 0.538693890E-01 0.669372454E-01 0.796292573E-01
 0.923861712E-01 0.105609909E+00 0.119750246E+00 0.135391936E+00 0.153178498E+00
 0.168720573E+00 0.180423602E+00 0.188696325E+00 0.193408981E+00 0.194323391E+00
 0.190872505E+00 0.184981868E+00 0.181215867E+00 0.178954646E+00 0.177759737E+00
 0.177359045E+00 0.177580729E+00 0.178309396E+00 0.179460302E+00 0.180965573E+00
 0.182767078E+00 0.184812725E+00 0.187054336E+00 0.189446315E+00 0.191944867E+00
 0.194507539E+00 0.197093129E+00 0.199661925E+00 0.202176049E+00 0.204600185E+00
 0.206902310E+00 0.209054470E+00 0.211033493E+00 0.212821528E+00 0.214406282E+00
 0.215781137E+00 0.216944724E+00 0.217900500E+00 0.218655914E+00 0.219221652E+00
 0.142126036E+01 0.144385171E+01 0.146068740E+01 0.148015690E+01 0.150089574E+01
 0.152194989E+01 0.154353154E+01 0.156760633E+01 0.158977199E+01 0.161260021E+01
 0.163733149E+01 0.166153872E+01 0.168698311E+01 0.171306539E+01 0.174020791E+01
 0.176761007E+01 0.179598939E+01 0.182547665E+01 0.185563314E+01 0.188645709E+01
 0.191836476E+01 0.195134234E+01 0.198523259E+01 0.202007532E+01 0.205602336E+01
 0.209319234E+01 0.213150740E+01 0.217096972E+01 0.221171284E+01 0.225389647E+01
 0.229745579E+01 0.234245300E+01 0.238900423E+01 0.243717861E+01 0.248713374E+01
 0.253886008E+01 0.259253836E+01 0.264815760E+01 0.270592666E+01 0.276610827E+01
 0.282862663E+01 0.289373851E+01 0.296147490E+01 0.303242970E+01 0.310648203E+01
 0.318389535E+01 0.326511288E+01 0.335048747E+01 0.344034076E+01 0.353470206E+01
 0.363492346E+01 0.374089098E+01 0.385397792E+01 0.397459745E+01 0.410484791E+01
 0.424577379E+01 0.439918947E+01 0.456911802E+01 0.475732756E+01 0.497045088E+01
 0.521954250E+01 0.551982212E+01 0.590297174E+01 0.646917057E+01 0.970403385E+01
   90   86
 0.110099995E+01-0.500000007E-01 0.109989488E+01 0.500000007E-01 0.110562503E+01
 0.124714352E+00 0.111543131E+01 0.200000003E+00 0.113218749E+01 0.287359536E+00
 0.114590001E+01 0.349999994E+00 0.115875006E+01 0.404646754E+00 0.118215847E+01
 0.500000000E+00 0.119467700E+01 0.550000012E+00 0.121187496E+01 0.622120380E+00
 0.123045015E+01 0.699999988E+00 0.124211252E+01 0.750000000E+00 0.126345980E+01
 0.850000024E+00 0.127555084E+01 0.899999976E+00 0.129156256E+01 0.961876392E+00
 0.131812501E+01 0.101716900E+01 0.137125003E+01 0.104393864E+01 0.142437506E+01
 0.104195535E+01 0.147749996E+01 0.103075182E+01 0.153062499E+01 0.101378298E+01
 0.156324434E+01 0.100000000E+01 0.161031246E+01 0.978958189E+00 0.166343749E+01
 0.952032506E+00 0.169000006E+01 0.936538279E+00 0.174312496E+01 0.903748572E+00
 0.176968753E+01 0.885188043E+00 0.181643558E+01 0.850000024E+00 0.184937501E+01
 0.824509084E+00 0.187833989E+01 0.800000012E+00 0.192906249E+01 0.753175616E+00
 0.195562506E+01 0.725993812E+00 0.198218751E+01 0.697021127E+00 0.202313423E+01
 0.649999976E+00 0.206187510E+01 0.601016939E+00 0.208843756E+01 0.562471926E+00
 0.211500001E+01 0.519821167E+00 0.214156246E+01 0.472540110E+00 0.216812491E+01
 0.420035839E+00 0.219468760E+01 0.361585766E+00 0.221920657E+01 0.300000012E+00
 0.223782110E+01 0.250000000E+00 0.225463080E+01 0.200000003E+00 0.227437496E+01
 0.123618066E+00 0.228702855E+01 0.500000007E-01 0.228988576E+01-0.500000007E-01
 0.227766943E+01-0.150000006E+00 0.226591635E+01-0.200000003E+00 0.224781251E+01
-0.264121652E+00 0.222125006E+01-0.341866374E+00 0.219964862E+01-0.400000006E+00
 0.217845964E+01-0.449999988E+00 0.215492678E+01-0.500000000E+00 0.212859845E+01
-0.550000012E+00 0.209892964E+01-0.600000024E+00 0.206535983E+01-0.649999976E+00
 0.203531241E+01-0.689062119E+00 0.200874996E+01-0.721785665E+00 0.198218751E+01
-0.752399564E+00 0.193620443E+01-0.800000012E+00 0.190250003E+01-0.832433879E+00
 0.187593746E+01-0.856688023E+00 0.182369733E+01-0.899999976E+00 0.179624999E+01
-0.920762897E+00 0.175356483E+01-0.949999988E+00 0.171656251E+01-0.974135876E+00
 0.167157328E+01-0.100000000E+01 0.163687503E+01-0.101901114E+01 0.158375001E+01
-0.104411817E+01 0.155718756E+01-0.105708313E+01 0.150406253E+01-0.107957089E+01
 0.145404768E+01-0.110000002E+01 0.142437506E+01-0.111239064E+01 0.137125003E+01
-0.113087463E+01 0.131836760E+01-0.114999998E+01 0.129263651E+01-0.116265249E+01
 0.128748918E+01-0.110000002E+01 0.127644777E+01-0.100000000E+01 0.126499999E+01
-0.921181679E+00 0.125471795E+01-0.850000024E+00 0.123843753E+01-0.757458925E+00
 0.122785223E+01-0.699999988E+00 0.121187496E+01-0.623253107E+00 0.119607210E+01
-0.550000012E+00 0.118450856E+01-0.500000000E+00 0.116165590E+01-0.400000006E+00
 0.114988148E+01-0.349999994E+00 0.113218749E+01-0.268809199E+00 0.111889112E+01
-0.200000003E+00 0.110562503E+01-0.104893833E+00 0.110099995E+01-0.500000007E-01
 0.101600003E+01 0.000000000E+00 0.101600003E+01 0.963999987E+00 0.101600003E+01
 0.967999995E+00 0.101600003E+01 0.100100005E+01 0.101600003E+01 0.101900005E+01
 0.101600003E+01 0.107700002E+01 0.101600003E+01 0.107000005E+01 0.101600003E+01
 0.109599996E+01 0.101600003E+01 0.111300004E+01 0.101600003E+01 0.113800001E+01
 0.101600003E+01 0.114699996E+01 0.101199996E+01 0.116499996E+01 0.100100005E+01
 0.121700001E+01 0.102900004E+01 0.121700001E+01 0.104200006E+01 0.116240001E+01
 0.104600000E+01 0.116237998E+01 0.105599999E+01 0.116260004E+01 0.109700000E+01
 0.116450000E+01 0.110800004E+01 0.116594005E+01 0.111600006E+01 0.116591001E+01
 0.113399994E+01 0.116895998E+01 0.114800000E+01 0.117174995E+01 0.116199994E+01
 0.117556000E+01 0.118099999E+01 0.118299997E+01 0.118200004E+01 0.118350005E+01
 0.118499994E+01 0.118499994E+01 0.119000006E+01 0.118799996E+01 0.119500005E+01
 0.119099998E+01 0.120099998E+01 0.119599998E+01 0.120899999E+01 0.120200002E+01
 0.121500003E+01 0.120799994E+01 0.122200000E+01 0.121399999E+01 0.122800004E+01
 0.122099996E+01 0.123399997E+01 0.123099995E+01 0.123899996E+01 0.123800004E+01
 0.124199998E+01 0.124399996E+01 0.124800003E+01 0.125399995E+01 0.125800002E+01
 0.127800000E+01 0.126300001E+01 0.128999996E+01 0.127999997E+01 0.133099997E+01
 0.127999997E+01 0.134700000E+01 0.127999997E+01 0.134800005E+01 0.130999994E+01
 0.134800005E+01 0.132799995E+01 0.134800005E+01 0.136099994E+01 0.134800005E+01
 0.138000000E+01 0.134800005E+01 0.141900003E+01 0.134800005E+01 0.141900003E+01
 0.130999994E+01 0.137199998E+01 0.130999994E+01 0.137199998E+01 0.129200006E+01
 0.160800004E+01 0.109500003E+01 0.164699996E+01 0.107700002E+01 0.178499997E+01
 0.107700002E+01 0.206999993E+01 0.103999996E+01 0.212800002E+01 0.992999971E+00
 0.224499989E+01 0.708999991E+00 0.232299995E+01 0.518999994E+00 0.237700009E+01
 0.388999999E+00 0.236249995E+01 0.400000006E+00 0.236443496E+01 0.222000003E+00
 0.236496902E+01 0.133000001E+00 0.236532402E+01 0.439999998E-01 0.236512089E+01
-0.439999998E-01 0.236484194E+01-0.133000001E+00 0.236433411E+01-0.222000003E+00
 0.236249995E+01-0.400000006E+00 0.237700009E+01-0.388999999E+00 0.213400006E+01
-0.972999990E+00 0.178600001E+01-0.117400002E+01 0.176800001E+01-0.121099997E+01
 0.176800001E+01-0.125000000E+01 0.168200004E+01-0.125000000E+01 0.137199998E+01
-0.125000000E+01 0.137199998E+01-0.132900000E+01 0.141999996E+01-0.132900000E+01
 0.141999996E+01-0.136300004E+01 0.127300000E+01-0.136300004E+01 0.115300000E+01
-0.136300004E+01 0.101600003E+01-0.122300005E+01 0.101600003E+01-0.122300005E+01
 0.101600003E+01-0.829999983E+00 0.101600003E+01-0.800000012E+00 0.101600003E+01
-0.414999992E+00 0.101600003E+01-0.400000006E+00 0.101600003E+01-0.100000005E-02
 0.101600003E+01 0.000000000E+00
    0 0.170000005E+01    1
 0.000000000E+00 0.000000000E+00 0.000000000E+00 0.000000000E+00 0.000000000E+00
 0.000000000E+00 0.000000000E+00 0.000000000E+00 0.000000000E+00 0.000000000E+00
 0.000000000E+00 0.000000000E+00 0.000000000E+00 0.000000000E+00 0.000000000E+00
 0.000000000E+00 0.000000000E+00 0.000000000E+00 0.000000000E+00 0.000000000E+00
 0.000000000E+00 0.000000000E+00 0.000000000E+00 0.000000000E+00 0.000000000E+00
 0.000000000E+00 0.000000000E+00 0.000000000E+00 0.000000000E+00 0.000000000E+00
 0.000000000E+00 0.000000000E+00 0.000000000E+00 0.000000000E+00 0.000000000E+00
 0.000000000E+00 0.000000000E+00 0.000000000E+00 0.000000000E+00 0.000000000E+00
 0.000000000E+00 0.000000000E+00 0.000000000E+00 0.000000000E+00 0.000000000E+00
 0.000000000E+00 0.000000000E+00 0.000000000E+00 0.000000000E+00 0.000000000E+00
 0.000000000E+00 0.000000000E+00 0.000000000E+00 0.000000000E+00 0.000000000E+00
 0.000000000E+00 0.000000000E+00 0.000000000E+00 0.000000000E+00 0.000000000E+00
 0.000000000E+00 0.000000000E+00 0.000000000E+00 0.000000000E+00 0.000000000E+00
 0.000000000E+00 0.890197456E-01 0.126583323E+00 0.155656308E+00 0.180371225E+00
 0.202408940E+00 0.222567320E+00 0.240165159E+00 0.257827610E+00 0.274603456E+00
 0.290755302E+00 0.306204110E+00 0.321065545E+00 0.335614026E+00 0.349716425E+00
 0.363446325E+00 0.376916349E+00 0.390158057E+00 0.403124779E+00 0.415910721E+00
 0.428515732E+00 0.440972924E+00 0.453307778E+00 0.465490997E+00 0.477590799E+00
 0.489594996E+00 0.501530290E+00 0.513390660E+00 0.525194824E+00 0.536968410E+00
 0.548694670E+00 0.560406089E+00 0.572098315E+00 0.583773255E+00 0.595466495E+00
 0.607154787E+00 0.618875802E+00 0.630607784E+00 0.642370284E+00 0.654185772E+00
 0.666043878E+00 0.677964211E+00 0.689925194E+00 0.701981068E+00 0.714108586E+00
 0.726321518E+00 0.738640547E+00 0.751063645E+00 0.763607085E+00 0.776264369E+00
 0.789090872E+00 0.802052140E+00 0.815198958E+00 0.828506589E+00 0.842045605E+00
 0.855801821E+00 0.869797587E+00 0.884115517E+00 0.898716986E+00 0.913710117E+00
 0.929174900E+00 0.945191443E+00 0.961937606E+00 0.979755998E+00 0.100000000E+01
    1
 0.000000000E+00 0.000000000E+00 0.000000000E+00 0.000000000E+00 0.000000000E+00
 0.000000000E+00 0.000000000E+00 0.000000000E+00 0.000000000E+00 0.000000000E+00
 0.000000000E+00 0.000000000E+00 0.000000000E+00 0.000000000E+00 0.000000000E+00
 0.000000000E+00 0.000000000E+00 0.000000000E+00 0.000000000E+00 0.000000000E+00
 0.000000000E+00 0.000000000E+00 0.000000000E+00 0.000000000E+00 0.000000000E+00
 0.000000000E+00 0.000000000E+00 0.000000000E+00 0.000000000E+00 0.000000000E+00
 0.000000000E+00 0.000000000E+00 0.000000000E+00 0.000000000E+00 0.000000000E+00
 0.000000000E+00 0.000000000E+00 0.000000000E+00 0.000000000E+00 0.000000000E+00
 0.000000000E+00 0.000000000E+00 0.000000000E+00 0.000000000E+00 0.000000000E+00
 0.000000000E+00 0.000000000E+00 0.000000000E+00 0.000000000E+00 0.000000000E+00
 0.000000000E+00 0.000000000E+00 0.000000000E+00 0.000000000E+00 0.000000000E+00
 0.000000000E+00 0.000000000E+00 0.000000000E+00 0.000000000E+00 0.000000000E+00
 0.000000000E+00 0.000000000E+00 0.000000000E+00 0.000000000E+00 0.000000000E+00
&BASIS
 EE2BDRY= 32*0.00000000      ,
 EEBDRY= 32*0.00000000      ,
 EEKNT= 32*0.00000000      ,
 EETENS=  5.00000000    ,
 FF2BDRY= 64*0.00000000      ,
 FFBDRY= -1.84089327    ,  4.00267363    , -2.14109516    , 61*0.00000000      ,
 FFKNT= 64*0.00000000      ,
 FFTENS=  0.00000000    ,
 KEE2BDRY= 32*0          ,
 KEEBDRY= 32*0          ,
 KEEFNC=          0,
 KEEKNT=          0,
 KFF2BDRY= 64*0          ,
 KFFBDRY= 64*0          ,
 KFFFNC=          0,
 KFFKNT=          0,
 KPP2BDRY= 64*0          ,
 KPPBDRY= 64*0          ,
 KPPFNC=          0,
 KPPKNT=          0,
 KWW2BDRY= 64*0          ,
 KWWBDRY= 64*0          ,
 KWWFNC=          0,
 KWWKNT=          0,
 PP2BDRY= 64*0.00000000      ,
 PPBDRY= -268056.656    ,  35659.2773    , 62*0.00000000      ,
 PPKNT= 64*0.00000000      ,
 PPTENS=  0.00000000    ,
 WW2BDRY= 64*0.00000000      ,
 WWBDRY= -795.506409    ,  82929.5469    , 62*0.00000000      ,
 WWKNT= 64*0.00000000      ,
 WWTENS=  0.00000000    ,
 /
