  EFITD    01/21/2000    #163518  3136ms           7  65  65
 0.170000005E+01 0.320000005E+01 0.169550002E+01 0.839999974E+00 0.000000000E+00
 0.177016628E+01-0.259699933E-01-0.212941632E+00 0.127403336E-01-0.201017499E+01
-0.107975375E+07-0.212941632E+00 0.000000000E+00 0.177016628E+01 0.000000000E+00
-0.259699933E-01 0.000000000E+00 0.127403336E-01 0.000000000E+00 0.000000000E+00
-0.344018221E+01-0.343840671E+01-0.343669295E+01-0.343504000E+01-0.343344665E+01
-0.343191218E+01-0.343043542E+01-0.342901540E+01-0.342765141E+01-0.342634201E+01
-0.342508650E+01-0.342388368E+01-0.342273259E+01-0.342163253E+01-0.342058206E+01
-0.341958022E+01-0.341862607E+01-0.341771865E+01-0.341685677E+01-0.341603947E+01
-0.341526580E+01-0.341453457E+01-0.341384482E+01-0.341319537E+01-0.341258526E+01
-0.341201377E+01-0.341147923E+01-0.341098094E+01-0.341051793E+01-0.341008902E+01
-0.340969300E+01-0.340932894E+01-0.340899587E+01-0.340869260E+01-0.340841818E+01
-0.340817118E+01-0.340795112E+01-0.340775657E+01-0.340758657E+01-0.340743995E+01
-0.340731549E+01-0.340721250E+01-0.340712976E+01-0.340706611E+01-0.340702057E+01
-0.340699196E+01-0.340697932E+01-0.340698171E+01-0.340699768E+01-0.340702629E+01
-0.340706682E+01-0.340711761E+01-0.340717816E+01-0.340724683E+01-0.340732288E+01
-0.340740538E+01-0.340749311E+01-0.340758467E+01-0.340767956E+01-0.340777612E+01
-0.340787387E+01-0.340797114E+01-0.340806746E+01-0.340816116E+01-0.340825176E+01
 0.609751055E+05 0.599595977E+05 0.589460820E+05 0.579345625E+05 0.569250312E+05
 0.559174961E+05 0.549119531E+05 0.539084023E+05 0.529068438E+05 0.519072773E+05
 0.509097070E+05 0.499141250E+05 0.489205391E+05 0.479289453E+05 0.469393438E+05
 0.459517344E+05 0.449661172E+05 0.439824961E+05 0.430008633E+05 0.420212266E+05
 0.410435820E+05 0.400679297E+05 0.390942695E+05 0.381226016E+05 0.371529258E+05
 0.361852461E+05 0.352195586E+05 0.342558594E+05 0.332941562E+05 0.323344473E+05
 0.313767285E+05 0.304210039E+05 0.294672715E+05 0.285155312E+05 0.275657852E+05
 0.266180312E+05 0.256722695E+05 0.247285000E+05 0.237867246E+05 0.228469414E+05
 0.219091504E+05 0.209733535E+05 0.200395488E+05 0.191077363E+05 0.181779160E+05
 0.172500898E+05 0.163242559E+05 0.154004141E+05 0.144785654E+05 0.135587100E+05
 0.126408467E+05 0.117249766E+05 0.108110986E+05 0.989921387E+04 0.898932129E+04
 0.808142188E+04 0.717551514E+04 0.627160107E+04 0.536968018E+04 0.446975146E+04
 0.357181567E+04 0.267587280E+04 0.178192236E+04 0.889964844E+03 0.000000000E+00
-0.176246512E+01-0.170091355E+01-0.164039934E+01-0.158092248E+01-0.152248299E+01
-0.146508086E+01-0.140871608E+01-0.135338867E+01-0.129909861E+01-0.124584603E+01
-0.119363070E+01-0.114245272E+01-0.109231210E+01-0.104320884E+01-0.995142996E+00
-0.948114455E+00-0.902123272E+00-0.857169509E+00-0.813253045E+00-0.770373940E+00
-0.728532255E+00-0.687727869E+00-0.647960842E+00-0.609231234E+00-0.571538925E+00
-0.534883976E+00-0.499266446E+00-0.464686245E+00-0.431143373E+00-0.398637891E+00
-0.367169768E+00-0.336739004E+00-0.307345599E+00-0.278989553E+00-0.251670867E+00
-0.225389540E+00-0.200145572E+00-0.175938964E+00-0.152769715E+00-0.130637839E+00
-0.109543301E+00-0.894861370E-01-0.704663247E-01-0.524838790E-01-0.355387889E-01
-0.196310598E-01-0.476069143E-02 0.907231774E-02 0.218679681E-01 0.336262584E-01
 0.443471856E-01 0.540307574E-01 0.626769662E-01 0.702858195E-01 0.768573061E-01
 0.823914409E-01 0.868882090E-01 0.903476253E-01 0.927696750E-01 0.941543654E-01
 0.945016965E-01 0.938116685E-01 0.920842811E-01 0.893195346E-01 0.855174288E-01
-0.288265062E+06-0.287699969E+06-0.287134844E+06-0.286569750E+06-0.286004625E+06
-0.285439531E+06-0.284874406E+06-0.284309281E+06-0.283744188E+06-0.283179062E+06
-0.282613969E+06-0.282048844E+06-0.281483750E+06-0.280918625E+06-0.280353531E+06
-0.279788406E+06-0.279223312E+06-0.278658188E+06-0.278093094E+06-0.277527969E+06
-0.276962875E+06-0.276397750E+06-0.275832656E+06-0.275267531E+06-0.274702438E+06
-0.274137312E+06-0.273572219E+06-0.273007094E+06-0.272442000E+06-0.271876875E+06
-0.271311781E+06-0.270746656E+06-0.270181562E+06-0.269616438E+06-0.269051344E+06
-0.268486219E+06-0.267921125E+06-0.267356000E+06-0.266790906E+06-0.266225781E+06
-0.265660656E+06-0.265095562E+06-0.264530438E+06-0.263965344E+06-0.263400219E+06
-0.262835125E+06-0.262270000E+06-0.261704906E+06-0.261139797E+06-0.260574688E+06
-0.260009578E+06-0.259444469E+06-0.258879359E+06-0.258314250E+06-0.257749141E+06
-0.257184016E+06-0.256618906E+06-0.256053797E+06-0.255488688E+06-0.254923578E+06
-0.254358469E+06-0.253793359E+06-0.253228250E+06-0.252663141E+06-0.252098031E+06
 0.260986276E-01 0.199516155E-01 0.133277988E-01 0.619949587E-02-0.138435757E-02
-0.929780863E-02-0.173594858E-01-0.253725555E-01-0.312323384E-01-0.328233279E-01
-0.351971500E-01-0.407935381E-01-0.474385209E-01-0.510667488E-01-0.523452908E-01
-0.515084714E-01-0.485536233E-01-0.433352590E-01-0.355096273E-01-0.243966281E-01
-0.872123986E-02 0.765251787E-02 0.218031853E-01 0.348223336E-01 0.473680235E-01
 0.599057488E-01 0.728448033E-01 0.866295099E-01 0.101833217E+00 0.119153917E+00
 0.134171888E+00 0.145447508E+00 0.153461114E+00 0.157954738E+00 0.158776939E+00
 0.155435607E+00 0.149648786E+00 0.146014914E+00 0.143848598E+00 0.142727733E+00
 0.142392233E+00 0.142675832E+00 0.143465325E+00 0.144677117E+00 0.146244466E+00
 0.148110583E+00 0.150225043E+00 0.152541459E+00 0.155016124E+00 0.157607138E+00
 0.160273880E+00 0.162976742E+00 0.165677384E+00 0.168338940E+00 0.170926645E+00
 0.173408523E+00 0.175756171E+00 0.177945420E+00 0.179956943E+00 0.181776658E+00
 0.183395818E+00 0.184810877E+00 0.186023086E+00 0.187037855E+00 0.187864020E+00
 0.215090606E-01 0.143692540E-01 0.654118415E-02-0.209315587E-02-0.115483021E-01
-0.216619484E-01-0.308470987E-01-0.368113220E-01-0.391359925E-01-0.377742350E-01
-0.373409316E-01-0.391287357E-01-0.416039713E-01-0.430010371E-01-0.429504961E-01
-0.413254835E-01-0.380016975E-01-0.328129083E-01-0.255380422E-01-0.159198307E-01
-0.388849084E-02 0.905579142E-02 0.215629395E-01 0.337003060E-01 0.457262658E-01
 0.579279363E-01 0.706223547E-01 0.841957256E-01 0.991795212E-01 0.116212547E+00
 0.131061390E+00 0.142247602E+00 0.150192112E+00 0.154788554E+00 0.155820310E+00
 0.152744234E+00 0.147416487E+00 0.144199669E+00 0.142457917E+00 0.141778827E+00
 0.141905636E+00 0.142669499E+00 0.143953234E+00 0.145670444E+00 0.147753134E+00
 0.150144249E+00 0.152792946E+00 0.155651778E+00 0.158674777E+00 0.161816329E+00
 0.165030554E+00 0.168271169E+00 0.171491757E+00 0.174646556E+00 0.177691430E+00
 0.180585265E+00 0.183291420E+00 0.185779095E+00 0.188024461E+00 0.190011427E+00
 0.191731885E+00 0.193185374E+00 0.194378331E+00 0.195322916E+00 0.196035624E+00
 0.181001183E-01 0.104228342E-01 0.185770157E-02-0.803189538E-02-0.194375347E-01
-0.284031704E-01-0.340347327E-01-0.362097472E-01-0.348334722E-01-0.328786820E-01
-0.316577889E-01-0.310999807E-01-0.307517666E-01-0.300973188E-01-0.287341215E-01
-0.263925046E-01-0.228903703E-01-0.181022063E-01-0.119596152E-01-0.448700786E-02
 0.413840963E-02 0.135856373E-01 0.235211980E-01 0.337570906E-01 0.442511812E-01
 0.550506972E-01 0.662482977E-01 0.779499486E-01 0.902226046E-01 0.102813698E+00
 0.114304438E+00 0.123749189E+00 0.130973354E+00 0.135902807E+00 0.138486832E+00
 0.138813645E+00 0.137951463E+00 0.137397960E+00 0.137441888E+00 0.138077646E+00
 0.139254004E+00 0.140913874E+00 0.143003732E+00 0.145475224E+00 0.148283929E+00
 0.151387855E+00 0.154745609E+00 0.158314973E+00 0.162051693E+00 0.165908620E+00
 0.169835135E+00 0.173777223E+00 0.177677929E+00 0.181478724E+00 0.185121372E+00
 0.188550413E+00 0.191716075E+00 0.194576919E+00 0.197102204E+00 0.199273348E+00
 0.201084301E+00 0.202540934E+00 0.203659356E+00 0.204463735E+00 0.204983562E+00
 0.160220712E-01 0.854834449E-02 0.491519575E-03-0.850512832E-02-0.181836300E-01
-0.240920093E-01-0.257596970E-01-0.255142730E-01-0.248684138E-01-0.240414999E-01
-0.231680498E-01-0.222582072E-01-0.212046765E-01-0.198335890E-01-0.179598425E-01
-0.154219251E-01-0.120965336E-01-0.790415891E-02-0.281435624E-02 0.314803841E-02
 0.990227703E-02 0.173267499E-01 0.252901409E-01 0.336819477E-01 0.424249470E-01
 0.514676534E-01 0.607630387E-01 0.702357814E-01 0.797360092E-01 0.889930278E-01
 0.976358354E-01 0.105317503E+00 0.111815132E+00 0.117040955E+00 0.121039607E+00
 0.124009296E+00 0.126299709E+00 0.128302723E+00 0.130314633E+00 0.132507831E+00
 0.134968996E+00 0.137735948E+00 0.140819550E+00 0.144215450E+00 0.147909820E+00
 0.151882008E+00 0.156105444E+00 0.160547450E+00 0.165168688E+00 0.169922307E+00
 0.174753144E+00 0.179597452E+00 0.184383318E+00 0.189032495E+00 0.193463504E+00
 0.197596356E+00 0.201358095E+00 0.204688549E+00 0.207545012E+00 0.209905386E+00
 0.211768776E+00 0.213153988E+00 0.214095786E+00 0.214640126E+00 0.214838907E+00
 0.144188311E-01 0.765557587E-02 0.130007742E-02-0.483733229E-02-0.103708543E-01
-0.130835697E-01-0.145619437E-01-0.152313933E-01-0.153550003E-01-0.151000908E-01
-0.145605933E-01-0.137656806E-01-0.126902321E-01-0.112715466E-01-0.942902081E-02
-0.708177127E-02-0.416169409E-02-0.622092339E-03 0.355713652E-02 0.836749468E-02
 0.137737459E-01 0.197200868E-01 0.261392016E-01 0.329607092E-01 0.401153602E-01
 0.475332141E-01 0.551363081E-01 0.628281161E-01 0.704842284E-01 0.779515430E-01
 0.850631744E-01 0.916669145E-01 0.976544470E-01 0.102980375E+00 0.107670113E+00
 0.111817330E+00 0.115567736E+00 0.119089037E+00 0.122538634E+00 0.126043737E+00
 0.129696906E+00 0.133560553E+00 0.137673885E+00 0.142058834E+00 0.146724343E+00
 0.151668802E+00 0.156881109E+00 0.162340537E+00 0.168015793E+00 0.173863143E+00
 0.179824352E+00 0.185824454E+00 0.191770673E+00 0.197553456E+00 0.203050986E+00
 0.208137915E+00 0.212697148E+00 0.216632277E+00 0.219878167E+00 0.222407281E+00
 0.224231124E+00 0.225396097E+00 0.225974768E+00 0.226054490E+00 0.225726530E+00
 0.108347693E-01 0.388815487E-02 0.774095242E-03-0.132018083E-02-0.337694027E-02
-0.500558550E-02-0.612472976E-02-0.678855646E-02-0.707318727E-02-0.704005687E-02
-0.672591245E-02-0.614112150E-02-0.527230091E-02-0.408806466E-02-0.254660286E-02
-0.603598077E-03 0.178072660E-02 0.463610282E-02 0.797851197E-02 0.118083870E-01
 0.161107536E-01 0.208571535E-01 0.260085277E-01 0.315179601E-01 0.373323187E-01
 0.433923043E-01 0.496312119E-01 0.559734404E-01 0.623344965E-01 0.686242282E-01
 0.747541338E-01 0.806477740E-01 0.862514451E-01 0.915423408E-01 0.965321809E-01
 0.101265408E+00 0.105812170E+00 0.110257521E+00 0.114689797E+00 0.119191311E+00
 0.123832889E+00 0.128672019E+00 0.133753240E+00 0.139109552E+00 0.144763798E+00
 0.150729656E+00 0.157011747E+00 0.163604811E+00 0.170491666E+00 0.177639648E+00
 0.184995398E+00 0.192477971E+00 0.199971348E+00 0.207319066E+00 0.214326739E+00
 0.220778257E+00 0.226464659E+00 0.231215015E+00 0.234919146E+00 0.237540424E+00
 0.239119470E+00 0.239765853E+00 0.239635199E+00 0.238898531E+00 0.237716690E+00
 0.959992781E-02 0.272411667E-02 0.132016419E-02 0.158345362E-02 0.139447325E-02
 0.101307128E-02 0.615647063E-03 0.298441475E-03 0.110227767E-03 0.776577072E-04
 0.220672766E-03 0.560509565E-03 0.112287933E-02 0.193806982E-02 0.303918752E-02
 0.445946585E-02 0.622933265E-02 0.837368239E-02 0.109095518E-01 0.138442852E-01
 0.171744097E-01 0.208863951E-01 0.249578319E-01 0.293585751E-01 0.340517201E-01
 0.389943905E-01 0.441385061E-01 0.494317897E-01 0.548193865E-01 0.602466427E-01
 0.656629875E-01 0.710266009E-01 0.763088763E-01 0.814978629E-01 0.865997896E-01
 0.916383415E-01 0.966518521E-01 0.101688974E+00 0.106803767E+00 0.112051308E+00
 0.117484324E+00 0.123151191E+00 0.129095033E+00 0.135353610E+00 0.141959548E+00
 0.148940578E+00 0.156319365E+00 0.164112598E+00 0.172328874E+00 0.180964276E+00
 0.189994618E+00 0.199361891E+00 0.208951965E+00 0.218561962E+00 0.227867305E+00
 0.236438334E+00 0.243848667E+00 0.249776646E+00 0.254028857E+00 0.256543964E+00
 0.257415861E+00 0.256911159E+00 0.255402714E+00 0.253243774E+00 0.250706732E+00
 0.118918195E-01 0.532444939E-02 0.483049033E-02 0.599745987E-02 0.664896937E-02
 0.693242438E-02 0.697359536E-02 0.687681930E-02 0.672412943E-02 0.657971203E-02
 0.649543572E-02 0.651548570E-02 0.667953724E-02 0.702454755E-02 0.758548360E-02
 0.839536358E-02 0.948492438E-02 0.108820321E-01 0.126105752E-01 0.146878324E-01
 0.171180237E-01 0.198973510E-01 0.230151340E-01 0.264540929E-01 0.301907007E-01
 0.341961160E-01 0.384380221E-01 0.428821407E-01 0.474937074E-01 0.522393025E-01
 0.570891388E-01 0.620194115E-01 0.670144260E-01 0.720681995E-01 0.771851763E-01
 0.823800862E-01 0.876768008E-01 0.931065604E-01 0.987058505E-01 0.104514338E+00
 0.110573180E+00 0.116923831E+00 0.123607501E+00 0.130665064E+00 0.138137430E+00
 0.146066144E+00 0.154494196E+00 0.163466647E+00 0.173030987E+00 0.183236420E+00
 0.194130689E+00 0.205751270E+00 0.218102366E+00 0.231099203E+00 0.244410753E+00
 0.256729782E+00 0.266934007E+00 0.274649858E+00 0.279628783E+00 0.281694740E+00
 0.280776620E+00 0.277486026E+00 0.273269892E+00 0.268724710E+00 0.264167249E+00
 0.172147285E-01 0.110295145E-01 0.107946806E-01 0.122943083E-01 0.132243186E-01
 0.136837391E-01 0.137789110E-01 0.136121809E-01 0.132748662E-01 0.128451185E-01
 0.123887109E-01 0.119610773E-01 0.116095636E-01 0.113754552E-01 0.112956725E-01
 0.114043485E-01 0.117346188E-01 0.123210857E-01 0.132034058E-01 0.144308731E-01
 0.159967076E-01 0.179021824E-01 0.201468822E-01 0.227247737E-01 0.256222282E-01
 0.288179107E-01 0.322900526E-01 0.360172763E-01 0.399784483E-01 0.441533141E-01
 0.485243797E-01 0.530783199E-01 0.578069463E-01 0.627079308E-01 0.677853376E-01
 0.730497092E-01 0.785177052E-01 0.842114836E-01 0.901577920E-01 0.963872075E-01
 0.102933399E+00 0.109832808E+00 0.117124669E+00 0.124851435E+00 0.133059815E+00
 0.141802281E+00 0.151139319E+00 0.161142617E+00 0.171899647E+00 0.183520108E+00
 0.196146116E+00 0.209968776E+00 0.225259006E+00 0.242438033E+00 0.261846364E+00
 0.279448330E+00 0.293380111E+00 0.303550065E+00 0.309759200E+00 0.311525047E+00
 0.308672965E+00 0.300635427E+00 0.291856140E+00 0.283884794E+00 0.276763529E+00
 0.252445024E-01 0.194394905E-01 0.192734860E-01 0.207542256E-01 0.215368643E-01
 0.217357781E-01 0.214843489E-01 0.209035110E-01 0.200962331E-01 0.191476550E-01
 0.181274135E-01 0.170924645E-01 0.160897169E-01 0.151582332E-01 0.143310903E-01
 0.136371413E-01 0.131032672E-01 0.127583798E-01 0.126421303E-01 0.130669372E-01
 0.137860859E-01 0.148407212E-01 0.162543487E-01 0.180388261E-01 0.201904364E-01
 0.226694234E-01 0.254617967E-01 0.285596661E-01 0.319533348E-01 0.356290899E-01
 0.395768285E-01 0.437904075E-01 0.482667685E-01 0.530057214E-01 0.580110103E-01
 0.632906929E-01 0.688571110E-01 0.747267380E-01 0.809199885E-01 0.874609426E-01
 0.943773165E-01 0.101700589E+00 0.109466448E+00 0.117715716E+00 0.126495689E+00
 0.135862246E+00 0.145882979E+00 0.156641558E+00 0.168244347E+00 0.180830285E+00
 0.194586158E+00 0.209770888E+00 0.226754442E+00 0.246072635E+00 0.268451184E+00
 0.291333258E+00 0.309239775E+00 0.322066993E+00 0.329903036E+00 0.332667053E+00
 0.329661965E+00 0.320516825E+00 0.307022393E+00 0.295666635E+00 0.286218584E+00
 0.362654515E-01 0.308148321E-01 0.308610667E-01 0.318877213E-01 0.319538191E-01
 0.313497521E-01 0.302829687E-01 0.289017092E-01 0.273130592E-01 0.255966838E-01
 0.238135550E-01 0.220113210E-01 0.202276446E-01 0.184921753E-01 0.168275069E-01
 0.152490446E-01 0.137632871E-01 0.123630753E-01 0.113316458E-01 0.106956977E-01
 0.104439165E-01 0.105874240E-01 0.111513697E-01 0.121785002E-01 0.137459440E-01
 0.155762928E-01 0.177341085E-01 0.202531870E-01 0.231429283E-01 0.263690762E-01
 0.299279373E-01 0.338238031E-01 0.380595848E-01 0.426337570E-01 0.475486070E-01
 0.528101437E-01 0.584271811E-01 0.644116700E-01 0.707787201E-01 0.775465220E-01
 0.847365409E-01 0.923739076E-01 0.100488029E+00 0.109113514E+00 0.118291415E+00
 0.128071114E+00 0.138512820E+00 0.149691090E+00 0.161699846E+00 0.174658984E+00
 0.188723698E+00 0.204096243E+00 0.221039921E+00 0.239892185E+00 0.261073470E+00
 0.284953266E+00 0.305385172E+00 0.320279211E+00 0.329815298E+00 0.334051192E+00
 0.333128124E+00 0.326336056E+00 0.313550025E+00 0.300413817E+00 0.289986938E+00
 0.527472720E-01 0.483359061E-01 0.471909009E-01 0.463277735E-01 0.445923954E-01
 0.424288139E-01 0.400181897E-01 0.374567844E-01 0.348058045E-01 0.321088694E-01
 0.293993037E-01 0.267034564E-01 0.240423623E-01 0.214325041E-01 0.188860167E-01
 0.164104216E-01 0.140079446E-01 0.116746612E-01 0.971584674E-02 0.814310275E-02
 0.696563348E-02 0.619554101E-02 0.584803475E-02 0.593905943E-02 0.647821650E-02
 0.744848140E-02 0.887178909E-02 0.107991993E-01 0.133253848E-01 0.161322244E-01
 0.193035752E-01 0.228875522E-01 0.269036591E-01 0.313198678E-01 0.361374915E-01
 0.413640887E-01 0.470038503E-01 0.530644432E-01 0.595561750E-01 0.664908662E-01
 0.738825798E-01 0.817481801E-01 0.901079103E-01 0.989859924E-01 0.108411334E+00
 0.118418440E+00 0.129048571E+00 0.140351102E+00 0.152385086E+00 0.165220752E+00
 0.178940609E+00 0.193639457E+00 0.209422320E+00 0.226400435E+00 0.244691014E+00
 0.264459580E+00 0.284599006E+00 0.299375534E+00 0.309478700E+00 0.315271676E+00
 0.316591024E+00 0.313789725E+00 0.306277454E+00 0.295161515E+00 0.286357939E+00
 0.751369819E-01 0.733624101E-01 0.681730881E-01 0.628683716E-01 0.583022833E-01
 0.540661290E-01 0.500089601E-01 0.460658483E-01 0.422070883E-01 0.384195484E-01
 0.346984938E-01 0.310435165E-01 0.274562594E-01 0.239391178E-01 0.204944201E-01
 0.171239041E-01 0.138281835E-01 0.106053157E-01 0.776010519E-02 0.530212512E-02
 0.324197439E-02 0.159188895E-02 0.365441258E-03-0.423468999E-03-0.761980540E-03
-0.638594502E-03-0.368108267E-04 0.106287049E-02 0.267426716E-02 0.478135375E-02
 0.741457380E-02 0.106386459E-01 0.145685431E-01 0.188405551E-01 0.235522445E-01
 0.287467949E-01 0.343996324E-01 0.405173115E-01 0.471094511E-01 0.541790873E-01
 0.617309958E-01 0.697719678E-01 0.783111975E-01 0.873601735E-01 0.969326422E-01
 0.107044451E+00 0.117713250E+00 0.128957897E+00 0.140797094E+00 0.153246999E+00
 0.166316628E+00 0.179999858E+00 0.194261312E+00 0.209010676E+00 0.224052384E+00
 0.238975823E+00 0.252962559E+00 0.264938861E+00 0.274259567E+00 0.280716300E+00
 0.284295142E+00 0.285123229E+00 0.283548981E+00 0.280340672E+00 0.276581824E+00
 0.917632729E-01 0.908880830E-01 0.843793824E-01 0.771138966E-01 0.706576407E-01
 0.647637397E-01 0.592614971E-01 0.540391952E-01 0.490250960E-01 0.441729203E-01
 0.394524597E-01 0.348437242E-01 0.303333029E-01 0.259121377E-01 0.215744488E-01
 0.173179805E-01 0.131466426E-01 0.907857809E-02 0.539574726E-02 0.210045883E-02
-0.797989778E-03-0.328661525E-02-0.535032386E-02-0.697283261E-02-0.813723356E-02
-0.882610213E-02-0.902108382E-02-0.870347582E-02-0.785551593E-02-0.646057026E-02
-0.449546240E-02-0.193234312E-02 0.125233456E-02 0.505243288E-02 0.952634122E-02
 0.147968912E-01 0.204594489E-01 0.266197938E-01 0.333210118E-01 0.405277498E-01
 0.482346155E-01 0.564371310E-01 0.651337504E-01 0.743235871E-01 0.840056837E-01
 0.941780880E-01 0.104836799E+00 0.115974106E+00 0.127576143E+00 0.139619023E+00
 0.152063146E+00 0.164844900E+00 0.177864507E+00 0.190969408E+00 0.203934029E+00
 0.216443807E+00 0.228106901E+00 0.238518476E+00 0.247351930E+00 0.254412770E+00
 0.259645939E+00 0.263130724E+00 0.265078396E+00 0.265812218E+00 0.265700459E+00
 0.102928929E+00 0.102303661E+00 0.958498269E-01 0.879166648E-01 0.805304945E-01
 0.736128315E-01 0.670754910E-01 0.608421080E-01 0.548516326E-01 0.490571670E-01
 0.434232131E-01 0.379228778E-01 0.325354338E-01 0.272442158E-01 0.220345445E-01
 0.168910697E-01 0.117931385E-01 0.700513413E-02 0.256089051E-02-0.151685905E-02
-0.520886341E-02-0.849638414E-02-0.113601452E-01-0.137800723E-01-0.157353338E-01
-0.172044579E-01-0.181654673E-01-0.185961071E-01-0.184740927E-01-0.177769996E-01
-0.164816417E-01-0.145646762E-01-0.120041808E-01-0.878042914E-02-0.486903172E-02
-0.249361241E-03 0.506698526E-02 0.111394720E-01 0.180966556E-01 0.254795123E-01
 0.333762281E-01 0.417639911E-01 0.506385788E-01 0.599893145E-01 0.698035583E-01
 0.800651312E-01 0.907536298E-01 0.101843007E+00 0.113299198E+00 0.125076950E+00
 0.137115628E+00 0.149334162E+00 0.161625475E+00 0.173851117E+00 0.185838580E+00
 0.197384760E+00 0.208269164E+00 0.218277559E+00 0.227229401E+00 0.235000461E+00
 0.241535291E+00 0.246849790E+00 0.251024932E+00 0.254190922E+00 0.256502956E+00
 0.111379929E+00 0.110899486E+00 0.104221441E+00 0.959427431E-01 0.880438760E-01
 0.804900751E-01 0.732390210E-01 0.662474260E-01 0.594754107E-01 0.528883301E-01
 0.464569591E-01 0.401570164E-01 0.339683928E-01 0.278743804E-01 0.218609050E-01
 0.159156751E-01 0.100265741E-01 0.447629066E-02-0.725176244E-03-0.556325959E-02
-0.100204507E-01-0.140769817E-01-0.177112203E-01-0.209000017E-01-0.236189552E-01
-0.258428045E-01-0.275456998E-01-0.287015159E-01-0.292841457E-01-0.292677227E-01
-0.286268238E-01-0.273368005E-01-0.253741611E-01-0.227166619E-01-0.193428919E-01
-0.152329896E-01-0.103685372E-01-0.472352374E-02 0.172931177E-02 0.899379887E-02
 0.171801187E-01 0.257856622E-01 0.348925218E-01 0.444640778E-01 0.544813722E-01
 0.649161935E-01 0.757364035E-01 0.869054496E-01 0.983800292E-01 0.110107608E+00
 0.122024007E+00 0.134051010E+00 0.146094501E+00 0.158043608E+00 0.169771895E+00
 0.181141421E+00 0.192010164E+00 0.202242076E+00 0.211718097E+00 0.220345750E+00
 0.228065446E+00 0.234852478E+00 0.240714833E+00 0.245687217E+00 0.249822512E+00
 0.117572002E+00 0.117137760E+00 0.110264301E+00 0.101777554E+00 0.935599655E-01
 0.855827630E-01 0.778219923E-01 0.702541992E-01 0.628569275E-01 0.556089580E-01
 0.484905392E-01 0.414836109E-01 0.345720798E-01 0.277422555E-01 0.209840406E-01
 0.142940693E-01 0.768386433E-02 0.141730742E-02-0.450416747E-02-0.100693246E-01
-0.152609972E-01-0.200580172E-01-0.244362876E-01-0.283694863E-01-0.318296179E-01
-0.347875021E-01-0.372132324E-01-0.390766189E-01-0.403476283E-01-0.409967788E-01
-0.409955382E-01-0.403166898E-01-0.389346331E-01-0.368256122E-01-0.339677669E-01
-0.303411596E-01-0.259274989E-01-0.207094345E-01-0.146715492E-01-0.780183589E-02
-0.874170291E-04 0.846100692E-02 0.179462917E-01 0.278202370E-01 0.381531008E-01
 0.488854796E-01 0.599751696E-01 0.713831112E-01 0.830653235E-01 0.949706510E-01
 0.107039720E+00 0.119204231E+00 0.131386608E+00 0.143500254E+00 0.155450672E+00
 0.167137951E+00 0.178460136E+00 0.189317524E+00 0.199617043E+00 0.209276021E+00
 0.218224823E+00 0.226408213E+00 0.233785331E+00 0.240329102E+00 0.246025383E+00
 0.121584192E+00 0.121059641E+00 0.114375584E+00 0.105821170E+00 0.974209085E-01
 0.891510472E-01 0.810031816E-01 0.729741007E-01 0.650584847E-01 0.572479181E-01
 0.495315865E-01 0.418971591E-01 0.343313292E-01 0.268197022E-01 0.193455853E-01
 0.118865510E-01 0.469098240E-02-0.221131300E-02-0.879858062E-02-0.150499260E-01
-0.209426749E-01-0.264515821E-01-0.315487981E-01-0.362041704E-01-0.403856449E-01
-0.440598018E-01-0.471923538E-01-0.497487187E-01-0.516945571E-01-0.529963300E-01
-0.536217988E-01-0.535405129E-01-0.527242273E-01-0.511472411E-01-0.487866178E-01
-0.456223488E-01-0.416373797E-01-0.368175842E-01-0.311519094E-01-0.246324278E-01
-0.172541160E-01-0.901554059E-02 0.857263221E-04 0.100260535E-01 0.208976325E-01
 0.320868902E-01 0.435920097E-01 0.553999990E-01 0.674743280E-01 0.797686949E-01
 0.922310576E-01 0.104804501E+00 0.117427208E+00 0.130032569E+00 0.142549515E+00
 0.154903188E+00 0.167015955E+00 0.178808182E+00 0.190199018E+00 0.201106489E+00
 0.211447313E+00 0.221136644E+00 0.230088636E+00 0.238218620E+00 0.245447874E+00
 0.124079883E+00 0.123254277E+00 0.116788462E+00 0.108501188E+00 0.100020401E+00
 0.914957002E-01 0.829981193E-01 0.745570511E-01 0.661826953E-01 0.578752980E-01
 0.496295393E-01 0.414370224E-01 0.332877487E-01 0.251709856E-01 0.170755424E-01
 0.898907427E-02 0.117815717E-02-0.634859316E-02-0.135762431E-01-0.204849672E-01
-0.270506926E-01-0.332455598E-01-0.390383787E-01-0.443951376E-01-0.492795594E-01
-0.536536798E-01-0.574785098E-01-0.607146770E-01-0.633231178E-01-0.652657151E-01
-0.665059760E-01-0.670096278E-01-0.667451620E-01-0.656842738E-01-0.638022721E-01
-0.610782839E-01-0.574953854E-01-0.530406199E-01-0.477048494E-01-0.414824225E-01
-0.343705267E-01-0.263680536E-01-0.174734239E-01-0.768153043E-02 0.302947126E-02
 0.146891801E-01 0.266623404E-01 0.390051417E-01 0.516390726E-01 0.645082518E-01
 0.775649622E-01 0.907635316E-01 0.104057699E+00 0.117399395E+00 0.130738184E+00
 0.144020751E+00 0.157190084E+00 0.170184195E+00 0.182933778E+00 0.195358932E+00
 0.207364663E+00 0.218836233E+00 0.229636028E+00 0.239605203E+00 0.248573974E+00
 0.127733991E+00 0.127118334E+00 0.119840547E+00 0.110788129E+00 0.101814792E+00
 0.928729177E-01 0.839723200E-01 0.751203224E-01 0.663174540E-01 0.575592108E-01
 0.488379374E-01 0.401443653E-01 0.314690545E-01 0.228041355E-01 0.141466130E-01
 0.550609687E-02-0.286929519E-02-0.109786130E-01-0.188096557E-01-0.263425093E-01
-0.335513428E-01-0.404054932E-01-0.468702279E-01-0.529074445E-01-0.584763326E-01
-0.635340959E-01-0.680366606E-01-0.719394758E-01-0.751982778E-01-0.777699053E-01
-0.796130672E-01-0.806890652E-01-0.809625089E-01-0.804018602E-01-0.789799318E-01
-0.766741931E-01-0.734670013E-01-0.693455786E-01-0.643018782E-01-0.583322234E-01
-0.514367409E-01-0.436186604E-01-0.348835662E-01-0.252390932E-01-0.146960346E-01
-0.327566103E-02 0.897463690E-02 0.221379418E-01 0.355338827E-01 0.491490625E-01
 0.629620776E-01 0.769479722E-01 0.910801068E-01 0.105330929E+00 0.119672142E+00
 0.134074211E+00 0.148505136E+00 0.162928030E+00 0.177296922E+00 0.191549897E+00
 0.205598697E+00 0.219313681E+00 0.232504770E+00 0.244904757E+00 0.256175280E+00
 0.130031660E+00 0.129462928E+00 0.121828176E+00 0.112136565E+00 0.102619983E+00
 0.932295993E-01 0.839287713E-01 0.746935010E-01 0.655053630E-01 0.563481115E-01
 0.472064167E-01 0.380653776E-01 0.289101060E-01 0.197244603E-01 0.104869800E-01
 0.142811285E-02-0.742747681E-02-0.160601996E-01-0.244487375E-01-0.325676799E-01
-0.403869152E-01-0.478717014E-01-0.549830645E-01-0.616783351E-01-0.679118112E-01
-0.736354887E-01-0.787998587E-01-0.833548009E-01-0.872504488E-01-0.904381052E-01
-0.928711891E-01-0.945060700E-01-0.953029022E-01-0.952263027E-01-0.942459628E-01
-0.923370793E-01-0.894805863E-01-0.856632218E-01-0.808773935E-01-0.751207992E-01
-0.683958605E-01-0.607089885E-01-0.520696379E-01-0.424893647E-01-0.319806151E-01
-0.205549709E-01-0.821829122E-02 0.504361186E-02 0.192516148E-01 0.336904377E-01
 0.483489707E-01 0.632161275E-01 0.782819912E-01 0.935388207E-01 0.108981647E+00
 0.124608569E+00 0.140420318E+00 0.156418756E+00 0.172603518E+00 0.188965529E+00
 0.205474854E+00 0.222057834E+00 0.238553271E+00 0.254619330E+00 0.269541502E+00
 0.130691960E+00 0.130072683E+00 0.121879384E+00 0.111892335E+00 0.102073222E+00
 0.923827589E-01 0.827881545E-01 0.732584521E-01 0.637658387E-01 0.542856604E-01
 0.447960943E-01 0.352780186E-01 0.257155895E-01 0.160986539E-01 0.642986828E-02
-0.306101958E-02-0.123735964E-01-0.214950815E-01-0.304045174E-01-0.390743800E-01
-0.474713519E-01-0.555568598E-01-0.632876083E-01-0.706162006E-01-0.774918050E-01
-0.838609561E-01-0.896684453E-01-0.948582515E-01-0.993745476E-01-0.103162758E+00
-0.106170580E+00-0.108349003E+00-0.109653249E+00-0.110043630E+00-0.109486215E+00
-0.107953399E+00-0.105424203E+00-0.101884402E+00-0.973263681E-01-0.917486846E-01
-0.851555243E-01-0.775557235E-01-0.689616576E-01-0.593877658E-01-0.488488376E-01
-0.373577029E-01-0.249223299E-01-0.115426369E-01 0.279004476E-02 0.180943329E-01
 0.336396471E-01 0.494246073E-01 0.654526353E-01 0.817333162E-01 0.982839763E-01
 0.115131423E+00 0.132313609E+00 0.149881318E+00 0.167899728E+00 0.186449513E+00
 0.205627158E+00 0.225542724E+00 0.246309668E+00 0.267983109E+00 0.289505363E+00
 0.129053921E+00 0.128244713E+00 0.120181352E+00 0.110061556E+00 0.100102171E+00
 0.902699381E-01 0.805243254E-01 0.708259791E-01 0.611394458E-01 0.514337197E-01
 0.416815095E-01 0.318578482E-01 0.219379198E-01 0.118931299E-01 0.193898741E-02
-0.790380593E-02-0.176176932E-01-0.271821674E-01-0.365716293E-01-0.457547493E-01
-0.546944104E-01-0.633479729E-01-0.716676787E-01-0.796012655E-01-0.870926380E-01
-0.940827429E-01-0.100510463E+00-0.106313668E+00-0.111430354E+00-0.115799777E+00
-0.119363628E+00-0.122067206E+00-0.123860471E+00-0.124699049E+00-0.124545060E+00
-0.123367757E+00-0.121143915E+00-0.117858037E+00-0.113502212E+00-0.108075723E+00
-0.101584353E+00-0.940394104E-01-0.854564458E-01-0.758537129E-01-0.652503073E-01
-0.536640808E-01-0.411093161E-01-0.275943298E-01-0.131192710E-01 0.232633110E-02
 0.187665503E-01 0.354606658E-01 0.524207875E-01 0.696684942E-01 0.872376859E-01
 0.105178118E+00 0.123559341E+00 0.142475784E+00 0.162053853E+00 0.182462290E+00
 0.203928083E+00 0.226762876E+00 0.251413375E+00 0.278572798E+00 0.306960225E+00
 0.125869080E+00 0.124839500E+00 0.116731055E+00 0.106611513E+00 0.966949984E-01
 0.869097412E-01 0.771868750E-01 0.674717501E-01 0.577220134E-01 0.479044057E-01
 0.379919969E-01 0.279621854E-01 0.177950524E-01 0.747150509E-02-0.277670613E-02
-0.129462313E-01-0.230247471E-01-0.329922363E-01-0.428215228E-01-0.524786189E-01
-0.619230680E-01-0.711083114E-01-0.799821988E-01-0.884876102E-01-0.965631902E-01
-0.104144216E+00-0.111163609E+00-0.117553093E+00-0.123244360E+00-0.128170371E+00
-0.132266656E+00-0.135472670E+00-0.137732908E+00-0.138998151E+00-0.139226377E+00
-0.138383463E+00-0.136443824E+00-0.133390561E+00-0.129215375E+00-0.123918250E+00
-0.117506705E+00-0.109994769E+00-0.101401657E+00-0.917501673E-01-0.810648352E-01
-0.693698451E-01-0.566868000E-01-0.430323519E-01-0.284157209E-01-0.128359990E-01
 0.372089329E-02 0.212858468E-01 0.391074866E-01 0.572098866E-01 0.756319240E-01
 0.944334641E-01 0.113699287E+00 0.133544698E+00 0.154124424E+00 0.175645918E+00
 0.198388442E+00 0.222728848E+00 0.249171391E+00 0.278366596E+00 0.309636801E+00
 0.121012680E+00 0.119727999E+00 0.111182407E+00 0.101394333E+00 0.918677598E-01
 0.824109018E-01 0.729272142E-01 0.633621141E-01 0.536806695E-01 0.438579731E-01
 0.338750333E-01 0.237175357E-01 0.133771701E-01 0.285758846E-02-0.762368785E-02
-0.180675052E-01-0.284621995E-01-0.387865119E-01-0.490109734E-01-0.590986200E-01
-0.690054893E-01-0.786810815E-01-0.880688578E-01-0.971068814E-01-0.105728582E+00
-0.113863662E+00-0.121439181E+00-0.128380746E+00-0.134613782E+00-0.140065044E+00
-0.144663915E+00-0.148343965E+00-0.151044264E+00-0.152710706E+00-0.153297037E+00
-0.152765810E+00-0.151089013E+00-0.148248330E+00-0.144235149E+00-0.139050215E+00
-0.132702932E+00-0.125210300E+00-0.116595559E+00-0.106886528E+00-0.961137488E-01
-0.843083635E-01-0.714998990E-01-0.577138849E-01-0.429694541E-01-0.272768456E-01
-0.106348796E-01 0.697167637E-02 0.255751479E-01 0.444024950E-01 0.634768009E-01
 0.828558356E-01 0.102621719E+00 0.122882046E+00 0.143776476E+00 0.165487587E+00
 0.188257292E+00 0.212411895E+00 0.238401413E+00 0.266856968E+00 0.297320396E+00
 0.111545108E+00 0.109159984E+00 0.102702178E+00 0.945236087E-01 0.859656259E-01
 0.771438032E-01 0.680847242E-01 0.587955453E-01 0.492756851E-01 0.395205244E-01
 0.295225848E-01 0.192711130E-01 0.874878000E-02-0.183884066E-02-0.124692703E-01
-0.231236052E-01-0.337799378E-01-0.444107689E-01-0.549820140E-01-0.654526725E-01
-0.757748410E-01-0.858939216E-01-0.957490206E-01-0.105273508E+00-0.114395767E+00
-0.123040162E+00-0.131128073E+00-0.138579220E+00-0.145313039E+00-0.151250243E+00
-0.156314313E+00-0.160433114E+00-0.163540453E+00-0.165577427E+00-0.166493773E+00
-0.166248783E+00-0.164812088E+00-0.162164047E+00-0.158295840E+00-0.153209090E+00
-0.146915182E+00-0.139434233E+00-0.130793706E+00-0.121026635E+00-0.110169813E+00
-0.982615501E-01-0.853394121E-01-0.714378357E-01-0.565857254E-01-0.408041440E-01
-0.241043847E-01-0.648713484E-02 0.120554883E-01 0.315301716E-01 0.510591157E-01
 0.707364082E-01 0.906391889E-01 0.110846475E+00 0.131447881E+00 0.152548745E+00
 0.174274519E+00 0.196776450E+00 0.220245078E+00 0.244969413E+00 0.270944208E+00
 0.103756875E+00 0.100745358E+00 0.949682966E-01 0.878323093E-01 0.800762177E-01
 0.718327537E-01 0.631849244E-01 0.541791096E-01 0.448400974E-01 0.351803340E-01
 0.252056494E-01 0.149203744E-01 0.433543185E-02-0.633932836E-02-0.170991030E-01
-0.279283933E-01-0.388039015E-01-0.496952422E-01-0.605650246E-01-0.713687837E-01
-0.820549950E-01-0.925652459E-01-0.102834567E+00-0.112791963E+00-0.122361138E+00
-0.131461456E+00-0.140009031E+00-0.147918165E+00-0.155102670E+00-0.161477625E+00
-0.166960999E+00-0.171475366E+00-0.174949586E+00-0.177320331E+00-0.178533524E+00
-0.178545445E+00-0.177323610E+00-0.174847201E+00-0.171107247E+00-0.166106358E+00
-0.159857959E+00-0.152385324E+00-0.143720120E+00-0.133900642E+00-0.122969866E+00
-0.110973224E+00-0.979561806E-01-0.839616880E-01-0.690274388E-01-0.531827807E-01
-0.364449024E-01-0.188132804E-01-0.259775465E-03 0.192921776E-01 0.389391109E-01
 0.586420558E-01 0.784059986E-01 0.982507840E-01 0.118198209E+00 0.138262585E+00
 0.158437923E+00 0.178674519E+00 0.198830456E+00 0.218565390E+00 0.237164602E+00
 0.985438302E-01 0.952915922E-01 0.894260481E-01 0.824926421E-01 0.750324354E-01
 0.670859143E-01 0.586931482E-01 0.498847999E-01 0.406811647E-01 0.310930870E-01
 0.211224873E-01 0.107609481E-01 0.211579740E-03-0.104988525E-01-0.213484094E-01
-0.323134772E-01-0.433659516E-01-0.544718578E-01-0.655906275E-01-0.766746998E-01
-0.876693800E-01-0.985128805E-01-0.109136641E+00-0.119465783E+00-0.129419863E+00
-0.138913795E+00-0.147859052E+00-0.156165004E+00-0.163740531E+00-0.170495689E+00
-0.176343486E+00-0.181201771E+00-0.184994996E+00-0.187655881E+00-0.189126968E+00
-0.189361885E+00-0.188326254E+00-0.185998306E+00-0.182369068E+00-0.177442104E+00
-0.171232879E+00-0.163767725E+00-0.155082330E+00-0.145220071E+00-0.134229943E+00
-0.122164339E+00-0.109076656E+00-0.950188786E-01-0.800390169E-01-0.641787127E-01
-0.474710800E-01-0.299393013E-01-0.115976566E-01 0.754065439E-02 0.274363142E-01
 0.471382588E-01 0.666829944E-01 0.860754699E-01 0.105300225E+00 0.124319121E+00
 0.143061623E+00 0.161408752E+00 0.179172039E+00 0.196074218E+00 0.211752325E+00
 0.944651291E-01 0.910271406E-01 0.852017626E-01 0.783014670E-01 0.709345788E-01
 0.631126687E-01 0.548480190E-01 0.461523347E-01 0.370348245E-01 0.275013316E-01
 0.175540280E-01 0.719075091E-02-0.337175047E-02-0.141226491E-01-0.250450317E-01
-0.361161307E-01-0.473069884E-01-0.585820489E-01-0.698987469E-01-0.812072679E-01
-0.924504101E-01-0.103563666E+00-0.114475504E+00-0.125107795E+00-0.135376617E+00
-0.145193174E+00-0.154464975E+00-0.163097307E+00-0.170994818E+00-0.178063363E+00
-0.184211761E+00-0.189353883E+00-0.193410441E+00-0.196310833E+00-0.197994798E+00
-0.198413730E+00-0.197531700E+00-0.195326224E+00-0.191788390E+00-0.186922744E+00
-0.180746600E+00-0.173289046E+00-0.164589465E+00-0.154695809E+00-0.143662527E+00
-0.131548390E+00-0.118414111E+00-0.104319945E+00-0.893232822E-01-0.734762773E-01
-0.568234138E-01-0.393988080E-01-0.212223884E-01-0.229237694E-02 0.174332671E-01
 0.369843617E-01 0.562709905E-01 0.752415061E-01 0.938487574E-01 0.112033762E+00
 0.129715651E+00 0.146784410E+00 0.163096651E+00 0.178477168E+00 0.192729965E+00
 0.914293677E-01 0.878686979E-01 0.819510967E-01 0.750347301E-01 0.676956698E-01
 0.599275120E-01 0.517267622E-01 0.430920795E-01 0.340233669E-01 0.245217085E-01
 0.145911286E-01 0.424446119E-02-0.631743716E-02-0.170901380E-01-0.280593038E-01
-0.392027348E-01-0.504910052E-01-0.618874915E-01-0.733482242E-01-0.848217085E-01
-0.962488651E-01-0.107563101E+00-0.118690558E+00-0.129550621E+00-0.140056655E+00
-0.150116935E+00-0.159635916E+00-0.168515712E+00-0.176657677E+00-0.183964342E+00
-0.190341353E+00-0.195699409E+00-0.199956387E+00-0.203039110E+00-0.204885125E+00
-0.205444142E+00-0.204679102E+00-0.202566996E+00-0.199099049E+00-0.194280669E+00
-0.188130766E+00-0.180680707E+00-0.171972945E+00-0.162059218E+00-0.150998533E+00
-0.138854921E+00-0.125695229E+00-0.111586682E+00-0.965947807E-01-0.807811692E-01
-0.642019883E-01-0.469067730E-01-0.289385971E-01-0.103369597E-01 0.885242596E-02
 0.285494998E-01 0.477357507E-01 0.664232373E-01 0.845911726E-01 0.102195516E+00
 0.119172230E+00 0.135438889E+00 0.150896981E+00 0.165436596E+00 0.178944305E+00
 0.891253352E-01 0.854748785E-01 0.794604942E-01 0.725409761E-01 0.652303025E-01
 0.575052947E-01 0.493510216E-01 0.407568701E-01 0.317139290E-01 0.222122278E-01
 0.122371670E-01 0.197779131E-02-0.854256563E-02-0.193047039E-01-0.302876011E-01
-0.414657257E-01-0.528076664E-01-0.642753243E-01-0.758234337E-01-0.873991773E-01
-0.989420936E-01-0.110384107E+00-0.121649735E+00-0.132656649E+00-0.143316299E+00
-0.153535008E+00-0.163215116E+00-0.172256544E+00-0.180558443E+00-0.188021094E+00
-0.194547936E+00-0.200047627E+00-0.204436079E+00-0.207638398E+00-0.209590718E+00
-0.210241616E+00-0.209553346E+00-0.207502574E+00-0.204080746E+00-0.199293911E+00
-0.193162128E+00-0.185718507E+00-0.177007675E+00-0.167084098E+00-0.156010032E+00
-0.143853322E+00-0.130685061E+00-0.116577387E+00-0.101601176E+00-0.858240277E-01
-0.693083927E-01-0.521100424E-01-0.342767835E-01-0.158472136E-01 0.315131503E-02
 0.227088556E-01 0.417202003E-01 0.601669177E-01 0.780200660E-01 0.952388346E-01
 0.111770950E+00 0.127554163E+00 0.142518818E+00 0.156591699E+00 0.169701174E+00
 0.872161463E-01 0.834658071E-01 0.775558427E-01 0.707226992E-01 0.634961650E-01
 0.558431782E-01 0.477489457E-01 0.392042436E-01 0.302007925E-01 0.207297076E-01
 0.107809268E-01 0.558034866E-03-0.993074756E-02-0.206711199E-01-0.316432714E-01
-0.428215787E-01-0.541741066E-01-0.656620935E-01-0.772395283E-01-0.888528451E-01
-0.100440785E+00-0.111934423E+00-0.123257421E+00-0.134326473E+00-0.145052090E+00
-0.155339539E+00-0.165090114E+00-0.174202621E+00-0.182575122E+00-0.190106824E+00
-0.196700111E+00-0.202262625E+00-0.206709370E+00-0.209964693E+00-0.211964026E+00
-0.212655514E+00-0.212001115E+00-0.209977433E+00-0.206576079E+00-0.201803505E+00
-0.195680484E+00-0.188241020E+00-0.179530978E+00-0.169606328E+00-0.158531040E+00
-0.146374986E+00-0.133211583E+00-0.119115472E+00-0.104160264E+00-0.884163901E-01
-0.719490126E-01-0.548160933E-01-0.370663814E-01-0.187372547E-01 0.148000356E-03
 0.195836164E-01 0.384531021E-01 0.567295142E-01 0.743804350E-01 0.913667977E-01
 0.107642889E+00 0.123157501E+00 0.137856022E+00 0.151683360E+00 0.164587468E+00
 0.856817290E-01 0.817387700E-01 0.761861950E-01 0.696431398E-01 0.625535995E-01
 0.549885668E-01 0.469612889E-01 0.384724699E-01 0.295181591E-01 0.200919770E-01
 0.101860324E-01 0.560636363E-05-0.104418965E-01-0.211429745E-01-0.320781432E-01
-0.432217605E-01-0.545417108E-01-0.659989789E-01-0.775472894E-01-0.891328380E-01
-0.100694157E+00-0.112162143E+00-0.123460300E+00-0.134505242E+00-0.145207405E+00
-0.155471995E+00-0.165200353E+00-0.174291283E+00-0.182642952E+00-0.190154612E+00
-0.196728796E+00-0.202273279E+00-0.206703201E+00-0.209943056E+00-0.211928472E+00
-0.212607712E+00-0.211942911E+00-0.209910825E+00-0.206503183E+00-0.201726601E+00
-0.195601940E+00-0.188163355E+00-0.179456845E+00-0.169538483E+00-0.158472463E+00
-0.146328837E+00-0.133181259E+00-0.119104713E+00-0.104173191E+00-0.884575695E-01
-0.720235929E-01-0.549298413E-01-0.372257940E-01-0.189495794E-01-0.125250663E-03
 0.192407295E-01 0.380314402E-01 0.562200360E-01 0.737748221E-01 0.906582400E-01
 0.106827073E+00 0.122233622E+00 0.136827737E+00 0.150559515E+00 0.163382411E+00
 0.858247802E-01 0.819941685E-01 0.762327686E-01 0.695994720E-01 0.625287220E-01
 0.550059900E-01 0.470267497E-01 0.385876372E-01 0.296840705E-01 0.203096494E-01
 0.104560899E-01 0.328183029E-03-0.100646233E-01-0.207070671E-01-0.315785781E-01
-0.426529497E-01-0.538978092E-01-0.652741045E-01-0.767356828E-01-0.882289782E-01
-0.996928737E-01-0.111058742E+00-0.122250706E+00-0.133186087E+00-0.143776163E+00
-0.153927118E+00-0.163541332E+00-0.172518805E+00-0.180758879E+00-0.188162133E+00
-0.194632322E+00-0.200078487E+00-0.204416990E+00-0.207573399E+00-0.209484294E+00
-0.210098729E+00-0.209379420E+00-0.207303450E+00-0.203862652E+00-0.199063450E+00
-0.192926303E+00-0.185484633E+00-0.176783487E+00-0.166877717E+00-0.155830085E+00
-0.143709019E+00-0.130586371E+00-0.116535217E+00-0.101627581E+00-0.859325007E-01
-0.695141330E-01-0.524302721E-01-0.347310081E-01-0.164574590E-01 0.236041355E-02
 0.217101295E-01 0.404847041E-01 0.586653501E-01 0.762246102E-01 0.931256860E-01
 0.109323464E+00 0.124766402E+00 0.139399096E+00 0.153165504E+00 0.166012585E+00
 0.865651220E-01 0.827937126E-01 0.770706609E-01 0.704448670E-01 0.633883029E-01
 0.558914170E-01 0.479473509E-01 0.395515673E-01 0.306996256E-01 0.213849265E-01
 0.115954978E-01 0.152224628E-02-0.880944449E-02-0.193786938E-01-0.301631261E-01
-0.411361493E-01-0.522655696E-01-0.635127798E-01-0.748322383E-01-0.861711726E-01
-0.974694341E-01-0.108659528E+00-0.119666912E+00-0.130410448E+00-0.140803143E+00
-0.150753111E+00-0.160164818E+00-0.168940485E+00-0.176981807E+00-0.184191734E+00
-0.190476432E+00-0.195747256E+00-0.199922726E+00-0.202930421E+00-0.204708606E+00
-0.205207720E+00-0.204391450E+00-0.202237397E+00-0.198737442E+00-0.193897545E+00
-0.187737167E+00-0.180288240E+00-0.171593785E+00-0.161706164E+00-0.150685117E+00
-0.138595641E+00-0.125505745E+00-0.111484215E+00-0.965984240E-01-0.809124559E-01
-0.644854233E-01-0.473704636E-01-0.296149030E-01-0.112631237E-01 0.763376988E-02
 0.269900560E-01 0.457825214E-01 0.640202388E-01 0.816822499E-01 0.987286642E-01
 0.115105644E+00 0.130748570E+00 0.145585254E+00 0.159539983E+00 0.172538817E+00
 0.881279632E-01 0.844558924E-01 0.787063837E-01 0.721191019E-01 0.650912747E-01
 0.576181188E-01 0.497002788E-01 0.413402542E-01 0.325413086E-01 0.233074054E-01
 0.136450678E-01 0.356935081E-02-0.671686558E-02-0.172070190E-01-0.278850347E-01
-0.387273543E-01-0.497035533E-01-0.607763566E-01-0.719015151E-01-0.830276236E-01
-0.940961093E-01-0.105041258E+00-0.115790583E+00-0.126265243E+00-0.136380821E+00
-0.146048263E+00-0.155175060E+00-0.163666680E+00-0.171428174E+00-0.178365886E+00
-0.184389412E+00-0.189413369E+00-0.193359390E+00-0.196157828E+00-0.197749332E+00
-0.198086247E+00-0.197133571E+00-0.194869608E+00-0.191286236E+00-0.186388701E+00
-0.180195004E+00-0.172734842E+00-0.164048284E+00-0.154184029E+00-0.143197432E+00
-0.131148413E+00-0.118099198E+00-0.104112014E+00-0.892468318E-01-0.735591426E-01
-0.570976920E-01-0.399019346E-01-0.219983775E-01-0.339320232E-02 0.159462243E-01
 0.350391306E-01 0.537850372E-01 0.721225739E-01 0.899974480E-01 0.107348710E+00
 0.124102578E+00 0.140170008E+00 0.155447349E+00 0.169820264E+00 0.183171421E+00
 0.903535634E-01 0.867994800E-01 0.812147334E-01 0.746716633E-01 0.676552281E-01
 0.601776205E-01 0.522530861E-01 0.438953079E-01 0.351153910E-01 0.259210877E-01
 0.163164977E-01 0.630147057E-02-0.390536105E-02-0.142908106E-01-0.248360652E-01
-0.355168991E-01-0.463033132E-01-0.571590923E-01-0.680414364E-01-0.789007321E-01
-0.896804556E-01-0.100317307E+00-0.110741466E+00-0.120877124E+00-0.130643189E+00
-0.139954254E+00-0.148721680E+00-0.156855077E+00-0.164263740E+00-0.170858338E+00
-0.176552743E+00-0.181265697E+00-0.184922725E+00-0.187457606E+00-0.188814014E+00
-0.188946635E+00-0.187822074E+00-0.185419515E+00-0.181730822E+00-0.176760286E+00
-0.170524046E+00-0.163049057E+00-0.154371649E+00-0.144535914E+00-0.133591726E+00
-0.121592648E+00-0.108593687E+00-0.946489871E-01-0.798095167E-01-0.641208813E-01
-0.476214327E-01-0.303412210E-01-0.123033663E-01 0.646765623E-02 0.259183366E-01
 0.450804383E-01 0.639707372E-01 0.825722143E-01 0.100846335E+00 0.118733592E+00
 0.136149466E+00 0.152979255E+00 0.169074431E+00 0.184254363E+00 0.198317647E+00
 0.936518610E-01 0.902716219E-01 0.847643614E-01 0.782134756E-01 0.711344481E-01
 0.635727867E-01 0.555691607E-01 0.471543185E-01 0.383487605E-01 0.291639846E-01
 0.196031630E-01 0.965969637E-02-0.461425341E-03-0.107307592E-01-0.211245362E-01
-0.316178948E-01-0.421818569E-01-0.527819321E-01-0.633773953E-01-0.739210099E-01
-0.843589008E-01-0.946307257E-01-0.104669966E+00-0.114404462E+00-0.123757139E+00
-0.132646888E+00-0.140989736E+00-0.148700133E+00-0.155692369E+00-0.161882207E+00
-0.167188510E+00-0.171534851E+00-0.174851209E+00-0.177075475E+00-0.178154722E+00
-0.178046361E+00-0.176718920E+00-0.174152553E+00-0.170339093E+00-0.165281788E+00
-0.158994645E+00-0.151501402E+00-0.142834172E+00-0.133031756E+00-0.122137770E+00
-0.110198528E+00-0.972608253E-01-0.833695531E-01-0.685652047E-01-0.528810695E-01
-0.363398045E-01-0.189483557E-01-0.688679051E-03 0.185022727E-01 0.377028249E-01
 0.568505302E-01 0.759207532E-01 0.948958993E-01 0.113750763E+00 0.132441446E+00
 0.150892615E+00 0.168980330E+00 0.186510354E+00 0.203198433E+00 0.218673393E+00
 0.983816162E-01 0.952740982E-01 0.896834284E-01 0.829338059E-01 0.755827725E-01
 0.677630380E-01 0.595533289E-01 0.509957224E-01 0.421124808E-01 0.329152681E-01
 0.234106351E-01 0.136050684E-01 0.351298437E-02-0.665172003E-02-0.168836750E-01
-0.271672495E-01-0.374788120E-01-0.477876142E-01-0.580561198E-01-0.682401583E-01
-0.782890767E-01-0.881460160E-01-0.977482870E-01-0.107027888E+00-0.115912303E+00
-0.124325328E+00-0.132188201E+00-0.139420778E+00-0.145943001E+00-0.151676238E+00
-0.156544909E+00-0.160477951E+00-0.163410321E+00-0.165284321E+00-0.166050866E+00
-0.165670365E+00-0.164113447E+00-0.161361352E+00-0.157405913E+00-0.152249262E+00
-0.145903155E+00-0.138387859E+00-0.129730940E+00-0.119965501E+00-0.109128438E+00
-0.972583592E-01-0.843934491E-01-0.705692917E-01-0.558166690E-01-0.401596017E-01
-0.236138050E-01-0.618639542E-02 0.121213309E-01 0.313030966E-01 0.504619777E-01
 0.696668476E-01 0.889608711E-01 0.108376712E+00 0.127939582E+00 0.147663563E+00
 0.167540848E+00 0.187518746E+00 0.207450837E+00 0.226988971E+00 0.245404497E+00
 0.105570316E+00 0.103255220E+00 0.968382061E-01 0.889576003E-01 0.808459073E-01
 0.725103840E-01 0.639542863E-01 0.551759899E-01 0.461713038E-01 0.369344763E-01
 0.274586510E-01 0.177359246E-01 0.775664253E-02-0.225354615E-02-0.122865168E-01
-0.223267544E-01-0.323521681E-01-0.423342884E-01-0.522382855E-01-0.620230585E-01
-0.716413856E-01-0.810401812E-01-0.901609212E-01-0.989401788E-01-0.107310385E+00
-0.115200654E+00-0.122537836E+00-0.129247695E+00-0.135256127E+00-0.140490562E+00
-0.144881368E+00-0.148363128E+00-0.150876090E+00-0.152367324E+00-0.152791724E+00
-0.152112916E+00-0.150303766E+00-0.147346705E+00-0.143233597E+00-0.137965485E+00
-0.131551787E+00-0.124009266E+00-0.115360767E+00-0.105633564E+00-0.948575363E-01
-0.830632001E-01-0.702795535E-01-0.565318689E-01-0.418394506E-01-0.262134057E-01
-0.965441670E-02 0.784946419E-02 0.263252426E-01 0.449901298E-01 0.638534948E-01
 0.829541683E-01 0.102347754E+00 0.122104183E+00 0.142308846E+00 0.163065016E+00
 0.184497297E+00 0.206756920E+00 0.230035454E+00 0.254624724E+00 0.280517638E+00
 0.112985022E+00 0.111519828E+00 0.104081497E+00 0.949767977E-01 0.860718861E-01
 0.772166178E-01 0.683235154E-01 0.593411475E-01 0.502360612E-01 0.409837626E-01
 0.315638706E-01 0.219565667E-01 0.121382996E-01 0.231623743E-02-0.748743955E-02
-0.172538441E-01-0.269614290E-01-0.365837887E-01-0.460888892E-01-0.554388687E-01
-0.645901263E-01-0.734936148E-01-0.820952132E-01-0.903363526E-01-0.981546640E-01
-0.105484866E+00-0.112259693E+00-0.118411019E+00-0.123870999E+00-0.128573313E+00
-0.132454410E+00-0.135454789E+00-0.137520090E+00-0.138602227E+00-0.138660252E+00
-0.137661055E+00-0.135579810E+00-0.132400170E+00-0.128114164E+00-0.122721732E+00
-0.116230063E+00-0.108652517E+00-0.100007318E+00-0.903159827E-01-0.796014741E-01
-0.678861812E-01-0.551897101E-01-0.415266193E-01-0.269039627E-01-0.113187246E-01
 0.524513889E-02 0.228201672E-01 0.406544134E-01 0.587698296E-01 0.772019923E-01
 0.960057303E-01 0.115258180E+00 0.135063186E+00 0.155558348E+00 0.176925823E+00
 0.199408814E+00 0.223336741E+00 0.249165207E+00 0.277534187E+00 0.307976365E+00
 0.117650136E+00 0.116520315E+00 0.108853087E+00 0.995127782E-01 0.903343707E-01
 0.812462568E-01 0.721917599E-01 0.631248355E-01 0.540094599E-01 0.448174067E-01
 0.355264023E-01 0.261193868E-01 0.165859405E-01 0.692847604E-02-0.263503799E-02
-0.121037569E-01-0.214646067E-01-0.306962617E-01-0.397706628E-01-0.486537255E-01
-0.573057756E-01-0.656819791E-01-0.737328306E-01-0.814047307E-01-0.886406824E-01
-0.953811184E-01-0.101564780E+00-0.107129730E+00-0.112014443E+00-0.116158888E+00
-0.119505674E+00-0.122001141E+00-0.123596363E+00-0.124248065E+00-0.123919405E+00
-0.122580521E+00-0.120208897E+00-0.116789430E+00-0.112314321E+00-0.106782563E+00
-0.100199275E+00-0.925746411E-01-0.839226544E-01-0.742595419E-01-0.636018813E-01
-0.519645140E-01-0.393581800E-01-0.257870946E-01-0.112466784E-01 0.427898159E-02
 0.208202451E-01 0.376420245E-01 0.547621474E-01 0.722092763E-01 0.900262892E-01
 0.108274519E+00 0.127038851E+00 0.146434486E+00 0.166616544E+00 0.187793851E+00
 0.210248470E+00 0.234361887E+00 0.260645360E+00 0.289759129E+00 0.321013212E+00
 0.120062299E+00 0.119096093E+00 0.111833394E+00 0.102557480E+00 0.933855847E-01
 0.842995942E-01 0.752676949E-01 0.662588254E-01 0.572450384E-01 0.482020341E-01
 0.391087271E-01 0.299462508E-01 0.206960663E-01 0.113355564E-01 0.208190316E-02
-0.704264175E-02-0.160192754E-01-0.248266123E-01-0.334387198E-01-0.418246314E-01
-0.499483906E-01-0.577693321E-01-0.652425587E-01-0.723194703E-01-0.789484531E-01
-0.850756243E-01-0.906456932E-01-0.956028700E-01-0.998918489E-01-0.103458785E+00
-0.106252290E+00-0.108224407E+00-0.109331451E+00-0.109534837E+00-0.108801655E+00
-0.107105166E+00-0.104425028E+00-0.100747354E+00-0.960644856E-01-0.903745592E-01
-0.836807936E-01-0.759905651E-01-0.673142076E-01-0.576635338E-01-0.470499918E-01
-0.354823470E-01-0.229636580E-01-0.948794559E-02 0.496050715E-02 0.204087608E-01
 0.361346640E-01 0.521462187E-01 0.684585273E-01 0.850959048E-01 0.102094524E+00
 0.119505778E+00 0.137400344E+00 0.155873686E+00 0.175053462E+00 0.195110202E+00
 0.216273591E+00 0.238859445E+00 0.263320923E+00 0.290362179E+00 0.318680853E+00
 0.121377707E+00 0.120598175E+00 0.113375381E+00 0.104243055E+00 0.952228680E-01
 0.862898380E-01 0.774198771E-01 0.685908645E-01 0.597830936E-01 0.509790406E-01
 0.421631187E-01 0.333216935E-01 0.244437568E-01 0.155232251E-01 0.656578504E-02
-0.219615689E-02-0.107603520E-01-0.191130135E-01-0.272329599E-01-0.350932255E-01
-0.426618420E-01-0.499024019E-01-0.567745790E-01-0.632347167E-01-0.692364648E-01
-0.747315213E-01-0.796703771E-01-0.840032101E-01-0.876806825E-01-0.906548798E-01
-0.928801522E-01-0.943139344E-01-0.949175134E-01-0.946566463E-01-0.935021117E-01
-0.914300233E-01-0.884220153E-01-0.844652206E-01-0.795519948E-01-0.736795366E-01
-0.668491945E-01-0.590657145E-01-0.503362492E-01-0.406693183E-01-0.300735310E-01
-0.185557026E-01-0.611583330E-02 0.726742949E-02 0.216236692E-01 0.362461619E-01
 0.511338934E-01 0.662881583E-01 0.817143172E-01 0.974234939E-01 0.113434337E+00
 0.129774719E+00 0.146483585E+00 0.163612634E+00 0.181228012E+00 0.199411467E+00
 0.218260661E+00 0.237886831E+00 0.258404285E+00 0.279866815E+00 0.301197469E+00
 0.121234812E+00 0.120581858E+00 0.113474607E+00 0.104602575E+00 0.958614722E-01
 0.872009397E-01 0.785988495E-01 0.700430274E-01 0.615240522E-01 0.530325994E-01
 0.445587747E-01 0.360921063E-01 0.276213791E-01 0.191335045E-01 0.106095430E-01
 0.228235661E-02-0.582163548E-02-0.136819733E-01-0.212772824E-01-0.285828840E-01
-0.355701670E-01-0.422066636E-01-0.484564193E-01-0.542805009E-01-0.596376210E-01
-0.644847900E-01-0.687780306E-01-0.724731162E-01-0.755263865E-01-0.778954476E-01
-0.795399621E-01-0.804223567E-01-0.805084407E-01-0.797679275E-01-0.781748593E-01
-0.757078752E-01-0.723502412E-01-0.680898055E-01-0.629186556E-01-0.568326935E-01
-0.498310179E-01-0.419151820E-01-0.330884159E-01-0.233552624E-01-0.127225760E-01
-0.120668905E-02 0.111511052E-01 0.244417004E-01 0.379916430E-01 0.517966226E-01
 0.658463463E-01 0.801293775E-01 0.946354344E-01 0.109356612E+00 0.124288082E+00
 0.139428273E+00 0.154778346E+00 0.170340702E+00 0.186115429E+00 0.202093765E+00
 0.218245640E+00 0.234496385E+00 0.250682145E+00 0.266455412E+00 0.281091154E+00
 0.119069621E+00 0.118327744E+00 0.111930519E+00 0.103672586E+00 0.953819081E-01
 0.870821700E-01 0.788091794E-01 0.705817938E-01 0.624068491E-01 0.542839654E-01
 0.462085307E-01 0.381737053E-01 0.301720425E-01 0.221973695E-01 0.142481318E-01
 0.633523613E-02-0.129174686E-02-0.863144547E-02-0.156719312E-01-0.223942380E-01
-0.287741795E-01-0.347834229E-01-0.403902456E-01-0.455602109E-01-0.502567813E-01
-0.544419400E-01-0.580768585E-01-0.611225367E-01-0.635404736E-01-0.652933493E-01
-0.663456097E-01-0.666641220E-01-0.662186593E-01-0.649823695E-01-0.629320890E-01
-0.600485131E-01-0.563162118E-01-0.517234094E-01-0.462615713E-01-0.399248339E-01
-0.327094160E-01-0.246126335E-01-0.156307295E-01-0.575580401E-02 0.503756106E-02
 0.167834871E-01 0.288513247E-01 0.413026847E-01 0.540658906E-01 0.670937672E-01
 0.803494528E-01 0.938005596E-01 0.107416749E+00 0.121168636E+00 0.135027066E+00
 0.148962304E+00 0.162942514E+00 0.176931217E+00 0.190882921E+00 0.204736009E+00
 0.218402147E+00 0.231750861E+00 0.244590148E+00 0.256649554E+00 0.267586201E+00
 0.116894111E+00 0.116371058E+00 0.110153668E+00 0.102128245E+00 0.940772146E-01
 0.860403925E-01 0.780653358E-01 0.701733977E-01 0.623714402E-01 0.546581559E-01
 0.470275842E-01 0.394711122E-01 0.319787301E-01 0.245397575E-01 0.171430819E-01
 0.977641903E-02 0.270694611E-02-0.405691704E-02-0.105008800E-01-0.166062489E-01
-0.223506503E-01-0.277085360E-01-0.326516442E-01-0.371494889E-01-0.411698334E-01
-0.446792282E-01-0.476435497E-01-0.500285365E-01-0.518003553E-01-0.529261492E-01
-0.533745363E-01-0.531161427E-01-0.521240197E-01-0.503740534E-01-0.478452481E-01
-0.445199199E-01-0.403836593E-01-0.354249813E-01-0.296346061E-01-0.230042972E-01
-0.155276544E-01-0.720153935E-02 0.197830424E-02 0.119901961E-01 0.229290444E-01
 0.341823511E-01 0.457509458E-01 0.576255992E-01 0.697750747E-01 0.821603313E-01
 0.947389826E-01 0.107466459E+00 0.120296188E+00 0.133179575E+00 0.146065816E+00
 0.158901617E+00 0.171630487E+00 0.184191272E+00 0.196515888E+00 0.208525673E+00
 0.220126778E+00 0.231205165E+00 0.241623282E+00 0.251221597E+00 0.259828925E+00
 0.114815325E+00 0.114631340E+00 0.108287208E+00 0.999479815E-01 0.918584615E-01
 0.839710683E-01 0.762618929E-01 0.687166750E-01 0.613229424E-01 0.540676266E-01
 0.469368398E-01 0.399161242E-01 0.329905748E-01 0.261444431E-01 0.193597469E-01
 0.126127191E-01 0.615102658E-02 0.340749602E-05-0.580920093E-02-0.112669049E-01
-0.163485352E-01-0.210309792E-01-0.252891518E-01-0.290962178E-01-0.324239396E-01
-0.352430716E-01-0.375237912E-01-0.392361172E-01-0.403503403E-01-0.408374369E-01
-0.406694673E-01-0.398199782E-01-0.382643901E-01-0.359803401E-01-0.329480357E-01
-0.291507151E-01-0.245750006E-01-0.192105137E-01-0.130489608E-01-0.607417431E-02
 0.173111027E-02 0.103587722E-01 0.199131463E-01 0.298449360E-01 0.402235575E-01
 0.509887002E-01 0.620978028E-01 0.735124648E-01 0.851909295E-01 0.970864072E-01
 0.109146766E+00 0.121314503E+00 0.133526906E+00 0.145716414E+00 0.157811388E+00
 0.169737071E+00 0.181416735E+00 0.192772597E+00 0.203726381E+00 0.214199260E+00
 0.224111274E+00 0.233380705E+00 0.241924211E+00 0.249658808E+00 0.256506503E+00
 0.110717528E+00 0.110574469E+00 0.104360074E+00 0.961050242E-01 0.881649032E-01
 0.805270746E-01 0.731614307E-01 0.660381913E-01 0.591294058E-01 0.524094850E-01
 0.458552949E-01 0.394461527E-01 0.331637561E-01 0.269923303E-01 0.209194608E-01
 0.149388481E-01 0.905827433E-02 0.353837968E-02-0.161877798E-02-0.640160590E-02
-0.107937204E-01-0.147757744E-01-0.183262806E-01-0.214221105E-01-0.240388811E-01
-0.261513144E-01-0.277335625E-01-0.287595298E-01-0.292031728E-01-0.290387198E-01
-0.282408521E-01-0.267850235E-01-0.246478468E-01-0.218072440E-01-0.182423014E-01
-0.139349448E-01-0.887266267E-02-0.304751564E-02 0.351519487E-02 0.108666876E-01
 0.191317629E-01 0.278086998E-01 0.369768627E-01 0.465951823E-01 0.566397049E-01
 0.670771077E-01 0.778703541E-01 0.889785886E-01 0.100355469E+00 0.111947529E+00
 0.123692960E+00 0.135520756E+00 0.147350520E+00 0.159093007E+00 0.170651883E+00
 0.181926638E+00 0.192816526E+00 0.203224972E+00 0.213063926E+00 0.222257063E+00
 0.230741858E+00 0.238469899E+00 0.245406300E+00 0.251528323E+00 0.256824344E+00
 0.104879186E+00 0.104782663E+00 0.983448178E-01 0.902565792E-01 0.826254115E-01
 0.753974020E-01 0.685255826E-01 0.619620681E-01 0.556630082E-01 0.495905206E-01
 0.437128805E-01 0.380038433E-01 0.324416794E-01 0.270080976E-01 0.216869749E-01
 0.164621640E-01 0.113123273E-01 0.649658591E-02 0.204414595E-02-0.202555768E-02
-0.569536770E-02-0.894777291E-02-0.117641566E-01-0.141247399E-01-0.160087645E-01
-0.173946880E-01-0.182603672E-01-0.185833331E-01-0.183410384E-01-0.175107419E-01
-0.160688404E-01-0.139913494E-01-0.112552196E-01-0.783853605E-02-0.371240196E-02
 0.115345581E-02 0.676873559E-02 0.132418396E-01 0.201288257E-01 0.275330693E-01
 0.354903378E-01 0.439508855E-01 0.528942309E-01 0.622976907E-01 0.721380338E-01
 0.823886544E-01 0.930183306E-01 0.103989758E+00 0.115257591E+00 0.126766115E+00
 0.138446882E+00 0.150216326E+00 0.161974266E+00 0.173603624E+00 0.184972703E+00
 0.195940584E+00 0.206365868E+00 0.216117486E+00 0.225085616E+00 0.233190164E+00
 0.240385473E+00 0.246660531E+00 0.252034962E+00 0.256551534E+00 0.260267049E+00
 0.961050093E-01 0.958053097E-01 0.897420198E-01 0.820195377E-01 0.749115869E-01
 0.683286265E-01 0.621754825E-01 0.563712530E-01 0.508522354E-01 0.455699787E-01
 0.404880941E-01 0.355792269E-01 0.308226496E-01 0.262025297E-01 0.217069797E-01
 0.173281860E-01 0.130647114E-01 0.892920606E-02 0.519890431E-02 0.187300355E-02
-0.104099035E-02-0.353102456E-02-0.558239967E-02-0.717888167E-02-0.830337312E-02
-0.893808622E-02-0.906417612E-02-0.866236724E-02-0.771427853E-02-0.620265072E-02
-0.410369691E-02-0.138899859E-02 0.196547387E-02 0.595383625E-02 0.106343469E-01
 0.161284320E-01 0.220245458E-01 0.284096394E-01 0.352729224E-01 0.426243730E-01
 0.504701585E-01 0.588045157E-01 0.676192865E-01 0.769042298E-01 0.866468325E-01
 0.968313888E-01 0.107437521E+00 0.118438222E+00 0.129797086E+00 0.141464755E+00
 0.153374314E+00 0.165435910E+00 0.177530959E+00 0.189507410E+00 0.201178864E+00
 0.212331504E+00 0.222741827E+00 0.232203230E+00 0.240552977E+00 0.247691527E+00
 0.253591090E+00 0.258294731E+00 0.261906326E+00 0.264570773E+00 0.266447008E+00
 0.842049494E-01 0.835651904E-01 0.777845457E-01 0.707995668E-01 0.646729618E-01
 0.591515526E-01 0.540566333E-01 0.492758751E-01 0.447391532E-01 0.404020064E-01
 0.362356566E-01 0.322210118E-01 0.283449218E-01 0.245977491E-01 0.209716819E-01
 0.174594223E-01 0.140528930E-01 0.107413391E-01 0.782167539E-02 0.530178472E-02
 0.319245178E-02 0.150647073E-02 0.257992389E-03-0.538476452E-03-0.869364070E-03
-0.722311379E-03-0.798048786E-04 0.107878051E-02 0.276842294E-02 0.497417944E-02
 0.772746513E-02 0.110937534E-01 0.151884668E-01 0.196468811E-01 0.245650373E-01
 0.299829505E-01 0.358704552E-01 0.422257856E-01 0.490493104E-01 0.563451461E-01
 0.641182661E-01 0.723725855E-01 0.811112374E-01 0.903366506E-01 0.100050360E+00
 0.110252298E+00 0.120939605E+00 0.132104740E+00 0.143732429E+00 0.155795246E+00
 0.168246835E+00 0.181012139E+00 0.193973362E+00 0.206951350E+00 0.219684944E+00
 0.231821701E+00 0.242948666E+00 0.252675265E+00 0.260717988E+00 0.266934216E+00
 0.271320790E+00 0.274010211E+00 0.275265366E+00 0.275443137E+00 0.274908990E+00
 0.672403648E-01 0.656120628E-01 0.607731305E-01 0.559695363E-01 0.518582985E-01
 0.480483286E-01 0.444197506E-01 0.409250781E-01 0.375448801E-01 0.342723392E-01
 0.311066713E-01 0.280498285E-01 0.251046568E-01 0.222736001E-01 0.195575245E-01
 0.169541314E-01 0.144552756E-01 0.120417504E-01 0.998821855E-02 0.832227618E-02
 0.706067774E-02 0.621882454E-02 0.581343984E-02 0.586147513E-02 0.637362106E-02
 0.733422721E-02 0.876695476E-02 0.107248574E-01 0.133047756E-01 0.161903035E-01
 0.194670819E-01 0.231845640E-01 0.273629501E-01 0.319700278E-01 0.370059758E-01
 0.424761102E-01 0.483812429E-01 0.547248051E-01 0.615128018E-01 0.687537938E-01
 0.764584392E-01 0.846391246E-01 0.933099091E-01 0.102486610E+00 0.112186879E+00
 0.122430176E+00 0.133237422E+00 0.144630253E+00 0.156629264E+00 0.169250920E+00
 0.182501808E+00 0.196368486E+00 0.210799620E+00 0.225672573E+00 0.240725160E+00
 0.255406410E+00 0.268719077E+00 0.279674381E+00 0.287822068E+00 0.293043613E+00
 0.295377940E+00 0.295023441E+00 0.292470664E+00 0.288685143E+00 0.284683913E+00
 0.445043333E-01 0.402252264E-01 0.395922102E-01 0.391392484E-01 0.377992392E-01
 0.360200331E-01 0.340061113E-01 0.318689719E-01 0.296793263E-01 0.274868328E-01
 0.253286622E-01 0.232337359E-01 0.212250445E-01 0.193210505E-01 0.175366029E-01
 0.158836041E-01 0.143716363E-01 0.130089931E-01 0.118051209E-01 0.110180695E-01
 0.106360596E-01 0.106672915E-01 0.111347390E-01 0.120804626E-01 0.135823609E-01
 0.153647112E-01 0.174948443E-01 0.200098492E-01 0.229226556E-01 0.262024533E-01
 0.298486985E-01 0.338682607E-01 0.382658355E-01 0.430407114E-01 0.481949374E-01
 0.537332408E-01 0.596621856E-01 0.659907907E-01 0.727308467E-01 0.798970759E-01
 0.875073150E-01 0.955826491E-01 0.104147784E+00 0.113231614E+00 0.122868001E+00
 0.133096844E+00 0.143965274E+00 0.155529231E+00 0.167855024E+00 0.181020796E+00
 0.195117369E+00 0.210247457E+00 0.226522803E+00 0.244060129E+00 0.262988240E+00
 0.283542752E+00 0.302029550E+00 0.315001786E+00 0.323304743E+00 0.327380061E+00
 0.326845884E+00 0.322055459E+00 0.312444419E+00 0.301392972E+00 0.293120801E+00
 0.284145288E-01 0.232656393E-01 0.234841220E-01 0.246077087E-01 0.248727705E-01
 0.245306585E-01 0.237809159E-01 0.227710325E-01 0.216094553E-01 0.203772373E-01
 0.191361737E-01 0.179343242E-01 0.168098491E-01 0.157938432E-01 0.149126304E-01
 0.141899157E-01 0.136492997E-01 0.133179286E-01 0.132326754E-01 0.134514468E-01
 0.140058324E-01 0.149164163E-01 0.161982980E-01 0.178611632E-01 0.199026428E-01
 0.222864468E-01 0.250034425E-01 0.280514099E-01 0.314266756E-01 0.351214595E-01
 0.391311273E-01 0.434541404E-01 0.480908677E-01 0.530431978E-01 0.583154634E-01
 0.639149249E-01 0.698519349E-01 0.761401206E-01 0.827965513E-01 0.898419097E-01
 0.973007008E-01 0.105201647E+00 0.113578320E+00 0.122470111E+00 0.131923690E+00
 0.141995072E+00 0.152752534E+00 0.164280713E+00 0.176686198E+00 0.190105304E+00
 0.204714492E+00 0.220743373E+00 0.238489166E+00 0.258328617E+00 0.280725688E+00
 0.304546922E+00 0.322951704E+00 0.335786283E+00 0.343349665E+00 0.345419109E+00
 0.342159927E+00 0.332798749E+00 0.318361014E+00 0.305969119E+00 0.296077788E+00
 0.169107262E-01 0.112810256E-01 0.116295088E-01 0.131284939E-01 0.139893554E-01
 0.143472990E-01 0.143338442E-01 0.140684983E-01 0.136526348E-01 0.131690912E-01
 0.126843592E-01 0.122516239E-01 0.119137894E-01 0.117061604E-01 0.116587169E-01
 0.117980400E-01 0.121489884E-01 0.127361668E-01 0.135848718E-01 0.147203552E-01
 0.161619447E-01 0.179224536E-01 0.200084914E-01 0.224203598E-01 0.251514260E-01
 0.281883646E-01 0.315184109E-01 0.351299085E-01 0.390117802E-01 0.431536324E-01
 0.475470684E-01 0.521864779E-01 0.570694767E-01 0.621972643E-01 0.675750300E-01
 0.732121766E-01 0.791223645E-01 0.853235051E-01 0.918376297E-01 0.986907706E-01
 0.105913043E+00 0.113538884E+00 0.121607587E+00 0.130164355E+00 0.139261916E+00
 0.148962870E+00 0.159343347E+00 0.170498073E+00 0.182548255E+00 0.195653275E+00
 0.210029274E+00 0.225978732E+00 0.243937135E+00 0.264528483E+00 0.288395435E+00
 0.309546620E+00 0.325635642E+00 0.336667866E+00 0.342486143E+00 0.343066603E+00
 0.337537497E+00 0.325446814E+00 0.312321305E+00 0.301417083E+00 0.292306393E+00
 0.881765876E-02 0.281134155E-02 0.265082344E-02 0.403126655E-02 0.493714819E-02
 0.546637736E-02 0.573111745E-02 0.583522022E-02 0.586752174E-02 0.590043049E-02
 0.599161861E-02 0.618696632E-02 0.652358355E-02 0.703234365E-02 0.773975160E-02
 0.866918173E-02 0.984157994E-02 0.112757199E-01 0.129879899E-01 0.149916029E-01
 0.172952823E-01 0.199025441E-01 0.228114761E-01 0.260148291E-01 0.295004267E-01
 0.332521386E-01 0.372516885E-01 0.414799936E-01 0.459181964E-01 0.505487844E-01
 0.553568564E-01 0.603313260E-01 0.654659495E-01 0.707601011E-01 0.762192160E-01
 0.818548873E-01 0.876846239E-01 0.937312916E-01 0.100022465E+00 0.106589742E+00
 0.113468260E+00 0.120696403E+00 0.128316000E+00 0.136372879E+00 0.144917935E+00
 0.154008925E+00 0.163713008E+00 0.174110293E+00 0.185299143E+00 0.197403863E+00
 0.210586995E+00 0.225070164E+00 0.241175622E+00 0.259439409E+00 0.278937697E+00
 0.295357764E+00 0.307998180E+00 0.316657454E+00 0.321252584E+00 0.321145236E+00
 0.316112638E+00 0.306883484E+00 0.298132211E+00 0.290236086E+00 0.283194065E+00
 0.288939918E-02-0.361916143E-02-0.411928445E-02-0.321257836E-02-0.271453429E-02
-0.246178359E-02-0.231480855E-02-0.216669729E-02-0.194192771E-02-0.158912863E-02
-0.107293460E-02-0.367272703E-03 0.549265300E-03 0.169608847E-02 0.309171737E-02
 0.475380430E-02 0.669849105E-02 0.893944129E-02 0.114867901E-01 0.143461563E-01
 0.175178647E-01 0.209965445E-01 0.247711074E-01 0.288250353E-01 0.331369340E-01
 0.376813449E-01 0.424298085E-01 0.473521128E-01 0.524177589E-01 0.575976819E-01
 0.628662854E-01 0.682035089E-01 0.735967308E-01 0.790421590E-01 0.845455453E-01
 0.901220515E-01 0.957953408E-01 0.101596072E+00 0.107560076E+00 0.113726638E+00
 0.120136954E+00 0.126833111E+00 0.133857578E+00 0.141253114E+00 0.149063066E+00
 0.157331958E+00 0.166106150E+00 0.175434306E+00 0.185367376E+00 0.195957139E+00
 0.207251236E+00 0.219280094E+00 0.232023627E+00 0.245333061E+00 0.258598059E+00
 0.270265669E+00 0.279613227E+00 0.286326140E+00 0.290181100E+00 0.291030675E+00
 0.288921624E+00 0.285005748E+00 0.280443609E+00 0.275686294E+00 0.270996958E+00
-0.222681541E-03-0.729397079E-02-0.872841198E-02-0.895463768E-02-0.950700231E-02
-0.100538787E-01-0.104014603E-01-0.104600992E-01-0.102030952E-01-0.963367708E-02
-0.876424555E-02-0.760515453E-02-0.615975261E-02-0.442343997E-02-0.238519371E-02
-0.303997622E-04 0.265590008E-02 0.568597717E-02 0.906698965E-02 0.127993599E-01
 0.168759916E-01 0.212822352E-01 0.259963945E-01 0.309904404E-01 0.362307616E-01
 0.416787639E-01 0.472915098E-01 0.530226044E-01 0.588237420E-01 0.646471903E-01
 0.704492405E-01 0.761941820E-01 0.818581805E-01 0.874322057E-01 0.929233953E-01
 0.983544588E-01 0.103761338E+00 0.109189562E+00 0.114690050E+00 0.120315269E+00
 0.126116186E+00 0.132140368E+00 0.138430938E+00 0.145026252E+00 0.151959896E+00
 0.159260601E+00 0.166951627E+00 0.175049454E+00 0.183560759E+00 0.192476854E+00
 0.201763794E+00 0.211345702E+00 0.221078083E+00 0.230712086E+00 0.239871770E+00
 0.248107687E+00 0.255021185E+00 0.260335773E+00 0.263905257E+00 0.265723854E+00
 0.265954375E+00 0.264922380E+00 0.263012171E+00 0.260554224E+00 0.257793516E+00
 0.916753546E-03-0.637946790E-02-0.106303040E-01-0.138197448E-01-0.165872443E-01
-0.185464472E-01-0.196140725E-01-0.198982190E-01-0.195423383E-01-0.186727326E-01
-0.173843820E-01-0.157379266E-01-0.137619367E-01-0.114589287E-01-0.881368853E-02
-0.580215547E-02-0.239944411E-02 0.141380914E-02 0.564708887E-02 0.102976849E-01
 0.153503353E-01 0.207784902E-01 0.265465267E-01 0.326119401E-01 0.389266685E-01
 0.454370975E-01 0.520831160E-01 0.587970950E-01 0.655042380E-01 0.721256882E-01
 0.785848573E-01 0.848162249E-01 0.907743201E-01 0.964406058E-01 0.101826645E+00
 0.106972568E+00 0.111941248E+00 0.116809286E+00 0.121657252E+00 0.126561567E+00
 0.131589428E+00 0.136796579E+00 0.142227188E+00 0.147914559E+00 0.153882086E+00
 0.160143673E+00 0.166703507E+00 0.173554704E+00 0.180676758E+00 0.188031316E+00
 0.195556238E+00 0.203158274E+00 0.210705757E+00 0.218025520E+00 0.224910229E+00
 0.231140450E+00 0.236516252E+00 0.240886196E+00 0.244166315E+00 0.246349782E+00
 0.247506604E+00 0.247769505E+00 0.247306377E+00 0.246289775E+00 0.244875208E+00
 0.298828608E-02-0.490386272E-02-0.126205394E-01-0.203249864E-01-0.274806004E-01
-0.305222385E-01-0.316675305E-01-0.315583348E-01-0.305940546E-01-0.290482100E-01
-0.271011312E-01-0.248510465E-01-0.223255418E-01-0.195002239E-01-0.163211748E-01
-0.127252461E-01-0.865521748E-02-0.406989176E-02 0.104974397E-02 0.669779349E-02
 0.128445718E-01 0.194418058E-01 0.264305044E-01 0.337482728E-01 0.413328111E-01
 0.491201468E-01 0.570383593E-01 0.649990961E-01 0.728909075E-01 0.805800259E-01
 0.879232213E-01 0.947908014E-01 0.101090528E+00 0.106784195E+00 0.111894764E+00
 0.116503753E+00 0.120737232E+00 0.124741495E+00 0.128657058E+00 0.132601365E+00
 0.136663228E+00 0.140904963E+00 0.145367295E+00 0.150074139E+00 0.155036062E+00
 0.160252377E+00 0.165711939E+00 0.171392903E+00 0.177261442E+00 0.183269948E+00
 0.189354777E+00 0.195434555E+00 0.201409593E+00 0.207164302E+00 0.212573424E+00
 0.217512250E+00 0.221869215E+00 0.225558132E+00 0.228527427E+00 0.230764821E+00
 0.232296646E+00 0.233181730E+00 0.233501211E+00 0.233346835E+00 0.232810721E+00
 0.357413315E-02-0.543230120E-02-0.153657068E-01-0.267115086E-01-0.393150412E-01
-0.467826910E-01-0.479382314E-01-0.460255370E-01-0.434592701E-01-0.405722186E-01
-0.376108512E-01-0.346707404E-01-0.316982791E-01-0.285496935E-01-0.250557046E-01
-0.210619811E-01-0.164466593E-01-0.111273713E-01-0.506690284E-02 0.172078330E-02
 0.916989520E-02 0.171766151E-01 0.256273933E-01 0.344260857E-01 0.435041860E-01
 0.528128594E-01 0.623029321E-01 0.718960986E-01 0.814488754E-01 0.907241851E-01
 0.994141251E-01 0.107228778E+00 0.113973521E+00 0.119570412E+00 0.124062166E+00
 0.127622813E+00 0.130543873E+00 0.133152097E+00 0.135710418E+00 0.138386831E+00
 0.141274899E+00 0.144421175E+00 0.147844091E+00 0.151544973E+00 0.155513927E+00
 0.159732655E+00 0.164175570E+00 0.168809831E+00 0.173594922E+00 0.178481877E+00
 0.183412865E+00 0.188321114E+00 0.193131909E+00 0.197765023E+00 0.202138454E+00
 0.206173763E+00 0.209801748E+00 0.212968141E+00 0.215637788E+00 0.217796877E+00
 0.219452843E+00 0.220631808E+00 0.221374318E+00 0.221730262E+00 0.221753716E+00
 0.534374313E-02-0.397935556E-02-0.145567134E-01-0.269828737E-01-0.417216793E-01
-0.531497933E-01-0.596298724E-01-0.609479286E-01-0.570750348E-01-0.518605113E-01
-0.475706980E-01-0.442480519E-01-0.414339080E-01-0.385975391E-01-0.353244096E-01
-0.313319750E-01-0.264251418E-01-0.204660576E-01-0.133732324E-01-0.515328208E-02
 0.404460216E-02 0.139294900E-01 0.242100433E-01 0.347270593E-01 0.454490408E-01
 0.564182065E-01 0.677072257E-01 0.793816820E-01 0.914301425E-01 0.103518523E+00
 0.114647582E+00 0.124033689E+00 0.131423026E+00 0.136724532E+00 0.139927492E+00
 0.141226113E+00 0.141466230E+00 0.141721293E+00 0.142375693E+00 0.143500566E+00
 0.145085365E+00 0.147096291E+00 0.149493873E+00 0.152238250E+00 0.155290201E+00
 0.158610612E+00 0.162159503E+00 0.165894985E+00 0.169772342E+00 0.173743412E+00
 0.177756339E+00 0.181755766E+00 0.185683727E+00 0.189481214E+00 0.193090394E+00
 0.196457297E+00 0.199534729E+00 0.202284917E+00 0.204681605E+00 0.206711113E+00
 0.208372355E+00 0.209675804E+00 0.210641488E+00 0.211296573E+00 0.211672753E+00
 0.919282995E-02 0.587529270E-03-0.894326717E-02-0.195509419E-01-0.312436260E-01
-0.437654257E-01-0.550546534E-01-0.614844076E-01-0.625052452E-01-0.576780066E-01
-0.533216074E-01-0.517558083E-01-0.512821302E-01-0.501571521E-01-0.479803383E-01
-0.445791818E-01-0.397980958E-01-0.334540382E-01-0.253206268E-01-0.151405092E-01
-0.282577658E-02 0.102206478E-01 0.228229016E-01 0.350810885E-01 0.472440049E-01
 0.595802441E-01 0.723817721E-01 0.859991685E-01 0.100917183E+00 0.117822088E+00
 0.132547185E+00 0.143775046E+00 0.151953340E+00 0.156849250E+00 0.158349738E+00
 0.155974135E+00 0.151288167E+00 0.148639381E+00 0.147345230E+00 0.147032663E+00
 0.147472426E+00 0.148511559E+00 0.150041714E+00 0.151981354E+00 0.154265031E+00
 0.156836882E+00 0.159646392E+00 0.162645936E+00 0.165788949E+00 0.169029102E+00
 0.172319725E+00 0.175613865E+00 0.178864732E+00 0.182026535E+00 0.185055733E+00
 0.187912345E+00 0.190561518E+00 0.192974821E+00 0.195131227E+00 0.197017729E+00
 0.198629349E+00 0.199968621E+00 0.201044664E+00 0.201871917E+00 0.202468678E+00
 0.147655401E-01 0.746220350E-02-0.422867539E-03-0.890047383E-02-0.178789347E-01
-0.271567721E-01-0.364428870E-01-0.453910120E-01-0.512356274E-01-0.502862111E-01
-0.492278002E-01-0.515529327E-01-0.550035723E-01-0.560435466E-01-0.551989153E-01
-0.526343323E-01-0.482931212E-01-0.419996567E-01-0.334317014E-01-0.219648015E-01
-0.643703667E-02 0.951865502E-02 0.235255212E-01 0.365586802E-01 0.492166281E-01
 0.619353019E-01 0.751116723E-01 0.891899839E-01 0.104748338E+00 0.122423701E+00
 0.137874827E+00 0.149527013E+00 0.157789022E+00 0.162538141E+00 0.163544714E+00
 0.160252884E+00 0.154570982E+00 0.151015714E+00 0.148972303E+00 0.148003101E+00
 0.147833422E+00 0.148287356E+00 0.149245515E+00 0.150620133E+00 0.152341545E+00
 0.154350817E+00 0.156595796E+00 0.159028664E+00 0.161604553E+00 0.164280564E+00
 0.167015225E+00 0.169768408E+00 0.172501430E+00 0.175177500E+00 0.177762270E+00
 0.180224597E+00 0.182537243E+00 0.184677586E+00 0.186628148E+00 0.188376814E+00
 0.189916924E+00 0.191246942E+00 0.192369983E+00 0.193293154E+00 0.194026679E+00
 0.141467237E+01 0.143702030E+01 0.145380449E+01 0.147316706E+01 0.149384296E+01
 0.151473594E+01 0.153626621E+01 0.156031442E+01 0.158225989E+01 0.160527909E+01
 0.162961936E+01 0.165375686E+01 0.167918587E+01 0.170528209E+01 0.173232496E+01
 0.175949836E+01 0.178786576E+01 0.181728268E+01 0.184723079E+01 0.187807536E+01
 0.190990734E+01 0.194295073E+01 0.197674310E+01 0.201151204E+01 0.204744434E+01
 0.208461857E+01 0.212290311E+01 0.216237187E+01 0.220310616E+01 0.224540544E+01
 0.228898525E+01 0.233407307E+01 0.238077307E+01 0.242906404E+01 0.247921085E+01
 0.253110027E+01 0.258503819E+01 0.264096999E+01 0.269903779E+01 0.275967479E+01
 0.282256794E+01 0.288821507E+01 0.295658565E+01 0.302825713E+01 0.310310102E+01
 0.318142629E+01 0.326383758E+01 0.335043573E+01 0.344176030E+01 0.353774333E+01
 0.363994145E+01 0.374819303E+01 0.386398506E+01 0.398804951E+01 0.412227011E+01
 0.426814127E+01 0.442773056E+01 0.460520029E+01 0.480348444E+01 0.503100681E+01
 0.529878139E+01 0.562687492E+01 0.606867361E+01 0.677837944E+01 0.103484659E+02
   92   86
 0.110048199E+01-0.500000007E-01 0.109955668E+01 0.500000007E-01 0.110562503E+01
 0.127120301E+00 0.111519778E+01 0.200000003E+00 0.113218749E+01 0.288621217E+00
 0.114557278E+01 0.349999994E+00 0.115875006E+01 0.406395495E+00 0.118142021E+01
 0.500000000E+00 0.119366324E+01 0.550000012E+00 0.121187496E+01 0.628825128E+00
 0.122786975E+01 0.699999988E+00 0.123843753E+01 0.752030790E+00 0.125780535E+01
 0.850000024E+00 0.126729631E+01 0.899999976E+00 0.128423882E+01 0.100000000E+01
 0.129499400E+01 0.107085478E+01 0.129842556E+01 0.110731041E+01 0.137125003E+01
 0.108073115E+01 0.142437506E+01 0.106552720E+01 0.146202195E+01 0.104999995E+01
 0.150406253E+01 0.103345358E+01 0.155718756E+01 0.101067495E+01 0.158375001E+01
 0.997164190E+00 0.163687503E+01 0.971209109E+00 0.167390394E+01 0.949999988E+00
 0.171656251E+01 0.924659848E+00 0.175314665E+01 0.899999976E+00 0.179624999E+01
 0.869462967E+00 0.182281256E+01 0.848358929E+00 0.187593746E+01 0.805521607E+00
 0.190250003E+01 0.781539321E+00 0.193559146E+01 0.750000000E+00 0.198218751E+01
 0.702007890E+00 0.200874996E+01 0.671433747E+00 0.203531241E+01 0.638670802E+00
 0.206498504E+01 0.600000024E+00 0.209850240E+01 0.550000012E+00 0.212831998E+01
 0.500000000E+00 0.215509677E+01 0.449999988E+00 0.217940307E+01 0.400000006E+00
 0.220167136E+01 0.349999994E+00 0.222206140E+01 0.300000012E+00 0.224781251E+01
 0.225923300E+00 0.226992631E+01 0.150000006E+00 0.228133726E+01 0.100000001E+00
 0.229197598E+01 0.000000000E+00 0.228735352E+01-0.100000001E+00 0.227437496E+01
-0.172461495E+00 0.225471020E+01-0.250000000E+00 0.223886633E+01-0.300000012E+00
 0.222125006E+01-0.352410227E+00 0.219468760E+01-0.420034409E+00 0.216812491E+01
-0.479863435E+00 0.214156246E+01-0.532917500E+00 0.211500001E+01-0.580122113E+00
 0.208843756E+01-0.622415602E+00 0.206187510E+01-0.660551310E+00 0.203079724E+01
-0.699999988E+00 0.198873830E+01-0.750000000E+00 0.195562506E+01-0.785333335E+00
 0.192906249E+01-0.812254786E+00 0.188798654E+01-0.850000024E+00 0.184937501E+01
-0.883535922E+00 0.182281256E+01-0.905063629E+00 0.176968753E+01-0.943055749E+00
 0.174312496E+01-0.961339235E+00 0.169000006E+01-0.993010998E+00 0.166343749E+01
-0.100844383E+01 0.161031246E+01-0.103491294E+01 0.157724988E+01-0.104999995E+01
 0.153062499E+01-0.107163882E+01 0.147749996E+01-0.109285367E+01 0.145093751E+01
-0.110451078E+01 0.139781249E+01-0.112491918E+01 0.134468746E+01-0.114241457E+01
 0.130921721E+01-0.115604162E+01 0.129624093E+01-0.116208315E+01 0.128503442E+01
-0.110000002E+01 0.127423906E+01-0.100000000E+01 0.126499999E+01-0.933766365E+00
 0.125290918E+01-0.850000024E+00 0.123843753E+01-0.767043412E+00 0.122622418E+01
-0.699999988E+00 0.121187496E+01-0.630333900E+00 0.119462967E+01-0.550000012E+00
 0.118315983E+01-0.500000000E+00 0.116044176E+01-0.400000006E+00 0.114875746E+01
-0.349999994E+00 0.113218749E+01-0.273395658E+00 0.111804807E+01-0.200000003E+00
 0.110562503E+01-0.109983817E+00 0.110048199E+01-0.500000007E-01
 0.101600003E+01 0.000000000E+00 0.101600003E+01 0.963999987E+00 0.101600003E+01
 0.967999995E+00 0.101600003E+01 0.100100005E+01 0.101600003E+01 0.101900005E+01
 0.101600003E+01 0.107700002E+01 0.101600003E+01 0.107000005E+01 0.101600003E+01
 0.109599996E+01 0.101600003E+01 0.111300004E+01 0.101600003E+01 0.113800001E+01
 0.101600003E+01 0.114699996E+01 0.101199996E+01 0.116499996E+01 0.100100005E+01
 0.121700001E+01 0.102900004E+01 0.121700001E+01 0.104200006E+01 0.116240001E+01
 0.104600000E+01 0.116237998E+01 0.105599999E+01 0.116260004E+01 0.109700000E+01
 0.116450000E+01 0.110800004E+01 0.116594005E+01 0.111600006E+01 0.116591001E+01
 0.113399994E+01 0.116895998E+01 0.114800000E+01 0.117174995E+01 0.116199994E+01
 0.117556000E+01 0.118099999E+01 0.118299997E+01 0.118200004E+01 0.118350005E+01
 0.118499994E+01 0.118499994E+01 0.119000006E+01 0.118799996E+01 0.119500005E+01
 0.119099998E+01 0.120099998E+01 0.119599998E+01 0.120899999E+01 0.120200002E+01
 0.121500003E+01 0.120799994E+01 0.122200000E+01 0.121399999E+01 0.122800004E+01
 0.122099996E+01 0.123399997E+01 0.123099995E+01 0.123899996E+01 0.123800004E+01
 0.124199998E+01 0.124399996E+01 0.124800003E+01 0.125399995E+01 0.125800002E+01
 0.127800000E+01 0.126300001E+01 0.128999996E+01 0.127999997E+01 0.133099997E+01
 0.127999997E+01 0.134700000E+01 0.127999997E+01 0.134800005E+01 0.130999994E+01
 0.134800005E+01 0.132799995E+01 0.134800005E+01 0.136099994E+01 0.134800005E+01
 0.138000000E+01 0.134800005E+01 0.141900003E+01 0.134800005E+01 0.141900003E+01
 0.130999994E+01 0.137199998E+01 0.130999994E+01 0.137199998E+01 0.129200006E+01
 0.160800004E+01 0.109500003E+01 0.164699996E+01 0.107700002E+01 0.178499997E+01
 0.107700002E+01 0.206999993E+01 0.103999996E+01 0.212800002E+01 0.992999971E+00
 0.224499989E+01 0.708999991E+00 0.232299995E+01 0.518999994E+00 0.237700009E+01
 0.388999999E+00 0.236249995E+01 0.400000006E+00 0.236443496E+01 0.222000003E+00
 0.236496902E+01 0.133000001E+00 0.236532402E+01 0.439999998E-01 0.236512089E+01
-0.439999998E-01 0.236484194E+01-0.133000001E+00 0.236433411E+01-0.222000003E+00
 0.236249995E+01-0.400000006E+00 0.237700009E+01-0.388999999E+00 0.213400006E+01
-0.972999990E+00 0.178600001E+01-0.117400002E+01 0.176800001E+01-0.121099997E+01
 0.176800001E+01-0.125000000E+01 0.168200004E+01-0.125000000E+01 0.137199998E+01
-0.125000000E+01 0.137199998E+01-0.132900000E+01 0.141999996E+01-0.132900000E+01
 0.141999996E+01-0.136300004E+01 0.127300000E+01-0.136300004E+01 0.115300000E+01
-0.136300004E+01 0.101600003E+01-0.122300005E+01 0.101600003E+01-0.122300005E+01
 0.101600003E+01-0.829999983E+00 0.101600003E+01-0.800000012E+00 0.101600003E+01
-0.414999992E+00 0.101600003E+01-0.400000006E+00 0.101600003E+01-0.100000005E-02
 0.101600003E+01 0.000000000E+00
    0 0.170000005E+01    1
 0.000000000E+00 0.000000000E+00 0.000000000E+00 0.000000000E+00 0.000000000E+00
 0.000000000E+00 0.000000000E+00 0.000000000E+00 0.000000000E+00 0.000000000E+00
 0.000000000E+00 0.000000000E+00 0.000000000E+00 0.000000000E+00 0.000000000E+00
 0.000000000E+00 0.000000000E+00 0.000000000E+00 0.000000000E+00 0.000000000E+00
 0.000000000E+00 0.000000000E+00 0.000000000E+00 0.000000000E+00 0.000000000E+00
 0.000000000E+00 0.000000000E+00 0.000000000E+00 0.000000000E+00 0.000000000E+00
 0.000000000E+00 0.000000000E+00 0.000000000E+00 0.000000000E+00 0.000000000E+00
 0.000000000E+00 0.000000000E+00 0.000000000E+00 0.000000000E+00 0.000000000E+00
 0.000000000E+00 0.000000000E+00 0.000000000E+00 0.000000000E+00 0.000000000E+00
 0.000000000E+00 0.000000000E+00 0.000000000E+00 0.000000000E+00 0.000000000E+00
 0.000000000E+00 0.000000000E+00 0.000000000E+00 0.000000000E+00 0.000000000E+00
 0.000000000E+00 0.000000000E+00 0.000000000E+00 0.000000000E+00 0.000000000E+00
 0.000000000E+00 0.000000000E+00 0.000000000E+00 0.000000000E+00 0.000000000E+00
 0.000000000E+00 0.885707885E-01 0.125946492E+00 0.154872492E+00 0.179456323E+00
 0.201396689E+00 0.221446469E+00 0.239014715E+00 0.256501704E+00 0.273241043E+00
 0.289308816E+00 0.304664999E+00 0.319462150E+00 0.333924443E+00 0.347960055E+00
 0.361628085E+00 0.375020385E+00 0.388214469E+00 0.401112944E+00 0.413831979E+00
 0.426389784E+00 0.438774467E+00 0.451052576E+00 0.463184536E+00 0.475218713E+00
 0.487177700E+00 0.499057591E+00 0.510875642E+00 0.522608519E+00 0.534343123E+00
 0.546016991E+00 0.557681203E+00 0.569330513E+00 0.580955207E+00 0.592609465E+00
 0.604249835E+00 0.615933955E+00 0.627624869E+00 0.639338434E+00 0.651131213E+00
 0.662943184E+00 0.674833536E+00 0.686763108E+00 0.698794901E+00 0.710899115E+00
 0.723084986E+00 0.735393047E+00 0.747794807E+00 0.760335147E+00 0.772979379E+00
 0.785812378E+00 0.798773766E+00 0.811930954E+00 0.825267136E+00 0.838833153E+00
 0.852632225E+00 0.866687417E+00 0.881075561E+00 0.895783722E+00 0.910919011E+00
 0.926534474E+00 0.942783654E+00 0.959884226E+00 0.978300750E+00 0.100000000E+01
    1
 0.000000000E+00 0.000000000E+00 0.000000000E+00 0.000000000E+00 0.000000000E+00
 0.000000000E+00 0.000000000E+00 0.000000000E+00 0.000000000E+00 0.000000000E+00
 0.000000000E+00 0.000000000E+00 0.000000000E+00 0.000000000E+00 0.000000000E+00
 0.000000000E+00 0.000000000E+00 0.000000000E+00 0.000000000E+00 0.000000000E+00
 0.000000000E+00 0.000000000E+00 0.000000000E+00 0.000000000E+00 0.000000000E+00
 0.000000000E+00 0.000000000E+00 0.000000000E+00 0.000000000E+00 0.000000000E+00
 0.000000000E+00 0.000000000E+00 0.000000000E+00 0.000000000E+00 0.000000000E+00
 0.000000000E+00 0.000000000E+00 0.000000000E+00 0.000000000E+00 0.000000000E+00
 0.000000000E+00 0.000000000E+00 0.000000000E+00 0.000000000E+00 0.000000000E+00
 0.000000000E+00 0.000000000E+00 0.000000000E+00 0.000000000E+00 0.000000000E+00
 0.000000000E+00 0.000000000E+00 0.000000000E+00 0.000000000E+00 0.000000000E+00
 0.000000000E+00 0.000000000E+00 0.000000000E+00 0.000000000E+00 0.000000000E+00
 0.000000000E+00 0.000000000E+00 0.000000000E+00 0.000000000E+00 0.000000000E+00
&BASIS
 EE2BDRY= 32*0.00000000      ,
 EEBDRY= 32*0.00000000      ,
 EEKNT= 32*0.00000000      ,
 EETENS=  5.00000000    ,
 FF2BDRY= 64*0.00000000      ,
 FFBDRY= -1.76246512    ,  3.97249532    , -2.12451291    , 61*0.00000000      ,
 FFKNT= 64*0.00000000      ,
 FFTENS=  0.00000000    ,
 KEE2BDRY= 32*0          ,
 KEEBDRY= 32*0          ,
 KEEFNC=          0,
 KEEKNT=          0,
 KFF2BDRY= 64*0          ,
 KFFBDRY= 64*0          ,
 KFFFNC=          0,
 KFFKNT=          0,
 KPP2BDRY= 64*0          ,
 KPPBDRY= 64*0          ,
 KPPFNC=          0,
 KPPKNT=          0,
 KWW2BDRY= 64*0          ,
 KWWBDRY= 64*0          ,
 KWWFNC=          0,
 KWWKNT=          0,
 PP2BDRY= 64*0.00000000      ,
 PPBDRY= -288265.062    ,  36167.0312    , 62*0.00000000      ,
 PPKNT= 64*0.00000000      ,
 PPTENS=  0.00000000    ,
 WW2BDRY= 64*0.00000000      ,
 WWBDRY=  1828.93030    ,  59948.6094    , 62*0.00000000      ,
 WWKNT= 64*0.00000000      ,
 WWTENS=  0.00000000    ,
 /
