  EFITD    01/21/2000    #165406  3954ms           7  65  65
 0.170000005E+01 0.320000005E+01 0.169550002E+01 0.839999974E+00 0.000000000E+00
 0.177971435E+01-0.271341670E-01-0.603713430E-01 0.230474919E+00-0.167693305E+01
 0.128800838E+07-0.603713430E-01 0.000000000E+00 0.177971435E+01 0.000000000E+00
-0.271341670E-01 0.000000000E+00 0.230474919E+00 0.000000000E+00 0.000000000E+00
-0.293838787E+01-0.293491697E+01-0.293152022E+01-0.292819715E+01-0.292494750E+01
-0.292177081E+01-0.291866660E+01-0.291563416E+01-0.291267323E+01-0.290978336E+01
-0.290696406E+01-0.290421462E+01-0.290153480E+01-0.289892364E+01-0.289638114E+01
-0.289390635E+01-0.289149904E+01-0.288915873E+01-0.288688445E+01-0.288467574E+01
-0.288253236E+01-0.288045359E+01-0.287843871E+01-0.287648749E+01-0.287459874E+01
-0.287277246E+01-0.287100768E+01-0.286930418E+01-0.286766076E+01-0.286607742E+01
-0.286455321E+01-0.286308742E+01-0.286167979E+01-0.286032939E+01-0.285903549E+01
-0.285779762E+01-0.285661530E+01-0.285548759E+01-0.285441399E+01-0.285339379E+01
-0.285242629E+01-0.285151076E+01-0.285064673E+01-0.284983349E+01-0.284907007E+01
-0.284835625E+01-0.284769106E+01-0.284707379E+01-0.284650373E+01-0.284598041E+01
-0.284550285E+01-0.284507060E+01-0.284468269E+01-0.284433866E+01-0.284403777E+01
-0.284377909E+01-0.284356213E+01-0.284338617E+01-0.284325027E+01-0.284315419E+01
-0.284309649E+01-0.284307718E+01-0.284309506E+01-0.284314966E+01-0.284324002E+01
 0.806893828E+05 0.788717734E+05 0.770718438E+05 0.752895938E+05 0.735250156E+05
 0.717781172E+05 0.700488984E+05 0.683373516E+05 0.666434844E+05 0.649673008E+05
 0.633087891E+05 0.616679531E+05 0.600447969E+05 0.584393164E+05 0.568515156E+05
 0.552813906E+05 0.537289414E+05 0.521941719E+05 0.506770781E+05 0.491776641E+05
 0.476959258E+05 0.462318633E+05 0.447854805E+05 0.433567734E+05 0.419457461E+05
 0.405523945E+05 0.391767188E+05 0.378187227E+05 0.364784023E+05 0.351557617E+05
 0.338507969E+05 0.325635098E+05 0.312938984E+05 0.300419648E+05 0.288077109E+05
 0.275911309E+05 0.263922305E+05 0.252110078E+05 0.240474609E+05 0.229015918E+05
 0.217734004E+05 0.206628867E+05 0.195700488E+05 0.184948887E+05 0.174374063E+05
 0.163976016E+05 0.153754746E+05 0.143710244E+05 0.133842510E+05 0.124151553E+05
 0.114637373E+05 0.105299961E+05 0.961393262E+04 0.871554590E+04 0.783483691E+04
 0.697180518E+04 0.612645117E+04 0.529877393E+04 0.448877441E+04 0.369645190E+04
 0.292180688E+04 0.216483911E+04 0.142554883E+04 0.703935730E+03 0.000000000E+00
-0.226838088E+01-0.221760488E+01-0.216728187E+01-0.211741209E+01-0.206799531E+01
-0.201903200E+01-0.197052169E+01-0.192246461E+01-0.187486076E+01-0.182771003E+01
-0.178101254E+01-0.173476827E+01-0.168897712E+01-0.164363921E+01-0.159875453E+01
-0.155432296E+01-0.151034462E+01-0.146681941E+01-0.142374742E+01-0.138112855E+01
-0.133896303E+01-0.129725051E+01-0.125599134E+01-0.121518528E+01-0.117483234E+01
-0.113493276E+01-0.109548628E+01-0.105649292E+01-0.101795280E+01-0.979865909E+00
-0.942232192E+00-0.905051649E+00-0.868324280E+00-0.832050085E+00-0.796229124E+00
-0.760861337E+00-0.725946724E+00-0.691485286E+00-0.657477081E+00-0.623922050E+00
-0.590820193E+00-0.558171511E+00-0.525976062E+00-0.494233757E+00-0.462944657E+00
-0.432108730E+00-0.401726007E+00-0.371796459E+00-0.342320114E+00-0.313296944E+00
-0.284726977E+00-0.256610185E+00-0.228946596E+00-0.201736197E+00-0.174978971E+00
-0.148674935E+00-0.122824088E+00-0.974264294E-01-0.724819601E-01-0.479906835E-01
-0.239525884E-01-0.367683824E-03 0.227640327E-01 0.454425626E-01 0.676679015E-01
-0.401904969E+06-0.398015094E+06-0.394125250E+06-0.390235406E+06-0.386345563E+06
-0.382455688E+06-0.378565844E+06-0.374676000E+06-0.370786125E+06-0.366896281E+06
-0.363006438E+06-0.359116563E+06-0.355226719E+06-0.351336875E+06-0.347447031E+06
-0.343557156E+06-0.339667313E+06-0.335777469E+06-0.331887625E+06-0.327997750E+06
-0.324107906E+06-0.320218063E+06-0.316328188E+06-0.312438344E+06-0.308548500E+06
-0.304658656E+06-0.300768781E+06-0.296878938E+06-0.292989094E+06-0.289099219E+06
-0.285209375E+06-0.281319531E+06-0.277429688E+06-0.273539813E+06-0.269649969E+06
-0.265760125E+06-0.261870266E+06-0.257980406E+06-0.254090563E+06-0.250200703E+06
-0.246310859E+06-0.242421000E+06-0.238531141E+06-0.234641297E+06-0.230751438E+06
-0.226861594E+06-0.222971734E+06-0.219081891E+06-0.215192031E+06-0.211302172E+06
-0.207412328E+06-0.203522469E+06-0.199632625E+06-0.195742766E+06-0.191852922E+06
-0.187963063E+06-0.184073203E+06-0.180183359E+06-0.176293500E+06-0.172403656E+06
-0.168513797E+06-0.164623953E+06-0.160734094E+06-0.156844234E+06-0.152954391E+06
 0.246441081E+00 0.239724681E+00 0.232365444E+00 0.224293873E+00 0.215631157E+00
 0.206678852E+00 0.197863653E+00 0.189664349E+00 0.185536444E+00 0.189044639E+00
 0.192934453E+00 0.194391146E+00 0.194768995E+00 0.196282759E+00 0.198685959E+00
 0.201918602E+00 0.206020236E+00 0.211089998E+00 0.217320412E+00 0.225071698E+00
 0.235006228E+00 0.245176151E+00 0.254114568E+00 0.262394965E+00 0.270369083E+00
 0.278285772E+00 0.286355555E+00 0.294789940E+00 0.303838134E+00 0.313784182E+00
 0.322942942E+00 0.330748647E+00 0.337348998E+00 0.342594057E+00 0.346368432E+00
 0.348433346E+00 0.349410832E+00 0.351045728E+00 0.353090763E+00 0.355422407E+00
 0.357994765E+00 0.360801399E+00 0.363847286E+00 0.367132723E+00 0.370647281E+00
 0.374369711E+00 0.378270030E+00 0.382311583E+00 0.386452526E+00 0.390647143E+00
 0.394846737E+00 0.399000525E+00 0.403056920E+00 0.406964719E+00 0.410674512E+00
 0.414140612E+00 0.417322338E+00 0.420185804E+00 0.422704965E+00 0.424862474E+00
 0.426649868E+00 0.428067356E+00 0.429122895E+00 0.429831326E+00 0.430212736E+00
 0.239450037E+00 0.230883062E+00 0.221416771E+00 0.210869625E+00 0.199248821E+00
 0.186862946E+00 0.176237360E+00 0.171005219E+00 0.171941578E+00 0.179275423E+00
 0.186080590E+00 0.190422520E+00 0.193548486E+00 0.196624517E+00 0.200002208E+00
 0.203850865E+00 0.208303422E+00 0.213492587E+00 0.219565719E+00 0.226680428E+00
 0.234894335E+00 0.243464217E+00 0.251721025E+00 0.259713709E+00 0.267584532E+00
 0.275484383E+00 0.283569664E+00 0.292016178E+00 0.301047623E+00 0.310920119E+00
 0.320020527E+00 0.327778041E+00 0.334338427E+00 0.339640200E+00 0.343577802E+00
 0.345923752E+00 0.347373724E+00 0.349590272E+00 0.352338612E+00 0.355479032E+00
 0.358937740E+00 0.362676382E+00 0.366673678E+00 0.370913535E+00 0.375378430E+00
 0.380045712E+00 0.384886295E+00 0.389864057E+00 0.394935936E+00 0.400052249E+00
 0.405157417E+00 0.410190850E+00 0.415088415E+00 0.419784397E+00 0.424214065E+00
 0.428316355E+00 0.432037055E+00 0.435331404E+00 0.438166529E+00 0.440522760E+00
 0.442394078E+00 0.443787426E+00 0.444721311E+00 0.445223421E+00 0.445328236E+00
 0.233908802E+00 0.224299297E+00 0.213459224E+00 0.200723931E+00 0.185819313E+00
 0.174861073E+00 0.169262856E+00 0.169250965E+00 0.174996629E+00 0.181920484E+00
 0.187923506E+00 0.192902461E+00 0.197189152E+00 0.201165557E+00 0.205133855E+00
 0.209305823E+00 0.213830769E+00 0.218815982E+00 0.224330410E+00 0.230389223E+00
 0.236925468E+00 0.243790716E+00 0.250832766E+00 0.257970899E+00 0.265196025E+00
 0.272541434E+00 0.280060172E+00 0.287809491E+00 0.295828670E+00 0.304030925E+00
 0.311879635E+00 0.319014221E+00 0.325364500E+00 0.330896139E+00 0.335582912E+00
 0.339453012E+00 0.342911720E+00 0.346532702E+00 0.350432664E+00 0.354620099E+00
 0.359088629E+00 0.363830239E+00 0.368836582E+00 0.374097407E+00 0.379598409E+00
 0.385319442E+00 0.391232878E+00 0.397302389E+00 0.403482258E+00 0.409716636E+00
 0.415939510E+00 0.422075361E+00 0.428040475E+00 0.433745801E+00 0.439100862E+00
 0.444018632E+00 0.448421270E+00 0.452245325E+00 0.455446333E+00 0.458001375E+00
 0.459909797E+00 0.461191714E+00 0.461884588E+00 0.462038785E+00 0.461712718E+00
 0.230165988E+00 0.220687538E+00 0.210373819E+00 0.198684916E+00 0.186040699E+00
 0.179312423E+00 0.179240733E+00 0.182248324E+00 0.185988724E+00 0.190072522E+00
 0.194198608E+00 0.198209375E+00 0.202088445E+00 0.205907509E+00 0.209771231E+00
 0.213783354E+00 0.218031272E+00 0.222579762E+00 0.227467030E+00 0.232701421E+00
 0.238261119E+00 0.244102165E+00 0.250174463E+00 0.256437600E+00 0.262867510E+00
 0.269453257E+00 0.276187509E+00 0.283052504E+00 0.290001333E+00 0.296939224E+00
 0.303731203E+00 0.310249388E+00 0.316411495E+00 0.322185844E+00 0.327590972E+00
 0.332704663E+00 0.337664008E+00 0.342624068E+00 0.347705543E+00 0.352983385E+00
 0.358500838E+00 0.364282280E+00 0.370340258E+00 0.376678497E+00 0.383292764E+00
 0.390170276E+00 0.397288591E+00 0.404614061E+00 0.412099987E+00 0.419684649E+00
 0.427289724E+00 0.434819341E+00 0.442160666E+00 0.449187100E+00 0.455764204E+00
 0.461758614E+00 0.467049152E+00 0.471537858E+00 0.475159287E+00 0.477886021E+00
 0.479729623E+00 0.480736703E+00 0.480981261E+00 0.480554879E+00 0.479556918E+00
 0.227137536E+00 0.218624443E+00 0.210626706E+00 0.202906728E+00 0.196144074E+00
 0.193797350E+00 0.193439558E+00 0.194403827E+00 0.196251780E+00 0.198671311E+00
 0.201441690E+00 0.204422176E+00 0.207541466E+00 0.210781559E+00 0.214158356E+00
 0.217704475E+00 0.221456259E+00 0.225445256E+00 0.229692906E+00 0.234207988E+00
 0.238986760E+00 0.244015589E+00 0.249275416E+00 0.254746050E+00 0.260408521E+00
 0.266244650E+00 0.272233963E+00 0.278349161E+00 0.284552276E+00 0.290793717E+00
 0.297017932E+00 0.303174198E+00 0.309227914E+00 0.315168113E+00 0.321010977E+00
 0.326799154E+00 0.332596004E+00 0.338474363E+00 0.344504178E+00 0.350744754E+00
 0.357242614E+00 0.364032477E+00 0.371139139E+00 0.378578663E+00 0.386358678E+00
 0.394477725E+00 0.402924031E+00 0.411672771E+00 0.420682997E+00 0.429893076E+00
 0.439215869E+00 0.448533386E+00 0.457693487E+00 0.466510296E+00 0.474772185E+00
 0.482258409E+00 0.488762826E+00 0.494119167E+00 0.498221487E+00 0.501036227E+00
 0.502603710E+00 0.503028035E+00 0.502458274E+00 0.501064777E+00 0.499018133E+00
 0.221583888E+00 0.212948874E+00 0.209208563E+00 0.206890732E+00 0.204840541E+00
 0.203604653E+00 0.203275472E+00 0.203732878E+00 0.204814985E+00 0.206373230E+00
 0.208287701E+00 0.210471332E+00 0.212868929E+00 0.215452746E+00 0.218215838E+00
 0.221164852E+00 0.224313319E+00 0.227676392E+00 0.231266871E+00 0.235092998E+00
 0.239157557E+00 0.243458226E+00 0.247988611E+00 0.252739549E+00 0.257699817E+00
 0.262856245E+00 0.268193215E+00 0.273691893E+00 0.279330075E+00 0.285083264E+00
 0.290927410E+00 0.296842843E+00 0.302818477E+00 0.308855176E+00 0.314967155E+00
 0.321181774E+00 0.327536881E+00 0.334076971E+00 0.340848714E+00 0.347897410E+00
 0.355264693E+00 0.362987518E+00 0.371097803E+00 0.379622340E+00 0.388582408E+00
 0.397992790E+00 0.407860130E+00 0.418179810E+00 0.428931415E+00 0.440071285E+00
 0.451522261E+00 0.463159263E+00 0.474791825E+00 0.486149162E+00 0.496879965E+00
 0.506583691E+00 0.514872193E+00 0.521435022E+00 0.526084542E+00 0.528778017E+00
 0.529623747E+00 0.528861165E+00 0.526808798E+00 0.523797333E+00 0.520119667E+00
 0.218721718E+00 0.210215032E+00 0.208683342E+00 0.209386453E+00 0.209691435E+00
 0.209932625E+00 0.210322991E+00 0.210957855E+00 0.211860135E+00 0.213016972E+00
 0.214402854E+00 0.215992630E+00 0.217767790E+00 0.219718769E+00 0.221844584E+00
 0.224151060E+00 0.226648375E+00 0.229348630E+00 0.232263640E+00 0.235403344E+00
 0.238774836E+00 0.242382139E+00 0.246226281E+00 0.250305742E+00 0.254616827E+00
 0.259153962E+00 0.263909787E+00 0.268875450E+00 0.274041206E+00 0.279397398E+00
 0.284935951E+00 0.290652215E+00 0.296546668E+00 0.302626610E+00 0.308906674E+00
 0.315408885E+00 0.322161794E+00 0.329198956E+00 0.336557269E+00 0.344275475E+00
 0.352392823E+00 0.360948563E+00 0.369981378E+00 0.379529476E+00 0.389630288E+00
 0.400320351E+00 0.411634237E+00 0.423602790E+00 0.436249524E+00 0.449583739E+00
 0.463587999E+00 0.478194624E+00 0.493242770E+00 0.508402765E+00 0.523078024E+00
 0.536416829E+00 0.547575057E+00 0.555956304E+00 0.561231315E+00 0.563319683E+00
 0.562447429E+00 0.559206903E+00 0.554389715E+00 0.548673451E+00 0.542517781E+00
 0.219886869E+00 0.211759016E+00 0.211370602E+00 0.213209823E+00 0.214556724E+00
 0.215591177E+00 0.216457158E+00 0.217263356E+00 0.218083516E+00 0.218964159E+00
 0.219933704E+00 0.221010149E+00 0.222206816E+00 0.223535895E+00 0.225010514E+00
 0.226645455E+00 0.228457019E+00 0.230462223E+00 0.232677400E+00 0.235117152E+00
 0.237793535E+00 0.240715832E+00 0.243890613E+00 0.247322440E+00 0.251014203E+00
 0.254967332E+00 0.259182125E+00 0.263657928E+00 0.268393964E+00 0.273389935E+00
 0.278646976E+00 0.284168750E+00 0.289962173E+00 0.296038330E+00 0.302413017E+00
 0.309106767E+00 0.316144705E+00 0.323556215E+00 0.331374317E+00 0.339635402E+00
 0.348378748E+00 0.357646644E+00 0.367484719E+00 0.377942532E+00 0.389074534E+00
 0.400941163E+00 0.413610518E+00 0.427159816E+00 0.441677272E+00 0.457263112E+00
 0.474029750E+00 0.492097169E+00 0.511577547E+00 0.532530367E+00 0.554669738E+00
 0.574946284E+00 0.590873897E+00 0.602062225E+00 0.608199954E+00 0.608943522E+00
 0.603961587E+00 0.594646931E+00 0.584611952E+00 0.574658096E+00 0.565057755E+00
 0.224394500E+00 0.216702342E+00 0.216622606E+00 0.218884468E+00 0.220599011E+00
 0.221875533E+00 0.222825959E+00 0.223552763E+00 0.224141955E+00 0.224661902E+00
 0.225165471E+00 0.225693598E+00 0.226278961E+00 0.226949185E+00 0.227729484E+00
 0.228644669E+00 0.229720503E+00 0.230983973E+00 0.232459828E+00 0.234169632E+00
 0.236131370E+00 0.238358781E+00 0.240861535E+00 0.243648678E+00 0.246728867E+00
 0.250109851E+00 0.253798127E+00 0.257799178E+00 0.262118399E+00 0.266761661E+00
 0.271735907E+00 0.277049571E+00 0.282713383E+00 0.288740754E+00 0.295148253E+00
 0.301955909E+00 0.309187323E+00 0.316869795E+00 0.325034440E+00 0.333716333E+00
 0.342954934E+00 0.352794617E+00 0.363285750E+00 0.374486059E+00 0.386462778E+00
 0.399295360E+00 0.413079560E+00 0.427932978E+00 0.444003105E+00 0.461479455E+00
 0.480612457E+00 0.501745582E+00 0.525373697E+00 0.552260637E+00 0.582955122E+00
 0.610633731E+00 0.631859243E+00 0.646523595E+00 0.654360712E+00 0.654590845E+00
 0.646852195E+00 0.630764186E+00 0.613965034E+00 0.598848462E+00 0.585345566E+00
 0.231731966E+00 0.224437088E+00 0.224431768E+00 0.226716921E+00 0.228335917E+00
 0.229398310E+00 0.230034128E+00 0.230359003E+00 0.230469227E+00 0.230442315E+00
 0.230339795E+00 0.230210677E+00 0.230094731E+00 0.230025500E+00 0.230033159E+00
 0.230147764E+00 0.230404064E+00 0.230851084E+00 0.231525213E+00 0.232456490E+00
 0.233670279E+00 0.235184476E+00 0.236998960E+00 0.239126742E+00 0.241583958E+00
 0.244385630E+00 0.247543737E+00 0.251066744E+00 0.254963905E+00 0.259245485E+00
 0.263922185E+00 0.269005239E+00 0.274507254E+00 0.280442566E+00 0.286827832E+00
 0.293682128E+00 0.301027507E+00 0.308889121E+00 0.317295730E+00 0.326280206E+00
 0.335880131E+00 0.346138835E+00 0.357106715E+00 0.368842989E+00 0.381418377E+00
 0.394918442E+00 0.409448594E+00 0.425140858E+00 0.442164063E+00 0.460738182E+00
 0.481156349E+00 0.503817379E+00 0.529273927E+00 0.558290780E+00 0.591845691E+00
 0.625941575E+00 0.652219534E+00 0.670416892E+00 0.680624545E+00 0.682734907E+00
 0.675789237E+00 0.659401059E+00 0.636441886E+00 0.616735518E+00 0.599995136E+00
 0.242004409E+00 0.235029653E+00 0.235324100E+00 0.237203687E+00 0.238162339E+00
 0.238481179E+00 0.238352805E+00 0.237912938E+00 0.237259045E+00 0.236463621E+00
 0.235582307E+00 0.234658867E+00 0.233728632E+00 0.232820436E+00 0.231957912E+00
 0.231159300E+00 0.230435148E+00 0.229952201E+00 0.229734942E+00 0.229816049E+00
 0.230237380E+00 0.231057584E+00 0.232156157E+00 0.233586371E+00 0.235386521E+00
 0.237585902E+00 0.240203276E+00 0.243234709E+00 0.246692896E+00 0.250594020E+00
 0.254952580E+00 0.259779781E+00 0.265088320E+00 0.270892352E+00 0.277207404E+00
 0.284050763E+00 0.291441888E+00 0.299402714E+00 0.307958126E+00 0.317136526E+00
 0.326970667E+00 0.337498516E+00 0.348764569E+00 0.360821307E+00 0.373731583E+00
 0.387571126E+00 0.402432650E+00 0.418430597E+00 0.435708106E+00 0.454445899E+00
 0.474873900E+00 0.497285485E+00 0.522053301E+00 0.549643159E+00 0.580625474E+00
 0.615481198E+00 0.644964814E+00 0.665905952E+00 0.678551853E+00 0.682999671E+00
 0.679502547E+00 0.667067409E+00 0.645584047E+00 0.623547792E+00 0.605576754E+00
 0.257738680E+00 0.251811802E+00 0.250868171E+00 0.250919729E+00 0.250193864E+00
 0.249069303E+00 0.247690827E+00 0.246136650E+00 0.244458973E+00 0.242697224E+00
 0.240883246E+00 0.239043832E+00 0.237201959E+00 0.235377431E+00 0.233587280E+00
 0.231845781E+00 0.230164453E+00 0.228725359E+00 0.227559000E+00 0.226697043E+00
 0.226171061E+00 0.226008460E+00 0.226221681E+00 0.226840168E+00 0.227902398E+00
 0.229456738E+00 0.231570557E+00 0.234088406E+00 0.237073079E+00 0.240565538E+00
 0.244589195E+00 0.249138683E+00 0.254226387E+00 0.259867311E+00 0.266074091E+00
 0.272861153E+00 0.280244380E+00 0.288240969E+00 0.296869963E+00 0.306152940E+00
 0.316114694E+00 0.326783866E+00 0.338193804E+00 0.350383401E+00 0.363398224E+00
 0.377291977E+00 0.392127931E+00 0.407980680E+00 0.424937904E+00 0.443101704E+00
 0.462589145E+00 0.483530670E+00 0.506065726E+00 0.530336320E+00 0.556487441E+00
 0.584734082E+00 0.613393784E+00 0.633884430E+00 0.647227526E+00 0.653972089E+00
 0.653894782E+00 0.647554278E+00 0.634106338E+00 0.615241170E+00 0.599824488E+00
 0.278317928E+00 0.274755359E+00 0.270393461E+00 0.266563594E+00 0.263342679E+00
 0.260363072E+00 0.257479697E+00 0.254630983E+00 0.251791030E+00 0.248951271E+00
 0.246112227E+00 0.243279338E+00 0.240460709E+00 0.237665758E+00 0.234904453E+00
 0.232186750E+00 0.229522526E+00 0.227097228E+00 0.224945545E+00 0.223102137E+00
 0.221601352E+00 0.220476329E+00 0.219758943E+00 0.219482988E+00 0.219683811E+00
 0.220396250E+00 0.221649766E+00 0.223455653E+00 0.225848138E+00 0.228876382E+00
 0.232611373E+00 0.236865535E+00 0.241705567E+00 0.247164920E+00 0.253238618E+00
 0.259939134E+00 0.267280132E+00 0.275271595E+00 0.283924639E+00 0.293251902E+00
 0.303268045E+00 0.313989818E+00 0.325436324E+00 0.337629080E+00 0.350592077E+00
 0.364351600E+00 0.378935724E+00 0.394373089E+00 0.410690695E+00 0.427909791E+00
 0.446038485E+00 0.465059698E+00 0.484909624E+00 0.505439937E+00 0.526343644E+00
 0.546992719E+00 0.566152632E+00 0.582212269E+00 0.594206691E+00 0.601830184E+00
 0.605074167E+00 0.604146063E+00 0.599587321E+00 0.592567027E+00 0.584724009E+00
 0.293856174E+00 0.290990353E+00 0.285739124E+00 0.280374855E+00 0.275566876E+00
 0.271126717E+00 0.266918838E+00 0.262854636E+00 0.258879453E+00 0.254960775E+00
 0.251080662E+00 0.247230470E+00 0.243407711E+00 0.239614040E+00 0.235853776E+00
 0.232133135E+00 0.228459373E+00 0.225020930E+00 0.221855655E+00 0.219001859E+00
 0.216498137E+00 0.214383215E+00 0.212695748E+00 0.211474523E+00 0.210758045E+00
 0.210583702E+00 0.210986614E+00 0.211999297E+00 0.213655382E+00 0.215988144E+00
 0.219025344E+00 0.222775638E+00 0.227279052E+00 0.232603952E+00 0.238529310E+00
 0.245123401E+00 0.252415299E+00 0.260390341E+00 0.269050509E+00 0.278398067E+00
 0.288436919E+00 0.299171478E+00 0.310606241E+00 0.322745234E+00 0.335591286E+00
 0.349144906E+00 0.363402575E+00 0.378354102E+00 0.393978834E+00 0.410239726E+00
 0.427074820E+00 0.444384784E+00 0.462015092E+00 0.479731619E+00 0.497190952E+00
 0.513917565E+00 0.529322386E+00 0.542799354E+00 0.553862929E+00 0.562228203E+00
 0.567822158E+00 0.570775151E+00 0.571416676E+00 0.570244312E+00 0.567822516E+00
 0.305669963E+00 0.303034097E+00 0.297717035E+00 0.291766137E+00 0.286120713E+00
 0.280722290E+00 0.275508195E+00 0.270425647E+00 0.265434474E+00 0.260506213E+00
 0.255622029E+00 0.250770420E+00 0.245945513E+00 0.241145849E+00 0.236373425E+00
 0.231633022E+00 0.226931036E+00 0.222459823E+00 0.218259409E+00 0.214371249E+00
 0.210837990E+00 0.207703114E+00 0.205010489E+00 0.202804059E+00 0.201127321E+00
 0.200022802E+00 0.199531540E+00 0.199692756E+00 0.200543791E+00 0.202119336E+00
 0.204450250E+00 0.207562760E+00 0.211481661E+00 0.216225266E+00 0.221789867E+00
 0.228205755E+00 0.235531151E+00 0.243512020E+00 0.252200007E+00 0.261581749E+00
 0.271654785E+00 0.282412499E+00 0.293846667E+00 0.305946261E+00 0.318696648E+00
 0.332078099E+00 0.346063972E+00 0.360618085E+00 0.375691026E+00 0.391215622E+00
 0.407100827E+00 0.423224419E+00 0.439424783E+00 0.455493510E+00 0.471171677E+00
 0.486155391E+00 0.500116289E+00 0.512736976E+00 0.523752451E+00 0.532983780E+00
 0.540356636E+00 0.545904875E+00 0.549760461E+00 0.552129269E+00 0.553254426E+00
 0.315752089E+00 0.313247144E+00 0.307756871E+00 0.301449269E+00 0.295259237E+00
 0.289171875E+00 0.283168286E+00 0.277229160E+00 0.271337152E+00 0.265478075E+00
 0.259641081E+00 0.253818750E+00 0.248006701E+00 0.242203668E+00 0.236412004E+00
 0.230639234E+00 0.224902764E+00 0.219390765E+00 0.214142844E+00 0.209203348E+00
 0.204619125E+00 0.200438574E+00 0.196710825E+00 0.193485215E+00 0.190810695E+00
 0.188735381E+00 0.187305927E+00 0.186567053E+00 0.186561018E+00 0.187327027E+00
 0.188900575E+00 0.191312954E+00 0.194591016E+00 0.198756397E+00 0.203825012E+00
 0.209811643E+00 0.216725767E+00 0.224558592E+00 0.233350784E+00 0.242802978E+00
 0.252960235E+00 0.263795316E+00 0.275291443E+00 0.287425309E+00 0.300169438E+00
 0.313490242E+00 0.327346802E+00 0.341688633E+00 0.356453598E+00 0.371564716E+00
 0.386927307E+00 0.402425438E+00 0.417919666E+00 0.433245718E+00 0.448216885E+00
 0.462630153E+00 0.476277530E+00 0.488961458E+00 0.500511050E+00 0.510796607E+00
 0.519738376E+00 0.527309597E+00 0.533532560E+00 0.538469195E+00 0.542208254E+00
 0.324768454E+00 0.322333366E+00 0.316672951E+00 0.310066670E+00 0.303419679E+00
 0.296741456E+00 0.290042281E+00 0.283328623E+00 0.276603281E+00 0.269866258E+00
 0.263116002E+00 0.256350279E+00 0.249566719E+00 0.242762953E+00 0.235936061E+00
 0.229080781E+00 0.222353488E+00 0.215813994E+00 0.209517047E+00 0.203516230E+00
 0.197865352E+00 0.192618847E+00 0.187831610E+00 0.183558673E+00 0.179854736E+00
 0.176773667E+00 0.174367830E+00 0.172687605E+00 0.171780676E+00 0.171691388E+00
 0.172460169E+00 0.174122855E+00 0.176710278E+00 0.180247635E+00 0.184754208E+00
 0.190243199E+00 0.196720734E+00 0.204184607E+00 0.212625965E+00 0.222015977E+00
 0.232380435E+00 0.243376762E+00 0.255039871E+00 0.267325819E+00 0.280200303E+00
 0.293620795E+00 0.307538569E+00 0.321897179E+00 0.336631387E+00 0.351665705E+00
 0.366913170E+00 0.382274002E+00 0.397635072E+00 0.412870467E+00 0.427843481E+00
 0.442410320E+00 0.456425667E+00 0.469749004E+00 0.482251078E+00 0.493819416E+00
 0.504361689E+00 0.513807058E+00 0.522105753E+00 0.529227436E+00 0.535159826E+00
 0.333192825E+00 0.330784231E+00 0.325088918E+00 0.318160981E+00 0.311023563E+00
 0.303731918E+00 0.296330392E+00 0.288849294E+00 0.281306773E+00 0.273712456E+00
 0.266070664E+00 0.258382499E+00 0.250647455E+00 0.242864028E+00 0.235030293E+00
 0.227143973E+00 0.219380662E+00 0.211792007E+00 0.204432428E+00 0.197358325E+00
 0.190627679E+00 0.184299707E+00 0.178434551E+00 0.173092768E+00 0.168334737E+00
 0.164220169E+00 0.160807326E+00 0.158152416E+00 0.156308845E+00 0.155326515E+00
 0.155251041E+00 0.156123176E+00 0.157977998E+00 0.160844401E+00 0.164744467E+00
 0.169692904E+00 0.175696433E+00 0.182753161E+00 0.190852240E+00 0.199972972E+00
 0.210087150E+00 0.221144393E+00 0.233152747E+00 0.245731801E+00 0.258904755E+00
 0.272611618E+00 0.286801994E+00 0.301416963E+00 0.316392660E+00 0.331660092E+00
 0.347144425E+00 0.362764150E+00 0.378430873E+00 0.394049704E+00 0.409520239E+00
 0.424737960E+00 0.439596176E+00 0.453987420E+00 0.467804462E+00 0.480940223E+00
 0.493286520E+00 0.504732549E+00 0.515164018E+00 0.524465442E+00 0.532526851E+00
 0.342014700E+00 0.339646310E+00 0.333705544E+00 0.326277763E+00 0.318436235E+00
 0.310376734E+00 0.302181333E+00 0.293886602E+00 0.285509765E+00 0.277058333E+00
 0.268534809E+00 0.259938896E+00 0.251269102E+00 0.242523611E+00 0.233700827E+00
 0.224799231E+00 0.216003403E+00 0.207365751E+00 0.198942214E+00 0.190791890E+00
 0.182976380E+00 0.175559372E+00 0.168605968E+00 0.162182063E+00 0.156353787E+00
 0.151186690E+00 0.146745086E+00 0.143091217E+00 0.140284508E+00 0.138380662E+00
 0.137430951E+00 0.137481347E+00 0.138571754E+00 0.140735298E+00 0.143997639E+00
 0.148376361E+00 0.153880328E+00 0.160509244E+00 0.168253198E+00 0.177092329E+00
 0.186996758E+00 0.197925866E+00 0.209830970E+00 0.222639799E+00 0.236340955E+00
 0.250527382E+00 0.265210271E+00 0.280316442E+00 0.295783460E+00 0.311551809E+00
 0.327561378E+00 0.343749851E+00 0.360052139E+00 0.376400650E+00 0.392725527E+00
 0.408954918E+00 0.425014436E+00 0.440825969E+00 0.456304669E+00 0.471353859E+00
 0.485857278E+00 0.499669522E+00 0.512606919E+00 0.524445415E+00 0.534934223E+00
 0.353207976E+00 0.351575345E+00 0.343890905E+00 0.334726483E+00 0.325699836E+00
 0.316665649E+00 0.307583869E+00 0.298437953E+00 0.289217860E+00 0.279915810E+00
 0.270524830E+00 0.261038542E+00 0.251451463E+00 0.241759643E+00 0.231962711E+00
 0.222068369E+00 0.212260276E+00 0.202589661E+00 0.193114221E+00 0.183896229E+00
 0.175001293E+00 0.166497678E+00 0.158455506E+00 0.150946140E+00 0.144041419E+00
 0.137812883E+00 0.132330969E+00 0.127664194E+00 0.123878159E+00 0.121034756E+00
 0.119191192E+00 0.118399121E+00 0.118703768E+00 0.120143130E+00 0.122747220E+00
 0.126537398E+00 0.131525770E+00 0.137714729E+00 0.145096615E+00 0.153653428E+00
 0.163356826E+00 0.174167961E+00 0.186037838E+00 0.198906735E+00 0.212707162E+00
 0.227347165E+00 0.242793813E+00 0.258621275E+00 0.274796426E+00 0.291282088E+00
 0.308038771E+00 0.325024813E+00 0.342197865E+00 0.359516233E+00 0.376939654E+00
 0.394429386E+00 0.411947519E+00 0.429454774E+00 0.446905911E+00 0.464241683E+00
 0.481374264E+00 0.498162597E+00 0.514373779E+00 0.529635370E+00 0.543424249E+00
 0.361848623E+00 0.360416353E+00 0.352252781E+00 0.342137963E+00 0.332171828E+00
 0.322268367E+00 0.312362611E+00 0.302412391E+00 0.292389601E+00 0.282273918E+00
 0.272049606E+00 0.261703223E+00 0.251222491E+00 0.240594909E+00 0.229805708E+00
 0.218989745E+00 0.208213389E+00 0.197540775E+00 0.187037364E+00 0.176771134E+00
 0.166812822E+00 0.157235697E+00 0.148115143E+00 0.139527977E+00 0.131551817E+00
 0.124264248E+00 0.117741928E+00 0.112059705E+00 0.107289612E+00 0.103499897E+00
 0.100754015E+00 0.991096497E-01 0.986177772E-01 0.993217379E-01 0.101256490E+00
 0.104447827E+00 0.108911812E+00 0.114654325E+00 0.121670723E+00 0.129945740E+00
 0.139453471E+00 0.150157705E+00 0.162012413E+00 0.174962536E+00 0.188945591E+00
 0.203893438E+00 0.219739810E+00 0.236413464E+00 0.253434479E+00 0.270781517E+00
 0.288435459E+00 0.306369811E+00 0.324560165E+00 0.342987686E+00 0.361640930E+00
 0.380516469E+00 0.399619490E+00 0.418963432E+00 0.438568532E+00 0.458458424E+00
 0.478652030E+00 0.499145627E+00 0.519864559E+00 0.540487051E+00 0.559860587E+00
 0.368688434E+00 0.367314190E+00 0.358578146E+00 0.348011702E+00 0.337485880E+00
 0.326955408E+00 0.316383868E+00 0.305739671E+00 0.294996887E+00 0.284134328E+00
 0.273134023E+00 0.261980146E+00 0.250658065E+00 0.239153534E+00 0.227452546E+00
 0.215708613E+00 0.203979820E+00 0.192329362E+00 0.180824637E+00 0.169536859E+00
 0.158540711E+00 0.147913948E+00 0.137736812E+00 0.128091469E+00 0.119061142E+00
 0.110729381E+00 0.103179060E+00 0.964913890E-01 0.907448977E-01 0.860143080E-01
 0.823695064E-01 0.798744336E-01 0.785860643E-01 0.785534382E-01 0.798167884E-01
 0.824067369E-01 0.863437206E-01 0.916374549E-01 0.982866660E-01 0.106278971E+00
 0.115590997E+00 0.126188681E+00 0.138027921E+00 0.151055351E+00 0.165209666E+00
 0.180423051E+00 0.196623281E+00 0.213735074E+00 0.231683701E+00 0.249965295E+00
 0.268614680E+00 0.287587255E+00 0.306863874E+00 0.326443046E+00 0.346339017E+00
 0.366582364E+00 0.387221903E+00 0.408327878E+00 0.429996639E+00 0.452357203E+00
 0.475582510E+00 0.499910682E+00 0.525695860E+00 0.553556383E+00 0.582706273E+00
 0.373602897E+00 0.372154266E+00 0.363522381E+00 0.352684975E+00 0.341775417E+00
 0.330778331E+00 0.319674075E+00 0.308443457E+00 0.297068745E+00 0.285533547E+00
 0.273822576E+00 0.261921048E+00 0.249814391E+00 0.237488031E+00 0.224927187E+00
 0.212295786E+00 0.199652895E+00 0.187063009E+00 0.174595520E+00 0.162324429E+00
 0.150327861E+00 0.138687596E+00 0.127488449E+00 0.116817586E+00 0.106763698E+00
 0.974161029E-01 0.888637528E-01 0.811941549E-01 0.744922683E-01 0.688393116E-01
 0.643116236E-01 0.609794669E-01 0.589059331E-01 0.581458770E-01 0.587449633E-01
 0.607388131E-01 0.641523376E-01 0.689992011E-01 0.752814934E-01 0.829896107E-01
 0.921023414E-01 0.102587149E+00 0.114400722E+00 0.127489612E+00 0.141791031E+00
 0.157233611E+00 0.173737675E+00 0.191214547E+00 0.209563479E+00 0.228663012E+00
 0.248472616E+00 0.268556982E+00 0.288930714E+00 0.309617192E+00 0.330655396E+00
 0.352103770E+00 0.374044716E+00 0.396590889E+00 0.419893801E+00 0.444155991E+00
 0.469648033E+00 0.496732056E+00 0.525893092E+00 0.557784557E+00 0.590771258E+00
 0.377764463E+00 0.376244247E+00 0.367528856E+00 0.356486738E+00 0.345285505E+00
 0.333915114E+00 0.322364300E+00 0.310624570E+00 0.298687577E+00 0.286543906E+00
 0.274182767E+00 0.261591882E+00 0.248757824E+00 0.235665962E+00 0.222300485E+00
 0.208835289E+00 0.195331112E+00 0.181854114E+00 0.168475837E+00 0.155272886E+00
 0.142326608E+00 0.129722521E+00 0.117549710E+00 0.105900072E+00 0.948674753E-01
 0.845467895E-01 0.750328228E-01 0.664191842E-01 0.587970912E-01 0.522541292E-01
 0.468729623E-01 0.427301042E-01 0.398946963E-01 0.384273566E-01 0.383791439E-01
 0.397906341E-01 0.426911563E-01 0.470982231E-01 0.530171506E-01 0.604408793E-01
 0.693500564E-01 0.797132999E-01 0.914877057E-01 0.104619503E+00 0.119044952E+00
 0.134691268E+00 0.151477709E+00 0.169316843E+00 0.188116387E+00 0.207783118E+00
 0.228232652E+00 0.249381408E+00 0.270775169E+00 0.292439193E+00 0.314424098E+00
 0.336801618E+00 0.359667718E+00 0.383149236E+00 0.407413244E+00 0.432679892E+00
 0.459238708E+00 0.487468392E+00 0.517856002E+00 0.551003635E+00 0.586074591E+00
 0.381694734E+00 0.380151302E+00 0.370865703E+00 0.359700650E+00 0.348282188E+00
 0.336586744E+00 0.324627906E+00 0.312417746E+00 0.299960881E+00 0.287255377E+00
 0.274294287E+00 0.261067301E+00 0.247561693E+00 0.233763009E+00 0.219654843E+00
 0.205419868E+00 0.191119343E+00 0.176820546E+00 0.162596762E+00 0.148526981E+00
 0.134695485E+00 0.121191315E+00 0.108107522E+00 0.955404565E-01 0.835888460E-01
 0.723527893E-01 0.619326420E-01 0.524278209E-01 0.439355224E-01 0.365493931E-01
 0.303581879E-01 0.254444219E-01 0.218830593E-01 0.197402760E-01 0.190723203E-01
 0.199245084E-01 0.223303922E-01 0.263111014E-01 0.318749100E-01 0.390170328E-01
 0.477196388E-01 0.579521433E-01 0.696716979E-01 0.828239471E-01 0.973439738E-01
 0.113157496E+00 0.130182281E+00 0.148329765E+00 0.167507097E+00 0.187619194E+00
 0.208570465E+00 0.230263039E+00 0.252590865E+00 0.275059640E+00 0.297747433E+00
 0.320729941E+00 0.344095141E+00 0.367952734E+00 0.392443061E+00 0.417747617E+00
 0.444104195E+00 0.471830040E+00 0.501360595E+00 0.533308685E+00 0.567131221E+00
 0.383887410E+00 0.381875873E+00 0.373772055E+00 0.362816334E+00 0.351129413E+00
 0.339037985E+00 0.326632351E+00 0.313944697E+00 0.300984293E+00 0.287749201E+00
 0.274230957E+00 0.260417342E+00 0.246294260E+00 0.231848255E+00 0.217070967E+00
 0.202143714E+00 0.187125221E+00 0.172083080E+00 0.157092214E+00 0.142233938E+00
 0.127595380E+00 0.113268830E+00 0.993510857E-01 0.859426036E-01 0.731466040E-01
 0.610680357E-01 0.498123877E-01 0.394844674E-01 0.301870275E-01 0.220193900E-01
 0.150759881E-01 0.944495201E-02 0.520669669E-02 0.243259151E-02 0.118373055E-02
 0.150983839E-02 0.344834733E-02 0.702367304E-02 0.122467093E-01 0.191145688E-01
 0.276105683E-01 0.377044789E-01 0.493530221E-01 0.625006557E-01 0.770805478E-01
 0.930158794E-01 0.110221364E+00 0.128605053E+00 0.148070604E+00 0.168520078E+00
 0.189857781E+00 0.211996526E+00 0.234869868E+00 0.257866979E+00 0.280993611E+00
 0.304278672E+00 0.327769578E+00 0.351529807E+00 0.375638545E+00 0.400191545E+00
 0.425303042E+00 0.451110244E+00 0.477786988E+00 0.505606651E+00 0.534531057E+00
 0.390121698E+00 0.388839513E+00 0.378970981E+00 0.366551042E+00 0.354053408E+00
 0.341357917E+00 0.328428477E+00 0.315248221E+00 0.301802516E+00 0.288075268E+00
 0.274048388E+00 0.259701192E+00 0.245010033E+00 0.229946688E+00 0.214621231E+00
 0.199102268E+00 0.183458835E+00 0.167763993E+00 0.152096242E+00 0.136539921E+00
 0.121185079E+00 0.106127106E+00 0.914661810E-01 0.773064867E-01 0.637552738E-01
 0.509218536E-01 0.389163531E-01 0.278484244E-01 0.178258587E-01 0.895310007E-02
 0.132973783E-02-0.495100906E-02-0.980378035E-02-0.131524997E-01-0.149316974E-01
-0.150876902E-01-0.135795893E-01-0.103801060E-01-0.547612738E-02 0.113096030E-02
 0.942520332E-02 0.193762854E-01 0.309399888E-01 0.440589301E-01 0.586635210E-01
 0.746731609E-01 0.919976383E-01 0.110538706E+00 0.130191728E+00 0.150847405E+00
 0.172393203E+00 0.194713995E+00 0.217690453E+00 0.241190925E+00 0.264650077E+00
 0.288068146E+00 0.311460555E+00 0.334846526E+00 0.358242124E+00 0.381652296E+00
 0.405057967E+00 0.428391576E+00 0.451486528E+00 0.473966211E+00 0.495060086E+00
 0.394496918E+00 0.393383682E+00 0.382671058E+00 0.369601756E+00 0.356501639E+00
 0.343282282E+00 0.329886019E+00 0.316270500E+00 0.302402228E+00 0.288252115E+00
 0.273792654E+00 0.258996665E+00 0.243836105E+00 0.228281662E+00 0.212457374E+00
 0.196421638E+00 0.180240408E+00 0.163986519E+00 0.147739470E+00 0.131585225E+00
 0.115615942E+00 0.999294892E-01 0.846288651E-01 0.698214024E-01 0.556178354E-01
 0.421312228E-01 0.294757057E-01 0.177651625E-01 0.711175893E-02-0.237558689E-02
-0.105927847E-01-0.174421631E-01-0.228340421E-01-0.266882386E-01-0.289354678E-01
-0.295186210E-01-0.283938441E-01-0.255314261E-01-0.209164489E-01-0.145491753E-01
-0.644517923E-02 0.336479535E-02 0.148352487E-01 0.279065855E-01 0.425060168E-01
 0.585486405E-01 0.759387165E-01 0.945709795E-01 0.114332050E+00 0.135101631E+00
 0.156753421E+00 0.179155454E+00 0.202169076E+00 0.225645989E+00 0.249422461E+00
 0.272903860E+00 0.296113610E+00 0.319049835E+00 0.341690361E+00 0.363988012E+00
 0.385860056E+00 0.407171488E+00 0.427713186E+00 0.447182387E+00 0.465186566E+00
 0.396308690E+00 0.395129174E+00 0.384780169E+00 0.371492922E+00 0.358100086E+00
 0.344571024E+00 0.330863029E+00 0.316935897E+00 0.302752852E+00 0.288280189E+00
 0.273486257E+00 0.258340210E+00 0.242811382E+00 0.226868585E+00 0.210640654E+00
 0.194184765E+00 0.177566051E+00 0.160857201E+00 0.144138262E+00 0.127496287E+00
 0.111024953E+00 0.948240235E-01 0.789987370E-01 0.636589676E-01 0.489182845E-01
 0.348928235E-01 0.217000321E-01 0.945729017E-02-0.171960797E-02-0.117180236E-01
-0.204301197E-01-0.277545135E-01-0.335979238E-01-0.378767401E-01-0.405185111E-01
-0.414632857E-01-0.406647734E-01-0.380913019E-01-0.337265357E-01-0.275699254E-01
-0.196369048E-01-0.995880272E-02 0.141751044E-02 0.144302296E-01 0.290034451E-01
 0.450481772E-01 0.624635443E-01 0.811380669E-01 0.100950986E+00 0.121773668E+00
 0.143470988E+00 0.165903077E+00 0.188927740E+00 0.212405488E+00 0.236210972E+00
 0.259645671E+00 0.282650858E+00 0.305184573E+00 0.327199578E+00 0.348631561E+00
 0.369390756E+00 0.389355361E+00 0.408367991E+00 0.426237643E+00 0.442751944E+00
 0.397447318E+00 0.396253735E+00 0.385731488E+00 0.372348726E+00 0.358845651E+00
 0.345184505E+00 0.331324399E+00 0.317226291E+00 0.302854180E+00 0.288174719E+00
 0.273156077E+00 0.257767230E+00 0.241976917E+00 0.225753188E+00 0.209228873E+00
 0.192461386E+00 0.175516054E+00 0.158465937E+00 0.141391709E+00 0.124381334E+00
 0.107529633E+00 0.909378380E-01 0.747128576E-01 0.589665174E-01 0.438145399E-01
 0.293754209E-01 0.157691594E-01 0.311582512E-02-0.846597459E-02-0.188607164E-01
-0.279576480E-01-0.356524996E-01-0.418491736E-01-0.464613922E-01-0.494142249E-01
-0.506455041E-01-0.501070507E-01-0.477656722E-01-0.436039604E-01-0.376207903E-01
-0.298315622E-01-0.202681720E-01-0.897869840E-02 0.397314969E-02 0.185088255E-01
 0.345359296E-01 0.519493297E-01 0.706324205E-01 0.904583707E-01 0.111291386E+00
 0.132987842E+00 0.155397117E+00 0.178361744E+00 0.201716051E+00 0.225280568E+00
 0.248845562E+00 0.271761030E+00 0.294023275E+00 0.315601945E+00 0.336445034E+00
 0.356480300E+00 0.375616461E+00 0.393745363E+00 0.410747081E+00 0.426498532E+00
 0.397561312E+00 0.396335930E+00 0.385579228E+00 0.372243524E+00 0.358802974E+00
 0.345179349E+00 0.331320792E+00 0.317188591E+00 0.302751094E+00 0.287979662E+00
 0.272846341E+00 0.257322788E+00 0.241379425E+00 0.224985182E+00 0.208276570E+00
 0.191311896E+00 0.174157128E+00 0.156885996E+00 0.139579803E+00 0.122327261E+00
 0.105224058E+00 0.883724317E-01 0.718804747E-01 0.558613129E-01 0.404321402E-01
 0.257130601E-01 0.118258102E-01-0.110769796E-02-0.129669225E-01-0.236343499E-01
-0.329972059E-01-0.409492142E-01-0.473923050E-01-0.522383265E-01-0.554106012E-01
-0.568453893E-01-0.564931594E-01-0.543196425E-01-0.503066480E-01-0.444526263E-01
-0.367729478E-01-0.272999015E-01-0.160824247E-01-0.318558095E-02 0.113102095E-01
 0.273101218E-01 0.447060429E-01 0.633778125E-01 0.831945017E-01 0.104015730E+00
 0.125692904E+00 0.148070395E+00 0.170986563E+00 0.194274709E+00 0.217764497E+00
 0.241285458E+00 0.264084786E+00 0.286143750E+00 0.307430714E+00 0.327900738E+00
 0.347496212E+00 0.366148770E+00 0.383782089E+00 0.400316298E+00 0.415673494E+00
 0.395694196E+00 0.394246817E+00 0.384109288E+00 0.371199757E+00 0.358095646E+00
 0.344698787E+00 0.330980778E+00 0.316928595E+00 0.302528828E+00 0.287764698E+00
 0.272615850E+00 0.257058769E+00 0.241066933E+00 0.224611148E+00 0.207830742E+00
 0.190785021E+00 0.173540711E+00 0.156172127E+00 0.138761103E+00 0.121396817E+00
 0.104175493E+00 0.871999040E-01 0.705787465E-01 0.544258244E-01 0.388590805E-01
 0.239994470E-01 0.996954553E-02-0.310774823E-02-0.151108801E-01-0.259212777E-01
-0.354250856E-01-0.435149223E-01-0.500916392E-01-0.550660267E-01-0.583604090E-01
-0.599101298E-01-0.596648455E-01-0.575896129E-01-0.536657237E-01-0.478913002E-01
-0.402815863E-01-0.308689959E-01-0.197028387E-01-0.684882933E-02 0.761165982E-02
 0.235825479E-01 0.409541614E-01 0.596044734E-01 0.794004351E-01 0.100199372E+00
 0.121850379E+00 0.144195780E+00 0.167072609E+00 0.190314308E+00 0.213752657E+00
 0.237220183E+00 0.259928584E+00 0.281855583E+00 0.302969664E+00 0.323230177E+00
 0.342587888E+00 0.360987008E+00 0.378367603E+00 0.394669205E+00 0.409834921E+00
 0.392214060E+00 0.390009582E+00 0.381480813E+00 0.369783372E+00 0.357177407E+00
 0.344054788E+00 0.330515385E+00 0.316591918E+00 0.302291125E+00 0.287606567E+00
 0.272523820E+00 0.257023066E+00 0.241080165E+00 0.224667564E+00 0.207925454E+00
 0.190913767E+00 0.173699692E+00 0.156357795E+00 0.138970122E+00 0.121625975E+00
 0.104421638E+00 0.874599144E-01 0.708495155E-01 0.547042526E-01 0.391420648E-01
 0.242838971E-01 0.102524078E-01-0.282948371E-02-0.148401456E-01-0.256609041E-01
-0.351777673E-01-0.432831980E-01-0.498778485E-01-0.548722930E-01-0.581886061E-01
-0.597618744E-01-0.595414713E-01-0.574921668E-01-0.535949655E-01-0.478477180E-01
-0.402654149E-01-0.308802370E-01-0.197413191E-01-0.691425009E-02 0.751965586E-02
 0.234642942E-01 0.408098735E-01 0.594341494E-01 0.792037472E-01 0.999755338E-01
 0.121598057E+00 0.143912971E+00 0.166756615E+00 0.189961672E+00 0.213359237E+00
 0.236781329E+00 0.259436071E+00 0.281301111E+00 0.302345484E+00 0.322529584E+00
 0.341806322E+00 0.360122800E+00 0.377423018E+00 0.393651098E+00 0.408755064E+00
 0.393178493E+00 0.391561180E+00 0.381746233E+00 0.369328380E+00 0.356608570E+00
 0.343530506E+00 0.330088526E+00 0.316282958E+00 0.302109122E+00 0.287556231E+00
 0.272608310E+00 0.257245094E+00 0.241442591E+00 0.225173607E+00 0.208576664E+00
 0.191711605E+00 0.174645483E+00 0.157452777E+00 0.140215293E+00 0.123022012E+00
 0.105968781E+00 0.891579017E-01 0.726974607E-01 0.567005686E-01 0.412844196E-01
 0.265691541E-01 0.126765780E-01-0.271246216E-03-0.121535547E-01-0.228525251E-01
-0.322549865E-01-0.402541682E-01-0.467514247E-01-0.516579300E-01-0.548962802E-01
-0.564019270E-01-0.561244935E-01-0.540288389E-01-0.500959121E-01-0.443233103E-01
-0.367256179E-01-0.273344293E-01-0.161981154E-01-0.338132703E-02 0.110357162E-01
 0.269581527E-01 0.442775562E-01 0.628731325E-01 0.826129839E-01 0.103355385E+00
 0.124950051E+00 0.147239298E+00 0.170059174E+00 0.193240494E+00 0.216610432E+00
 0.239996463E+00 0.262634933E+00 0.284506381E+00 0.305579931E+00 0.325813532E+00
 0.345155358E+00 0.363545984E+00 0.380921543E+00 0.397217333E+00 0.412372291E+00
 0.392764837E+00 0.391239822E+00 0.381421328E+00 0.368862063E+00 0.356069446E+00
 0.343011707E+00 0.329658955E+00 0.315988541E+00 0.301980674E+00 0.287615508E+00
 0.272871912E+00 0.257726669E+00 0.242154315E+00 0.226127118E+00 0.209779382E+00
 0.193170264E+00 0.176366448E+00 0.159441933E+00 0.142477959E+00 0.125562742E+00
 0.108791225E+00 0.922646001E-01 0.760896951E-01 0.603782423E-01 0.452459082E-01
 0.308112111E-01 0.171942543E-01 0.451534148E-02-0.710655469E-02-0.175553970E-01
-0.267197657E-01-0.344945677E-01-0.407827236E-01-0.454968363E-01-0.485607237E-01
-0.499108620E-01-0.494976342E-01-0.472863615E-01-0.432581380E-01-0.374103822E-01
-0.297571197E-01-0.203290042E-01-0.917307660E-02 0.364773418E-02 0.180553403E-01
 0.339573994E-01 0.512483828E-01 0.698107406E-01 0.895161033E-01 0.110226505E+00
 0.131795421E+00 0.154068664E+00 0.176884502E+00 0.200072363E+00 0.223447338E+00
 0.246793583E+00 0.269443333E+00 0.291389674E+00 0.312600911E+00 0.333027184E+00
 0.352603853E+00 0.371254206E+00 0.388892770E+00 0.405430228E+00 0.420779377E+00
 0.392081946E+00 0.390670508E+00 0.380432338E+00 0.367911667E+00 0.355204552E+00
 0.342272818E+00 0.329087853E+00 0.315622121E+00 0.301849812E+00 0.287746012E+00
 0.273286045E+00 0.258444369E+00 0.243194088E+00 0.227506399E+00 0.211508825E+00
 0.195260525E+00 0.178828195E+00 0.162285477E+00 0.145712763E+00 0.129197136E+00
 0.112832077E+00 0.967170820E-01 0.809570923E-01 0.656617358E-01 0.509444214E-01
 0.369212404E-01 0.237097777E-01 0.114277061E-01 0.191329615E-03-0.988599379E-02
-0.186954811E-01-0.261345841E-01-0.321086273E-01-0.365324095E-01-0.393316895E-01
-0.404445715E-01-0.398227014E-01-0.374322534E-01-0.332547128E-01-0.272873770E-01
-0.195436254E-01-0.100528952E-01 0.113958959E-02 0.139733367E-01 0.283733271E-01
 0.442509428E-01 0.615050346E-01 0.800231025E-01 0.996825173E-01 0.120351776E+00
 0.141891822E+00 0.164157674E+00 0.187000841E+00 0.210274518E+00 0.233845368E+00
 0.256988883E+00 0.279634386E+00 0.301728606E+00 0.323214918E+00 0.344023645E+00
 0.364067793E+00 0.383241206E+00 0.401420057E+00 0.418467849E+00 0.434244663E+00
 0.389809012E+00 0.388407111E+00 0.378710806E+00 0.366365224E+00 0.353862613E+00
 0.341173112E+00 0.328261822E+00 0.315096915E+00 0.301649928E+00 0.287894815E+00
 0.273806512E+00 0.259359777E+00 0.244527668E+00 0.229279354E+00 0.213725626E+00
 0.197934538E+00 0.181974947E+00 0.165920109E+00 0.149849072E+00 0.133847028E+00
 0.118005395E+00 0.102421299E+00 0.871971324E-01 0.724397302E-01 0.582595356E-01
 0.447694957E-01 0.320838690E-01 0.203169212E-01 0.958145596E-02-0.126721397E-04
-0.836014282E-02-0.153617607E-01-0.209260266E-01-0.249706618E-01-0.274240430E-01
-0.282264929E-01-0.273314137E-01-0.247062277E-01-0.203330796E-01-0.142092993E-01
-0.634760642E-02 0.322394446E-02 0.144622829E-01 0.273098834E-01 0.416955389E-01
 0.575353317E-01 0.747337416E-01 0.931848139E-01 0.112773366E+00 0.133375987E+00
 0.154861763E+00 0.177092239E+00 0.199920222E+00 0.223186389E+00 0.246713087E+00
 0.269871891E+00 0.292667061E+00 0.315073848E+00 0.337044448E+00 0.358506024E+00
 0.379355609E+00 0.399453908E+00 0.418621480E+00 0.436641127E+00 0.453271568E+00
 0.387019038E+00 0.385646164E+00 0.376131505E+00 0.364080489E+00 0.351935029E+00
 0.339629412E+00 0.327114433E+00 0.314356387E+00 0.301329702E+00 0.288012475E+00
 0.274384201E+00 0.260424823E+00 0.246114954E+00 0.231437117E+00 0.216379821E+00
 0.201124445E+00 0.185728669E+00 0.170259759E+00 0.154792830E+00 0.139409974E+00
 0.124199636E+00 0.109255984E+00 0.946782380E-01 0.805698782E-01 0.670377240E-01
 0.541909114E-01 0.421397090E-01 0.309942383E-01 0.208630823E-01 0.118518444E-01
 0.406164117E-02-0.241241069E-02-0.748269400E-02-0.110705271E-01-0.131075131E-01
-0.135367531E-01-0.123139070E-01-0.940804556E-02-0.480229501E-02 0.150576513E-02
 0.950395223E-02 0.191655923E-01 0.304498896E-01 0.433025360E-01 0.576565638E-01
 0.734333843E-01 0.905440152E-01 0.108890466E+00 0.128367111E+00 0.148862153E+00
 0.170258656E+00 0.192434937E+00 0.215262353E+00 0.238596320E+00 0.261838973E+00
 0.284967780E+00 0.307969004E+00 0.330824077E+00 0.353500128E+00 0.375939816E+00
 0.398047119E+00 0.419667810E+00 0.440564454E+00 0.460393697E+00 0.478710800E+00
 0.383221298E+00 0.381797493E+00 0.372292370E+00 0.360910416E+00 0.349398226E+00
 0.337650537E+00 0.325650483E+00 0.313391179E+00 0.300864339E+00 0.288058966E+00
 0.274961740E+00 0.261557400E+00 0.247829184E+00 0.233759120E+00 0.219327465E+00
 0.204715267E+00 0.189982697E+00 0.175196573E+00 0.160430372E+00 0.145763889E+00
 0.131282777E+00 0.117078103E+00 0.103245594E+00 0.898849219E-01 0.770988315E-01
 0.649920851E-01 0.536703803E-01 0.432390757E-01 0.338019095E-01 0.254595932E-01
 0.183083974E-01 0.124387247E-01 0.793369487E-02 0.486780098E-02 0.330565381E-02
 0.330085261E-02 0.489501609E-02 0.811700337E-02 0.129823405E-01 0.194928907E-01
 0.276367553E-01 0.373884365E-01 0.487092547E-01 0.615479983E-01 0.758418441E-01
 0.915174782E-01 0.108492494E+00 0.126676962E+00 0.145975366E+00 0.166289017E+00
 0.187519506E+00 0.209574774E+00 0.232381359E+00 0.255299985E+00 0.278319538E+00
 0.301446229E+00 0.324695826E+00 0.348087519E+00 0.371637434E+00 0.395349920E+00
 0.419202834E+00 0.443119884E+00 0.466913044E+00 0.490156919E+00 0.511980295E+00
 0.377179950E+00 0.375293881E+00 0.367583513E+00 0.357383966E+00 0.346587777E+00
 0.335420787E+00 0.323960125E+00 0.312234193E+00 0.300251096E+00 0.288008660E+00
 0.275498688E+00 0.262709200E+00 0.249625474E+00 0.236230701E+00 0.222506240E+00
 0.208622038E+00 0.194637954E+00 0.180619970E+00 0.166639969E+00 0.152775481E+00
 0.139109433E+00 0.125729516E+00 0.112727731E+00 0.100199617E+00 0.882434025E-01
 0.769590363E-01 0.664471462E-01 0.568078570E-01 0.481395163E-01 0.405374244E-01
 0.340924747E-01 0.288898293E-01 0.250075907E-01 0.225155633E-01 0.214740895E-01
 0.219330098E-01 0.239307843E-01 0.274937879E-01 0.326358154E-01 0.393577963E-01
 0.476477481E-01 0.574809723E-01 0.688204840E-01 0.816176906E-01 0.958132967E-01
 0.111338444E+00 0.128116056E+00 0.146062404E+00 0.165088594E+00 0.185101926E+00
 0.206006348E+00 0.227701038E+00 0.250074595E+00 0.272609562E+00 0.295375764E+00
 0.318435252E+00 0.341854900E+00 0.365712434E+00 0.390100300E+00 0.415128648E+00
 0.440928400E+00 0.467657030E+00 0.495514005E+00 0.524812043E+00 0.555511355E+00
 0.374378175E+00 0.372897238E+00 0.364766628E+00 0.354410321E+00 0.343857080E+00
 0.333084852E+00 0.322094411E+00 0.310888857E+00 0.299466997E+00 0.287822962E+00
 0.275947154E+00 0.263827056E+00 0.251448005E+00 0.238793522E+00 0.225845516E+00
 0.212759748E+00 0.199595302E+00 0.186417118E+00 0.173295364E+00 0.160305172E+00
 0.147526339E+00 0.135043025E+00 0.122943133E+00 0.111317709E+00 0.100260131E+00
 0.898651704E-01 0.802280083E-01 0.714431107E-01 0.636030436E-01 0.567972884E-01
 0.511109531E-01 0.466235392E-01 0.434077382E-01 0.415282622E-01 0.410407893E-01
 0.419910178E-01 0.444138721E-01 0.483328663E-01 0.537596829E-01 0.606939308E-01
 0.691231266E-01 0.790229142E-01 0.903574675E-01 0.103080139E+00 0.117134333E+00
 0.132454589E+00 0.148967996E+00 0.166595906E+00 0.185256138E+00 0.204865202E+00
 0.225338787E+00 0.246592566E+00 0.268156707E+00 0.290059268E+00 0.312353790E+00
 0.335114002E+00 0.358435869E+00 0.382442862E+00 0.407294184E+00 0.433196396E+00
 0.460420549E+00 0.489329189E+00 0.520420194E+00 0.554394603E+00 0.590646505E+00
 0.370915890E+00 0.369585812E+00 0.361355960E+00 0.351152956E+00 0.340866208E+00
 0.330467105E+00 0.319938779E+00 0.309266120E+00 0.298434854E+00 0.287430555E+00
 0.276238531E+00 0.264843553E+00 0.253229797E+00 0.241380006E+00 0.229274064E+00
 0.217043489E+00 0.204754785E+00 0.192473575E+00 0.180268109E+00 0.168210521E+00
 0.156377032E+00 0.144847751E+00 0.133706182E+00 0.123038538E+00 0.112933047E+00
 0.103479020E+00 0.947659016E-01 0.868822262E-01 0.799145103E-01 0.739461109E-01
 0.690560639E-01 0.653179437E-01 0.627987236E-01 0.615577474E-01 0.616457425E-01
 0.631039664E-01 0.659635067E-01 0.702447072E-01 0.759567991E-01 0.830977187E-01
 0.916541070E-01 0.101601504E+00 0.112904742E+00 0.125518501E+00 0.139387920E+00
 0.154449537E+00 0.170632213E+00 0.187858924E+00 0.206050530E+00 0.225135595E+00
 0.245042846E+00 0.265314788E+00 0.285975993E+00 0.307064921E+00 0.328638703E+00
 0.350777209E+00 0.373587996E+00 0.397213995E+00 0.421843827E+00 0.447726369E+00
 0.475189745E+00 0.504665077E+00 0.536710203E+00 0.572019815E+00 0.609667301E+00
 0.366167605E+00 0.364873558E+00 0.357101917E+00 0.347180307E+00 0.337250799E+00
 0.327299267E+00 0.317298204E+00 0.307220280E+00 0.297040403E+00 0.286736369E+00
 0.276288599E+00 0.265680045E+00 0.254895896E+00 0.243923977E+00 0.232756287E+00
 0.221393362E+00 0.210014775E+00 0.198673069E+00 0.187429011E+00 0.176349446E+00
 0.165505975E+00 0.154974192E+00 0.144832864E+00 0.135163218E+00 0.126048133E+00
 0.117571309E+00 0.109816290E+00 0.102865525E+00 0.967993066E-01 0.916947275E-01
 0.876246020E-01 0.846564025E-01 0.828512460E-01 0.822629333E-01 0.829370543E-01
 0.849102363E-01 0.882095173E-01 0.928518251E-01 0.988436863E-01 0.106181070E+00
 0.114849433E+00 0.124823935E+00 0.136069819E+00 0.148542881E+00 0.162189975E+00
 0.176949024E+00 0.192748129E+00 0.209502384E+00 0.227105156E+00 0.245527670E+00
 0.264338106E+00 0.283549786E+00 0.303182811E+00 0.323269367E+00 0.343858033E+00
 0.365017921E+00 0.386844069E+00 0.409464240E+00 0.433048666E+00 0.457823455E+00
 0.484089792E+00 0.512251198E+00 0.542853057E+00 0.576647103E+00 0.611833036E+00
 0.360670328E+00 0.359445453E+00 0.351755828E+00 0.342174888E+00 0.332722932E+00
 0.323345482E+00 0.313990295E+00 0.304612398E+00 0.295175374E+00 0.285650671E+00
 0.276015699E+00 0.266252369E+00 0.256345987E+00 0.246284321E+00 0.236056820E+00
 0.225653559E+00 0.215247214E+00 0.204892680E+00 0.194650188E+00 0.184584334E+00
 0.174763486E+00 0.165259331E+00 0.156146169E+00 0.147500306E+00 0.139399320E+00
 0.131921247E+00 0.125143752E+00 0.119143136E+00 0.113993466E+00 0.109765522E+00
 0.106525868E+00 0.104335859E+00 0.103250720E+00 0.103318647E+00 0.104580045E+00
 0.107066825E+00 0.110801831E+00 0.115798429E+00 0.122060217E+00 0.129580930E+00
 0.138344541E+00 0.148325518E+00 0.159489393E+00 0.171793655E+00 0.185188919E+00
 0.199620783E+00 0.215030938E+00 0.231360704E+00 0.248128578E+00 0.265371740E+00
 0.283047736E+00 0.301138341E+00 0.319641382E+00 0.338568568E+00 0.357945740E+00
 0.377814382E+00 0.398234338E+00 0.419287115E+00 0.441080660E+00 0.463755965E+00
 0.487497628E+00 0.512553513E+00 0.539281249E+00 0.568276882E+00 0.598588824E+00
 0.353489786E+00 0.352243215E+00 0.344756603E+00 0.335733414E+00 0.327003002E+00
 0.318422407E+00 0.309896559E+00 0.301363707E+00 0.292783201E+00 0.284127533E+00
 0.275377214E+00 0.266517848E+00 0.257538199E+00 0.248428881E+00 0.239180669E+00
 0.229782328E+00 0.220381141E+00 0.211041018E+00 0.201823756E+00 0.192792490E+00
 0.184012681E+00 0.175552219E+00 0.167481065E+00 0.159870684E+00 0.152793393E+00
 0.146321699E+00 0.140527353E+00 0.135480672E+00 0.131249517E+00 0.127898470E+00
 0.125487953E+00 0.124073282E+00 0.123703860E+00 0.124422386E+00 0.126264140E+00
 0.129256323E+00 0.133417577E+00 0.138757601E+00 0.145276904E+00 0.152966678E+00
 0.161808908E+00 0.171776518E+00 0.182833731E+00 0.194937229E+00 0.208037660E+00
 0.222086504E+00 0.237029701E+00 0.252416193E+00 0.268229634E+00 0.284455776E+00
 0.301072717E+00 0.318060160E+00 0.335402608E+00 0.353090942E+00 0.371123254E+00
 0.389505327E+00 0.408250511E+00 0.427379280E+00 0.446916848E+00 0.466888428E+00
 0.487309337E+00 0.508163333E+00 0.529348493E+00 0.550491929E+00 0.570359170E+00
 0.343240619E+00 0.341599017E+00 0.335136354E+00 0.327434897E+00 0.319964826E+00
 0.312527537E+00 0.305055171E+00 0.297517538E+00 0.289898515E+00 0.282188356E+00
 0.274380773E+00 0.266471535E+00 0.258457899E+00 0.250338525E+00 0.242113769E+00
 0.233787358E+00 0.225370899E+00 0.217044234E+00 0.208856925E+00 0.200865552E+00
 0.193130866E+00 0.185716376E+00 0.178687498E+00 0.172110870E+00 0.166053668E+00
 0.160582885E+00 0.155764624E+00 0.151663274E+00 0.148340732E+00 0.145855576E+00
 0.144262224E+00 0.143610194E+00 0.143943280E+00 0.145298898E+00 0.147707373E+00
 0.151191384E+00 0.155765489E+00 0.161435753E+00 0.168199524E+00 0.176045388E+00
 0.184953436E+00 0.194894522E+00 0.205829114E+00 0.217709437E+00 0.230464220E+00
 0.244075924E+00 0.258151054E+00 0.272663504E+00 0.287583619E+00 0.302879840E+00
 0.318518519E+00 0.334465384E+00 0.350686491E+00 0.367149234E+00 0.383822322E+00
 0.400675356E+00 0.417677552E+00 0.434794605E+00 0.451983362E+00 0.469182223E+00
 0.486295342E+00 0.503166080E+00 0.519536436E+00 0.534999192E+00 0.548988223E+00
 0.330234945E+00 0.327476323E+00 0.323248655E+00 0.317986757E+00 0.312185526E+00
 0.306075186E+00 0.299754769E+00 0.293272734E+00 0.286655843E+00 0.279920459E+00
 0.273077428E+00 0.266134560E+00 0.259098113E+00 0.251973391E+00 0.244764894E+00
 0.237475663E+00 0.230104789E+00 0.222812995E+00 0.215660334E+00 0.208705872E+00
 0.202009201E+00 0.195630774E+00 0.189632043E+00 0.184075087E+00 0.179022148E+00
 0.174534947E+00 0.170674115E+00 0.167498395E+00 0.165063947E+00 0.163423613E+00
 0.162626132E+00 0.162715450E+00 0.163730085E+00 0.165702537E+00 0.168658599E+00
 0.172616720E+00 0.177587554E+00 0.183573872E+00 0.190569773E+00 0.198560387E+00
 0.207527399E+00 0.217444301E+00 0.228261650E+00 0.239982739E+00 0.252244174E+00
 0.265062064E+00 0.278374106E+00 0.292128444E+00 0.306276530E+00 0.320769817E+00
 0.335558087E+00 0.350588799E+00 0.365807116E+00 0.381155819E+00 0.396575511E+00
 0.412004054E+00 0.427375644E+00 0.442618579E+00 0.457651228E+00 0.472375959E+00
 0.486670494E+00 0.500377536E+00 0.513295472E+00 0.525176883E+00 0.535743952E+00
 0.320426732E+00 0.317434520E+00 0.313750237E+00 0.309480041E+00 0.304762840E+00
 0.299707234E+00 0.294397056E+00 0.288890839E+00 0.283228368E+00 0.277437478E+00
 0.271538287E+00 0.265546501E+00 0.259475052E+00 0.253335506E+00 0.247138798E+00
 0.240895972E+00 0.234619170E+00 0.228324056E+00 0.222178638E+00 0.216237888E+00
 0.210557088E+00 0.205192029E+00 0.200199336E+00 0.195636496E+00 0.191560894E+00
 0.188029245E+00 0.185096875E+00 0.182817176E+00 0.181240931E+00 0.180415601E+00
 0.180384576E+00 0.181186497E+00 0.182854801E+00 0.185417756E+00 0.188897550E+00
 0.193308830E+00 0.198657915E+00 0.204946771E+00 0.212166920E+00 0.220281094E+00
 0.229289845E+00 0.239222318E+00 0.249753267E+00 0.260908097E+00 0.272636682E+00
 0.284897983E+00 0.297643960E+00 0.310822845E+00 0.324379385E+00 0.338253975E+00
 0.352381885E+00 0.366692573E+00 0.381109685E+00 0.395551294E+00 0.409930587E+00
 0.424156874E+00 0.438136399E+00 0.451772898E+00 0.464967281E+00 0.477616310E+00
 0.489610553E+00 0.500831902E+00 0.511153281E+00 0.520441115E+00 0.528563678E+00
 0.312368274E+00 0.309319794E+00 0.305865556E+00 0.302072287E+00 0.298003405E+00
 0.293698490E+00 0.289196670E+00 0.284531951E+00 0.279732376E+00 0.274820834E+00
 0.269816518E+00 0.264736205E+00 0.259595364E+00 0.254408985E+00 0.249192089E+00
 0.243960336E+00 0.238730267E+00 0.233519718E+00 0.228347361E+00 0.223389357E+00
 0.218694896E+00 0.214312017E+00 0.210291401E+00 0.206687003E+00 0.203552157E+00
 0.200938657E+00 0.198896721E+00 0.197474644E+00 0.196718425E+00 0.196670845E+00
 0.197370484E+00 0.198850319E+00 0.201137334E+00 0.204257235E+00 0.208232567E+00
 0.213076338E+00 0.218775541E+00 0.225352824E+00 0.232861444E+00 0.241007298E+00
 0.249844328E+00 0.259376109E+00 0.269552559E+00 0.280339360E+00 0.291698456E+00
 0.303588897E+00 0.315964699E+00 0.328773946E+00 0.341957510E+00 0.355447710E+00
 0.369167209E+00 0.383027911E+00 0.396930695E+00 0.410766214E+00 0.424416542E+00
 0.437758625E+00 0.450668484E+00 0.463026017E+00 0.474719375E+00 0.485648394E+00
 0.495726138E+00 0.504879236E+00 0.513047099E+00 0.520181417E+00 0.526246130E+00
 0.305081904E+00 0.302008957E+00 0.298707247E+00 0.295245379E+00 0.291657656E+00
 0.287950069E+00 0.284130275E+00 0.280207455E+00 0.276192009E+00 0.272095680E+00
 0.267931342E+00 0.263713062E+00 0.259455889E+00 0.255176187E+00 0.250891387E+00
 0.246620312E+00 0.242383078E+00 0.238201097E+00 0.234096497E+00 0.230090767E+00
 0.226357818E+00 0.222923577E+00 0.219828799E+00 0.217136785E+00 0.214897797E+00
 0.213157594E+00 0.211960360E+00 0.211349279E+00 0.211366594E+00 0.212052733E+00
 0.213444367E+00 0.215568826E+00 0.218428835E+00 0.222053111E+00 0.226486221E+00
 0.231796429E+00 0.237733468E+00 0.244360000E+00 0.251694977E+00 0.259708434E+00
 0.268388808E+00 0.277722865E+00 0.287689179E+00 0.298262954E+00 0.309415281E+00
 0.321112484E+00 0.333314389E+00 0.345972866E+00 0.359029412E+00 0.372412860E+00
 0.386036634E+00 0.399796277E+00 0.413567722E+00 0.427207142E+00 0.440553755E+00
 0.453436017E+00 0.465681791E+00 0.477130681E+00 0.487646431E+00 0.497126490E+00
 0.505507350E+00 0.512764633E+00 0.518908679E+00 0.523976505E+00 0.528021872E+00
 0.297923833E+00 0.294812053E+00 0.291655093E+00 0.288505614E+00 0.285374820E+00
 0.282235771E+00 0.279065013E+00 0.275847167E+00 0.272575527E+00 0.269250989E+00
 0.265880316E+00 0.262474775E+00 0.259049118E+00 0.255620658E+00 0.252209127E+00
 0.248836279E+00 0.245526180E+00 0.242305562E+00 0.239204973E+00 0.236261085E+00
 0.233522058E+00 0.231015190E+00 0.228744268E+00 0.226906493E+00 0.225516751E+00
 0.224603117E+00 0.224199623E+00 0.224343345E+00 0.225073963E+00 0.226435259E+00
 0.228480011E+00 0.231282204E+00 0.234640822E+00 0.238623589E+00 0.243269548E+00
 0.248594418E+00 0.254577041E+00 0.261216670E+00 0.268513739E+00 0.276463419E+00
 0.285060108E+00 0.294296622E+00 0.304162890E+00 0.314645827E+00 0.325728625E+00
 0.337389588E+00 0.349600464E+00 0.362324178E+00 0.375511497E+00 0.389097065E+00
 0.402994126E+00 0.417088509E+00 0.431232244E+00 0.445238471E+00 0.458880842E+00
 0.471901923E+00 0.484033972E+00 0.495029658E+00 0.504693210E+00 0.512902379E+00
 0.519618452E+00 0.524884760E+00 0.528815150E+00 0.531571329E+00 0.533332050E+00
 0.290282220E+00 0.287077576E+00 0.284103990E+00 0.281373382E+00 0.278817981E+00
 0.276341766E+00 0.273878217E+00 0.271389484E+00 0.268858463E+00 0.266282171E+00
 0.263666928E+00 0.261025280E+00 0.258374155E+00 0.255733490E+00 0.253125697E+00
 0.250575185E+00 0.248108283E+00 0.245753407E+00 0.243541390E+00 0.241505787E+00
 0.239682809E+00 0.238109171E+00 0.236825854E+00 0.235890791E+00 0.235345811E+00
 0.235226661E+00 0.235566512E+00 0.236397207E+00 0.237749442E+00 0.239652157E+00
 0.242130324E+00 0.245198950E+00 0.248846307E+00 0.253081381E+00 0.257917017E+00
 0.263362885E+00 0.269423485E+00 0.276103526E+00 0.283407658E+00 0.291339904E+00
 0.299903750E+00 0.309102148E+00 0.318937123E+00 0.329409450E+00 0.340517998E+00
 0.352258772E+00 0.364623278E+00 0.377596080E+00 0.391151220E+00 0.405246794E+00
 0.419817179E+00 0.434761822E+00 0.449929595E+00 0.465097904E+00 0.479950100E+00
 0.494066119E+00 0.506958485E+00 0.518168330E+00 0.527362466E+00 0.534372449E+00
 0.539192796E+00 0.541975737E+00 0.543024600E+00 0.542751253E+00 0.541577876E+00
 0.281202644E+00 0.277697772E+00 0.275205851E+00 0.273382664E+00 0.271784425E+00
 0.270206541E+00 0.268576026E+00 0.266869187E+00 0.265084386E+00 0.263231456E+00
 0.261326820E+00 0.259391069E+00 0.257447481E+00 0.255521089E+00 0.253638148E+00
 0.251825958E+00 0.250112683E+00 0.248527274E+00 0.247099668E+00 0.245860741E+00
 0.244842365E+00 0.244077280E+00 0.243599474E+00 0.243444309E+00 0.243644670E+00
 0.244230732E+00 0.245230362E+00 0.246669441E+00 0.248571783E+00 0.250958860E+00
 0.253848940E+00 0.257256120E+00 0.261190027E+00 0.265661210E+00 0.270680934E+00
 0.276260316E+00 0.282410055E+00 0.289140970E+00 0.296464443E+00 0.304392546E+00
 0.312938213E+00 0.322115541E+00 0.331939846E+00 0.342427671E+00 0.353596956E+00
 0.365466505E+00 0.378055543E+00 0.391382307E+00 0.405461609E+00 0.420300573E+00
 0.435891688E+00 0.452200711E+00 0.469146192E+00 0.486562163E+00 0.504121721E+00
 0.521169126E+00 0.536542833E+00 0.549097002E+00 0.558307707E+00 0.564037919E+00
 0.566337943E+00 0.565445781E+00 0.561935961E+00 0.556925952E+00 0.551591039E+00
 0.269496351E+00 0.264855534E+00 0.264449984E+00 0.264827281E+00 0.264658898E+00
 0.264157236E+00 0.263412118E+00 0.262477666E+00 0.261395693E+00 0.260203093E+00
 0.258934468E+00 0.257623166E+00 0.256301641E+00 0.255001694E+00 0.253754407E+00
 0.252590239E+00 0.251539052E+00 0.250630111E+00 0.249892145E+00 0.249353409E+00
 0.249041691E+00 0.248984307E+00 0.249208033E+00 0.249738917E+00 0.250601590E+00
 0.251819015E+00 0.253412515E+00 0.255401820E+00 0.257805020E+00 0.260638744E+00
 0.263917953E+00 0.267656207E+00 0.271865904E+00 0.276559532E+00 0.281749994E+00
 0.287450969E+00 0.293677002E+00 0.300443947E+00 0.307769269E+00 0.315672368E+00
 0.324175119E+00 0.333302230E+00 0.343081951E+00 0.353546858E+00 0.364734530E+00
 0.376688778E+00 0.389460713E+00 0.403109789E+00 0.417704940E+00 0.433324933E+00
 0.450057656E+00 0.467997640E+00 0.487241238E+00 0.507882059E+00 0.530021489E+00
 0.553881466E+00 0.575206578E+00 0.590035319E+00 0.599319518E+00 0.603568316E+00
 0.602367043E+00 0.596150458E+00 0.584311187E+00 0.570739686E+00 0.560278475E+00
 0.261222214E+00 0.256157368E+00 0.256415576E+00 0.257795095E+00 0.258565724E+00
 0.258871078E+00 0.258823156E+00 0.258507311E+00 0.257991374E+00 0.257332206E+00
 0.256579518E+00 0.255778134E+00 0.254969180E+00 0.254190862E+00 0.253478855E+00
 0.252866536E+00 0.252385169E+00 0.252063990E+00 0.251930267E+00 0.252009392E+00
 0.252325028E+00 0.252899110E+00 0.253751963E+00 0.254902333E+00 0.256367385E+00
 0.258162856E+00 0.260303110E+00 0.262801349E+00 0.265669942E+00 0.268920541E+00
 0.272564471E+00 0.276612967E+00 0.281077713E+00 0.285971224E+00 0.291307330E+00
 0.297101468E+00 0.303371072E+00 0.310135871E+00 0.317418158E+00 0.325243384E+00
 0.333640575E+00 0.342643142E+00 0.352289915E+00 0.362626374E+00 0.373706549E+00
 0.385595292E+00 0.398371607E+00 0.412132680E+00 0.426999539E+00 0.443124175E+00
 0.460698277E+00 0.479963392E+00 0.501220763E+00 0.524839282E+00 0.551264882E+00
 0.579111278E+00 0.600490987E+00 0.615173340E+00 0.623480260E+00 0.625177324E+00
 0.620508730E+00 0.608671486E+00 0.590918243E+00 0.575442076E+00 0.562806427E+00
 0.256105363E+00 0.250862509E+00 0.251329839E+00 0.252982140E+00 0.254113257E+00
 0.254805028E+00 0.255137831E+00 0.255188853E+00 0.255028695E+00 0.254720956E+00
 0.254322797E+00 0.253885955E+00 0.253457487E+00 0.253080189E+00 0.252793282E+00
 0.252632231E+00 0.252629191E+00 0.252812773E+00 0.253208309E+00 0.253837854E+00
 0.254720390E+00 0.255872041E+00 0.257306337E+00 0.259034574E+00 0.261066049E+00
 0.263408601E+00 0.266068757E+00 0.269052416E+00 0.272365153E+00 0.276012719E+00
 0.280001521E+00 0.284339070E+00 0.289034516E+00 0.294099003E+00 0.299546123E+00
 0.305392206E+00 0.311656535E+00 0.318361491E+00 0.325532943E+00 0.333200574E+00
 0.341398180E+00 0.350164741E+00 0.359545171E+00 0.369592160E+00 0.380368203E+00
 0.391948849E+00 0.404427022E+00 0.417919219E+00 0.432574630E+00 0.448588073E+00
 0.466219246E+00 0.485820055E+00 0.507870913E+00 0.533008754E+00 0.561795950E+00
 0.587162852E+00 0.606240332E+00 0.618932247E+00 0.625028551E+00 0.624538362E+00
 0.616598070E+00 0.600912988E+00 0.584000766E+00 0.569695055E+00 0.557546437E+00
 0.253676951E+00 0.248359278E+00 0.248532549E+00 0.250152618E+00 0.251305193E+00
 0.252047122E+00 0.252453089E+00 0.252598435E+00 0.252554655E+00 0.252387673E+00
 0.252157658E+00 0.251919538E+00 0.251723617E+00 0.251615703E+00 0.251637280E+00
 0.251825392E+00 0.252212435E+00 0.252825975E+00 0.253688693E+00 0.254818410E+00
 0.256228358E+00 0.257927686E+00 0.259921849E+00 0.262213200E+00 0.264801830E+00
 0.267686069E+00 0.270863146E+00 0.274329990E+00 0.278083771E+00 0.282122612E+00
 0.286446363E+00 0.291057169E+00 0.295960218E+00 0.301164091E+00 0.306681275E+00
 0.312528253E+00 0.318725526E+00 0.325297654E+00 0.332273066E+00 0.339684099E+00
 0.347567141E+00 0.355963051E+00 0.364917904E+00 0.374484301E+00 0.384723186E+00
 0.395706415E+00 0.407520592E+00 0.420272559E+00 0.434097320E+00 0.449170351E+00
 0.465727717E+00 0.484100640E+00 0.504780531E+00 0.528542519E+00 0.554099321E+00
 0.575332820E+00 0.591091096E+00 0.601212859E+00 0.605594873E+00 0.603393435E+00
 0.594331443E+00 0.580273390E+00 0.567348003E+00 0.555881381E+00 0.545724034E+00
 0.253098428E+00 0.247652799E+00 0.247792587E+00 0.249174044E+00 0.250050396E+00
 0.250527918E+00 0.250705242E+00 0.250669241E+00 0.250495166E+00 0.250249177E+00
 0.249991179E+00 0.249776542E+00 0.249656960E+00 0.249680504E+00 0.249891028E+00
 0.250327379E+00 0.251022518E+00 0.252002746E+00 0.253287494E+00 0.254889071E+00
 0.256813228E+00 0.259059757E+00 0.261623591E+00 0.264495820E+00 0.267664671E+00
 0.271116644E+00 0.274837345E+00 0.278812349E+00 0.283027977E+00 0.287472427E+00
 0.292136580E+00 0.297015220E+00 0.302107811E+00 0.307419419E+00 0.312960953E+00
 0.318749160E+00 0.324806422E+00 0.331159890E+00 0.337840974E+00 0.344884366E+00
 0.352327824E+00 0.360211641E+00 0.368579090E+00 0.377476692E+00 0.386955053E+00
 0.397070259E+00 0.407885075E+00 0.419471085E+00 0.431910604E+00 0.445298851E+00
 0.459745526E+00 0.475374103E+00 0.492314130E+00 0.510662198E+00 0.529629827E+00
 0.545689523E+00 0.557770729E+00 0.565683424E+00 0.569174826E+00 0.567906022E+00
 0.561694324E+00 0.553284883E+00 0.544986784E+00 0.537028432E+00 0.529512405E+00
 0.255138189E+00 0.249650359E+00 0.249380544E+00 0.250096560E+00 0.250256300E+00
 0.250077903E+00 0.249697134E+00 0.249202505E+00 0.248658925E+00 0.248121545E+00
 0.247642711E+00 0.247274876E+00 0.247070953E+00 0.247082934E+00 0.247359812E+00
 0.247945011E+00 0.248874113E+00 0.250173211E+00 0.251857787E+00 0.253932744E+00
 0.256393105E+00 0.259225518E+00 0.262410134E+00 0.265922606E+00 0.269735873E+00
 0.273821414E+00 0.278150290E+00 0.282693833E+00 0.287424445E+00 0.292316794E+00
 0.297349274E+00 0.302505940E+00 0.307778269E+00 0.313166469E+00 0.318680316E+00
 0.324338645E+00 0.330168277E+00 0.336202264E+00 0.342477620E+00 0.349033624E+00
 0.355910122E+00 0.363146633E+00 0.370781809E+00 0.378853232E+00 0.387397230E+00
 0.396448791E+00 0.406040639E+00 0.416201770E+00 0.426954031E+00 0.438305467E+00
 0.450237751E+00 0.462681353E+00 0.475467592E+00 0.488244742E+00 0.500395358E+00
 0.511131942E+00 0.519783437E+00 0.525930285E+00 0.529376030E+00 0.530150294E+00
 0.528584719E+00 0.525315523E+00 0.521031559E+00 0.516235530E+00 0.511237741E+00
 0.261123776E+00 0.256168514E+00 0.254088104E+00 0.252845645E+00 0.251538515E+00
 0.250250936E+00 0.249017760E+00 0.247846350E+00 0.246746346E+00 0.245739669E+00
 0.244862586E+00 0.244164616E+00 0.243705139E+00 0.243548274E+00 0.243756980E+00
 0.244387135E+00 0.245482624E+00 0.247071967E+00 0.249166280E+00 0.251759380E+00
 0.254829347E+00 0.258341968E+00 0.262254924E+00 0.266521871E+00 0.271095693E+00
 0.275929958E+00 0.280979127E+00 0.286197901E+00 0.291541010E+00 0.296964198E+00
 0.302426696E+00 0.307895362E+00 0.313348681E+00 0.318780303E+00 0.324200332E+00
 0.329634666E+00 0.335121959E+00 0.340709180E+00 0.346446425E+00 0.352382928E+00
 0.358563960E+00 0.365029693E+00 0.371814579E+00 0.378947198E+00 0.386450022E+00
 0.394338787E+00 0.402620822E+00 0.411292464E+00 0.420334578E+00 0.429705650E+00
 0.439331472E+00 0.449091226E+00 0.458801359E+00 0.468203932E+00 0.476974815E+00
 0.484763056E+00 0.491251528E+00 0.496209979E+00 0.499525636E+00 0.501216710E+00
 0.501429737E+00 0.500410378E+00 0.498446643E+00 0.495811850E+00 0.492732376E+00
 0.267681003E+00 0.263186812E+00 0.259255409E+00 0.255726874E+00 0.252497464E+00
 0.250085145E+00 0.248015642E+00 0.246150449E+00 0.244427189E+00 0.242832184E+00
 0.241391271E+00 0.240164295E+00 0.239236742E+00 0.238707438E+00 0.238674521E+00
 0.239223227E+00 0.240417078E+00 0.242292330E+00 0.244854897E+00 0.248079926E+00
 0.251915097E+00 0.256288260E+00 0.261118233E+00 0.266325146E+00 0.271836817E+00
 0.277589679E+00 0.283525229E+00 0.289584100E+00 0.295700938E+00 0.301802874E+00
 0.307814807E+00 0.313670248E+00 0.319322854E+00 0.324754715E+00 0.329979926E+00
 0.335043579E+00 0.340014577E+00 0.344973624E+00 0.349999726E+00 0.355161428E+00
 0.360513359E+00 0.366096914E+00 0.371941805E+00 0.378067791E+00 0.384485275E+00
 0.391195267E+00 0.398188204E+00 0.405441970E+00 0.412919015E+00 0.420562327E+00
 0.428290963E+00 0.435995847E+00 0.443537265E+00 0.450747341E+00 0.457439452E+00
 0.463425845E+00 0.468539685E+00 0.472656369E+00 0.475709021E+00 0.477695197E+00
 0.478674114E+00 0.478753865E+00 0.478072077E+00 0.476775318E+00 0.475002706E+00
 0.271816552E+00 0.267212421E+00 0.262608498E+00 0.257877022E+00 0.252981573E+00
 0.249031797E+00 0.246195123E+00 0.243850484E+00 0.241557240E+00 0.239290342E+00
 0.237079978E+00 0.235026360E+00 0.233290762E+00 0.232061848E+00 0.231517419E+00
 0.231800303E+00 0.233009666E+00 0.235198140E+00 0.238367498E+00 0.242462292E+00
 0.247369364E+00 0.252934158E+00 0.258994490E+00 0.265413433E+00 0.272093266E+00
 0.278969944E+00 0.285996974E+00 0.293124378E+00 0.300275594E+00 0.307329565E+00
 0.314130336E+00 0.320531100E+00 0.326432943E+00 0.331796050E+00 0.336642236E+00
 0.341060996E+00 0.345203102E+00 0.349239349E+00 0.353310317E+00 0.357510209E+00
 0.361896604E+00 0.366503328E+00 0.371348977E+00 0.376441211E+00 0.381778508E+00
 0.387350500E+00 0.393137306E+00 0.399108410E+00 0.405221134E+00 0.411419183E+00
 0.417631328E+00 0.423770994E+00 0.429737508E+00 0.435419440E+00 0.440701008E+00
 0.445470542E+00 0.449630499E+00 0.453106672E+00 0.455855221E+00 0.457865804E+00
 0.459160656E+00 0.459789544E+00 0.459821939E+00 0.459338307E+00 0.458421886E+00
 0.275186718E+00 0.270620435E+00 0.265828371E+00 0.260655761E+00 0.254967332E+00
 0.249748558E+00 0.245258182E+00 0.241502017E+00 0.238466144E+00 0.235452577E+00
 0.232115597E+00 0.228630677E+00 0.225396603E+00 0.222858861E+00 0.221352682E+00
 0.221087173E+00 0.222192258E+00 0.224748299E+00 0.228782356E+00 0.234226927E+00
 0.240852624E+00 0.248266846E+00 0.256078839E+00 0.264054865E+00 0.272111446E+00
 0.280251384E+00 0.288515270E+00 0.296948314E+00 0.305557609E+00 0.314184099E+00
 0.322327107E+00 0.329591006E+00 0.335845381E+00 0.341039836E+00 0.345163971E+00
 0.348312587E+00 0.350914210E+00 0.353517056E+00 0.356323957E+00 0.359382689E+00
 0.362702101E+00 0.366280049E+00 0.370110214E+00 0.374182850E+00 0.378484040E+00
 0.382994235E+00 0.387687117E+00 0.392528772E+00 0.397476912E+00 0.402480513E+00
 0.407479912E+00 0.412407547E+00 0.417189538E+00 0.421748400E+00 0.426006883E+00
 0.429892421E+00 0.433342010E+00 0.436306655E+00 0.438754737E+00 0.440673441E+00
 0.442068696E+00 0.442963004E+00 0.443392068E+00 0.443400592E+00 0.443038225E+00
 0.278457552E+00 0.274261802E+00 0.269771934E+00 0.264879078E+00 0.259522259E+00
 0.253705651E+00 0.247768998E+00 0.242326707E+00 0.237400398E+00 0.232955441E+00
 0.227687031E+00 0.221111983E+00 0.214547634E+00 0.209646612E+00 0.206619754E+00
 0.205489993E+00 0.206308827E+00 0.209190518E+00 0.214320198E+00 0.221932530E+00
 0.232069775E+00 0.243014604E+00 0.253318459E+00 0.263037682E+00 0.272393733E+00
 0.281611860E+00 0.290911913E+00 0.300526589E+00 0.310741723E+00 0.321931928E+00
 0.331995398E+00 0.340265214E+00 0.346960574E+00 0.351948440E+00 0.355153859E+00
 0.356317520E+00 0.356225401E+00 0.357085049E+00 0.358560532E+00 0.360482037E+00
 0.362758815E+00 0.365340650E+00 0.368197501E+00 0.371307015E+00 0.374647588E+00
 0.378194422E+00 0.381917775E+00 0.385782450E+00 0.389747798E+00 0.393767804E+00
 0.397791862E+00 0.401765615E+00 0.405632377E+00 0.409334928E+00 0.412817776E+00
 0.416029692E+00 0.418926179E+00 0.421471775E+00 0.423641652E+00 0.425422579E+00
 0.426812768E+00 0.427821040E+00 0.428465217E+00 0.428770065E+00 0.428764939E+00
 0.281864047E+00 0.278506577E+00 0.274715185E+00 0.270345658E+00 0.265369952E+00
 0.259846300E+00 0.253856391E+00 0.247444227E+00 0.241013125E+00 0.235011160E+00
 0.227770135E+00 0.217818365E+00 0.207437575E+00 0.200558752E+00 0.196382388E+00
 0.194581047E+00 0.195117131E+00 0.198112398E+00 0.203874961E+00 0.213080004E+00
 0.227045238E+00 0.241419718E+00 0.253338695E+00 0.263897508E+00 0.273732722E+00
 0.283263862E+00 0.292821378E+00 0.302719295E+00 0.313311964E+00 0.324961305E+00
 0.335480630E+00 0.344066054E+00 0.350899369E+00 0.355875969E+00 0.358830601E+00
 0.359438330E+00 0.358641058E+00 0.358726442E+00 0.359400481E+00 0.360480547E+00
 0.361881196E+00 0.363569796E+00 0.365533829E+00 0.367761910E+00 0.370236158E+00
 0.372931093E+00 0.375814825E+00 0.378850579E+00 0.381998062E+00 0.385214239E+00
 0.388454199E+00 0.391671956E+00 0.394821465E+00 0.397857666E+00 0.400737852E+00
 0.403422982E+00 0.405879140E+00 0.408078581E+00 0.410000652E+00 0.411632270E+00
 0.412967950E+00 0.414009243E+00 0.414764076E+00 0.415245593E+00 0.415470839E+00
 0.903273642E+00 0.915288985E+00 0.922960997E+00 0.932325423E+00 0.942234695E+00
 0.952609658E+00 0.963092327E+00 0.975285053E+00 0.985644758E+00 0.997019887E+00
 0.100885904E+01 0.102096260E+01 0.103293359E+01 0.104573774E+01 0.105917740E+01
 0.107247758E+01 0.108630300E+01 0.110066533E+01 0.111558723E+01 0.113070893E+01
 0.114637911E+01 0.116253209E+01 0.117936242E+01 0.119661713E+01 0.121435213E+01
 0.123276055E+01 0.125187933E+01 0.127159572E+01 0.129196453E+01 0.131309879E+01
 0.133502066E+01 0.135778964E+01 0.138138807E+01 0.140593743E+01 0.143144536E+01
 0.145801735E+01 0.148572814E+01 0.151461136E+01 0.154479516E+01 0.157631648E+01
 0.160936677E+01 0.164401042E+01 0.168042564E+01 0.171868646E+01 0.175898433E+01
 0.180162168E+01 0.184669614E+01 0.189459121E+01 0.194533360E+01 0.199965608E+01
 0.205759621E+01 0.212009931E+01 0.218722773E+01 0.226045609E+01 0.233997536E+01
 0.242772293E+01 0.252483726E+01 0.263305426E+01 0.275620723E+01 0.289854527E+01
 0.306639433E+01 0.327398610E+01 0.354754901E+01 0.397105670E+01 0.580460358E+01
   84   86
 0.117593849E+01-0.500000007E-01 0.117674911E+01 0.500000007E-01 0.118038177E+01
 0.150000006E+00 0.118531251E+01 0.226396114E+00 0.119146121E+01 0.300000012E+00
 0.120249367E+01 0.400000006E+00 0.121187496E+01 0.466432244E+00 0.122627127E+01
 0.550000012E+00 0.123843753E+01 0.607941926E+00 0.126386952E+01 0.699999988E+00
 0.128272498E+01 0.750000000E+00 0.130748880E+01 0.800000012E+00 0.134251440E+01
 0.850000024E+00 0.137125003E+01 0.878339827E+00 0.140479195E+01 0.899999976E+00
 0.145093751E+01 0.919545174E+00 0.150406253E+01 0.927370191E+00 0.155718756E+01
 0.925199986E+00 0.161031246E+01 0.915068686E+00 0.165525007E+01 0.899999976E+00
 0.169000006E+01 0.886977732E+00 0.174312496E+01 0.861714780E+00 0.176968753E+01
 0.846319616E+00 0.182281256E+01 0.813325644E+00 0.184937501E+01 0.794097543E+00
 0.190250003E+01 0.752745509E+00 0.192906249E+01 0.729787350E+00 0.196051288E+01
 0.699999988E+00 0.200865483E+01 0.649999976E+00 0.203531241E+01 0.618945420E+00
 0.206187510E+01 0.584973633E+00 0.208843756E+01 0.547844708E+00 0.211977744E+01
 0.500000000E+00 0.214861155E+01 0.449999988E+00 0.217447352E+01 0.400000006E+00
 0.219791365E+01 0.349999994E+00 0.222125006E+01 0.294266969E+00 0.224781251E+01
 0.223465681E+00 0.227051330E+01 0.150000006E+00 0.228230643E+01 0.100000001E+00
 0.229372144E+01 0.000000000E+00 0.228866529E+01-0.100000001E+00 0.227437496E+01
-0.173502892E+00 0.225314426E+01-0.250000000E+00 0.223563647E+01-0.300000012E+00
 0.221608067E+01-0.349999994E+00 0.219468760E+01-0.400406510E+00 0.216812491E+01
-0.455399811E+00 0.214156246E+01-0.504120409E+00 0.211312747E+01-0.550000012E+00
 0.207888699E+01-0.600000024E+00 0.204059410E+01-0.649999976E+00 0.200874996E+01
-0.687470317E+00 0.198218751E+01-0.716842830E+00 0.194957685E+01-0.750000000E+00
 0.190250003E+01-0.795599699E+00 0.187593746E+01-0.820210934E+00 0.184051609E+01
-0.850000024E+00 0.179624999E+01-0.886406362E+00 0.176968753E+01-0.906539679E+00
 0.171656251E+01-0.943328321E+00 0.169000006E+01-0.960880756E+00 0.163687503E+01
-0.991929591E+00 0.161031246E+01-0.100659633E+01 0.155718756E+01-0.103274238E+01
 0.151614785E+01-0.104999995E+01 0.147749996E+01-0.106680954E+01 0.142437506E+01
-0.108535957E+01 0.137711501E+01-0.110000002E+01 0.134468746E+01-0.111140800E+01
 0.126676953E+01-0.113089085E+01 0.126499999E+01-0.109692252E+01 0.125606716E+01
-0.100000000E+01 0.124529862E+01-0.899999976E+00 0.123843753E+01-0.842917502E+00
 0.122740841E+01-0.750000000E+00 0.121602070E+01-0.649999976E+00 0.121036637E+01
-0.600000024E+00 0.120026255E+01-0.500000000E+00 0.119160950E+01-0.400000006E+00
 0.118531251E+01-0.312405586E+00 0.118166339E+01-0.250000000E+00 0.117767417E+01
-0.150000006E+00 0.117593849E+01-0.500000007E-01
 0.101600003E+01 0.000000000E+00 0.101600003E+01 0.963999987E+00 0.101600003E+01
 0.967999995E+00 0.101600003E+01 0.100100005E+01 0.101600003E+01 0.101900005E+01
 0.101600003E+01 0.107700002E+01 0.101600003E+01 0.107000005E+01 0.101600003E+01
 0.109599996E+01 0.101600003E+01 0.111300004E+01 0.101600003E+01 0.113800001E+01
 0.101600003E+01 0.114699996E+01 0.101199996E+01 0.116499996E+01 0.100100005E+01
 0.121700001E+01 0.102900004E+01 0.121700001E+01 0.104200006E+01 0.116240001E+01
 0.104600000E+01 0.116237998E+01 0.105599999E+01 0.116260004E+01 0.109700000E+01
 0.116450000E+01 0.110800004E+01 0.116594005E+01 0.111600006E+01 0.116591001E+01
 0.113399994E+01 0.116895998E+01 0.114800000E+01 0.117174995E+01 0.116199994E+01
 0.117556000E+01 0.118099999E+01 0.118299997E+01 0.118200004E+01 0.118350005E+01
 0.118499994E+01 0.118499994E+01 0.119000006E+01 0.118799996E+01 0.119500005E+01
 0.119099998E+01 0.120099998E+01 0.119599998E+01 0.120899999E+01 0.120200002E+01
 0.121500003E+01 0.120799994E+01 0.122200000E+01 0.121399999E+01 0.122800004E+01
 0.122099996E+01 0.123399997E+01 0.123099995E+01 0.123899996E+01 0.123800004E+01
 0.124199998E+01 0.124399996E+01 0.124800003E+01 0.125399995E+01 0.125800002E+01
 0.127800000E+01 0.126300001E+01 0.128999996E+01 0.127999997E+01 0.133099997E+01
 0.127999997E+01 0.134700000E+01 0.127999997E+01 0.134800005E+01 0.130999994E+01
 0.134800005E+01 0.132799995E+01 0.134800005E+01 0.136099994E+01 0.134800005E+01
 0.138000000E+01 0.134800005E+01 0.141900003E+01 0.134800005E+01 0.141900003E+01
 0.130999994E+01 0.137199998E+01 0.130999994E+01 0.137199998E+01 0.129200006E+01
 0.160800004E+01 0.109500003E+01 0.164699996E+01 0.107700002E+01 0.178499997E+01
 0.107700002E+01 0.206999993E+01 0.103999996E+01 0.212800002E+01 0.992999971E+00
 0.224499989E+01 0.708999991E+00 0.229900002E+01 0.578700006E+00 0.227500010E+01
 0.578700006E+00 0.225399995E+01 0.450100005E+00 0.236100006E+01 0.185599998E+00
 0.236496997E+01 0.133000001E+00 0.236531997E+01 0.439999998E-01 0.236511993E+01
-0.439999998E-01 0.236484003E+01-0.133000001E+00 0.236433005E+01-0.222000003E+00
 0.236249995E+01-0.400000006E+00 0.237700009E+01-0.388999999E+00 0.213400006E+01
-0.972999990E+00 0.178600001E+01-0.117400002E+01 0.176800001E+01-0.121099997E+01
 0.176800001E+01-0.125000000E+01 0.168200004E+01-0.125000000E+01 0.137199998E+01
-0.125000000E+01 0.137199998E+01-0.132900000E+01 0.141999996E+01-0.132900000E+01
 0.141999996E+01-0.136300004E+01 0.127300000E+01-0.136300004E+01 0.115300000E+01
-0.136300004E+01 0.101600003E+01-0.122300005E+01 0.101600003E+01-0.122300005E+01
 0.101600003E+01-0.829999983E+00 0.101600003E+01-0.800000012E+00 0.101600003E+01
-0.414999992E+00 0.101600003E+01-0.400000006E+00 0.101600003E+01-0.100000005E-02
 0.101600003E+01 0.000000000E+00
    0 0.170000005E+01    1
 0.000000000E+00 0.000000000E+00 0.000000000E+00 0.000000000E+00 0.000000000E+00
 0.000000000E+00 0.000000000E+00 0.000000000E+00 0.000000000E+00 0.000000000E+00
 0.000000000E+00 0.000000000E+00 0.000000000E+00 0.000000000E+00 0.000000000E+00
 0.000000000E+00 0.000000000E+00 0.000000000E+00 0.000000000E+00 0.000000000E+00
 0.000000000E+00 0.000000000E+00 0.000000000E+00 0.000000000E+00 0.000000000E+00
 0.000000000E+00 0.000000000E+00 0.000000000E+00 0.000000000E+00 0.000000000E+00
 0.000000000E+00 0.000000000E+00 0.000000000E+00 0.000000000E+00 0.000000000E+00
 0.000000000E+00 0.000000000E+00 0.000000000E+00 0.000000000E+00 0.000000000E+00
 0.000000000E+00 0.000000000E+00 0.000000000E+00 0.000000000E+00 0.000000000E+00
 0.000000000E+00 0.000000000E+00 0.000000000E+00 0.000000000E+00 0.000000000E+00
 0.000000000E+00 0.000000000E+00 0.000000000E+00 0.000000000E+00 0.000000000E+00
 0.000000000E+00 0.000000000E+00 0.000000000E+00 0.000000000E+00 0.000000000E+00
 0.000000000E+00 0.000000000E+00 0.000000000E+00 0.000000000E+00 0.000000000E+00
 0.000000000E+00 0.926016197E-01 0.131581232E+00 0.161671430E+00 0.187234476E+00
 0.209901050E+00 0.230614334E+00 0.248590961E+00 0.266674846E+00 0.283776134E+00
 0.300233722E+00 0.315914065E+00 0.331022978E+00 0.345661581E+00 0.359941185E+00
 0.373779923E+00 0.387290716E+00 0.400517285E+00 0.413535058E+00 0.426320016E+00
 0.438822865E+00 0.451201439E+00 0.463453203E+00 0.475527287E+00 0.487454265E+00
 0.499272376E+00 0.511035383E+00 0.522685170E+00 0.534243286E+00 0.545757949E+00
 0.557210267E+00 0.568631530E+00 0.580009282E+00 0.591361940E+00 0.602700770E+00
 0.614033461E+00 0.625367582E+00 0.636716127E+00 0.648073018E+00 0.659458756E+00
 0.670896709E+00 0.682364106E+00 0.693898857E+00 0.705479383E+00 0.717139721E+00
 0.728898287E+00 0.740740716E+00 0.752708018E+00 0.764758587E+00 0.776985943E+00
 0.789325476E+00 0.801880896E+00 0.814567566E+00 0.827513516E+00 0.840651751E+00
 0.854091585E+00 0.867809296E+00 0.881857216E+00 0.896316171E+00 0.911247373E+00
 0.926708639E+00 0.942890823E+00 0.959962547E+00 0.978391826E+00 0.100000000E+01
    1
 0.000000000E+00 0.000000000E+00 0.000000000E+00 0.000000000E+00 0.000000000E+00
 0.000000000E+00 0.000000000E+00 0.000000000E+00 0.000000000E+00 0.000000000E+00
 0.000000000E+00 0.000000000E+00 0.000000000E+00 0.000000000E+00 0.000000000E+00
 0.000000000E+00 0.000000000E+00 0.000000000E+00 0.000000000E+00 0.000000000E+00
 0.000000000E+00 0.000000000E+00 0.000000000E+00 0.000000000E+00 0.000000000E+00
 0.000000000E+00 0.000000000E+00 0.000000000E+00 0.000000000E+00 0.000000000E+00
 0.000000000E+00 0.000000000E+00 0.000000000E+00 0.000000000E+00 0.000000000E+00
 0.000000000E+00 0.000000000E+00 0.000000000E+00 0.000000000E+00 0.000000000E+00
 0.000000000E+00 0.000000000E+00 0.000000000E+00 0.000000000E+00 0.000000000E+00
 0.000000000E+00 0.000000000E+00 0.000000000E+00 0.000000000E+00 0.000000000E+00
 0.000000000E+00 0.000000000E+00 0.000000000E+00 0.000000000E+00 0.000000000E+00
 0.000000000E+00 0.000000000E+00 0.000000000E+00 0.000000000E+00 0.000000000E+00
 0.000000000E+00 0.000000000E+00 0.000000000E+00 0.000000000E+00 0.000000000E+00
&BASIS
 EE2BDRY= 32*0.00000000      ,
 EEBDRY= 32*0.00000000      ,
 EEKNT= 32*0.00000000      ,
 EETENS=  5.00000000    ,
 FF2BDRY= 64*0.00000000      ,
 FFBDRY=  2.26838088    , -3.26417804    , 0.928129077    , 61*0.00000000      ,
 FFKNT= 64*0.00000000      ,
 FFTENS=  0.00000000    ,
 KEE2BDRY= 32*0          ,
 KEEBDRY= 32*0          ,
 KEEFNC=          0,
 KEEKNT=          0,
 KFF2BDRY= 64*0          ,
 KFFBDRY= 64*0          ,
 KFFFNC=          0,
 KFFKNT=          0,
 KPP2BDRY= 64*0          ,
 KPPBDRY= 64*0          ,
 KPPFNC=          0,
 KPPKNT=          0,
 KWW2BDRY= 64*0          ,
 KWWBDRY= 64*0          ,
 KWWFNC=          0,
 KWWKNT=          0,
 PP2BDRY= 64*0.00000000      ,
 PPBDRY=  401904.969    , -248950.563    , 62*0.00000000      ,
 PPKNT= 64*0.00000000      ,
 PPTENS=  0.00000000    ,
 WW2BDRY= 64*0.00000000      ,
 WWBDRY= -229.067627    , -286553.094    , 62*0.00000000      ,
 WWKNT= 64*0.00000000      ,
 WWTENS=  0.00000000    ,
 /
