  EFITD    01/21/2000    #170325  3845ms           7  65  65
 0.170000005E+01 0.320000005E+01 0.169550002E+01 0.839999974E+00 0.000000000E+00
 0.181164384E+01-0.113321375E-01-0.278389066E+00-0.774561539E-01 0.191888440E+01
 0.977045062E+06-0.278389066E+00 0.000000000E+00 0.181164384E+01 0.000000000E+00
-0.113321375E-01 0.000000000E+00-0.774561539E-01 0.000000000E+00 0.000000000E+00
 0.319067192E+01 0.319778371E+01 0.320408368E+01 0.320962620E+01 0.321446419E+01
 0.321864820E+01 0.322222614E+01 0.322524500E+01 0.322774887E+01 0.322978091E+01
 0.323138213E+01 0.323259187E+01 0.323344803E+01 0.323398709E+01 0.323424387E+01
 0.323425174E+01 0.323404264E+01 0.323364735E+01 0.323309469E+01 0.323241258E+01
 0.323162770E+01 0.323076487E+01 0.322984767E+01 0.322889900E+01 0.322793937E+01
 0.322698879E+01 0.322606540E+01 0.322518635E+01 0.322436714E+01 0.322362232E+01
 0.322296429E+01 0.322240496E+01 0.322195458E+01 0.322162151E+01 0.322141361E+01
 0.322133660E+01 0.322139525E+01 0.322159266E+01 0.322193098E+01 0.322241020E+01
 0.322302985E+01 0.322378731E+01 0.322467875E+01 0.322569966E+01 0.322684288E+01
 0.322810078E+01 0.322946429E+01 0.323092270E+01 0.323246408E+01 0.323407531E+01
 0.323574114E+01 0.323744631E+01 0.323917294E+01 0.324090266E+01 0.324261546E+01
 0.324429011E+01 0.324590373E+01 0.324743247E+01 0.324885130E+01 0.325013328E+01
 0.325125074E+01 0.325217438E+01 0.325287342E+01 0.325331593E+01 0.325346851E+01
 0.133010406E+06 0.125533516E+06 0.118689484E+06 0.112441109E+06 0.106752125E+06
 0.101587273E+06 0.969122422E+05 0.926937266E+05 0.888993516E+05 0.854977578E+05
 0.824585234E+05 0.797522188E+05 0.773503828E+05 0.752255312E+05 0.733511484E+05
 0.717016875E+05 0.702525781E+05 0.689802344E+05 0.678620312E+05 0.668763125E+05
 0.660023984E+05 0.652205977E+05 0.645121719E+05 0.638593594E+05 0.632453789E+05
 0.626544180E+05 0.620716367E+05 0.614831719E+05 0.608761250E+05 0.602385742E+05
 0.595595781E+05 0.588291602E+05 0.580383164E+05 0.571790156E+05 0.562442109E+05
 0.552278125E+05 0.541247109E+05 0.529307734E+05 0.516428281E+05 0.502586914E+05
 0.487771406E+05 0.471979336E+05 0.455217969E+05 0.437504297E+05 0.418865078E+05
 0.399336758E+05 0.378965508E+05 0.357807305E+05 0.335927812E+05 0.313402324E+05
 0.290316035E+05 0.266763750E+05 0.242850039E+05 0.218689219E+05 0.194405293E+05
 0.170132051E+05 0.146012949E+05 0.122201230E+05 0.988598340E+04 0.761615430E+04
 0.543712061E+04 0.341582153E+04 0.168667920E+04 0.455605225E+03 0.000000000E+00
 0.765499401E+01 0.681625462E+01 0.602947474E+01 0.529324436E+01 0.460615492E+01
 0.396679616E+01 0.337375879E+01 0.282563329E+01 0.232100987E+01 0.185847914E+01
 0.143663156E+01 0.105405772E+01 0.709347785E+00 0.401092470E+00 0.127882138E+00
-0.111692756E+00-0.319041729E+00-0.495574325E+00-0.642700076E+00-0.761828542E+00
-0.854369223E+00-0.921731651E+00-0.965325415E+00-0.986559927E+00-0.986844897E+00
-0.967589676E+00-0.930203915E+00-0.876097083E+00-0.806678772E+00-0.723358452E+00
-0.627545655E+00-0.520649910E+00-0.404080808E+00-0.279247820E+00-0.147560477E+00
-0.104283290E-01 0.130739108E+00 0.274532318E+00 0.419541746E+00 0.564357877E+00
 0.707571208E+00 0.847772181E+00 0.983551264E+00 0.111349893E+01 0.123620570E+01
 0.135026193E+01 0.145425820E+01 0.154678500E+01 0.162643266E+01 0.169179189E+01
 0.174145281E+01 0.177400625E+01 0.178804243E+01 0.178215194E+01 0.175492525E+01
 0.170495284E+01 0.163082504E+01 0.153113234E+01 0.140446544E+01 0.124941456E+01
 0.106457019E+01 0.848522902E+00 0.599863112E+00 0.317181289E+00-0.932114024E-03
-0.248528575E+07-0.227770550E+07-0.208213450E+07-0.189826300E+07-0.172578088E+07
-0.156437850E+07-0.141374562E+07-0.127357262E+07-0.114354950E+07-0.102336625E+07
-0.912713062E+06-0.811280000E+06-0.718757125E+06-0.634834562E+06-0.559202438E+06
-0.491550844E+06-0.431569812E+06-0.378949469E+06-0.333379938E+06-0.294551312E+06
-0.262153656E+06-0.235877109E+06-0.215411750E+06-0.200447672E+06-0.190675000E+06
-0.185783828E+06-0.185464266E+06-0.189406391E+06-0.197300328E+06-0.208836172E+06
-0.223704047E+06-0.241594031E+06-0.262196219E+06-0.285200781E+06-0.310297750E+06
-0.337177250E+06-0.365529406E+06-0.395044312E+06-0.425412094E+06-0.456322812E+06
-0.487466625E+06-0.518533594E+06-0.549213812E+06-0.579197500E+06-0.608174625E+06
-0.635835375E+06-0.661869812E+06-0.685968062E+06-0.707820250E+06-0.727116438E+06
-0.743546750E+06-0.756801312E+06-0.766570188E+06-0.772543500E+06-0.774411375E+06
-0.771863875E+06-0.764591125E+06-0.752283250E+06-0.734630312E+06-0.711316000E+06
-0.676790562E+06-0.610834750E+06-0.490678312E+06-0.293551000E+06 0.331746631E+04
-0.748208687E-01-0.796828270E-01-0.848915204E-01-0.904451236E-01-0.963209197E-01
-0.102468751E+00-0.108813636E+00-0.115275688E+00-0.120424427E+00-0.122844785E+00
-0.126282781E+00-0.132744417E+00-0.140106633E+00-0.144309431E+00-0.146049961E+00
-0.145579472E+00-0.142904580E+00-0.137884617E+00-0.130177706E+00-0.119102940E+00
-0.103380837E+00-0.869175345E-01-0.726712495E-01-0.595553666E-01-0.469232053E-01
-0.343250521E-01-0.213711374E-01-0.764123164E-02 0.740682101E-02 0.244349781E-01
 0.392730758E-01 0.505726896E-01 0.588060804E-01 0.637530237E-01 0.652954727E-01
 0.629900843E-01 0.584747121E-01 0.560992807E-01 0.552101694E-01 0.553927980E-01
 0.563786738E-01 0.579856858E-01 0.600843690E-01 0.625784993E-01 0.653933585E-01
 0.684682503E-01 0.717516094E-01 0.751977935E-01 0.787649453E-01 0.824136361E-01
 0.861060470E-01 0.898056328E-01 0.934770554E-01 0.970864594E-01 0.100601889E+00
 0.103993870E+00 0.107236087E+00 0.110305972E+00 0.113185227E+00 0.115860224E+00
 0.118322134E+00 0.120566860E+00 0.122594751E+00 0.124410130E+00 0.126020640E+00
-0.777521729E-01-0.831450000E-01-0.890829340E-01-0.956429094E-01-0.102839425E+00
-0.110572174E+00-0.117735200E+00-0.122727238E+00-0.125288278E+00-0.125429839E+00
-0.126487419E+00-0.129395902E+00-0.132741615E+00-0.134819686E+00-0.135303378E+00
-0.134093925E+00-0.131085426E+00-0.126124084E+00-0.118997611E+00-0.109455839E+00
-0.974373817E-01-0.844649002E-01-0.719106793E-01-0.597187169E-01-0.476419926E-01
-0.354065299E-01-0.227110665E-01-0.918928999E-02 0.566298561E-02 0.224528499E-01
 0.371854641E-01 0.484718457E-01 0.567202233E-01 0.618420020E-01 0.636444688E-01
 0.616245009E-01 0.575427562E-01 0.555237941E-01 0.549637564E-01 0.554653481E-01
 0.567749254E-01 0.587202311E-01 0.611777827E-01 0.640545264E-01 0.672768205E-01
 0.707834512E-01 0.745210424E-01 0.784409791E-01 0.824972838E-01 0.866452605E-01
 0.908406973E-01 0.950395986E-01 0.991982818E-01 0.103273936E+00 0.107225470E+00
 0.111014597E+00 0.114607029E+00 0.117973633E+00 0.121091403E+00 0.123944163E+00
 0.126522839E+00 0.128825277E+00 0.130855799E+00 0.132624164E+00 0.134144604E+00
-0.796305239E-01-0.852974728E-01-0.916642472E-01-0.990397260E-01-0.107559741E+00
-0.114408351E+00-0.118953280E+00-0.121112846E+00-0.120822854E+00-0.120195515E+00
-0.120140135E+00-0.120543487E+00-0.120976031E+00-0.120951034E+00-0.120089985E+00
-0.118142143E+00-0.114940271E+00-0.110370822E+00-0.104375623E+00-0.969887972E-01
-0.883978605E-01-0.789452344E-01-0.689759105E-01-0.586883314E-01-0.481340587E-01
-0.372746289E-01-0.260255057E-01-0.142876226E-01-0.199721078E-02 0.106090009E-01
 0.221936963E-01 0.318679698E-01 0.394725353E-01 0.449434929E-01 0.482388660E-01
 0.494468547E-01 0.495799333E-01 0.500540771E-01 0.511403345E-01 0.528292283E-01
 0.550662689E-01 0.577901416E-01 0.609424412E-01 0.644696951E-01 0.683228448E-01
 0.724558830E-01 0.768243521E-01 0.813839808E-01 0.860894918E-01 0.908937231E-01
 0.957471356E-01 0.100597762E+00 0.105391711E+00 0.110074177E+00 0.114591092E+00
 0.118891098E+00 0.122927874E+00 0.126662314E+00 0.130064502E+00 0.133114919E+00
 0.135805100E+00 0.138137192E+00 0.140122950E+00 0.141781926E+00 0.143139452E+00
-0.803306997E-01-0.857602060E-01-0.916854069E-01-0.983557105E-01-0.105577663E+00
-0.110169403E+00-0.111785829E+00-0.112074792E+00-0.112100735E+00-0.112000264E+00
-0.111839138E+00-0.111581936E+00-0.111099057E+00-0.110209942E+00-0.108730957E+00
-0.106505819E+00-0.103417933E+00-0.993950218E-01-0.944140330E-01-0.885073319E-01
-0.817632750E-01-0.743110925E-01-0.662894100E-01-0.578153320E-01-0.489716269E-01
-0.398138165E-01-0.303907525E-01-0.207760632E-01-0.111122392E-01-0.165462634E-02
 0.724769942E-02 0.152692916E-01 0.222024191E-01 0.279672835E-01 0.326089710E-01
 0.363170765E-01 0.394233391E-01 0.422981270E-01 0.452200845E-01 0.483494103E-01
 0.517641753E-01 0.554953068E-01 0.595477223E-01 0.639116243E-01 0.685682818E-01
 0.734926611E-01 0.786544457E-01 0.840179995E-01 0.895419419E-01 0.951784998E-01
 0.100873046E+00 0.106563970E+00 0.112183414E+00 0.117658839E+00 0.122915842E+00
 0.127881825E+00 0.132490426E+00 0.136685833E+00 0.140426725E+00 0.143688798E+00
 0.146465808E+00 0.148768812E+00 0.150623769E+00 0.152067974E+00 0.153146058E+00
-0.804168656E-01-0.852428228E-01-0.899067372E-01-0.945193842E-01-0.987661928E-01
-0.101039514E+00-0.102450788E+00-0.103287809E+00-0.103722036E+00-0.103853613E+00
-0.103725918E+00-0.103331618E+00-0.102621347E+00-0.101518162E+00-0.999345258E-01
-0.977876112E-01-0.950106084E-01-0.915600732E-01-0.874203369E-01-0.826049075E-01
-0.771542341E-01-0.711291656E-01-0.646016374E-01-0.576458871E-01-0.503339395E-01
-0.427370779E-01-0.349327065E-01-0.270144623E-01-0.191011652E-01-0.113377618E-01
-0.388145610E-02 0.312501355E-02 0.958073046E-02 0.154443691E-01 0.207413826E-01
 0.255613551E-01 0.300424695E-01 0.343429483E-01 0.386104695E-01 0.429633185E-01
 0.474862270E-01 0.522347353E-01 0.572418347E-01 0.625237599E-01 0.680840611E-01
 0.739160180E-01 0.800037459E-01 0.863221511E-01 0.928361416E-01 0.994992927E-01
 0.106252275E+00 0.113021664E+00 0.119719826E+00 0.126246601E+00 0.132493570E+00
 0.138350904E+00 0.143716007E+00 0.148502633E+00 0.152648896E+00 0.156122744E+00
 0.158923835E+00 0.161081731E+00 0.162650540E+00 0.163701057E+00 0.164312214E+00
-0.814857408E-01-0.862384886E-01-0.887296572E-01-0.906193405E-01-0.924574584E-01
-0.939746425E-01-0.951086581E-01-0.958900601E-01-0.963621512E-01-0.965549499E-01
-0.964782983E-01-0.961210579E-01-0.954539552E-01-0.944348723E-01-0.930157676E-01
-0.911497101E-01-0.887970254E-01-0.859300792E-01-0.825361758E-01-0.786187202E-01
-0.741965324E-01-0.693015829E-01-0.639758632E-01-0.582684502E-01-0.522336699E-01
-0.459308736E-01-0.394255668E-01-0.327908471E-01-0.261074658E-01-0.194608979E-01
-0.129345236E-01-0.659997342E-02-0.507148972E-03 0.532331783E-02 0.109033203E-01
 0.162754543E-01 0.215062387E-01 0.266757980E-01 0.318668224E-01 0.371557139E-01
 0.426074304E-01 0.482737161E-01 0.541934893E-01 0.603941679E-01 0.668929592E-01
 0.736977011E-01 0.808069110E-01 0.882088467E-01 0.958795622E-01 0.103779614E+00
 0.111849740E+00 0.120005891E+00 0.128134966E+00 0.136093929E+00 0.143715024E+00
 0.150818676E+00 0.157232046E+00 0.162809178E+00 0.167448312E+00 0.171103537E+00
 0.173788756E+00 0.175573662E+00 0.176571220E+00 0.176919118E+00 0.176759675E+00
-0.810499564E-01-0.856136754E-01-0.869234800E-01-0.872412398E-01-0.878173485E-01
-0.884781778E-01-0.891026855E-01-0.896205828E-01-0.899912491E-01-0.901868865E-01
-0.901824161E-01-0.899504945E-01-0.894599929E-01-0.886767581E-01-0.875657797E-01
-0.860939175E-01-0.842327252E-01-0.819608346E-01-0.792657137E-01-0.761445984E-01
-0.726045370E-01-0.686617792E-01-0.643406808E-01-0.596724562E-01-0.546941385E-01
-0.494477823E-01-0.439798050E-01-0.383401662E-01-0.325808264E-01-0.267532226E-01
-0.209046397E-01-0.150739104E-01-0.928725116E-02-0.355513557E-02 0.212906837E-02
 0.778832985E-02 0.134591972E-01 0.191876329E-01 0.250243470E-01 0.310205612E-01
 0.372248180E-01 0.436810516E-01 0.504276901E-01 0.574974678E-01 0.649175495E-01
 0.727095008E-01 0.808888599E-01 0.894637704E-01 0.984322578E-01 0.107777171E+00
 0.117457829E+00 0.127396896E+00 0.137462676E+00 0.147451967E+00 0.157088473E+00
 0.166050598E+00 0.174018443E+00 0.180722520E+00 0.185981050E+00 0.189720988E+00
 0.191987231E+00 0.192937866E+00 0.192819193E+00 0.191916212E+00 0.190494210E+00
-0.784335211E-01-0.827064067E-01-0.833690763E-01-0.830524936E-01-0.830465853E-01
-0.832488313E-01-0.835691616E-01-0.839304850E-01-0.842694938E-01-0.845338255E-01
-0.846786797E-01-0.846639425E-01-0.844525024E-01-0.840095356E-01-0.833025575E-01
-0.823021084E-01-0.809826106E-01-0.793233514E-01-0.773094371E-01-0.749324858E-01
-0.721910819E-01-0.690906495E-01-0.656429827E-01-0.618656315E-01-0.577811152E-01
-0.534160808E-01-0.488002710E-01-0.439652838E-01-0.389431082E-01-0.337643176E-01
-0.284560025E-01-0.230395552E-01-0.175286997E-01-0.119280200E-01-0.623230077E-02
-0.426765124E-03 0.551181519E-02 0.116133811E-01 0.179125499E-01 0.244466402E-01
 0.312540308E-01 0.383730456E-01 0.458413474E-01 0.536958203E-01 0.619727932E-01
 0.707083866E-01 0.799388960E-01 0.897007361E-01 0.100029640E+00 0.110957839E+00
 0.122507140E+00 0.134672478E+00 0.147382915E+00 0.160412610E+00 0.173248202E+00
 0.185233161E+00 0.195710123E+00 0.204148889E+00 0.210234538E+00 0.213832781E+00
 0.215028629E+00 0.214156747E+00 0.211778343E+00 0.208618313E+00 0.205172017E+00
-0.739244670E-01-0.778878927E-01-0.783301592E-01-0.777673349E-01-0.775664896E-01
-0.776532590E-01-0.779473856E-01-0.783708170E-01-0.788527355E-01-0.793311670E-01
-0.797525644E-01-0.800705776E-01-0.802446008E-01-0.802386329E-01-0.800204426E-01
-0.795610398E-01-0.788344517E-01-0.778176859E-01-0.764912218E-01-0.748402476E-01
-0.728557259E-01-0.705344900E-01-0.678785294E-01-0.648946390E-01-0.615940392E-01
-0.579915568E-01-0.541044772E-01-0.499511585E-01-0.455499031E-01-0.409178399E-01
-0.360696837E-01-0.310164578E-01-0.257643983E-01-0.203141700E-01-0.146604562E-01
-0.879195426E-02-0.269173970E-02 0.366207422E-02 0.102955317E-01 0.172380488E-01
 0.245217960E-01 0.321813673E-01 0.402538106E-01 0.487790890E-01 0.578010045E-01
 0.673686340E-01 0.775383636E-01 0.883767679E-01 0.999644548E-01 0.112401627E+00
 0.125816211E+00 0.140376896E+00 0.156318113E+00 0.174009115E+00 0.193798095E+00
 0.211800665E+00 0.226428449E+00 0.237561718E+00 0.244960532E+00 0.248136848E+00
 0.246972397E+00 0.240508735E+00 0.232937291E+00 0.225914732E+00 0.219583839E+00
-0.676665455E-01-0.713312849E-01-0.716972649E-01-0.711452141E-01-0.710607097E-01
-0.713527352E-01-0.719182193E-01-0.726632699E-01-0.735074058E-01-0.743834004E-01
-0.752355382E-01-0.760173574E-01-0.766896158E-01-0.772184879E-01-0.775740370E-01
-0.777288526E-01-0.776566193E-01-0.773306862E-01-0.767227262E-01-0.758081749E-01
-0.745703429E-01-0.730005577E-01-0.710923597E-01-0.688436106E-01-0.662571043E-01
-0.633401498E-01-0.601024441E-01-0.565530732E-01-0.527005456E-01-0.485528968E-01
-0.441169664E-01-0.393971428E-01-0.343947522E-01-0.291077029E-01-0.235302318E-01
-0.176527463E-01-0.114618251E-01-0.494036404E-02 0.193224871E-02 0.917997956E-02
 0.168301333E-01 0.249135643E-01 0.334651917E-01 0.425249524E-01 0.521392748E-01
 0.623633265E-01 0.732642412E-01 0.849259049E-01 0.974561051E-01 0.110997438E+00
 0.125744954E+00 0.141975418E+00 0.160097376E+00 0.180728361E+00 0.204746664E+00
 0.229458556E+00 0.248942375E+00 0.263162762E+00 0.272248179E+00 0.276102275E+00
 0.273898721E+00 0.265110433E+00 0.251575798E+00 0.240364134E+00 0.231180891E+00
-0.593601614E-01-0.627383292E-01-0.629843697E-01-0.627792999E-01-0.632405058E-01
-0.641481876E-01-0.653407499E-01-0.667016357E-01-0.681463629E-01-0.696120411E-01
-0.710504502E-01-0.724235252E-01-0.737003908E-01-0.748552084E-01-0.758655071E-01
-0.767103955E-01-0.773684457E-01-0.778140947E-01-0.779907703E-01-0.778502002E-01
-0.773681179E-01-0.765511915E-01-0.753773153E-01-0.738333538E-01-0.719157159E-01
-0.696316361E-01-0.669939816E-01-0.640023053E-01-0.606549904E-01-0.569534749E-01
-0.529010557E-01-0.484976210E-01-0.437405743E-01-0.386258252E-01-0.331474878E-01
-0.272973627E-01-0.210647639E-01-0.144364228E-01-0.739636458E-02 0.742413031E-04
 0.799735170E-02 0.163984876E-01 0.253074281E-01 0.347592309E-01 0.447957255E-01
 0.554675981E-01 0.668373704E-01 0.789835528E-01 0.920065269E-01 0.106036879E+00
 0.121246979E+00 0.137866586E+00 0.156201795E+00 0.176653460E+00 0.199728414E+00
 0.225886837E+00 0.248392045E+00 0.264973789E+00 0.275848269E+00 0.281074077E+00
 0.280779243E+00 0.274134278E+00 0.260948807E+00 0.247408926E+00 0.236859664E+00
-0.472390950E-01-0.498697795E-01-0.509609804E-01-0.521647632E-01-0.540000200E-01
-0.561078303E-01-0.583361164E-01-0.606046990E-01-0.628640950E-01-0.650803968E-01
-0.672287419E-01-0.692901462E-01-0.712498203E-01-0.730961859E-01-0.748203173E-01
-0.764156729E-01-0.778780058E-01-0.791734904E-01-0.802133903E-01-0.809383243E-01
-0.813099146E-01-0.813011602E-01-0.808848068E-01-0.800352395E-01-0.787385702E-01
-0.770208985E-01-0.749650523E-01-0.725176111E-01-0.696518421E-01-0.663670450E-01
-0.626815036E-01-0.585872531E-01-0.540741012E-01-0.491368808E-01-0.437713787E-01
-0.379711241E-01-0.317283757E-01-0.250339098E-01-0.178767275E-01-0.102438526E-01
-0.212001009E-02 0.651282491E-02 0.156759843E-01 0.253948420E-01 0.356997661E-01
 0.466273278E-01 0.582218394E-01 0.705372319E-01 0.836392641E-01 0.976078734E-01
 0.112539306E+00 0.128547147E+00 0.145761073E+00 0.164322793E+00 0.184385017E+00
 0.206155702E+00 0.228435591E+00 0.244910300E+00 0.256349772E+00 0.263153106E+00
 0.265127748E+00 0.262643695E+00 0.255025297E+00 0.243471637E+00 0.234495178E+00
-0.304420739E-01-0.310296491E-01-0.353956260E-01-0.401263013E-01-0.441994853E-01
-0.479328148E-01-0.514393933E-01-0.547692515E-01-0.579476655E-01-0.609886236E-01
-0.639005750E-01-0.666892380E-01-0.693592578E-01-0.719153211E-01-0.743631944E-01
-0.767110437E-01-0.789715499E-01-0.810560137E-01-0.828707665E-01-0.843649581E-01
-0.855126306E-01-0.862983316E-01-0.867076963E-01-0.867235214E-01-0.863252655E-01
-0.854893476E-01-0.841836631E-01-0.823526159E-01-0.799482018E-01-0.769940093E-01
-0.736832619E-01-0.699141994E-01-0.656434149E-01-0.608792976E-01-0.556304827E-01
-0.498887785E-01-0.436498560E-01-0.369095765E-01-0.296623986E-01-0.219022576E-01
-0.136219328E-01-0.481271558E-02 0.453590276E-02 0.144365048E-01 0.249039792E-01
 0.359556712E-01 0.476113521E-01 0.598928295E-01 0.728228316E-01 0.864226818E-01
 0.100707658E+00 0.115678504E+00 0.131305918E+00 0.147501990E+00 0.164063916E+00
 0.180551559E+00 0.196072951E+00 0.209451094E+00 0.219977945E+00 0.227422923E+00
 0.231765255E+00 0.233136103E+00 0.231908590E+00 0.228918493E+00 0.225350186E+00
-0.183933638E-01-0.182471741E-01-0.238102414E-01-0.301952679E-01-0.358022712E-01
-0.408423133E-01-0.454605296E-01-0.497540683E-01-0.537884049E-01-0.576091260E-01
-0.612493381E-01-0.647342280E-01-0.680840611E-01-0.713162646E-01-0.744468421E-01
-0.774913579E-01-0.804644451E-01-0.832131132E-01-0.856622159E-01-0.877850205E-01
-0.895771980E-01-0.910391882E-01-0.921667442E-01-0.929475501E-01-0.933610350E-01
-0.933790877E-01-0.929662660E-01-0.920797512E-01-0.906730741E-01-0.886990950E-01
-0.861029699E-01-0.827888399E-01-0.787064359E-01-0.740618482E-01-0.689365193E-01
-0.632468164E-01-0.570049994E-01-0.502174906E-01-0.428810641E-01-0.349987559E-01
-0.265724435E-01-0.176038016E-01-0.809402950E-02 0.195587892E-02 0.125447884E-01
 0.236708038E-01 0.353302620E-01 0.475160740E-01 0.602151267E-01 0.734042451E-01
 0.870440155E-01 0.101069614E+00 0.115377381E+00 0.129806206E+00 0.144114658E+00
 0.157962799E+00 0.170924351E+00 0.182557002E+00 0.192502633E+00 0.200546592E+00
 0.206625745E+00 0.210823312E+00 0.213366732E+00 0.214606389E+00 0.214942023E+00
-0.114248162E-01-0.111211408E-01-0.166007504E-01-0.235165283E-01-0.298386458E-01
-0.356398262E-01-0.410047434E-01-0.460094810E-01-0.507178046E-01-0.551815778E-01
-0.594427362E-01-0.635355115E-01-0.674885437E-01-0.713267177E-01-0.750730038E-01
-0.787503794E-01-0.822964683E-01-0.855747387E-01-0.885410011E-01-0.911979377E-01
-0.935616791E-01-0.956421494E-01-0.974350274E-01-0.989239439E-01-0.100083128E+00
-0.100879386E+00-0.101273626E+00-0.101222128E+00-0.100677796E+00-0.995906293E-01
-0.979066193E-01-0.955662206E-01-0.925109833E-01-0.886779502E-01-0.839483440E-01
-0.782419816E-01-0.719505176E-01-0.651041046E-01-0.576452352E-01-0.496124811E-01
-0.410134606E-01-0.318610817E-01-0.221674088E-01-0.119458186E-01-0.121147849E-02
 0.100177797E-01 0.217201989E-01 0.338682719E-01 0.464261994E-01 0.593464039E-01
 0.725650042E-01 0.859961808E-01 0.995258689E-01 0.113005675E+00 0.126249656E+00
 0.139037699E+00 0.151129991E+00 0.162292600E+00 0.172327757E+00 0.181098700E+00
 0.188543394E+00 0.194677666E+00 0.199588433E+00 0.203416482E+00 0.206329793E+00
-0.721422164E-02-0.684291590E-02-0.125261676E-01-0.196735058E-01-0.263156034E-01
-0.325013399E-01-0.382893123E-01-0.437392034E-01-0.489061512E-01-0.538384952E-01
-0.585774966E-01-0.631580949E-01-0.676100329E-01-0.719590336E-01-0.762279108E-01
-0.804376677E-01-0.844449848E-01-0.881605148E-01-0.915827975E-01-0.947425961E-01
-0.976648554E-01-0.100355007E+00-0.102802359E+00-0.104983576E+00-0.106865592E+00
-0.108408116E+00-0.109565765E+00-0.110289834E+00-0.110529646E+00-0.110233456E+00
-0.109348677E+00-0.107821770E+00-0.105598047E+00-0.102619551E+00-0.988216326E-01
-0.941414535E-01-0.885172263E-01-0.817907602E-01-0.740482509E-01-0.658154637E-01
-0.569766872E-01-0.475779101E-01-0.376344398E-01-0.271704849E-01-0.162123162E-01
-0.478949258E-02 0.706419209E-02 0.193093829E-01 0.318993144E-01 0.447774716E-01
 0.578749478E-01 0.711077526E-01 0.843745470E-01 0.975555554E-01 0.110513695E+00
 0.123098895E+00 0.135156140E+00 0.146536589E+00 0.157109618E+00 0.166773573E+00
 0.175462753E+00 0.183149815E+00 0.189843476E+00 0.195581853E+00 0.200423077E+00
-0.564975152E-02-0.531823607E-02-0.111547988E-01-0.183490142E-01-0.250547342E-01
-0.313453525E-01-0.372883156E-01-0.429439023E-01-0.483634695E-01-0.535901450E-01
-0.586600974E-01-0.636038110E-01-0.684471652E-01-0.732122064E-01-0.779174715E-01
-0.825463757E-01-0.869259536E-01-0.910287276E-01-0.948937237E-01-0.985636413E-01
-0.102056876E+00-0.105370656E+00-0.108485304E+00-0.111367963E+00-0.113975860E+00
-0.116259322E+00-0.118164405E+00-0.119635165E+00-0.120615445E+00-0.121050149E+00
-0.120885894E+00-0.120071188E+00-0.118556015E+00-0.116290741E+00-0.113224693E+00
-0.109304830E+00-0.104472093E+00-0.986545458E-01-0.917822793E-01-0.837381855E-01
-0.744745135E-01-0.647551417E-01-0.544579104E-01-0.436422601E-01-0.323414057E-01
-0.205934234E-01-0.843962282E-02 0.407514395E-02 0.169012006E-01 0.299823787E-01
 0.432543829E-01 0.566434488E-01 0.700655654E-01 0.834265277E-01 0.966231450E-01
 0.109545782E+00 0.122082233E+00 0.134122431E+00 0.145563528E+00 0.156314239E+00
 0.166298121E+00 0.175455362E+00 0.183742926E+00 0.191133901E+00 0.197616100E+00
-0.710345292E-02-0.699641136E-02-0.125225969E-01-0.194573961E-01-0.259012189E-01
-0.319953524E-01-0.378341116E-01-0.434775613E-01-0.489675216E-01-0.543357171E-01
-0.596077368E-01-0.648050830E-01-0.699464306E-01-0.750487521E-01-0.801290050E-01
-0.850632489E-01-0.897560418E-01-0.942351222E-01-0.985595956E-01-0.102763988E+00
-0.106856242E+00-0.110822566E+00-0.114631645E+00-0.118238553E+00-0.121588558E+00
-0.124620602E+00-0.127270505E+00-0.129473671E+00-0.131167293E+00-0.132291809E+00
-0.132791772E+00-0.132616177E+00-0.131718114E+00-0.130053923E+00-0.127581850E+00
-0.124260239E+00-0.120044872E+00-0.114886105E+00-0.108726785E+00-0.101497076E+00
-0.931191966E-01-0.834940523E-01-0.726135746E-01-0.613125265E-01-0.495204106E-01
-0.372896008E-01-0.246679336E-01-0.117012141E-01 0.156385370E-02 0.150772491E-01
 0.287840907E-01 0.426237471E-01 0.565294512E-01 0.704283118E-01 0.842417628E-01
 0.978863835E-01 0.111275025E+00 0.124317944E+00 0.136923835E+00 0.149000600E+00
 0.160455808E+00 0.171197414E+00 0.181135029E+00 0.190182671E+00 0.198263258E+00
-0.118160453E-01-0.123455161E-01-0.171438381E-01-0.228992533E-01-0.285214093E-01
-0.340796933E-01-0.395867042E-01-0.450503975E-01-0.504784584E-01-0.558789223E-01
-0.612600818E-01-0.666301101E-01-0.719964877E-01-0.773648024E-01-0.827358812E-01
-0.879248530E-01-0.929254070E-01-0.978068337E-01-0.102624021E+00-0.107399315E+00
-0.112127960E+00-0.116782665E+00-0.121318005E+00-0.125674814E+00-0.129784554E+00
-0.133573502E+00-0.136966422E+00-0.139889747E+00-0.142273828E+00-0.144054517E+00
-0.145174041E+00-0.145581096E+00-0.145230621E+00-0.144082993E+00-0.142102912E+00
-0.139257729E+00-0.135515347E+00-0.130841583E+00-0.125196993E+00-0.118533030E+00
-0.110788599E+00-0.101885684E+00-0.917284489E-01-0.801780820E-01-0.676953793E-01
-0.548012964E-01-0.415409580E-01-0.279506184E-01-0.140653169E-01 0.765481673E-04
 0.144326212E-01 0.289567895E-01 0.435993411E-01 0.583069548E-01 0.730224922E-01
 0.876845047E-01 0.102226391E+00 0.116574869E+00 0.130647734E+00 0.144350782E+00
 0.157574326E+00 0.170190379E+00 0.182052270E+00 0.192999184E+00 0.202867076E+00
-0.180972274E-01-0.195393991E-01-0.228750389E-01-0.271808580E-01-0.319041535E-01
-0.368774943E-01-0.420088023E-01-0.472489744E-01-0.525710583E-01-0.579602197E-01
-0.634087473E-01-0.689134896E-01-0.744747072E-01-0.800965130E-01-0.856609344E-01
-0.910822824E-01-0.964164957E-01-0.101738937E+00-0.107089736E+00-0.112476759E+00
-0.117880113E+00-0.123256601E+00-0.128544524E+00-0.133668780E+00-0.138546079E+00
-0.143089727E+00-0.147213951E+00-0.150837079E+00-0.153883860E+00-0.156286672E+00
-0.157985955E+00-0.158930153E+00-0.159075156E+00-0.158383593E+00-0.156823918E+00
-0.154369190E+00-0.150995567E+00-0.146680132E+00-0.141397908E+00-0.135118112E+00
-0.127799705E+00-0.119386524E+00-0.109803312E+00-0.989543945E-01-0.867363438E-01
-0.730094090E-01-0.589742661E-01-0.446302965E-01-0.299845729E-01-0.150618199E-01
 0.107324406E-03 0.154905608E-01 0.310551245E-01 0.467677601E-01 0.625940636E-01
 0.784972757E-01 0.944361538E-01 0.110361673E+00 0.126211688E+00 0.141903102E+00
 0.157321021E+00 0.172305569E+00 0.186640114E+00 0.200049311E+00 0.212217897E+00
-0.216731131E-01-0.233719051E-01-0.266159214E-01-0.306243747E-01-0.349945836E-01
-0.396598317E-01-0.445623845E-01-0.496578999E-01-0.549144521E-01-0.603096932E-01
-0.658281818E-01-0.714590922E-01-0.771939158E-01-0.830230266E-01-0.887734964E-01
-0.944620147E-01-0.100179598E+00-0.105989210E+00-0.111916132E+00-0.117952339E+00
-0.124060839E+00-0.130180553E+00-0.136231944E+00-0.142123222E+00-0.147756457E+00
-0.153033212E+00-0.157859042E+00-0.162146688E+00-0.165817767E+00-0.168803394E+00
-0.171043873E+00-0.172487929E+00-0.173091859E+00-0.172818735E+00-0.171637803E+00
-0.169523910E+00-0.166456833E+00-0.162419990E+00-0.157398298E+00-0.151374876E+00
-0.144326463E+00-0.136217460E+00-0.126993448E+00-0.116574392E+00-0.104849100E+00
-0.916692391E-01-0.768558457E-01-0.617277287E-01-0.462293327E-01-0.304138381E-01
-0.143153686E-01 0.204323535E-02 0.186460949E-01 0.354820527E-01 0.525433645E-01
 0.698245838E-01 0.873208568E-01 0.105024792E+00 0.122920834E+00 0.140974909E+00
 0.159116104E+00 0.177204281E+00 0.194976434E+00 0.211980641E+00 0.227579951E+00
-0.240186471E-01-0.258754548E-01-0.292327646E-01-0.332161747E-01-0.375096090E-01
-0.420882553E-01-0.469229184E-01-0.519859158E-01-0.572533980E-01-0.627061203E-01
-0.683293864E-01-0.741129741E-01-0.800515935E-01-0.860338658E-01-0.919885710E-01
-0.979960710E-01-0.104145534E+00-0.110484488E+00-0.117022067E+00-0.123732597E+00
-0.130560115E+00-0.137424171E+00-0.144226685E+00-0.150859505E+00-0.157211691E+00
-0.163175657E+00-0.168651730E+00-0.173550770E+00-0.177794978E+00-0.181317329E+00
-0.184060201E+00-0.185973674E+00-0.187014163E+00-0.187143430E+00-0.186328441E+00
-0.184541464E+00-0.181760594E+00-0.177969828E+00-0.173158348E+00-0.167318374E+00
-0.160441175E+00-0.152511373E+00-0.143499538E+00-0.133354217E+00-0.121995233E+00
-0.109311201E+00-0.951689035E-01-0.794464797E-01-0.629000142E-01-0.460659638E-01
-0.289536696E-01-0.115609076E-01 0.612141937E-02 0.241087098E-01 0.424235761E-01
 0.610971972E-01 0.801706687E-01 0.996959209E-01 0.119735762E+00 0.140361816E+00
 0.161648005E+00 0.183652833E+00 0.206367180E+00 0.229500458E+00 0.251519531E+00
-0.256729499E-01-0.276639704E-01-0.310730599E-01-0.351180024E-01-0.394547135E-01
-0.440702699E-01-0.489483215E-01-0.540713668E-01-0.594227090E-01-0.649875402E-01
-0.707532316E-01-0.767088756E-01-0.828436837E-01-0.890029967E-01-0.952175707E-01
-0.101598553E+00-0.108222477E+00-0.115122147E+00-0.122289754E+00-0.129680559E+00
-0.137218282E+00-0.144802362E+00-0.152316615E+00-0.159638256E+00-0.166646212E+00
-0.173227698E+00-0.179282308E+00-0.184723616E+00-0.189478621E+00-0.193485722E+00
-0.196691856E+00-0.199049830E+00-0.200516120E+00-0.201049790E+00-0.200612500E+00
-0.199169636E+00-0.196692035E+00-0.193157896E+00-0.188553914E+00-0.182875007E+00
-0.176121816E+00-0.168295503E+00-0.159390122E+00-0.149383053E+00-0.138224915E+00
-0.125831038E+00-0.112077616E+00-0.968065411E-01-0.798434690E-01-0.619536527E-01
-0.438312516E-01-0.254321191E-01-0.671984814E-02 0.123444833E-01 0.318091474E-01
 0.517372675E-01 0.722123235E-01 0.933446586E-01 0.115280233E+00 0.138213262E+00
 0.162406236E+00 0.188225970E+00 0.216220677E+00 0.247305438E+00 0.280061007E+00
-0.266528185E-01-0.287508126E-01-0.322576836E-01-0.364083238E-01-0.408535786E-01
-0.455818698E-01-0.505795628E-01-0.558326580E-01-0.613283664E-01-0.670559332E-01
-0.730070323E-01-0.791760907E-01-0.854872465E-01-0.918579996E-01-0.983847752E-01
-0.105179012E+00-0.112304248E+00-0.119777948E+00-0.127574190E+00-0.135627940E+00
-0.143841937E+00-0.152095839E+00-0.160256892E+00-0.168190569E+00-0.175769717E+00
-0.182880983E+00-0.189428106E+00-0.195332065E+00-0.200528771E+00-0.204965323E+00
-0.208595663E+00-0.211376697E+00-0.213265270E+00-0.214216784E+00-0.214185372E+00
-0.213125736E+00-0.210996330E+00-0.207763076E+00-0.203403011E+00-0.197906375E+00
-0.191276267E+00-0.183524936E+00-0.174666375E+00-0.164705515E+00-0.153625220E+00
-0.141372651E+00-0.127847597E+00-0.112895824E+00-0.963127911E-01-0.778671429E-01
-0.588877723E-01-0.396057889E-01-0.199937522E-01-0.130341077E-04 0.203916319E-01
 0.412970968E-01 0.628078952E-01 0.850647688E-01 0.108257145E+00 0.132641420E+00
 0.158567682E+00 0.186516941E+00 0.217146158E+00 0.251320660E+00 0.288270384E+00
-0.269264933E-01-0.290937498E-01-0.327931643E-01-0.370905697E-01-0.417034253E-01
-0.466106348E-01-0.517916307E-01-0.572310910E-01-0.629181266E-01-0.688452274E-01
-0.750077069E-01-0.814037547E-01-0.879097506E-01-0.945350453E-01-0.101411395E+00
-0.108640991E+00-0.116274878E+00-0.124314703E+00-0.132715598E+00-0.141391709E+00
-0.150225013E+00-0.159076780E+00-0.167800352E+00-0.176253185E+00-0.184306458E+00
-0.191850945E+00-0.198798999E+00-0.205082953E+00-0.210650921E+00-0.215461314E+00
-0.219477028E+00-0.222660318E+00-0.224969059E+00-0.226354748E+00-0.226762742E+00
-0.226134554E+00-0.224412188E+00-0.221543863E+00-0.217490062E+00-0.212228686E+00
-0.205757782E+00-0.198094100E+00-0.189267054E+00-0.179307595E+00-0.168233410E+00
-0.156032041E+00-0.142644972E+00-0.127956107E+00-0.111790299E+00-0.939311311E-01
-0.741755590E-01-0.541013815E-01-0.337175950E-01-0.130041363E-01 0.808507390E-02
 0.296209808E-01 0.517016575E-01 0.744580626E-01 0.980636701E-01 0.122749075E+00
 0.148823947E+00 0.176710159E+00 0.206992671E+00 0.240491763E+00 0.276671588E+00
-0.266120974E-01-0.288474206E-01-0.325617529E-01-0.370968282E-01-0.419927873E-01
-0.471667200E-01-0.525948666E-01-0.582675822E-01-0.641803071E-01-0.703307837E-01
-0.767178386E-01-0.833405107E-01-0.900677145E-01-0.969800279E-01-0.104222350E+00
-0.111888349E+00-0.120016836E+00-0.128593355E+00-0.137553856E+00-0.146791995E+00
-0.156170234E+00-0.165533811E+00-0.174725503E+00-0.183598712E+00-0.192027077E+00
-0.199909434E+00-0.207170099E+00-0.213755444E+00-0.219627857E+00-0.224758610E+00
-0.229120776E+00-0.232683033E+00-0.235405102E+00-0.237235129E+00-0.238109663E+00
-0.237956092E+00-0.236697733E+00-0.234261140E+00-0.230584741E+00-0.225627214E+00
-0.219373897E+00-0.211838722E+00-0.203060538E+00-0.193092749E+00-0.181987315E+00
-0.169775262E+00-0.156446695E+00-0.141934469E+00-0.126106128E+00-0.108771563E+00
-0.897179320E-01-0.688140020E-01-0.477227867E-01-0.264306180E-01-0.489493739E-02
 0.169430189E-01 0.391567536E-01 0.618365407E-01 0.850927681E-01 0.109059930E+00
 0.133901507E+00 0.159817129E+00 0.187059358E+00 0.216007069E+00 0.246672571E+00
-0.248793606E-01-0.268675573E-01-0.313020311E-01-0.365129970E-01-0.418420173E-01
-0.473493263E-01-0.530603938E-01-0.589883216E-01-0.651415363E-01-0.715264082E-01
-0.781482756E-01-0.849836990E-01-0.919406042E-01-0.991472825E-01-0.106748797E+00
-0.114830494E+00-0.123418905E+00-0.132483512E+00-0.141941607E+00-0.151667595E+00
-0.161506593E+00-0.171290740E+00-0.180855691E+00-0.190054357E+00-0.198766097E+00
-0.206900418E+00-0.214395449E+00-0.221212745E+00-0.227329642E+00-0.232730731E+00
-0.237399712E+00-0.241312355E+00-0.244431123E+00-0.246701941E+00-0.248053625E+00
-0.248400033E+00-0.247645468E+00-0.245693147E+00-0.242455900E+00-0.237867951E+00
-0.231895208E+00-0.224541500E+00-0.215848118E+00-0.205885261E+00-0.194735542E+00
-0.182471886E+00-0.169133171E+00-0.154702157E+00-0.139090002E+00-0.122132652E+00
-0.103607081E+00-0.832810849E-01-0.615314469E-01-0.398102477E-01-0.180325713E-01
 0.385401119E-02 0.258917641E-01 0.481191911E-01 0.705702379E-01 0.932679847E-01
 0.116210707E+00 0.139343381E+00 0.162497014E+00 0.185255349E+00 0.206733957E+00
-0.237289686E-01-0.256880503E-01-0.304329023E-01-0.359374881E-01-0.415605530E-01
-0.473392084E-01-0.532999262E-01-0.594623089E-01-0.658412874E-01-0.724490583E-01
-0.792964771E-01-0.863275677E-01-0.935077891E-01-0.100994386E+00-0.108927965E+00
-0.117385663E+00-0.126382053E+00-0.135871381E+00-0.145753667E+00-0.155886218E+00
-0.166099504E+00-0.176215708E+00-0.186066434E+00-0.195506796E+00-0.204423785E+00
-0.212738633E+00-0.220403567E+00-0.227395043E+00-0.233704701E+00-0.239329845E+00
-0.244264513E+00-0.248491749E+00-0.251977533E+00-0.254666954E+00-0.256482840E+00
-0.257327378E+00-0.257087350E+00-0.255643100E+00-0.252880961E+00-0.248707846E+00
-0.243065655E+00-0.235941976E+00-0.227373883E+00-0.217441946E+00-0.206254169E+00
-0.193921670E+00-0.180530220E+00-0.166112617E+00-0.150626525E+00-0.133942246E+00
-0.115845166E+00-0.960606039E-01-0.743146017E-01-0.524757653E-01-0.306499824E-01
-0.887178816E-02 0.128457509E-01 0.344900638E-01 0.560368598E-01 0.774385482E-01
 0.986091867E-01 0.119403541E+00 0.139590248E+00 0.158827275E+00 0.176665157E+00
-0.231726170E-01-0.251691807E-01-0.298568700E-01-0.354905836E-01-0.412804075E-01
-0.472406037E-01-0.533883385E-01-0.597394630E-01-0.663082302E-01-0.731076226E-01
-0.801499188E-01-0.873598009E-01-0.947457105E-01-0.102481805E+00-0.110704623E+00
-0.119483978E+00-0.128823727E+00-0.138664618E+00-0.148891807E+00-0.159348279E+00
-0.169852987E+00-0.180220991E+00-0.190282226E+00-0.199895442E+00-0.208955824E+00
-0.217395872E+00-0.225180835E+00-0.232300460E+00-0.238759071E+00-0.244565248E+00
-0.249722391E+00-0.254220426E+00-0.258029312E+00-0.261094570E+00-0.263334930E+00
-0.264643550E+00-0.264892459E+00-0.263941616E+00-0.261652470E+00-0.257904857E+00
-0.252614826E+00-0.245750219E+00-0.237338752E+00-0.227465466E+00-0.216257870E+00
-0.203860238E+00-0.190401793E+00-0.175964639E+00-0.160557285E+00-0.144099101E+00
-0.126421392E+00-0.107295021E+00-0.865052789E-01-0.641847402E-01-0.422034003E-01
-0.205046013E-01 0.917062338E-03 0.220395997E-01 0.428189114E-01 0.631863698E-01
 0.830430314E-01 0.102252960E+00 0.120638601E+00 0.137982726E+00 0.154042020E+00
-0.225894861E-01-0.246024523E-01-0.293724630E-01-0.350871459E-01-0.409790128E-01
-0.470595844E-01-0.533409826E-01-0.598350912E-01-0.665535033E-01-0.735076964E-01
-0.807092860E-01-0.880728364E-01-0.956342965E-01-0.103576921E+00-0.112034254E+00
-0.121070296E+00-0.130680278E+00-0.140794113E+00-0.151285231E+00-0.161985621E+00
-0.172705770E+00-0.183256075E+00-0.193466172E+00-0.203198820E+00-0.212356552E+00
-0.220881522E+00-0.228749692E+00-0.235961705E+00-0.242532134E+00-0.248478770E+00
-0.253812760E+00-0.258530051E+00-0.262604564E+00-0.265982896E+00-0.268581688E+00
-0.270287633E+00-0.270961553E+00-0.270447016E+00-0.268584460E+00-0.265229613E+00
-0.260274529E+00-0.253666848E+00-0.245422527E+00-0.235626519E+00-0.224419802E+00
-0.211972937E+00-0.198451445E+00-0.183979511E+00-0.168608800E+00-0.152297750E+00
-0.134904876E+00-0.116200864E+00-0.959068984E-01-0.737720504E-01-0.518626831E-01
-0.302885100E-01-0.911215693E-02 0.116150575E-01 0.318370089E-01 0.514846109E-01
 0.704713613E-01 0.886914581E-01 0.106020875E+00 0.122322172E+00 0.137453750E+00
-0.220074616E-01-0.240277480E-01-0.288929678E-01-0.346516259E-01-0.406034887E-01
-0.467633456E-01-0.531399399E-01-0.597407818E-01-0.665737912E-01-0.736479312E-01
-0.809734017E-01-0.884604007E-01-0.961585864E-01-0.104256079E+00-0.112884991E+00
-0.122105673E+00-0.131907567E+00-0.142213210E+00-0.152888000E+00-0.163756564E+00
-0.174623787E+00-0.185297251E+00-0.195606962E+00-0.205418885E+00-0.214641109E+00
-0.223222837E+00-0.231147766E+00-0.238424286E+00-0.245074347E+00-0.251122385E+00
-0.256585300E+00-0.261463672E+00-0.265734613E+00-0.269346267E+00-0.272214353E+00
-0.274221659E+00-0.275221467E+00-0.275045812E+00-0.273519635E+00-0.270480245E+00
-0.265800565E+00-0.259411335E+00-0.251317263E+00-0.241600975E+00-0.230411634E+00
-0.217938453E+00-0.204374030E+00-0.189875156E+00-0.174528286E+00-0.158326030E+00
-0.141158193E+00-0.122822069E+00-0.103060514E+00-0.816469789E-01-0.594454370E-01
-0.378019772E-01-0.167191718E-01 0.377991749E-02 0.236563124E-01 0.428567156E-01
 0.613145530E-01 0.789516345E-01 0.956809968E-01 0.111411475E+00 0.126053751E+00
-0.215880908E-01-0.236436725E-01-0.283788648E-01-0.341129862E-01-0.400874354E-01
-0.463036038E-01-0.527554713E-01-0.594407991E-01-0.663622320E-01-0.735261962E-01
-0.809418783E-01-0.885198712E-01-0.963110402E-01-0.104506433E+00-0.113238864E+00
-0.122567788E+00-0.132480323E+00-0.142895609E+00-0.153675154E+00-0.164639860E+00
-0.175591826E+00-0.186337262E+00-0.196706384E+00-0.206566930E+00-0.215830043E+00
-0.224448726E+00-0.232410938E+00-0.239729360E+00-0.246430054E+00-0.252541274E+00
-0.258083254E+00-0.263059437E+00-0.267449081E+00-0.271201491E+00-0.274232268E+00
-0.276422441E+00-0.277621359E+00-0.277654648E+00-0.276338369E+00-0.273499072E+00
-0.268997967E+00-0.262755036E+00-0.254767448E+00-0.245115399E+00-0.233952001E+00
-0.221476957E+00-0.207899004E+00-0.193394840E+00-0.178072900E+00-0.161948264E+00
-0.144932672E+00-0.126843646E+00-0.107439891E+00-0.864991397E-01-0.641530603E-01
-0.424658060E-01-0.214289874E-01-0.105408521E-02 0.186312180E-01 0.375856981E-01
 0.557570085E-01 0.730843395E-01 0.895017087E-01 0.104941852E+00 0.119340844E+00
-0.209797677E-01-0.231313240E-01-0.276076086E-01-0.332704224E-01-0.393204540E-01
-0.456295349E-01-0.521689095E-01-0.589326397E-01-0.659237728E-01-0.731500387E-01
-0.806220472E-01-0.882568061E-01-0.960944369E-01-0.104327679E+00-0.113092542E+00
-0.122450717E+00-0.132390782E+00-0.142832771E+00-0.153638616E+00-0.164629295E+00
-0.175606728E+00-0.186376899E+00-0.196769834E+00-0.206653208E+00-0.215938270E+00
-0.224578366E+00-0.232561901E+00-0.239902198E+00-0.246626019E+00-0.252762407E+00
-0.258332372E+00-0.263340175E+00-0.267765671E+00-0.271558762E+00-0.274635375E+00
-0.276876509E+00-0.278130919E+00-0.278223187E+00-0.276967704E+00-0.274188668E+00
-0.269744754E+00-0.263553351E+00-0.255609632E+00-0.245992795E+00-0.234856561E+00
-0.222402826E+00-0.208844081E+00-0.194362015E+00-0.179070935E+00-0.162992135E+00
-0.146043375E+00-0.128046811E+00-0.108761474E+00-0.879536420E-01-0.656234100E-01
-0.439598225E-01-0.229648743E-01-0.265202741E-02 0.169525538E-01 0.358109139E-01
 0.538752191E-01 0.710903257E-01 0.873969197E-01 0.102735184E+00 0.117048845E+00
-0.187877081E-01-0.205752682E-01-0.257705208E-01-0.319998488E-01-0.383178778E-01
-0.447835065E-01-0.514234938E-01-0.582544170E-01-0.652904063E-01-0.725454763E-01
-0.800342709E-01-0.876880288E-01-0.955234468E-01-0.103732660E+00-0.112457275E+00
-0.121764250E+00-0.131647423E+00-0.142031983E+00-0.152784601E+00-0.163730130E+00
-0.174673006E+00-0.185420141E+00-0.195800930E+00-0.205681130E+00-0.214969158E+00
-0.223615110E+00-0.231604055E+00-0.238946214E+00-0.245665595E+00-0.251788914E+00
-0.257335335E+00-0.262307733E+00-0.266685158E+00-0.270417243E+00-0.273420513E+00
-0.275577605E+00-0.276740104E+00-0.276736796E+00-0.275387526E+00-0.272523075E+00
-0.268008828E+00-0.261768252E+00-0.253800452E+00-0.244185716E+00-0.233075097E+00
-0.220664427E+00-0.207157388E+00-0.192725331E+00-0.177471787E+00-0.161407828E+00
-0.144442365E+00-0.126391456E+00-0.107014552E+00-0.860948041E-01-0.638290718E-01
-0.422200896E-01-0.212563667E-01-0.949262467E-03 0.186729822E-01 0.375686288E-01
 0.556850247E-01 0.729612857E-01 0.893315077E-01 0.104728661E+00 0.119089052E+00
-0.176632665E-01-0.193687882E-01-0.245888121E-01-0.309501290E-01-0.373915955E-01
-0.439428240E-01-0.506324805E-01-0.574843958E-01-0.645190999E-01-0.717552751E-01
-0.792108178E-01-0.868405849E-01-0.946235433E-01-0.102746189E+00-0.111357614E+00
-0.120532624E+00-0.130273685E+00-0.140515074E+00-0.151132405E+00-0.161958084E+00
-0.172801927E+00-0.183473200E+00-0.193800569E+00-0.203646377E+00-0.212913558E+00
-0.221545607E+00-0.229520619E+00-0.236842051E+00-0.243527755E+00-0.249599114E+00
-0.255070865E+00-0.259942383E+00-0.264190555E+00-0.267764211E+00-0.270580977E+00
-0.272526860E+00-0.273459703E+00-0.273217678E+00-0.271633029E+00-0.268551141E+00
-0.263852656E+00-0.257474512E+00-0.249424696E+00-0.239785552E+00-0.228701904E+00
-0.216355398E+00-0.202929124E+00-0.188569874E+00-0.173355088E+00-0.157270059E+00
-0.140199214E+00-0.121935524E+00-0.102216460E+00-0.808034986E-01-0.588080436E-01
-0.373319238E-01-0.163954813E-01 0.397023233E-02 0.237225536E-01 0.428065248E-01
 0.611549728E-01 0.786897168E-01 0.953242034E-01 0.110967889E+00 0.125532195E+00
-0.168983806E-01-0.185279753E-01-0.239218231E-01-0.302799195E-01-0.367115401E-01
-0.432430133E-01-0.498979539E-01-0.566994734E-01-0.636690632E-01-0.708263963E-01
-0.781894773E-01-0.857472047E-01-0.934273005E-01-0.101401970E+00-0.109828971E+00
-0.118792750E+00-0.128306970E+00-0.138318360E+00-0.148715109E+00-0.159340903E+00
-0.170013875E+00-0.180547610E+00-0.190770611E+00-0.200540930E+00-0.209754080E+00
-0.218344122E+00-0.226278931E+00-0.233551830E+00-0.240171343E+00-0.246150613E+00
-0.251497567E+00-0.256206453E+00-0.260250837E+00-0.263578594E+00-0.266109347E+00
-0.267734647E+00-0.268322110E+00-0.267724186E+00-0.265791595E+00-0.262391031E+00
-0.257424653E+00-0.250847876E+00-0.242680043E+00-0.233004674E+00-0.221955970E+00
-0.209693611E+00-0.196370006E+00-0.182096139E+00-0.166912392E+00-0.150769308E+00
-0.133522108E+00-0.114944458E+00-0.947704986E-01-0.727826729E-01-0.510567799E-01
-0.296747182E-01-0.868892390E-02 0.118529350E-01 0.318960808E-01 0.513721183E-01
 0.701952353E-01 0.882605761E-01 0.105445370E+00 0.121613704E+00 0.136625677E+00
-0.169820059E-01-0.185853150E-01-0.237269271E-01-0.299923625E-01-0.363222659E-01
-0.427403152E-01-0.492733791E-01-0.559464917E-01-0.627818555E-01-0.697988421E-01
-0.770142078E-01-0.844420865E-01-0.919690207E-01-0.997379348E-01-0.107914060E+00
-0.116591901E+00-0.125797734E+00-0.135493100E+00-0.145581797E+00-0.155922145E+00
-0.166343778E+00-0.176667050E+00-0.186721757E+00-0.196361840E+00-0.205474436E+00
-0.213982180E+00-0.221840203E+00-0.229028851E+00-0.235544503E+00-0.241389588E+00
-0.246563271E+00-0.251053244E+00-0.254829198E+00-0.257838458E+00-0.260003984E+00
-0.261225283E+00-0.261383295E+00-0.260348976E+00-0.257996202E+00-0.254217386E+00
-0.248939678E+00-0.242138505E+00-0.233844087E+00-0.224137887E+00-0.213138059E+00
-0.200975224E+00-0.187762856E+00-0.173567727E+00-0.158385620E+00-0.142127544E+00
-0.124621734E+00-0.105640896E+00-0.849724114E-01-0.629271343E-01-0.412059985E-01
-0.197602119E-01 0.141405105E-02 0.222948622E-01 0.428385846E-01 0.629772991E-01
 0.826131329E-01 0.101611748E+00 0.119797863E+00 0.136957169E+00 0.152849734E+00
-0.174463391E-01-0.190204196E-01-0.240473002E-01-0.301341005E-01-0.362526774E-01
-0.424512066E-01-0.487684794E-01-0.552329496E-01-0.618662164E-01-0.686857626E-01
-0.757067204E-01-0.829431787E-01-0.902727842E-01-0.977888480E-01-0.105658293E+00
-0.113985084E+00-0.122808561E+00-0.132106438E+00-0.141800404E+00-0.151766255E+00
-0.161848307E+00-0.171876714E+00-0.181684867E+00-0.191124111E+00-0.200073406E+00
-0.208443329E+00-0.216174692E+00-0.223232895E+00-0.229600072E+00-0.235266030E+00
-0.240219623E+00-0.244441181E+00-0.247896537E+00-0.250533223E+00-0.252279192E+00
-0.253044486E+00-0.252726227E+00-0.251217127E+00-0.248416871E+00-0.244245157E+00
-0.238654301E+00-0.231637999E+00-0.223233595E+00-0.213515639E+00-0.202580318E+00
-0.190523013E+00-0.177412122E+00-0.163263977E+00-0.148023263E+00-0.131553426E+00
-0.113643870E+00-0.940451622E-01-0.725550801E-01-0.510143787E-01-0.294969957E-01
-0.802669115E-02 0.133868288E-01 0.347318612E-01 0.559843034E-01 0.770968273E-01
 0.979842991E-01 0.118503243E+00 0.138425454E+00 0.157413840E+00 0.175025731E+00
-0.185672268E-01-0.201694667E-01-0.251120590E-01-0.307800192E-01-0.364895798E-01
-0.423301011E-01-0.483332127E-01-0.545152947E-01-0.608876348E-01-0.674596950E-01
-0.742405206E-01-0.812396854E-01-0.883459598E-01-0.955826268E-01-0.103107437E+00
-0.111033656E+00-0.119413786E+00-0.128242359E+00-0.137460411E+00-0.146963447E+00
-0.156613380E+00-0.166253433E+00-0.175723821E+00-0.184875846E+00-0.193582118E+00
-0.201741934E+00-0.209281623E+00-0.216150925E+00-0.222316548E+00-0.227754593E+00
-0.232442811E+00-0.236353859E+00-0.239450097E+00-0.241680324E+00-0.242979243E+00
-0.243269354E+00-0.242466047E+00-0.240485087E+00-0.237252235E+00-0.232713237E+00
-0.226842389E+00-0.219646960E+00-0.211165771E+00-0.201460525E+00-0.190600276E+00
-0.178641096E+00-0.165603921E+00-0.151454270E+00-0.136087686E+00-0.119325563E+00
-0.100928098E+00-0.806362480E-01-0.594074577E-01-0.381213352E-01-0.167384427E-01
 0.477376767E-02 0.264482498E-01 0.483186990E-01 0.704162791E-01 0.927623659E-01
 0.115354352E+00 0.138137400E+00 0.160944685E+00 0.183366150E+00 0.204531088E+00
-0.211638082E-01-0.231218152E-01-0.269151442E-01-0.316612050E-01-0.367878638E-01
-0.421899371E-01-0.478311628E-01-0.536963344E-01-0.597786084E-01-0.660754070E-01
-0.725868642E-01-0.793153793E-01-0.861907974E-01-0.931457654E-01-0.100309730E+00
-0.107805625E+00-0.115699075E+00-0.124001473E+00-0.132673696E+00-0.141632333E+00
-0.150759220E+00-0.159913763E+00-0.168946624E+00-0.177712694E+00-0.186081395E+00
-0.193943098E+00-0.201211214E+00-0.207820475E+00-0.213722393E+00-0.218879282E+00
-0.223257795E+00-0.226823211E+00-0.229535013E+00-0.231344402E+00-0.232193932E+00
-0.232019708E+00-0.230755702E+00-0.228340074E+00-0.224722326E+00-0.219870180E+00
-0.213774204E+00-0.206448674E+00-0.197927177E+00-0.188252777E+00-0.177463323E+00
-0.165573999E+00-0.152559638E+00-0.138340533E+00-0.122776166E+00-0.105673783E+00
-0.868241638E-01-0.662566572E-01-0.455585346E-01-0.246743616E-01-0.354794110E-02
 0.178830139E-01 0.396918580E-01 0.619673170E-01 0.848175585E-01 0.108374409E+00
 0.132798240E+00 0.158285022E+00 0.185082898E+00 0.213564277E+00 0.243740916E+00
-0.219384581E-01-0.238388889E-01-0.274872314E-01-0.319292024E-01-0.366969928E-01
-0.417589955E-01-0.470873825E-01-0.526613556E-01-0.584661514E-01-0.644913316E-01
-0.707293078E-01-0.771739036E-01-0.838180557E-01-0.905079395E-01-0.973171890E-01
-0.104374796E+00-0.111759208E+00-0.119498029E+00-0.127571598E+00-0.135917917E+00
-0.144440085E+00-0.153016225E+00-0.161510959E+00-0.169786856E+00-0.177714348E+00
-0.185178697E+00-0.192083508E+00-0.198350891E+00-0.203918830E+00-0.208736971E+00
-0.212761760E+00-0.215951905E+00-0.218264803E+00-0.219654635E+00-0.220072225E+00
-0.219466850E+00-0.217789665E+00-0.214998230E+00-0.211061239E+00-0.205962196E+00
-0.199700788E+00-0.192290813E+00-0.183754012E+00-0.174109742E+00-0.163361862E+00
-0.151484132E+00-0.138407111E+00-0.124010108E+00-0.108123250E+00-0.905489698E-01
-0.711345822E-01-0.514465161E-01-0.314773768E-01-0.111933528E-01 0.945980195E-02
 0.305568203E-01 0.521966778E-01 0.745093301E-01 0.976658538E-01 0.121893160E+00
 0.147495791E+00 0.174888641E+00 0.204647064E+00 0.237578019E+00 0.273154080E+00
-0.218686853E-01-0.236811880E-01-0.272424947E-01-0.315076113E-01-0.360640883E-01
-0.408994928E-01-0.459963754E-01-0.513373464E-01-0.569068529E-01-0.626919568E-01
-0.686826110E-01-0.748719499E-01-0.812570229E-01-0.877008662E-01-0.941830277E-01
-0.100816853E+00-0.107692733E+00-0.114853367E+00-0.122297414E+00-0.129983634E+00
-0.137836710E+00-0.145755008E+00-0.153619960E+00-0.161305770E+00-0.168688416E+00
-0.175652832E+00-0.182097271E+00-0.187934950E+00-0.193093449E+00-0.197512165E+00
-0.201139063E+00-0.203927472E+00-0.205833390E+00-0.206814080E+00-0.206827834E+00
-0.205835238E+00-0.203801349E+00-0.200698376E+00-0.196507916E+00-0.191221982E+00
-0.184841812E+00-0.177373752E+00-0.168822110E+00-0.159179315E+00-0.148414344E+00
-0.136461362E+00-0.123211183E+00-0.108510084E+00-0.921726599E-01-0.740220547E-01
-0.555563532E-01-0.367695950E-01-0.176432896E-01 0.185730960E-02 0.217856076E-01
 0.422170609E-01 0.632545352E-01 0.850365087E-01 0.107749254E+00 0.131644890E+00
 0.157067671E+00 0.184490710E+00 0.214560300E+00 0.248127863E+00 0.284435898E+00
-0.212622564E-01-0.229762346E-01-0.263574831E-01-0.304896999E-01-0.349080004E-01
-0.395962186E-01-0.445362329E-01-0.497088768E-01-0.550960787E-01-0.606821254E-01
-0.664542019E-01-0.724023953E-01-0.785193145E-01-0.847487226E-01-0.909553319E-01
-0.972036868E-01-0.103594974E+00-0.110186800E+00-0.116995052E+00-0.123998061E+00
-0.131141454E+00-0.138344303E+00-0.145506620E+00-0.152517393E+00-0.159262478E+00
-0.165631324E+00-0.171521857E+00-0.176843256E+00-0.181516752E+00-0.185474798E+00
-0.188659385E+00-0.191019952E+00-0.192511648E+00-0.193094194E+00-0.192731559E+00
-0.191392466E+00-0.189051226E+00-0.185688704E+00-0.181292430E+00-0.175855592E+00
-0.169373989E+00-0.161840871E+00-0.153239653E+00-0.143535048E+00-0.132663667E+00
-0.120525867E+00-0.106981955E+00-0.918598771E-01-0.749851093E-01-0.577988587E-01
-0.402967483E-01-0.224694647E-01-0.429971097E-02 0.142407352E-01 0.331938900E-01
 0.526188649E-01 0.725961104E-01 0.932332352E-01 0.114673227E+00 0.137106717E+00
 0.160791576E+00 0.186088353E+00 0.213536128E+00 0.244035318E+00 0.276190370E+00
-0.199691262E-01-0.215425789E-01-0.248423293E-01-0.288944580E-01-0.332448334E-01
-0.378671475E-01-0.427314602E-01-0.478093848E-01-0.530765839E-01-0.585134812E-01
-0.641050860E-01-0.698403642E-01-0.757114738E-01-0.817129388E-01-0.876863301E-01
-0.936036333E-01-0.995529667E-01-0.105606511E+00-0.111796238E+00-0.118118472E+00
-0.124538437E+00-0.130995318E+00-0.137408301E+00-0.143683136E+00-0.149718806E+00
-0.155413553E+00-0.160669848E+00-0.165397704E+00-0.169516549E+00-0.172955677E+00
-0.175653860E+00-0.177558288E+00-0.178623557E+00-0.178810805E+00-0.178087115E+00
-0.176425338E+00-0.173803762E+00-0.170205519E+00-0.165617272E+00-0.160026625E+00
-0.153418139E+00-0.145768046E+00-0.137037620E+00-0.127166435E+00-0.116066337E+00
-0.103617869E+00-0.896669403E-01-0.740511119E-01-0.581379272E-01-0.419256389E-01
-0.254136510E-01-0.859971065E-02 0.852245651E-02 0.259650964E-01 0.437481143E-01
 0.619005226E-01 0.804616436E-01 0.994818881E-01 0.119022585E+00 0.139153868E+00
 0.159948096E+00 0.181462213E+00 0.203686103E+00 0.226331189E+00 0.247887164E+00
-0.179612711E-01-0.193568543E-01-0.225996915E-01-0.266600586E-01-0.310634933E-01
-0.357450359E-01-0.406460799E-01-0.457222201E-01-0.509420410E-01-0.562841184E-01
-0.617343038E-01-0.672837123E-01-0.729272813E-01-0.786628574E-01-0.844273716E-01
-0.900743231E-01-0.956381410E-01-0.101200126E+00-0.106807895E+00-0.112474427E+00
-0.118182823E+00-0.123891056E+00-0.129536957E+00-0.135043681E+00-0.140325263E+00
-0.145291805E+00-0.149854168E+00-0.153927431E+00-0.157433346E+00-0.160301685E+00
-0.162470609E+00-0.163886547E+00-0.164503679E+00-0.164283141E+00-0.163192362E+00
-0.161204144E+00-0.158295438E+00-0.154445738E+00-0.149634585E+00-0.143838301E+00
-0.137025610E+00-0.129152820E+00-0.120158836E+00-0.109962240E+00-0.984631553E-01
-0.855680108E-01-0.712304637E-01-0.565827675E-01-0.416322462E-01-0.263907500E-01
-0.108715324E-01 0.491245324E-02 0.209496599E-01 0.372306071E-01 0.537481084E-01
 0.704968870E-01 0.874722153E-01 0.104666978E+00 0.122066073E+00 0.139636233E+00
 0.157307819E+00 0.174942955E+00 0.192282632E+00 0.208882019E+00 0.224115968E+00
-0.149446549E-01-0.160686318E-01-0.193013754E-01-0.236319415E-01-0.283701718E-01
-0.333339423E-01-0.384305902E-01-0.436132252E-01-0.488572642E-01-0.541500077E-01
-0.594856404E-01-0.648626164E-01-0.702820718E-01-0.757468268E-01-0.812605247E-01
-0.866662040E-01-0.919033661E-01-0.970282555E-01-0.102102630E+00-0.107154660E+00
-0.112183526E+00-0.117164142E+00-0.122051641E+00-0.126786038E+00-0.131296873E+00
-0.135507703E+00-0.139340162E+00-0.142717376E+00-0.145566523E+00-0.147820562E+00
-0.149419203E+00-0.150309205E+00-0.150444120E+00-0.149783716E+00-0.148293018E+00
-0.145940900E+00-0.142698392E+00-0.138536200E+00-0.133421749E+00-0.127315626E+00
-0.120167233E+00-0.111910813E+00-0.102460392E+00-0.917086229E-01-0.794869214E-01
-0.665741339E-01-0.532309860E-01-0.395197645E-01-0.254847631E-01-0.111625148E-01
 0.341368490E-02 0.182117689E-01 0.331999250E-01 0.483459644E-01 0.636166185E-01
 0.789763853E-01 0.943855569E-01 0.109796874E+00 0.125150308E+00 0.140365273E+00
 0.155329779E+00 0.169887498E+00 0.183826074E+00 0.196875304E+00 0.208725631E+00
-0.929490849E-02-0.925033260E-02-0.139728468E-01-0.198567137E-01-0.254832823E-01
-0.309953727E-01-0.364226773E-01-0.417802818E-01-0.470799990E-01-0.523328893E-01
-0.575498827E-01-0.627418756E-01-0.679197013E-01-0.730940029E-01-0.782750845E-01
-0.834254101E-01-0.883752555E-01-0.931183323E-01-0.977119058E-01-0.102198578E+00
-0.106591985E+00-0.110882007E+00-0.115039200E+00-0.119019032E+00-0.122765832E+00
-0.126216665E+00-0.129304811E+00-0.131962851E+00-0.134125069E+00-0.135729253E+00
-0.136717826E+00-0.137038291E+00-0.136643171E+00-0.135489374E+00-0.133537069E+00
-0.130748063E+00-0.127083719E+00-0.122502066E+00-0.116954543E+00-0.110383973E+00
-0.102719136E+00-0.938801691E-01-0.837633610E-01-0.724188089E-01-0.606773235E-01
-0.484995395E-01-0.359197594E-01-0.229803901E-01-0.972568803E-02 0.379935163E-02
 0.175486617E-01 0.314744785E-01 0.455267951E-01 0.596529469E-01 0.737972111E-01
 0.879002288E-01 0.101898097E+00 0.115720756E+00 0.129289657E+00 0.142514542E+00
 0.155289814E+00 0.167491540E+00 0.178976968E+00 0.189588875E+00 0.199166194E+00
-0.577477086E-02-0.513649313E-02-0.103163952E-01-0.171626974E-01-0.235032123E-01
-0.294736102E-01-0.351654068E-01-0.406394415E-01-0.459392406E-01-0.510984249E-01
-0.561445504E-01-0.611011721E-01-0.659890547E-01-0.708271116E-01-0.756331757E-01
-0.804251358E-01-0.850680470E-01-0.894633159E-01-0.936231837E-01-0.975924209E-01
-0.101397127E+00-0.105039991E+00-0.108504817E+00-0.111760505E+00-0.114764564E+00
-0.117466465E+00-0.119810618E+00-0.121738993E+00-0.123193257E+00-0.124116354E+00
-0.124453515E+00-0.124152668E+00-0.123164423E+00-0.121441327E+00-0.118936449E+00
-0.115601636E+00-0.111386418E+00-0.106233925E+00-0.100072399E+00-0.928337798E-01
-0.844003260E-01-0.747375041E-01-0.646389872E-01-0.539897531E-01-0.428561270E-01
-0.312801600E-01-0.193038955E-01-0.697208755E-02 0.566707039E-02 0.185614415E-01
 0.316543877E-01 0.448843017E-01 0.581843406E-01 0.714825764E-01 0.847024545E-01
 0.977637023E-01 0.110583335E+00 0.123076715E+00 0.135158241E+00 0.146741778E+00
 0.157740653E+00 0.168067902E+00 0.177637264E+00 0.186365619E+00 0.194177255E+00
-0.551601825E-02-0.472851936E-02-0.985624082E-02-0.168517213E-01-0.233702250E-01
-0.294583049E-01-0.351800062E-01-0.405946448E-01-0.457539447E-01-0.507020243E-01
-0.554762594E-01-0.601084903E-01-0.646261349E-01-0.690532550E-01-0.734113529E-01
-0.777197927E-01-0.819827020E-01-0.860181525E-01-0.897744596E-01-0.932662860E-01
-0.965234786E-01-0.995596871E-01-0.102369800E+00-0.104933858E+00-0.107220404E+00
-0.109189369E+00-0.110794678E+00-0.111986466E+00-0.112712868E+00-0.112921193E+00
-0.112558529E+00-0.111571856E+00-0.109908365E+00-0.107515089E+00-0.104335696E+00
-0.100305647E+00-0.953655392E-01-0.894615352E-01-0.824229568E-01-0.743567795E-01
-0.658062547E-01-0.566587485E-01-0.469695330E-01-0.367634259E-01-0.260745697E-01
-0.149397422E-01-0.339899957E-02 0.850311015E-02 0.207162891E-01 0.331832357E-01
 0.458384454E-01 0.586073026E-01 0.714056641E-01 0.841403157E-01 0.967106000E-01
 0.109011203E+00 0.120936200E+00 0.132383525E+00 0.143259540E+00 0.153482527E+00
 0.162985101E+00 0.171714917E+00 0.179634228E+00 0.186718687E+00 0.192955911E+00
-0.758811086E-02-0.667642755E-02-0.120500159E-01-0.189905614E-01-0.253847763E-01
-0.312981345E-01-0.367909446E-01-0.419247262E-01-0.467562154E-01-0.513348877E-01
-0.557027087E-01-0.598949417E-01-0.639414340E-01-0.678680390E-01-0.716981962E-01
-0.754547715E-01-0.791627243E-01-0.827403665E-01-0.860629827E-01-0.890917480E-01
-0.918292552E-01-0.942878202E-01-0.964711085E-01-0.983679146E-01-0.999552310E-01
-0.101200886E+00-0.102065824E+00-0.102506109E+00-0.102474660E+00-0.101922035E+00
-0.100795552E+00-0.990371183E-01-0.965865925E-01-0.933899134E-01-0.893892646E-01
-0.844463408E-01-0.784821883E-01-0.719771385E-01-0.648919865E-01-0.571803525E-01
-0.488915183E-01-0.400424749E-01-0.306562372E-01-0.207559988E-01-0.103676030E-01
 0.479678798E-03 0.117520131E-01 0.234094635E-01 0.354040638E-01 0.476775654E-01
 0.601589791E-01 0.727622136E-01 0.853843018E-01 0.979050770E-01 0.110189274E+00
 0.122091904E+00 0.133466989E+00 0.144178644E+00 0.154112086E+00 0.163182512E+00
 0.171339944E+00 0.178569719E+00 0.184888497E+00 0.190336779E+00 0.194969505E+00
-0.128441807E-01-0.120646954E-01-0.170658045E-01-0.237160083E-01-0.297232606E-01
-0.351737216E-01-0.401612110E-01-0.447677933E-01-0.490604602E-01-0.530923121E-01
-0.569050759E-01-0.605316758E-01-0.639984682E-01-0.673270971E-01-0.705361068E-01
-0.736423209E-01-0.766621456E-01-0.796125606E-01-0.823877081E-01-0.848966017E-01
-0.871007293E-01-0.889882743E-01-0.905546322E-01-0.917911157E-01-0.926802680E-01
-0.931947827E-01-0.932986587E-01-0.929498672E-01-0.921037719E-01-0.907159671E-01
-0.887386724E-01-0.860915184E-01-0.826718658E-01-0.784515738E-01-0.737329423E-01
-0.684800074E-01-0.626250952E-01-0.561974049E-01-0.492046922E-01-0.416486859E-01
-0.335394293E-01-0.248871949E-01-0.157035403E-01-0.600134721E-02 0.420447253E-02
 0.148959961E-01 0.260508917E-01 0.376404412E-01 0.496268235E-01 0.619594939E-01
 0.745705590E-01 0.873691812E-01 0.100235574E+00 0.113015935E+00 0.125521287E+00
 0.137534186E+00 0.148826659E+00 0.159186959E+00 0.168447107E+00 0.176502571E+00
 0.183321074E+00 0.188942030E+00 0.193466455E+00 0.197036996E+00 0.199810818E+00
-0.212026499E-01-0.206807964E-01-0.254096538E-01-0.314147845E-01-0.365915187E-01
-0.411675833E-01-0.453049578E-01-0.491073392E-01-0.526418425E-01-0.559532344E-01
-0.590723157E-01-0.620208196E-01-0.648144111E-01-0.674645454E-01-0.699796602E-01
-0.723658800E-01-0.746273622E-01-0.767663270E-01-0.787829161E-01-0.806032866E-01
-0.821488425E-01-0.833801031E-01-0.842749923E-01-0.848141238E-01-0.849739090E-01
-0.847214907E-01-0.840129554E-01-0.827953145E-01-0.810177922E-01-0.786670670E-01
-0.758572370E-01-0.726078525E-01-0.688407943E-01-0.645302013E-01-0.596994311E-01
-0.543502234E-01-0.484748594E-01-0.420725942E-01-0.351428278E-01-0.276845321E-01
-0.196973924E-01-0.111813052E-01-0.213628495E-02 0.743746711E-02 0.175392292E-01
 0.281670969E-01 0.393168442E-01 0.509800948E-01 0.631413981E-01 0.757737905E-01
 0.888320282E-01 0.102242574E+00 0.115889169E+00 0.129593447E+00 0.143093333E+00
 0.156033009E+00 0.167993605E+00 0.178577334E+00 0.187493652E+00 0.194593623E+00
 0.199868768E+00 0.203447565E+00 0.205590591E+00 0.206654251E+00 0.207003713E+00
-0.342748761E-01-0.346006192E-01-0.384811237E-01-0.425286591E-01-0.459411964E-01
-0.490509793E-01-0.519570746E-01-0.547003224E-01-0.572993271E-01-0.597625040E-01
-0.620930456E-01-0.642911792E-01-0.663552731E-01-0.682823211E-01-0.700680092E-01
-0.717064291E-01-0.731892586E-01-0.745042861E-01-0.756324604E-01-0.765421838E-01
-0.771981776E-01-0.775699764E-01-0.776359588E-01-0.773683786E-01-0.767467842E-01
-0.757473633E-01-0.743450969E-01-0.725160688E-01-0.702423900E-01-0.675191954E-01
-0.643573701E-01-0.607581101E-01-0.567088164E-01-0.521994680E-01-0.472262055E-01
-0.417844914E-01-0.358682424E-01-0.294711366E-01-0.225862283E-01-0.152056785E-01
-0.732063083E-02 0.107905176E-02 0.100050690E-01 0.194709599E-01 0.294923317E-01
 0.400869809E-01 0.512747653E-01 0.630770400E-01 0.755152777E-01 0.886081755E-01
 0.102366172E+00 0.116781354E+00 0.131809175E+00 0.147333935E+00 0.163098261E+00
 0.178549200E+00 0.192675814E+00 0.204472363E+00 0.213479117E+00 0.219570637E+00
 0.222778141E+00 0.223292723E+00 0.221602276E+00 0.218679935E+00 0.215552524E+00
-0.523626655E-01-0.549521297E-01-0.551845171E-01-0.554830767E-01-0.565117002E-01
-0.578853860E-01-0.594258904E-01-0.610367917E-01-0.626578555E-01-0.642472878E-01
-0.657738224E-01-0.672127157E-01-0.685434863E-01-0.697484165E-01-0.708114505E-01
-0.717172623E-01-0.724502951E-01-0.729938671E-01-0.733292252E-01-0.734352469E-01
-0.732899904E-01-0.728726760E-01-0.721645206E-01-0.711476952E-01-0.698060840E-01
-0.681244656E-01-0.660887584E-01-0.636867806E-01-0.609094203E-01-0.577514991E-01
-0.542107970E-01-0.502841659E-01-0.459660590E-01-0.412499383E-01-0.361290015E-01
-0.305954795E-01-0.246402230E-01-0.182525832E-01-0.114202201E-01-0.412884541E-02
 0.363808475E-02 0.118997926E-01 0.206787530E-01 0.300014559E-01 0.398993827E-01
 0.504102670E-01 0.615796596E-01 0.734628364E-01 0.861269385E-01 0.996532291E-01
 0.114138797E+00 0.129696861E+00 0.146454602E+00 0.164548978E+00 0.184132814E+00
 0.205468610E+00 0.224799961E+00 0.238616183E+00 0.247783616E+00 0.252746224E+00
 0.253097534E+00 0.249176279E+00 0.240381390E+00 0.230143949E+00 0.222756773E+00
-0.647796690E-01-0.680503249E-01-0.675735101E-01-0.665467009E-01-0.662134439E-01
-0.663666949E-01-0.668404400E-01-0.675112307E-01-0.682878047E-01-0.691014081E-01
-0.698989183E-01-0.706382245E-01-0.712851062E-01-0.718110278E-01-0.721915662E-01
-0.724052191E-01-0.724324808E-01-0.722551942E-01-0.718560815E-01-0.712186620E-01
-0.703275055E-01-0.691687167E-01-0.677301139E-01-0.660012290E-01-0.639732629E-01
-0.616389215E-01-0.589923598E-01-0.560291409E-01-0.527462289E-01-0.491416939E-01
-0.452139974E-01-0.409608819E-01-0.363785923E-01-0.314616151E-01-0.262025148E-01
-0.205917098E-01-0.146172876E-01-0.826485921E-02-0.151743577E-02 0.564476941E-02
 0.132446392E-01 0.213086344E-01 0.298675373E-01 0.389575474E-01 0.486218520E-01
 0.589128733E-01 0.698954314E-01 0.816511884E-01 0.942849964E-01 0.107933804E+00
 0.122778974E+00 0.139062449E+00 0.157105073E+00 0.177322105E+00 0.200230613E+00
 0.224720970E+00 0.243845627E+00 0.257474810E+00 0.265920937E+00 0.268941641E+00
 0.266670853E+00 0.258269966E+00 0.244736895E+00 0.233308941E+00 0.224422857E+00
-0.734924749E-01-0.771146268E-01-0.765036270E-01-0.751280189E-01-0.742669106E-01
-0.738133416E-01-0.736611262E-01-0.737123638E-01-0.738825053E-01-0.741008520E-01
-0.743090957E-01-0.744591355E-01-0.745110437E-01-0.744313151E-01-0.741915405E-01
-0.737673640E-01-0.731378421E-01-0.722849518E-01-0.711933076E-01-0.698500872E-01
-0.682449713E-01-0.663702041E-01-0.642205030E-01-0.617929325E-01-0.590866953E-01
-0.561028197E-01-0.528438054E-01-0.493131913E-01-0.455150492E-01-0.414533317E-01
-0.371311046E-01-0.325496979E-01-0.277080107E-01-0.226019621E-01-0.172241665E-01
-0.115637565E-01-0.560634350E-02 0.665904430E-03 0.727415225E-02 0.142428279E-01
 0.215996839E-01 0.293760765E-01 0.376075581E-01 0.463349149E-01 0.556057505E-01
 0.654768795E-01 0.760178268E-01 0.873160213E-01 0.994846523E-01 0.112674959E+00
 0.127096251E+00 0.143049806E+00 0.160986066E+00 0.181581318E+00 0.205585226E+00
 0.227003977E+00 0.243544981E+00 0.255268157E+00 0.262027085E+00 0.263773769E+00
 0.259540439E+00 0.248737410E+00 0.236889973E+00 0.227255970E+00 0.219374225E+00
-0.795069560E-01-0.833842754E-01-0.831054449E-01-0.817671418E-01-0.808181018E-01
-0.801854506E-01-0.797829479E-01-0.795276538E-01-0.793454126E-01-0.791724846E-01
-0.789550319E-01-0.786476210E-01-0.782116055E-01-0.776138529E-01-0.768258125E-01
-0.758230016E-01-0.745848343E-01-0.730945319E-01-0.713392124E-01-0.693098903E-01
-0.670014694E-01-0.644126683E-01-0.615457483E-01-0.584062450E-01-0.550025217E-01
-0.513452664E-01-0.474468842E-01-0.433207639E-01-0.389803946E-01-0.344383605E-01
-0.297052097E-01-0.247883517E-01-0.196910538E-01-0.144116962E-01-0.894335471E-02
-0.327374064E-02 0.261452096E-02 0.874336809E-02 0.151386447E-01 0.218294561E-01
 0.288476814E-01 0.362277292E-01 0.440066382E-01 0.522246026E-01 0.609258972E-01
 0.701604038E-01 0.799857080E-01 0.904700682E-01 0.101696566E+00 0.113769032E+00
 0.126821041E+00 0.141031191E+00 0.156655416E+00 0.174145877E+00 0.192687184E+00
 0.208546177E+00 0.221201822E+00 0.230406851E+00 0.236078605E+00 0.237627506E+00
 0.234836534E+00 0.227864325E+00 0.221035972E+00 0.214793965E+00 0.209219307E+00
-0.837857649E-01-0.879869461E-01-0.879088417E-01-0.868660659E-01-0.861696824E-01
-0.857055262E-01-0.853716135E-01-0.850841627E-01-0.847774222E-01-0.843998268E-01
-0.839095190E-01-0.832707509E-01-0.824516565E-01-0.814230815E-01-0.801584125E-01
-0.786340311E-01-0.768300071E-01-0.747309104E-01-0.723264068E-01-0.696116909E-01
-0.665875524E-01-0.632601753E-01-0.596407428E-01-0.557448752E-01-0.515920073E-01
-0.472047143E-01-0.426079147E-01-0.378279388E-01-0.328912772E-01-0.278230626E-01
-0.226452518E-01-0.173747409E-01-0.120216552E-01-0.658805575E-02-0.106735202E-02
 0.455552805E-02 0.103032235E-01 0.162044819E-01 0.222924184E-01 0.286028180E-01
 0.351726972E-01 0.420392789E-01 0.492394492E-01 0.568095744E-01 0.647856370E-01
 0.732034966E-01 0.820990428E-01 0.915078819E-01 0.101464011E+00 0.111995988E+00
 0.123117790E+00 0.134807229E+00 0.146954864E+00 0.159255490E+00 0.171135068E+00
 0.181996390E+00 0.191237882E+00 0.198440522E+00 0.203372970E+00 0.205979154E+00
 0.206438377E+00 0.205117345E+00 0.202643856E+00 0.199639127E+00 0.196482420E+00
-0.858917013E-01-0.904286504E-01-0.909503922E-01-0.906562656E-01-0.906677172E-01
-0.907603353E-01-0.907974020E-01-0.907050222E-01-0.904458612E-01-0.899992213E-01
-0.893490240E-01-0.884777158E-01-0.873640552E-01-0.859833583E-01-0.843093321E-01
-0.823165849E-01-0.799832121E-01-0.772930682E-01-0.742374137E-01-0.708157197E-01
-0.670357794E-01-0.629131570E-01-0.584702417E-01-0.537351854E-01-0.487410016E-01
-0.435248427E-01-0.381274447E-01-0.325923041E-01-0.269643292E-01-0.212875884E-01
-0.156021863E-01-0.994060189E-02-0.432416610E-02 0.123959570E-02 0.675811945E-02
 0.122531829E-01 0.177586004E-01 0.233167093E-01 0.289743952E-01 0.347794145E-01
 0.407775044E-01 0.470105484E-01 0.535155721E-01 0.603243820E-01 0.674634203E-01
 0.749534965E-01 0.828090236E-01 0.910363346E-01 0.996303335E-01 0.108568765E+00
 0.117802791E+00 0.127242908E+00 0.136741593E+00 0.146081015E+00 0.154981896E+00
 0.163138583E+00 0.170264363E+00 0.176134154E+00 0.180613890E+00 0.183675915E+00
 0.185402855E+00 0.185976610E+00 0.185647234E+00 0.184680387E+00 0.183307990E+00
-0.848160312E-01-0.894024819E-01-0.918136984E-01-0.935121179E-01-0.950186774E-01
-0.961098298E-01-0.967285931E-01-0.969217643E-01-0.967522860E-01-0.962697491E-01
-0.955026299E-01-0.944572911E-01-0.931204706E-01-0.914643854E-01-0.894533396E-01
-0.870505646E-01-0.842242613E-01-0.809522420E-01-0.772249028E-01-0.730464682E-01
-0.684345588E-01-0.634183064E-01-0.580357052E-01-0.523310341E-01-0.463533029E-01
-0.401560180E-01-0.337979943E-01-0.273443423E-01-0.208661761E-01-0.144378366E-01
-0.813104492E-02-0.200680410E-02 0.389290298E-02 0.955144409E-02 0.149802938E-01
 0.202175137E-01 0.253220946E-01 0.303653926E-01 0.354218856E-01 0.405615084E-01
 0.458448455E-01 0.513211191E-01 0.570280291E-01 0.629925281E-01 0.692316517E-01
 0.757530108E-01 0.825545564E-01 0.896233916E-01 0.969335958E-01 0.104442842E+00
 0.112088062E+00 0.119780943E+00 0.127404884E+00 0.134816170E+00 0.141851619E+00
 0.148343131E+00 0.154135928E+00 0.159106985E+00 0.163179383E+00 0.166330695E+00
 0.168593988E+00 0.170050994E+00 0.170818061E+00 0.171027571E+00 0.170810193E+00
-0.830308497E-01-0.878808275E-01-0.925383195E-01-0.971203148E-01-0.101367041E+00
-0.103311777E+00-0.104202941E+00-0.104396991E+00-0.104105726E+00-0.103461951E+00
-0.102537811E+00-0.101351857E+00-0.998777598E-01-0.980584547E-01-0.958228931E-01
-0.931011662E-01-0.898356810E-01-0.859884918E-01-0.815457553E-01-0.765193179E-01
-0.709449649E-01-0.648767352E-01-0.583787970E-01-0.515178554E-01-0.443593785E-01
-0.369690247E-01-0.294185262E-01-0.217937622E-01-0.142011745E-01-0.676721148E-02
 0.373574207E-03 0.709994929E-02 0.133262519E-01 0.190177448E-01 0.241970588E-01
 0.289415121E-01 0.333697312E-01 0.376186222E-01 0.418188274E-01 0.460784733E-01
 0.504779853E-01 0.550722219E-01 0.598952435E-01 0.649649277E-01 0.702864304E-01
 0.758542866E-01 0.816533938E-01 0.876589194E-01 0.938355699E-01 0.100136377E+00
 0.106501415E+00 0.112857074E+00 0.119116560E+00 0.125182450E+00 0.130951628E+00
 0.136322543E+00 0.141203567E+00 0.145521387E+00 0.149227768E+00 0.152303383E+00
 0.154758453E+00 0.156629637E+00 0.157974079E+00 0.158861563E+00 0.159366637E+00
-0.824395567E-01-0.879484192E-01-0.939625055E-01-0.100756526E+00-0.108254611E+00
-0.112896137E+00-0.114032760E+00-0.113479964E+00-0.112580925E+00-0.111502923E+00
-0.110348500E+00-0.109117337E+00-0.107710548E+00-0.105973549E+00-0.103743732E+00
-0.100880489E+00-0.972775742E-01-0.928678513E-01-0.876281261E-01-0.815849155E-01
-0.748151317E-01-0.674324632E-01-0.595591776E-01-0.512990914E-01-0.427271836E-01
-0.338971429E-01-0.248605851E-01-0.156945698E-01-0.653581927E-02 0.239231833E-02
 0.108010527E-01 0.184194166E-01 0.250666738E-01 0.306720342E-01 0.352780111E-01
 0.390499979E-01 0.422629304E-01 0.452236682E-01 0.481777526E-01 0.512801670E-01
 0.546148680E-01 0.582208037E-01 0.621100329E-01 0.662784353E-01 0.707115009E-01
 0.753873065E-01 0.802776963E-01 0.853485689E-01 0.905596763E-01 0.958641618E-01
 0.101208426E+00 0.106532298E+00 0.111770086E+00 0.116852500E+00 0.121709667E+00
 0.126274884E+00 0.130488828E+00 0.134303540E+00 0.137685671E+00 0.140618369E+00
 0.143101633E+00 0.145150989E+00 0.146794826E+00 0.148070782E+00 0.149021909E+00
-0.812742040E-01-0.870215073E-01-0.934915021E-01-0.101017848E+00-0.109867536E+00
-0.116911493E+00-0.121250987E+00-0.122782573E+00-0.121501453E+00-0.119556971E+00
-0.118185595E+00-0.117329970E+00-0.116593331E+00-0.115522288E+00-0.113765985E+00
-0.111090966E+00-0.107339717E+00-0.102403484E+00-0.962238461E-01-0.888260826E-01
-0.803747997E-01-0.711739808E-01-0.615267828E-01-0.516037755E-01-0.414474905E-01
-0.310261566E-01-0.202763323E-01-0.913918018E-02 0.237347581E-02 0.139481016E-01
 0.246473216E-01 0.337379724E-01 0.409861766E-01 0.463116504E-01 0.497095101E-01
 0.513665304E-01 0.520804934E-01 0.528609790E-01 0.540672690E-01 0.557618663E-01
 0.579286925E-01 0.605287738E-01 0.635174513E-01 0.668500140E-01 0.704831704E-01
 0.743747875E-01 0.784831345E-01 0.827659070E-01 0.871794298E-01 0.916779935E-01
 0.962135941E-01 0.100736097E+00 0.105193861E+00 0.109534979E+00 0.113708906E+00
 0.117668480E+00 0.121372052E+00 0.124785542E+00 0.127883971E+00 0.130652472E+00
 0.133086473E+00 0.135191128E+00 0.136979982E+00 0.138473302E+00 0.139695972E+00
-0.789181888E-01-0.843453035E-01-0.903224945E-01-0.969324932E-01-0.104190558E+00
-0.111976922E+00-0.119173475E+00-0.123796657E+00-0.125591636E+00-0.124375232E+00
-0.123746596E+00-0.125027001E+00-0.126823008E+00-0.127569720E+00-0.126974061E+00
-0.124932975E+00-0.121338226E+00-0.116040729E+00-0.108839877E+00-0.994991809E-01
-0.879481360E-01-0.756005421E-01-0.636433885E-01-0.519921817E-01-0.404147319E-01
-0.286599919E-01-0.164551567E-01-0.347194099E-02 0.107452739E-01 0.268434864E-01
 0.409089848E-01 0.517099649E-01 0.596767254E-01 0.646013767E-01 0.663886592E-01
 0.645959005E-01 0.607011877E-01 0.587938875E-01 0.582287945E-01 0.586473420E-01
 0.598230138E-01 0.615995601E-01 0.638628975E-01 0.665256381E-01 0.695177317E-01
 0.727803484E-01 0.762618110E-01 0.799148530E-01 0.836946890E-01 0.875578225E-01
 0.914613903E-01 0.953629538E-01 0.992207229E-01 0.102994137E+00 0.106644727E+00
 0.110137142E+00 0.113440283E+00 0.116528302E+00 0.119381450E+00 0.121986531E+00
 0.124337055E+00 0.126432925E+00 0.128279805E+00 0.129888147E+00 0.131272197E+00
-0.755158588E-01-0.803467482E-01-0.855070725E-01-0.909887105E-01-0.967577174E-01
-0.102745168E+00-0.108848341E+00-0.114944100E+00-0.119572945E+00-0.120793164E+00
-0.122537881E+00-0.127118140E+00-0.132444680E+00-0.135091096E+00-0.135644078E+00
-0.134309381E+00-0.131059214E+00-0.125739187E+00-0.118044093E+00-0.107365318E+00
-0.925581977E-01-0.772572905E-01-0.638468042E-01-0.513723604E-01-0.392567255E-01
-0.270866062E-01-0.144901061E-01-0.105222699E-02 0.137686916E-01 0.305722617E-01
 0.452815443E-01 0.564267822E-01 0.644098148E-01 0.691378042E-01 0.704187676E-01
 0.677505359E-01 0.629406720E-01 0.602398105E-01 0.590632744E-01 0.589835346E-01
 0.597197786E-01 0.610822588E-01 0.629371256E-01 0.651856810E-01 0.677517876E-01
 0.705739781E-01 0.736003667E-01 0.767852888E-01 0.800871477E-01 0.834670365E-01
 0.868879184E-01 0.903142989E-01 0.937121734E-01 0.970492810E-01 0.100295492E+00
 0.103423387E+00 0.106408812E+00 0.109231398E+00 0.111875035E+00 0.114328086E+00
 0.116583481E+00 0.118638530E+00 0.120494612E+00 0.122156635E+00 0.123632424E+00
 0.147170460E+01 0.152417314E+01 0.156659317E+01 0.160900831E+01 0.164897728E+01
 0.168651807E+01 0.172305024E+01 0.175480616E+01 0.178379822E+01 0.181070244E+01
 0.183549595E+01 0.185864031E+01 0.188012433E+01 0.190047073E+01 0.191971195E+01
 0.193846691E+01 0.195687521E+01 0.197496772E+01 0.199302864E+01 0.201147509E+01
 0.203032494E+01 0.204971313E+01 0.206983519E+01 0.209092832E+01 0.211304617E+01
 0.213645458E+01 0.216103315E+01 0.218716216E+01 0.221487594E+01 0.224436140E+01
 0.227572250E+01 0.230911970E+01 0.234477162E+01 0.238285112E+01 0.242357111E+01
 0.246707129E+01 0.251374102E+01 0.256374788E+01 0.261742544E+01 0.267534542E+01
 0.273752069E+01 0.280484796E+01 0.287749076E+01 0.295605278E+01 0.304164553E+01
 0.313392019E+01 0.323496008E+01 0.334448957E+01 0.346504951E+01 0.359634876E+01
 0.374100041E+01 0.389954853E+01 0.407436609E+01 0.426457071E+01 0.447455406E+01
 0.470172930E+01 0.494693327E+01 0.520923328E+01 0.548261690E+01 0.576324749E+01
 0.604133511E+01 0.631935596E+01 0.664099646E+01 0.716348696E+01 0.976836300E+01
   89  117
 0.109342289E+01-0.500000007E-01 0.109676123E+01 0.500000007E-01 0.110326505E+01
 0.150000006E+00 0.110748839E+01 0.200000003E+00 0.111812901E+01 0.300000012E+00
 0.113218749E+01 0.391562104E+00 0.114326727E+01 0.449999988E+00 0.115875006E+01
 0.517522633E+00 0.118009055E+01 0.600000024E+00 0.119392860E+01 0.649999976E+00
 0.121187496E+01 0.714001000E+00 0.123730004E+01 0.800000012E+00 0.125334167E+01
 0.850000024E+00 0.127286100E+01 0.899999976E+00 0.130169141E+01 0.949999988E+00
 0.134468746E+01 0.987772882E+00 0.139533484E+01 0.100000000E+01 0.142437506E+01
 0.100091994E+01 0.145093751E+01 0.998879075E+00 0.150406253E+01 0.990038395E+00
 0.155718756E+01 0.975585639E+00 0.161031246E+01 0.955076158E+00 0.163687503E+01
 0.943486512E+00 0.169000006E+01 0.918568969E+00 0.172172046E+01 0.899999976E+00
 0.176968753E+01 0.871642590E+00 0.180011654E+01 0.850000024E+00 0.184937501E+01
 0.813940048E+00 0.187593746E+01 0.791398704E+00 0.192137158E+01 0.750000000E+00
 0.195562506E+01 0.716283023E+00 0.198218751E+01 0.686737835E+00 0.201276469E+01
 0.649999976E+00 0.205019426E+01 0.600000024E+00 0.208251095E+01 0.550000012E+00
 0.211098576E+01 0.500000000E+00 0.213642097E+01 0.449999988E+00 0.215936756E+01
 0.400000006E+00 0.218012142E+01 0.349999994E+00 0.219856763E+01 0.300000012E+00
 0.222125006E+01 0.229946524E+00 0.224207115E+01 0.150000006E+00 0.225175929E+01
 0.100000001E+00 0.226020551E+01 0.000000000E+00 0.225273180E+01-0.100000001E+00
 0.224329638E+01-0.150000006E+00 0.222125006E+01-0.236790329E+00 0.220170474E+01
-0.300000012E+00 0.218360543E+01-0.349999994E+00 0.216360760E+01-0.400000006E+00
 0.214156246E+01-0.451042652E+00 0.211500001E+01-0.506811380E+00 0.208843756E+01
-0.555393100E+00 0.206065655E+01-0.600000024E+00 0.202655458E+01-0.649999976E+00
 0.198781121E+01-0.699999988E+00 0.195562506E+01-0.737125933E+00 0.192906249E+01
-0.765899420E+00 0.189372361E+01-0.800000012E+00 0.184937501E+01-0.840168476E+00
 0.182281256E+01-0.862751067E+00 0.177267110E+01-0.899999976E+00 0.174312496E+01
-0.921360016E+00 0.169669783E+01-0.949999988E+00 0.166343749E+01-0.970402658E+00
 0.161031246E+01-0.997687817E+00 0.158375001E+01-0.101171732E+01 0.153062499E+01
-0.103605950E+01 0.149610770E+01-0.104999995E+01 0.145093751E+01-0.107015467E+01
 0.139781249E+01-0.108964097E+01 0.136203849E+01-0.110000002E+01 0.131102228E+01
-0.111824930E+01 0.127735698E+01-0.112878799E+01 0.126499999E+01-0.108362794E+01
 0.124812305E+01-0.100000000E+01 0.123843753E+01-0.948255002E+00 0.122012424E+01
-0.850000024E+00 0.120971751E+01-0.800000012E+00 0.118615568E+01-0.699999988E+00
 0.117321098E+01-0.649999976E+00 0.115875006E+01-0.594026923E+00 0.113576567E+01
-0.500000000E+00 0.112512267E+01-0.449999988E+00 0.110890365E+01-0.349999994E+00
 0.110316610E+01-0.300000012E+00 0.109576297E+01-0.200000003E+00 0.109315825E+01
-0.100000001E+00 0.109342289E+01-0.500000007E-01
 0.101600003E+01 0.000000000E+00 0.101600003E+01 0.963999987E+00 0.101600003E+01
 0.967999995E+00 0.101600003E+01 0.100100005E+01 0.101600003E+01 0.101900005E+01
 0.101600003E+01 0.107700002E+01 0.101600003E+01 0.107000005E+01 0.101600003E+01
 0.109599996E+01 0.101600003E+01 0.111300004E+01 0.101600003E+01 0.113800001E+01
 0.101600003E+01 0.114699996E+01 0.101199996E+01 0.116499996E+01 0.100100005E+01
 0.121700001E+01 0.102900004E+01 0.121700001E+01 0.104200006E+01 0.116240001E+01
 0.104600000E+01 0.116237998E+01 0.105599999E+01 0.116260004E+01 0.109700000E+01
 0.116450000E+01 0.110800004E+01 0.116594005E+01 0.111600006E+01 0.116591001E+01
 0.113399994E+01 0.116895998E+01 0.114800000E+01 0.117174995E+01 0.116199994E+01
 0.117556000E+01 0.118099999E+01 0.118299997E+01 0.118200004E+01 0.118350005E+01
 0.118499994E+01 0.118499994E+01 0.119000006E+01 0.118799996E+01 0.119500005E+01
 0.119099998E+01 0.120099998E+01 0.119599998E+01 0.120899999E+01 0.120200002E+01
 0.121500003E+01 0.120799994E+01 0.122200000E+01 0.121399999E+01 0.122800004E+01
 0.122099996E+01 0.123399997E+01 0.123099995E+01 0.123899996E+01 0.123800004E+01
 0.124199998E+01 0.124399996E+01 0.124800003E+01 0.125399995E+01 0.125800002E+01
 0.127800000E+01 0.126300001E+01 0.128999996E+01 0.127999997E+01 0.133099997E+01
 0.127999997E+01 0.134700000E+01 0.127999997E+01 0.134800005E+01 0.130999994E+01
 0.134800005E+01 0.132799995E+01 0.134800005E+01 0.136099994E+01 0.134800005E+01
 0.138000000E+01 0.134800005E+01 0.141900003E+01 0.134800005E+01 0.141900003E+01
 0.130999994E+01 0.137199998E+01 0.130999994E+01 0.137167001E+01 0.129237998E+01
 0.137003005E+01 0.128268003E+01 0.136688006E+01 0.125644004E+01 0.136719000E+01
 0.122955000E+01 0.137178004E+01 0.119576001E+01 0.137223995E+01 0.119402003E+01
 0.138662004E+01 0.116487002E+01 0.138707995E+01 0.116420996E+01 0.140382004E+01
 0.115696001E+01 0.141127002E+01 0.115730000E+01 0.141857004E+01 0.116131997E+01
 0.142100000E+01 0.116400003E+01 0.148662996E+01 0.124049997E+01 0.149730003E+01
 0.123458004E+01 0.149761999E+01 0.123427999E+01 0.149744999E+01 0.123174000E+01
 0.149275005E+01 0.121329999E+01 0.149259996E+01 0.121061003E+01 0.149260998E+01
 0.120485997E+01 0.149278998E+01 0.120213997E+01 0.149339998E+01 0.119641995E+01
 0.149469995E+01 0.118510997E+01 0.149621999E+01 0.116069996E+01 0.147981000E+01
 0.112425995E+01 0.148081994E+01 0.112256002E+01 0.148149002E+01 0.112137997E+01
 0.148645997E+01 0.111691999E+01 0.149094999E+01 0.111439002E+01 0.150304997E+01
 0.111243999E+01 0.159696996E+01 0.109489000E+01 0.162549996E+01 0.108529997E+01
 0.163751996E+01 0.107988000E+01 0.164699996E+01 0.107700002E+01 0.178499997E+01
 0.107700002E+01 0.206999993E+01 0.103999996E+01 0.212800002E+01 0.992999971E+00
 0.224499989E+01 0.708999991E+00 0.233956003E+01 0.461430013E+00 0.234707999E+01
 0.415829986E+00 0.234912992E+01 0.272179991E+00 0.235103011E+01 0.170179993E+00
 0.235157990E+01 0.701199993E-01 0.235124993E+01-0.317899995E-01 0.235050988E+01
-0.144350007E+00 0.234964991E+01-0.214829996E+00 0.234870005E+01-0.326689988E+00
 0.234759998E+01-0.386770010E+00 0.234019995E+01-0.453040004E+00 0.232942009E+01
-0.477569997E+00 0.213400006E+01-0.972999990E+00 0.178600001E+01-0.117400002E+01
 0.176800001E+01-0.121099997E+01 0.176800001E+01-0.125000000E+01 0.168200004E+01
-0.125000000E+01 0.137199998E+01-0.125000000E+01 0.137199998E+01-0.132900000E+01
 0.141999996E+01-0.132900000E+01 0.141999996E+01-0.136300004E+01 0.127300000E+01
-0.136300004E+01 0.115300000E+01-0.136300004E+01 0.101600003E+01-0.122300005E+01
 0.101600003E+01-0.122300005E+01 0.101600003E+01-0.829999983E+00 0.101600003E+01
-0.800000012E+00 0.101600003E+01-0.414999992E+00 0.101600003E+01-0.400000006E+00
 0.101600003E+01-0.100000005E-02 0.101600003E+01 0.000000000E+00
    0 0.000000000E+00    1
 0.000000000E+00 0.000000000E+00 0.000000000E+00 0.000000000E+00 0.000000000E+00
 0.000000000E+00 0.000000000E+00 0.000000000E+00 0.000000000E+00 0.000000000E+00
 0.000000000E+00 0.000000000E+00 0.000000000E+00 0.000000000E+00 0.000000000E+00
 0.000000000E+00 0.000000000E+00 0.000000000E+00 0.000000000E+00 0.000000000E+00
 0.000000000E+00 0.000000000E+00 0.000000000E+00 0.000000000E+00 0.000000000E+00
 0.000000000E+00 0.000000000E+00 0.000000000E+00 0.000000000E+00 0.000000000E+00
 0.000000000E+00 0.000000000E+00 0.000000000E+00 0.000000000E+00 0.000000000E+00
 0.000000000E+00 0.000000000E+00 0.000000000E+00 0.000000000E+00 0.000000000E+00
 0.000000000E+00 0.000000000E+00 0.000000000E+00 0.000000000E+00 0.000000000E+00
 0.000000000E+00 0.000000000E+00 0.000000000E+00 0.000000000E+00 0.000000000E+00
 0.000000000E+00 0.000000000E+00 0.000000000E+00 0.000000000E+00 0.000000000E+00
 0.000000000E+00 0.000000000E+00 0.000000000E+00 0.000000000E+00 0.000000000E+00
 0.000000000E+00 0.000000000E+00 0.000000000E+00 0.000000000E+00 0.000000000E+00
 0.000000000E+00 0.886061490E-01 0.126539856E+00 0.156207189E+00 0.181693032E+00
 0.204496562E+00 0.224123746E+00 0.243799880E+00 0.262299746E+00 0.279782385E+00
 0.296541274E+00 0.312580526E+00 0.328000605E+00 0.342926383E+00 0.357344955E+00
 0.371384978E+00 0.384970397E+00 0.398279011E+00 0.411244541E+00 0.423936158E+00
 0.436379194E+00 0.448578775E+00 0.460561961E+00 0.472400725E+00 0.484030008E+00
 0.495500714E+00 0.506873488E+00 0.518103778E+00 0.529233158E+00 0.540284812E+00
 0.551243067E+00 0.562156141E+00 0.573016703E+00 0.583843589E+00 0.594651580E+00
 0.605430841E+00 0.616242409E+00 0.627064228E+00 0.637904584E+00 0.648813546E+00
 0.659750998E+00 0.670798719E+00 0.681925058E+00 0.693150401E+00 0.704533935E+00
 0.716017842E+00 0.727718115E+00 0.739557683E+00 0.751691699E+00 0.764001727E+00
 0.776604116E+00 0.789501429E+00 0.802774727E+00 0.816347599E+00 0.830432832E+00
 0.844890296E+00 0.859826744E+00 0.875319541E+00 0.891294777E+00 0.907842457E+00
 0.924870491E+00 0.942403078E+00 0.960484684E+00 0.979326129E+00 0.100000000E+01
    1
 0.000000000E+00 0.000000000E+00 0.000000000E+00 0.000000000E+00 0.000000000E+00
 0.000000000E+00 0.000000000E+00 0.000000000E+00 0.000000000E+00 0.000000000E+00
 0.000000000E+00 0.000000000E+00 0.000000000E+00 0.000000000E+00 0.000000000E+00
 0.000000000E+00 0.000000000E+00 0.000000000E+00 0.000000000E+00 0.000000000E+00
 0.000000000E+00 0.000000000E+00 0.000000000E+00 0.000000000E+00 0.000000000E+00
 0.000000000E+00 0.000000000E+00 0.000000000E+00 0.000000000E+00 0.000000000E+00
 0.000000000E+00 0.000000000E+00 0.000000000E+00 0.000000000E+00 0.000000000E+00
 0.000000000E+00 0.000000000E+00 0.000000000E+00 0.000000000E+00 0.000000000E+00
 0.000000000E+00 0.000000000E+00 0.000000000E+00 0.000000000E+00 0.000000000E+00
 0.000000000E+00 0.000000000E+00 0.000000000E+00 0.000000000E+00 0.000000000E+00
 0.000000000E+00 0.000000000E+00 0.000000000E+00 0.000000000E+00 0.000000000E+00
 0.000000000E+00 0.000000000E+00 0.000000000E+00 0.000000000E+00 0.000000000E+00
 0.000000000E+00 0.000000000E+00 0.000000000E+00 0.000000000E+00 0.000000000E+00
