  EFITD    01/21/2000    #171646  3940ms           7  65  65
 0.170000005E+01 0.320000005E+01 0.169550002E+01 0.839999974E+00 0.000000000E+00
 0.174427879E+01-0.172888779E-02-0.167641059E+00 0.847699717E-01-0.200383019E+01
 0.868993500E+06-0.167641059E+00 0.000000000E+00 0.174427879E+01 0.000000000E+00
-0.172888779E-02 0.000000000E+00 0.847699717E-01 0.000000000E+00 0.000000000E+00
-0.344390392E+01-0.343845844E+01-0.343332124E+01-0.342848778E+01-0.342395353E+01
-0.341971302E+01-0.341576076E+01-0.341209078E+01-0.340869641E+01-0.340557075E+01
-0.340270615E+01-0.340009522E+01-0.339772940E+01-0.339560008E+01-0.339369822E+01
-0.339201450E+01-0.339053893E+01-0.338926101E+01-0.338817000E+01-0.338725543E+01
-0.338650513E+01-0.338590813E+01-0.338545275E+01-0.338512826E+01-0.338492393E+01
-0.338482952E+01-0.338483500E+01-0.338493109E+01-0.338510823E+01-0.338535786E+01
-0.338567114E+01-0.338603997E+01-0.338645697E+01-0.338691425E+01-0.338740516E+01
-0.338792253E+01-0.338846040E+01-0.338901281E+01-0.338957381E+01-0.339013839E+01
-0.339070177E+01-0.339125919E+01-0.339180660E+01-0.339234042E+01-0.339285684E+01
-0.339335322E+01-0.339382648E+01-0.339427447E+01-0.339469528E+01-0.339508724E+01
-0.339544892E+01-0.339577937E+01-0.339607859E+01-0.339634562E+01-0.339658141E+01
-0.339678597E+01-0.339696026E+01-0.339710569E+01-0.339722371E+01-0.339731646E+01
-0.339738631E+01-0.339743567E+01-0.339746785E+01-0.339748597E+01-0.339749408E+01
 0.935477578E+05 0.937138594E+05 0.936076094E+05 0.932474922E+05 0.926514453E+05
 0.918368906E+05 0.908207422E+05 0.896193906E+05 0.882487188E+05 0.867240625E+05
 0.850602734E+05 0.832716641E+05 0.813720312E+05 0.793746641E+05 0.772923125E+05
 0.751372344E+05 0.729211484E+05 0.706552734E+05 0.683502812E+05 0.660163594E+05
 0.636631484E+05 0.612997969E+05 0.589349102E+05 0.565765898E+05 0.542324180E+05
 0.519094570E+05 0.496142461E+05 0.473528164E+05 0.451306680E+05 0.429527930E+05
 0.408236602E+05 0.387472266E+05 0.367269180E+05 0.347656562E+05 0.328658320E+05
 0.310293320E+05 0.292575117E+05 0.275512148E+05 0.259107656E+05 0.243359668E+05
 0.228261113E+05 0.213799629E+05 0.199957734E+05 0.186712793E+05 0.174036895E+05
 0.161897041E+05 0.150254990E+05 0.139067324E+05 0.128285479E+05 0.117855654E+05
 0.107718916E+05 0.978111230E+04 0.880648047E+04 0.784246582E+04 0.688673779E+04
 0.594077832E+04 0.500988428E+04 0.410316895E+04 0.323356152E+04 0.241780664E+04
 0.167646497E+04 0.103391309E+04 0.518343567E+03 0.161764496E+03 0.000000000E+00
-0.489038229E+01-0.461220598E+01-0.433883667E+01-0.407056761E+01-0.380769491E+01
-0.355051231E+01-0.329931498E+01-0.305439758E+01-0.281605434E+01-0.258458066E+01
-0.236027050E+01-0.214341927E+01-0.193432105E+01-0.173327088E+01-0.154056334E+01
-0.135649323E+01-0.118135512E+01-0.101544380E+01-0.859053850E+00-0.712480068E+00
-0.575965583E+00-0.449372232E+00-0.332391083E+00-0.224712372E+00-0.126026317E+00
-0.360231586E-01 0.456068665E-01 0.119173527E+00 0.184986591E+00 0.243355811E+00
 0.294590980E+00 0.339001805E+00 0.376898110E+00 0.408589602E+00 0.434386075E+00
 0.454597265E+00 0.469532967E+00 0.479502916E+00 0.484816849E+00 0.485784590E+00
 0.482715815E+00 0.475920320E+00 0.465707898E+00 0.452388227E+00 0.436271131E+00
 0.417666316E+00 0.396883577E+00 0.374232650E+00 0.350023299E+00 0.324565262E+00
 0.298168302E+00 0.271142155E+00 0.243796632E+00 0.216441438E+00 0.189386338E+00
 0.162941098E+00 0.137415454E+00 0.113119170E+00 0.903620124E-01 0.694537163E-01
 0.507040545E-01 0.344227701E-01 0.209196247E-01 0.105043706E-01 0.348676671E-02
 0.778282578E+05 0.640119238E+04-0.602784141E+05-0.122341984E+06-0.179920938E+06
-0.233146703E+06-0.282150688E+06-0.327064344E+06-0.368019062E+06-0.405146281E+06
-0.438577375E+06-0.468443844E+06-0.494877031E+06-0.518008406E+06-0.537969375E+06
-0.554891312E+06-0.568905688E+06-0.580143938E+06-0.588737375E+06-0.594817562E+06
-0.598515812E+06-0.599963562E+06-0.599292188E+06-0.596633250E+06-0.592118000E+06
-0.585877938E+06-0.578044500E+06-0.568749000E+06-0.558122938E+06-0.546297750E+06
-0.533404812E+06-0.519575500E+06-0.504941250E+06-0.489633531E+06-0.473783719E+06
-0.457523219E+06-0.440983438E+06-0.424295812E+06-0.407591781E+06-0.391002719E+06
-0.374660031E+06-0.358695156E+06-0.343239531E+06-0.328424531E+06-0.314381594E+06
-0.301242094E+06-0.289137500E+06-0.278199219E+06-0.268558625E+06-0.260347172E+06
-0.253696266E+06-0.248737312E+06-0.245507953E+06-0.243352766E+06-0.241305703E+06
-0.238399234E+06-0.233665844E+06-0.226137984E+06-0.214848156E+06-0.198828828E+06
-0.177112469E+06-0.148731562E+06-0.112718586E+06-0.681060000E+05-0.139262891E+05
 0.287031889E+00 0.287017047E+00 0.286634952E+00 0.285784692E+00 0.284467280E+00
 0.282760561E+00 0.280771434E+00 0.278595537E+00 0.276275933E+00 0.273827791E+00
 0.271337181E+00 0.268835425E+00 0.266337246E+00 0.263863653E+00 0.261407763E+00
 0.258963108E+00 0.256523490E+00 0.254083931E+00 0.251642495E+00 0.249202892E+00
 0.246777669E+00 0.244358897E+00 0.241951004E+00 0.239586860E+00 0.237303510E+00
 0.235143229E+00 0.233154982E+00 0.231397972E+00 0.229948640E+00 0.228895605E+00
 0.227620259E+00 0.225897446E+00 0.223749042E+00 0.221084371E+00 0.217823893E+00
 0.213849574E+00 0.209362239E+00 0.204978526E+00 0.200619146E+00 0.196264043E+00
 0.191932067E+00 0.187660873E+00 0.183490515E+00 0.179453939E+00 0.175574616E+00
 0.171868116E+00 0.168344915E+00 0.165012747E+00 0.161878332E+00 0.158948287E+00
 0.156229630E+00 0.153729826E+00 0.151456624E+00 0.149417758E+00 0.147620514E+00
 0.146071196E+00 0.144774735E+00 0.143734112E+00 0.142949983E+00 0.142420322E+00
 0.142140210E+00 0.142101660E+00 0.142293751E+00 0.142702773E+00 0.143312573E+00
 0.289464235E+00 0.288978785E+00 0.288205475E+00 0.287095159E+00 0.285640717E+00
 0.283869505E+00 0.281812698E+00 0.279498994E+00 0.276977450E+00 0.274292022E+00
 0.271536529E+00 0.268753469E+00 0.265960902E+00 0.263175309E+00 0.260403007E+00
 0.257646888E+00 0.254908621E+00 0.252190024E+00 0.249494046E+00 0.246825933E+00
 0.244192898E+00 0.241597474E+00 0.239047125E+00 0.236561120E+00 0.234164283E+00
 0.231886536E+00 0.229764447E+00 0.227844834E+00 0.226193026E+00 0.224885792E+00
 0.223330364E+00 0.221304074E+00 0.218837991E+00 0.215887904E+00 0.212394699E+00
 0.208259106E+00 0.203717425E+00 0.199358910E+00 0.195103034E+00 0.190911040E+00
 0.186773971E+00 0.182699800E+00 0.178704605E+00 0.174806967E+00 0.171024889E+00
 0.167374715E+00 0.163871303E+00 0.160528585E+00 0.157360241E+00 0.154380172E+00
 0.151602805E+00 0.149042979E+00 0.146715805E+00 0.144636154E+00 0.142818063E+00
 0.141274154E+00 0.140014827E+00 0.139047667E+00 0.138376758E+00 0.138002142E+00
 0.137919500E+00 0.138119921E+00 0.138589934E+00 0.139311925E+00 0.140264630E+00
 0.292606652E+00 0.291952133E+00 0.290933490E+00 0.289539069E+00 0.287789941E+00
 0.285678983E+00 0.283252001E+00 0.280566812E+00 0.277676702E+00 0.274667352E+00
 0.271594822E+00 0.268490702E+00 0.265376955E+00 0.262269527E+00 0.259179562E+00
 0.256114691E+00 0.253080279E+00 0.250080556E+00 0.247119457E+00 0.244201124E+00
 0.241330191E+00 0.238512158E+00 0.235754341E+00 0.233066604E+00 0.230461136E+00
 0.227951661E+00 0.225552201E+00 0.223274916E+00 0.221123606E+00 0.219055504E+00
 0.216865718E+00 0.214411020E+00 0.211651146E+00 0.208558545E+00 0.205109537E+00
 0.201301992E+00 0.197271720E+00 0.193218797E+00 0.189184517E+00 0.185176104E+00
 0.181199595E+00 0.177264035E+00 0.173381358E+00 0.169565439E+00 0.165831223E+00
 0.162194476E+00 0.158671618E+00 0.155280113E+00 0.152038753E+00 0.148967877E+00
 0.146089375E+00 0.143426508E+00 0.141003326E+00 0.138843924E+00 0.136971533E+00
 0.135407433E+00 0.134169951E+00 0.133273438E+00 0.132727176E+00 0.132534578E+00
 0.132692441E+00 0.133190513E+00 0.134011537E+00 0.135131732E+00 0.136521801E+00
 0.296844512E+00 0.296181798E+00 0.294922352E+00 0.293095499E+00 0.290794045E+00
 0.288075745E+00 0.285037786E+00 0.281792343E+00 0.278421342E+00 0.274974704E+00
 0.271490067E+00 0.267995328E+00 0.264510721E+00 0.261050582E+00 0.257625103E+00
 0.254241347E+00 0.250904292E+00 0.247617543E+00 0.244384065E+00 0.241206452E+00
 0.238087356E+00 0.235029608E+00 0.232036293E+00 0.229110658E+00 0.226255372E+00
 0.223471403E+00 0.220755830E+00 0.218098238E+00 0.215475008E+00 0.212843493E+00
 0.210145131E+00 0.207322806E+00 0.204335153E+00 0.201158702E+00 0.197788537E+00
 0.194242030E+00 0.190559462E+00 0.186789826E+00 0.182972357E+00 0.179132804E+00
 0.175288394E+00 0.171452582E+00 0.167637557E+00 0.163855702E+00 0.160120308E+00
 0.156446159E+00 0.152850181E+00 0.149351999E+00 0.145974591E+00 0.142744571E+00
 0.139692262E+00 0.136851251E+00 0.134257361E+00 0.131947324E+00 0.129957110E+00
 0.128320366E+00 0.127066910E+00 0.126221240E+00 0.125800982E+00 0.125815317E+00
 0.126263499E+00 0.127133787E+00 0.128403112E+00 0.130037650E+00 0.131994709E+00
 0.303009987E+00 0.302585721E+00 0.300858110E+00 0.298092276E+00 0.294718862E+00
 0.290998012E+00 0.287103146E+00 0.283122957E+00 0.279110342E+00 0.275099248E+00
 0.271112442E+00 0.267165601E+00 0.263269424E+00 0.259431213E+00 0.255655587E+00
 0.251945525E+00 0.248302698E+00 0.244728044E+00 0.241221949E+00 0.237784550E+00
 0.234415799E+00 0.231115386E+00 0.227882624E+00 0.224716082E+00 0.221612930E+00
 0.218568087E+00 0.215572953E+00 0.212614104E+00 0.209672108E+00 0.206721738E+00
 0.203734204E+00 0.200681403E+00 0.197540253E+00 0.194295794E+00 0.190942690E+00
 0.187485486E+00 0.183936730E+00 0.180313408E+00 0.176632673E+00 0.172909409E+00
 0.169155598E+00 0.165381089E+00 0.161594599E+00 0.157804802E+00 0.154021397E+00
 0.150256202E+00 0.146524340E+00 0.142845571E+00 0.139245614E+00 0.135757238E+00
 0.132420868E+00 0.129284084E+00 0.126399830E+00 0.123823419E+00 0.121609248E+00
 0.119808324E+00 0.118466824E+00 0.117624715E+00 0.117313482E+00 0.117553212E+00
 0.118349425E+00 0.119690269E+00 0.121544383E+00 0.123860948E+00 0.126573130E+00
 0.313363910E+00 0.314527422E+00 0.310225636E+00 0.304539233E+00 0.299209118E+00
 0.294059545E+00 0.289053589E+00 0.284176379E+00 0.279419959E+00 0.274778813E+00
 0.270248592E+00 0.265825361E+00 0.261505455E+00 0.257285357E+00 0.253161699E+00
 0.249131188E+00 0.245190755E+00 0.241337478E+00 0.237568557E+00 0.233881325E+00
 0.230273083E+00 0.226740941E+00 0.223281637E+00 0.219891116E+00 0.216564164E+00
 0.213293895E+00 0.210071266E+00 0.206884667E+00 0.203719944E+00 0.200560778E+00
 0.197389841E+00 0.194190383E+00 0.190947831E+00 0.187651172E+00 0.184293628E+00
 0.180872768E+00 0.177389681E+00 0.173847705E+00 0.170251086E+00 0.166603714E+00
 0.162908584E+00 0.159167722E+00 0.155382484E+00 0.151554257E+00 0.147685423E+00
 0.143780708E+00 0.139848828E+00 0.135904893E+00 0.131973177E+00 0.128090233E+00
 0.124307983E+00 0.120694779E+00 0.117332712E+00 0.114309236E+00 0.111706242E+00
 0.109595053E+00 0.108041130E+00 0.107108079E+00 0.106852606E+00 0.107316256E+00
 0.108520754E+00 0.110463127E+00 0.113105163E+00 0.116365403E+00 0.120126747E+00
 0.320996702E+00 0.323021084E+00 0.317465991E+00 0.309648544E+00 0.302612066E+00
 0.296142548E+00 0.290090382E+00 0.284363627E+00 0.278902769E+00 0.273666680E+00
 0.268625438E+00 0.263756365E+00 0.259041697E+00 0.254467309E+00 0.250021726E+00
 0.245695487E+00 0.241480753E+00 0.237370849E+00 0.233360022E+00 0.229443163E+00
 0.225615561E+00 0.221872628E+00 0.218209639E+00 0.214621469E+00 0.211102247E+00
 0.207645163E+00 0.204242185E+00 0.200883940E+00 0.197559863E+00 0.194258437E+00
 0.190967694E+00 0.187675849E+00 0.184371978E+00 0.181046486E+00 0.177691460E+00
 0.174300522E+00 0.170868561E+00 0.167391181E+00 0.163863972E+00 0.160281971E+00
 0.156639174E+00 0.152928337E+00 0.149141073E+00 0.145268098E+00 0.141300008E+00
 0.137228459E+00 0.133048058E+00 0.128759414E+00 0.124373719E+00 0.119919769E+00
 0.115453921E+00 0.111072198E+00 0.106918171E+00 0.103166014E+00 0.999538600E-01
 0.973328725E-01 0.953552723E-01 0.941427276E-01 0.938200429E-01 0.944572911E-01
 0.960916504E-01 0.987809524E-01 0.102537476E+00 0.107209705E+00 0.112533540E+00
 0.323849916E+00 0.326083183E+00 0.319878340E+00 0.311325103E+00 0.303477377E+00
 0.296222329E+00 0.289464772E+00 0.283122301E+00 0.277127743E+00 0.271427393E+00
 0.265978694E+00 0.260747939E+00 0.255708307E+00 0.250838399E+00 0.246121094E+00
 0.241542533E+00 0.237091497E+00 0.232758760E+00 0.228536606E+00 0.224418491E+00
 0.220398635E+00 0.216471732E+00 0.212632686E+00 0.208876312E+00 0.205197141E+00
 0.201589197E+00 0.198045880E+00 0.194559857E+00 0.191123083E+00 0.187726960E+00
 0.184362441E+00 0.181020319E+00 0.177691370E+00 0.174366564E+00 0.171037033E+00
 0.167693928E+00 0.164328262E+00 0.160930350E+00 0.157489523E+00 0.153993517E+00
 0.150428072E+00 0.146776527E+00 0.143019497E+00 0.139134720E+00 0.135097116E+00
 0.130879015E+00 0.126451164E+00 0.121784560E+00 0.116854236E+00 0.111646876E+00
 0.106176339E+00 0.100516528E+00 0.948747769E-01 0.897517204E-01 0.860167742E-01
 0.828589723E-01 0.798731446E-01 0.778869912E-01 0.773214996E-01 0.781856775E-01
 0.800259262E-01 0.830919072E-01 0.887432545E-01 0.959672406E-01 0.103866898E+00
 0.322667837E+00 0.324786514E+00 0.318531543E+00 0.309702545E+00 0.301508069E+00
 0.293889999E+00 0.286779255E+00 0.280105919E+00 0.273806125E+00 0.267824948E+00
 0.262116790E+00 0.256644547E+00 0.251378238E+00 0.246293887E+00 0.241372332E+00
 0.236598194E+00 0.231959149E+00 0.227445289E+00 0.223048508E+00 0.218762115E+00
 0.214580476E+00 0.210498631E+00 0.206512064E+00 0.202616453E+00 0.198807403E+00
 0.195080370E+00 0.191430405E+00 0.187852144E+00 0.184339717E+00 0.180886716E+00
 0.177486196E+00 0.174130723E+00 0.170812279E+00 0.167522267E+00 0.164251402E+00
 0.160989374E+00 0.157724693E+00 0.154444203E+00 0.151132613E+00 0.147772014E+00
 0.144341245E+00 0.140815198E+00 0.137164116E+00 0.133352727E+00 0.129339203E+00
 0.125073984E+00 0.120498247E+00 0.115542151E+00 0.110122502E+00 0.104140028E+00
 0.974759087E-01 0.899870768E-01 0.814950839E-01 0.717221200E-01 0.602790788E-01
 0.505855978E-01 0.435524099E-01 0.393218398E-01 0.381812304E-01 0.405826233E-01
 0.464831665E-01 0.576365255E-01 0.704775527E-01 0.831285343E-01 0.952023119E-01
 0.318225712E+00 0.320077837E+00 0.313818663E+00 0.304935157E+00 0.296701014E+00
 0.289055169E+00 0.281910688E+00 0.275188893E+00 0.268823415E+00 0.262760133E+00
 0.256955594E+00 0.251375109E+00 0.245991126E+00 0.240781814E+00 0.235729843E+00
 0.230821520E+00 0.226046041E+00 0.221394837E+00 0.216861203E+00 0.212439761E+00
 0.208126247E+00 0.203917116E+00 0.199809372E+00 0.195800304E+00 0.191887319E+00
 0.188067764E+00 0.184338763E+00 0.180697113E+00 0.177139133E+00 0.173660606E+00
 0.170256630E+00 0.166921526E+00 0.163648710E+00 0.160430476E+00 0.157257780E+00
 0.154119983E+00 0.151004449E+00 0.147896081E+00 0.144776911E+00 0.141625330E+00
 0.138415501E+00 0.135116339E+00 0.131690517E+00 0.128093019E+00 0.124269240E+00
 0.120152541E+00 0.115660593E+00 0.110690147E+00 0.105109006E+00 0.987430587E-01
 0.913544223E-01 0.826020837E-01 0.719690546E-01 0.586384982E-01 0.413829908E-01
 0.230857134E-01 0.104408935E-01 0.329173380E-02 0.138281891E-02 0.479996996E-02
 0.145888878E-01 0.315640420E-01 0.537921488E-01 0.730806068E-01 0.898221061E-01
 0.310666412E+00 0.312228620E+00 0.305556744E+00 0.296887279E+00 0.289026886E+00
 0.281750023E+00 0.274915695E+00 0.268430918E+00 0.262232572E+00 0.256275892E+00
 0.250527769E+00 0.244963124E+00 0.239562511E+00 0.234310851E+00 0.229196385E+00
 0.224210039E+00 0.219344869E+00 0.214595631E+00 0.209958524E+00 0.205430865E+00
 0.201010808E+00 0.196697250E+00 0.192489505E+00 0.188387245E+00 0.184390262E+00
 0.180498376E+00 0.176711231E+00 0.173028171E+00 0.169448078E+00 0.165969267E+00
 0.162589267E+00 0.159304604E+00 0.156110704E+00 0.153001487E+00 0.149969220E+00
 0.147004023E+00 0.144093633E+00 0.141222775E+00 0.138372764E+00 0.135520771E+00
 0.132639140E+00 0.129694402E+00 0.126646191E+00 0.123445705E+00 0.120033726E+00
 0.116337925E+00 0.112269104E+00 0.107715793E+00 0.102536492E+00 0.965482891E-01
 0.895103216E-01 0.811006576E-01 0.708869770E-01 0.582973249E-01 0.426040813E-01
 0.231137685E-01 0.762989791E-02-0.129179773E-02-0.399145205E-02-0.578022737E-03
 0.880271103E-02 0.251716804E-01 0.488108508E-01 0.724663883E-01 0.922161788E-01
 0.297704935E+00 0.298185468E+00 0.292545259E+00 0.285310179E+00 0.278642625E+00
 0.272266299E+00 0.266098648E+00 0.260103345E+00 0.254259884E+00 0.248554662E+00
 0.242977664E+00 0.237521127E+00 0.232178971E+00 0.226946518E+00 0.221820235E+00
 0.216797695E+00 0.211877465E+00 0.207058966E+00 0.202342406E+00 0.197728679E+00
 0.193219304E+00 0.188816264E+00 0.184521899E+00 0.180338845E+00 0.176269904E+00
 0.172317833E+00 0.168485358E+00 0.164774880E+00 0.161188409E+00 0.157727301E+00
 0.154392153E+00 0.151182458E+00 0.148096412E+00 0.145130619E+00 0.142279685E+00
 0.139535904E+00 0.136888832E+00 0.134324819E+00 0.131826505E+00 0.129372269E+00
 0.126935631E+00 0.124484465E+00 0.121980175E+00 0.119376555E+00 0.116618492E+00
 0.113640130E+00 0.110362694E+00 0.106691584E+00 0.102512844E+00 0.976890847E-01
 0.920552090E-01 0.854151547E-01 0.775415078E-01 0.681795329E-01 0.570501834E-01
 0.438028611E-01 0.297497250E-01 0.222511422E-01 0.203211885E-01 0.234319773E-01
 0.317743532E-01 0.448916592E-01 0.635719523E-01 0.863936096E-01 0.105661005E+00
 0.280921757E+00 0.279251248E+00 0.276057124E+00 0.271692485E+00 0.266724944E+00
 0.261482835E+00 0.256117076E+00 0.250703961E+00 0.245286450E+00 0.239890769E+00
 0.234533846E+00 0.229227245E+00 0.223979294E+00 0.218796402E+00 0.213683859E+00
 0.208646372E+00 0.203688458E+00 0.198814631E+00 0.194029570E+00 0.189338207E+00
 0.184745789E+00 0.180257827E+00 0.175880164E+00 0.171618834E+00 0.167480066E+00
 0.163470149E+00 0.159595340E+00 0.155861691E+00 0.152274936E+00 0.148840234E+00
 0.145561963E+00 0.142443478E+00 0.139486790E+00 0.136692226E+00 0.134058028E+00
 0.131579965E+00 0.129250929E+00 0.127060443E+00 0.124994315E+00 0.123034135E+00
 0.121156931E+00 0.119334720E+00 0.117534176E+00 0.115716144E+00 0.113835298E+00
 0.111839697E+00 0.109670468E+00 0.107261807E+00 0.104541615E+00 0.101433463E+00
 0.978612229E-01 0.937583521E-01 0.890858397E-01 0.838662982E-01 0.782518461E-01
 0.726711154E-01 0.680859238E-01 0.657977983E-01 0.665611178E-01 0.705751255E-01
 0.778005719E-01 0.880276412E-01 0.100768276E+00 0.114994138E+00 0.129270136E+00
 0.268205851E+00 0.265828222E+00 0.262835890E+00 0.259210169E+00 0.255061269E+00
 0.250536084E+00 0.245753750E+00 0.240801096E+00 0.235739574E+00 0.230612963E+00
 0.225453153E+00 0.220283926E+00 0.215123713E+00 0.209987238E+00 0.204886779E+00
 0.199833021E+00 0.194835693E+00 0.189903885E+00 0.185046524E+00 0.180272445E+00
 0.175590634E+00 0.171010301E+00 0.166540891E+00 0.162192196E+00 0.157974184E+00
 0.153897062E+00 0.149971142E+00 0.146206722E+00 0.142613903E+00 0.139202386E+00
 0.135981292E+00 0.132958815E+00 0.130141899E+00 0.127535850E+00 0.125143915E+00
 0.122966707E+00 0.121001802E+00 0.119243309E+00 0.117681473E+00 0.116302386E+00
 0.115087815E+00 0.114015147E+00 0.113057539E+00 0.112184234E+00 0.111361042E+00
 0.110551015E+00 0.109715544E+00 0.108815983E+00 0.107816331E+00 0.106687501E+00
 0.105414070E+00 0.104004696E+00 0.102507778E+00 0.101033591E+00 0.997819006E-01
 0.990644842E-01 0.992922187E-01 0.100893684E+00 0.104198501E+00 0.109368771E+00
 0.116390817E+00 0.125082284E+00 0.135095730E+00 0.145944804E+00 0.157092512E+00
 0.257683456E+00 0.254866630E+00 0.251710713E+00 0.248164266E+00 0.244239658E+00
 0.239996165E+00 0.235496446E+00 0.230797961E+00 0.225949675E+00 0.220991939E+00
 0.215957582E+00 0.210873425E+00 0.205761671E+00 0.200641036E+00 0.195527792E+00
 0.190436408E+00 0.185380280E+00 0.180372030E+00 0.175424010E+00 0.170548484E+00
 0.165757865E+00 0.161064863E+00 0.156482577E+00 0.152024552E+00 0.147704795E+00
 0.143537760E+00 0.139538229E+00 0.135721296E+00 0.132102132E+00 0.128695816E+00
 0.125517100E+00 0.122580148E+00 0.119898237E+00 0.117483206E+00 0.115344793E+00
 0.113490015E+00 0.111922532E+00 0.110642195E+00 0.109644599E+00 0.108920805E+00
 0.108457297E+00 0.108236231E+00 0.108236112E+00 0.108432882E+00 0.108801119E+00
 0.109315440E+00 0.109952092E+00 0.110691018E+00 0.111518554E+00 0.112431064E+00
 0.113439672E+00 0.114576310E+00 0.115900703E+00 0.117507026E+00 0.119527586E+00
 0.122128747E+00 0.125494137E+00 0.129794821E+00 0.135154396E+00 0.141620651E+00
 0.149150848E+00 0.157610089E+00 0.166781947E+00 0.176391944E+00 0.186142996E+00
 0.248358577E+00 0.245166317E+00 0.241765469E+00 0.238093257E+00 0.234137997E+00
 0.229927078E+00 0.225493595E+00 0.220872164E+00 0.216096178E+00 0.211196244E+00
 0.206199721E+00 0.201130763E+00 0.196010754E+00 0.190858811E+00 0.185692295E+00
 0.180527329E+00 0.175379217E+00 0.170262873E+00 0.165193066E+00 0.160184771E+00
 0.155253291E+00 0.150414541E+00 0.145685047E+00 0.141082123E+00 0.136623889E+00
 0.132329270E+00 0.128217936E+00 0.124310315E+00 0.120627329E+00 0.117190234E+00
 0.114020273E+00 0.111138687E+00 0.108566806E+00 0.106325246E+00 0.104432516E+00
 0.102903880E+00 0.101750717E+00 0.100979894E+00 0.100593179E+00 0.100586668E+00
 0.100950487E+00 0.101669021E+00 0.102722339E+00 0.104088783E+00 0.105747066E+00
 0.107677899E+00 0.109865569E+00 0.112299584E+00 0.114976503E+00 0.117901921E+00
 0.121092670E+00 0.124578893E+00 0.128405645E+00 0.132632956E+00 0.137333378E+00
 0.142585769E+00 0.148464769E+00 0.155026928E+00 0.162296101E+00 0.170251161E+00
 0.178819045E+00 0.187874511E+00 0.197247118E+00 0.206734821E+00 0.216122270E+00
 0.239754960E+00 0.236210153E+00 0.232530221E+00 0.228646442E+00 0.224540293E+00
 0.220226809E+00 0.215725005E+00 0.211056143E+00 0.206242159E+00 0.201304659E+00
 0.196264327E+00 0.191140622E+00 0.185951874E+00 0.180715352E+00 0.175447568E+00
 0.170164585E+00 0.164882228E+00 0.159616426E+00 0.154383481E+00 0.149200261E+00
 0.144084409E+00 0.139054567E+00 0.134130433E+00 0.129332960E+00 0.124684386E+00
 0.120208241E+00 0.115929388E+00 0.111873999E+00 0.108069777E+00 0.104545109E+00
 0.101327807E+00 0.984456912E-01 0.959310010E-01 0.938180909E-01 0.921379104E-01
 0.909161344E-01 0.901739225E-01 0.899269953E-01 0.901849419E-01 0.909498706E-01
 0.922144502E-01 0.939600915E-01 0.961592719E-01 0.987852290E-01 0.101815410E+00
 0.105231158E+00 0.109019227E+00 0.113172650E+00 0.117691323E+00 0.122582495E+00
 0.127861053E+00 0.133549348E+00 0.139676347E+00 0.146275520E+00 0.153381184E+00
 0.161023065E+00 0.169219062E+00 0.177967131E+00 0.187236875E+00 0.196962968E+00
 0.207041085E+00 0.217328325E+00 0.227648258E+00 0.237801105E+00 0.247578025E+00
 0.231588230E+00 0.227708071E+00 0.223726526E+00 0.219585076E+00 0.215262040E+00
 0.210768014E+00 0.206115127E+00 0.201316580E+00 0.196386322E+00 0.191338703E+00
 0.186188176E+00 0.180949166E+00 0.175636053E+00 0.170263186E+00 0.164845079E+00
 0.159396514E+00 0.153932825E+00 0.148470014E+00 0.143025041E+00 0.137615964E+00
 0.132262185E+00 0.126984566E+00 0.121805660E+00 0.116749823E+00 0.111843280E+00
 0.107114345E+00 0.102592938E+00 0.983104110E-01 0.943042040E-01 0.906141847E-01
 0.872726664E-01 0.842985138E-01 0.817431882E-01 0.796742663E-01 0.781397820E-01
 0.771770105E-01 0.768169984E-01 0.770863518E-01 0.780070052E-01 0.795936361E-01
 0.818472579E-01 0.847424120E-01 0.882026926E-01 0.921868458E-01 0.966725796E-01
 0.101636551E+00 0.107065335E+00 0.112953544E+00 0.119302824E+00 0.126121119E+00
 0.133421734E+00 0.141222224E+00 0.149542466E+00 0.158402070E+00 0.167816505E+00
 0.177792251E+00 0.188320667E+00 0.199371204E+00 0.210884094E+00 0.222763628E+00
 0.234873012E+00 0.247032225E+00 0.259020865E+00 0.270587772E+00 0.281468183E+00
 0.223687723E+00 0.219478115E+00 0.215174630E+00 0.210735366E+00 0.206151485E+00
 0.201429620E+00 0.196575716E+00 0.191596314E+00 0.186498702E+00 0.181290880E+00
 0.175981507E+00 0.170579970E+00 0.165096343E+00 0.159541517E+00 0.153927267E+00
 0.148266420E+00 0.142572984E+00 0.136862338E+00 0.131151378E+00 0.125458747E+00
 0.119804963E+00 0.114212640E+00 0.108706690E+00 0.103314660E+00 0.980661213E-01
 0.929959565E-01 0.881397352E-01 0.835176259E-01 0.791902617E-01 0.752433911E-01
 0.717351288E-01 0.687105730E-01 0.662136152E-01 0.642886758E-01 0.629771873E-01
 0.623174906E-01 0.623453818E-01 0.630946532E-01 0.645970777E-01 0.668812543E-01
 0.699694529E-01 0.738710612E-01 0.785712600E-01 0.840155408E-01 0.900601149E-01
 0.966391936E-01 0.103745960E+00 0.111380465E+00 0.119549029E+00 0.128263310E+00
 0.137539312E+00 0.147396073E+00 0.157853782E+00 0.168931276E+00 0.180642545E+00
 0.192992106E+00 0.205969200E+00 0.219540372E+00 0.233640581E+00 0.248162732E+00
 0.262945890E+00 0.277764142E+00 0.292319447E+00 0.306246012E+00 0.319134235E+00
 0.215883657E+00 0.211349159E+00 0.206692740E+00 0.201931000E+00 0.197066441E+00
 0.192095816E+00 0.187017858E+00 0.181832463E+00 0.176540449E+00 0.171143666E+00
 0.165645003E+00 0.160048649E+00 0.154360145E+00 0.148586497E+00 0.142736331E+00
 0.136819974E+00 0.130849600E+00 0.124839373E+00 0.118805580E+00 0.112766795E+00
 0.106744051E+00 0.100761183E+00 0.948442519E-01 0.890262648E-01 0.833286718E-01
 0.778098106E-01 0.725659057E-01 0.676620826E-01 0.631545782E-01 0.590975396E-01
 0.555406436E-01 0.525307022E-01 0.501136780E-01 0.483351797E-01 0.472396351E-01
 0.468694605E-01 0.472645909E-01 0.484624617E-01 0.504984260E-01 0.534064248E-01
 0.572191812E-01 0.619663484E-01 0.676678643E-01 0.743177980E-01 0.818511844E-01
 0.900919959E-01 0.988964215E-01 0.108274095E+00 0.118239358E+00 0.128811240E+00
 0.140013039E+00 0.151871651E+00 0.164416432E+00 0.177677453E+00 0.191682935E+00
 0.206455618E+00 0.222007617E+00 0.238333210E+00 0.255398393E+00 0.273125827E+00
 0.291372925E+00 0.309899986E+00 0.328327656E+00 0.346095115E+00 0.362465918E+00
 0.207914039E+00 0.203039601E+00 0.198062092E+00 0.193003416E+00 0.187870130E+00
 0.182657078E+00 0.177357972E+00 0.171966314E+00 0.166476175E+00 0.160882816E+00
 0.155182987E+00 0.149375349E+00 0.143460572E+00 0.137441531E+00 0.131323352E+00
 0.125113532E+00 0.118822038E+00 0.112461388E+00 0.106046766E+00 0.995962322E-01
 0.931302235E-01 0.866758376E-01 0.802441761E-01 0.739383548E-01 0.678395852E-01
 0.620110966E-01 0.565110520E-01 0.513922311E-01 0.467059873E-01 0.425050408E-01
 0.388441309E-01 0.357798338E-01 0.333698280E-01 0.316714011E-01 0.307393540E-01
 0.306240618E-01 0.313701257E-01 0.330158174E-01 0.355934761E-01 0.391313285E-01
 0.436566584E-01 0.491988547E-01 0.557899810E-01 0.634577721E-01 0.722020566E-01
 0.819436833E-01 0.924342945E-01 0.103524908E+00 0.115239948E+00 0.127607405E+00
 0.140660271E+00 0.154437244E+00 0.168982804E+00 0.184346959E+00 0.200584412E+00
 0.217753157E+00 0.235912174E+00 0.255117357E+00 0.275414795E+00 0.296828985E+00
 0.319341689E+00 0.342852086E+00 0.367095053E+00 0.391437083E+00 0.414362699E+00
 0.199673459E+00 0.194445148E+00 0.189151019E+00 0.183815569E+00 0.178440630E+00
 0.173014700E+00 0.167523339E+00 0.161951214E+00 0.156283811E+00 0.150508434E+00
 0.144614965E+00 0.138596043E+00 0.132447287E+00 0.126167253E+00 0.119757481E+00
 0.113222443E+00 0.106569700E+00 0.998099074E-01 0.929565951E-01 0.860291123E-01
 0.790326744E-01 0.720767379E-01 0.652359799E-01 0.585728548E-01 0.521404371E-01
 0.459870994E-01 0.401619971E-01 0.347184613E-01 0.297165234E-01 0.252239853E-01
 0.213141143E-01 0.180628374E-01 0.155460387E-01 0.138367917E-01 0.130026313E-01
 0.131031219E-01 0.141879665E-01 0.162959211E-01 0.194547419E-01 0.236824397E-01
 0.289901439E-01 0.353869461E-01 0.428878739E-01 0.515222698E-01 0.613253638E-01
 0.723019764E-01 0.843433887E-01 0.970817953E-01 0.110469453E+00 0.124538191E+00
 0.139328495E+00 0.154890537E+00 0.171285093E+00 0.188584745E+00 0.206875324E+00
 0.226257831E+00 0.246850654E+00 0.268792450E+00 0.292245507E+00 0.317399621E+00
 0.344476879E+00 0.373737454E+00 0.405486584E+00 0.440050274E+00 0.475590974E+00
 0.190983474E+00 0.185383469E+00 0.179787695E+00 0.174213231E+00 0.168651551E+00
 0.163075879E+00 0.157455713E+00 0.151761249E+00 0.145965844E+00 0.140047207E+00
 0.133987665E+00 0.127773941E+00 0.121396884E+00 0.114851065E+00 0.108134545E+00
 0.101248808E+00 0.941990539E-01 0.869948789E-01 0.796383917E-01 0.722188726E-01
 0.648098066E-01 0.574700981E-01 0.502457656E-01 0.431768969E-01 0.363041796E-01
 0.296748467E-01 0.233481042E-01 0.173955336E-01 0.118991127E-01 0.694908015E-02
 0.264103967E-02-0.927458459E-03-0.366059481E-02-0.546798948E-02-0.626821164E-02
-0.599185051E-02-0.458393432E-02-0.200547418E-02 0.176606432E-02 0.673762755E-02
 0.129031036E-01 0.202479661E-01 0.287566464E-01 0.384233482E-01 0.492674932E-01
 0.613308996E-01 0.746138468E-01 0.889334455E-01 0.103903934E+00 0.119554654E+00
 0.135930508E+00 0.153090179E+00 0.171107054E+00 0.190071583E+00 0.210094780E+00
 0.231313035E+00 0.253894925E+00 0.278050691E+00 0.304045618E+00 0.332219839E+00
 0.363017678E+00 0.397034854E+00 0.435103029E+00 0.478466094E+00 0.524621844E+00
 0.181561127E+00 0.175568655E+00 0.169708878E+00 0.163985312E+00 0.158356056E+00
 0.152756616E+00 0.147125050E+00 0.141409144E+00 0.135567650E+00 0.129568949E+00
 0.123389371E+00 0.117011510E+00 0.110423073E+00 0.103615925E+00 0.965852961E-01
 0.893286541E-01 0.818469152E-01 0.741901770E-01 0.664362386E-01 0.586406216E-01
 0.508425757E-01 0.430717841E-01 0.353558026E-01 0.277283713E-01 0.202376414E-01
 0.129478509E-01 0.593883218E-02-0.695184804E-03-0.684782397E-02-0.124037173E-01
-0.172424372E-01-0.212429706E-01-0.242884010E-01-0.262704976E-01-0.270938948E-01
-0.266796406E-01-0.249679387E-01-0.219199825E-01-0.175187122E-01-0.117683578E-01
-0.469237426E-02 0.367065752E-02 0.132738780E-01 0.240725856E-01 0.360393636E-01
 0.491852723E-01 0.635610297E-01 0.791467354E-01 0.956188664E-01 0.112716727E+00
 0.130496815E+00 0.149023712E+00 0.168376058E+00 0.188650966E+00 0.209968865E+00
 0.232479647E+00 0.256371319E+00 0.281882077E+00 0.309317440E+00 0.339074612E+00
 0.371676415E+00 0.407816052E+00 0.448407084E+00 0.494613349E+00 0.545119882E+00
 0.170920566E+00 0.164464295E+00 0.158459097E+00 0.152832434E+00 0.147408649E+00
 0.142027050E+00 0.136577159E+00 0.130986974E+00 0.125208646E+00 0.119209319E+00
 0.112965755E+00 0.106461249E+00 0.996839926E-01 0.926262513E-01 0.852843821E-01
 0.776481330E-01 0.698086843E-01 0.618207119E-01 0.537207015E-01 0.455304570E-01
 0.372640491E-01 0.289370324E-01 0.205773823E-01 0.122308843E-01 0.396228582E-02
-0.414423971E-02-0.119857658E-01-0.194425285E-01-0.263811201E-01-0.326588564E-01
-0.381290093E-01-0.426465347E-01-0.460737832E-01-0.482858270E-01-0.491749905E-01
-0.486544929E-01-0.466611087E-01-0.431569517E-01-0.381303467E-01-0.315957665E-01
-0.235924684E-01-0.141813010E-01-0.343882502E-02 0.855226163E-02 0.217176676E-01
 0.360124409E-01 0.514502488E-01 0.680955872E-01 0.858736560E-01 0.104240142E+00
 0.123220272E+00 0.142864004E+00 0.163240492E+00 0.184437945E+00 0.206565991E+00
 0.229760200E+00 0.254188627E+00 0.280061334E+00 0.307643920E+00 0.337277085E+00
 0.369405687E+00 0.404623747E+00 0.443745852E+00 0.487913162E+00 0.536244214E+00
 0.157895699E+00 0.150640577E+00 0.145144284E+00 0.140480503E+00 0.135860771E+00
 0.131071761E+00 0.126040667E+00 0.120730810E+00 0.115119308E+00 0.109189913E+00
 0.102930076E+00 0.963295847E-01 0.893799439E-01 0.820739716E-01 0.744459853E-01
 0.665590167E-01 0.584567413E-01 0.501619503E-01 0.416821428E-01 0.330176912E-01
 0.241731182E-01 0.151682673E-01 0.604204275E-02-0.314519089E-02-0.123101100E-01
-0.213461258E-01-0.301245898E-01-0.384976789E-01-0.463029332E-01-0.533691980E-01
-0.595234819E-01-0.645980686E-01-0.684371740E-01-0.709026381E-01-0.718782395E-01
-0.712727681E-01-0.690219849E-01-0.650899038E-01-0.594696440E-01-0.521837771E-01
-0.432840101E-01-0.328493454E-01-0.209818482E-01-0.779863400E-02 0.658128085E-02
 0.220567677E-01 0.385723785E-01 0.561549962E-01 0.748566687E-01 0.944207981E-01
 0.114444286E+00 0.134982914E+00 0.156098321E+00 0.177862316E+00 0.200359508E+00
 0.223689601E+00 0.247970015E+00 0.273338974E+00 0.299959123E+00 0.328021944E+00
 0.357753336E+00 0.389423013E+00 0.423369110E+00 0.460107774E+00 0.499607712E+00
 0.142784730E+00 0.134063452E+00 0.130595684E+00 0.127981171E+00 0.124555111E+00
 0.120537020E+00 0.116021492E+00 0.111050978E+00 0.105645232E+00 0.998128057E-01
 0.935560465E-01 0.868732929E-01 0.797605813E-01 0.722781271E-01 0.644787401E-01
 0.563944131E-01 0.480372086E-01 0.394033380E-01 0.304814242E-01 0.212649442E-01
 0.117625268E-01 0.200212793E-02-0.796543155E-02-0.180636235E-01-0.281885508E-01
-0.382089391E-01-0.479681566E-01-0.572884604E-01-0.659773275E-01-0.738354474E-01
-0.806655511E-01-0.862810165E-01-0.905133113E-01-0.932173282E-01-0.942744613E-01
-0.935940593E-01-0.911138430E-01-0.868003219E-01-0.806496292E-01-0.726887882E-01
-0.629768223E-01-0.516047440E-01-0.386934206E-01-0.243876986E-01-0.884512812E-02
 0.778257707E-02 0.253767520E-01 0.438892096E-01 0.633816794E-01 0.838512778E-01
 0.104732379E+00 0.125962138E+00 0.147579476E+00 0.169631183E+00 0.192169130E+00
 0.215248555E+00 0.238925934E+00 0.263255507E+00 0.288282782E+00 0.314033151E+00
 0.340490162E+00 0.367552996E+00 0.394947290E+00 0.422029078E+00 0.447459787E+00
 0.131992102E+00 0.122700140E+00 0.119731300E+00 0.117676079E+00 0.114827894E+00
 0.111291051E+00 0.107139342E+00 0.102422588E+00 0.971721932E-01 0.914069489E-01
 0.851374418E-01 0.783650503E-01 0.711650997E-01 0.635860041E-01 0.556550808E-01
 0.473786481E-01 0.387456007E-01 0.297352038E-01 0.203296933E-01 0.105245980E-01
 0.333631440E-03-0.102066658E-01-0.210326910E-01-0.320504941E-01-0.431340374E-01
-0.541256815E-01-0.648393035E-01-0.750663131E-01-0.845842734E-01-0.931675136E-01
-0.100598253E+00-0.106677182E+00-0.111231811E+00-0.114120126E+00-0.115230359E+00
-0.114478752E+00-0.111807369E+00-0.107183456E+00-0.100601278E+00-0.920860022E-01
-0.816976503E-01-0.695324168E-01-0.557224602E-01-0.404324643E-01-0.238506105E-01
-0.617196411E-02 0.124274734E-01 0.318269022E-01 0.520076714E-01 0.730453953E-01
 0.947024077E-01 0.116490044E+00 0.138449624E+00 0.160612598E+00 0.183003873E+00
 0.205640942E+00 0.228530303E+00 0.251661539E+00 0.274998039E+00 0.298463106E+00
 0.321918756E+00 0.345135629E+00 0.367753983E+00 0.389248282E+00 0.408933282E+00
 0.124916583E+00 0.115349390E+00 0.111895330E+00 0.109879643E+00 0.107178316E+00
 0.103812546E+00 0.998136923E-01 0.952088311E-01 0.900180340E-01 0.842542127E-01
 0.779384300E-01 0.711350143E-01 0.638928488E-01 0.562397242E-01 0.481815189E-01
 0.397045873E-01 0.307822283E-01 0.213864334E-01 0.114992214E-01 0.111826486E-02
-0.973767508E-02-0.210233144E-01-0.326619223E-01-0.445416048E-01-0.565135628E-01
-0.683931783E-01-0.799644440E-01-0.909879506E-01-0.101212144E+00-0.110387273E+00
-0.118282013E+00-0.124695770E+00-0.129464254E+00-0.132459104E+00-0.133583218E+00
-0.132764652E+00-0.129951522E+00-0.125110149E+00-0.118227415E+00-0.109317437E+00
-0.984303281E-01-0.856597424E-01-0.711436793E-01-0.550598428E-01-0.376189463E-01
-0.190503001E-01 0.422817859E-03 0.206189957E-01 0.414460152E-01 0.629553273E-01
 0.851507112E-01 0.107343495E+00 0.129528522E+00 0.151709214E+00 0.173886016E+00
 0.196049765E+00 0.218176201E+00 0.240220085E+00 0.262108207E+00 0.283730686E+00
 0.304930836E+00 0.325495183E+00 0.345146954E+00 0.363549680E+00 0.380327791E+00
 0.119710416E+00 0.109916203E+00 0.106402382E+00 0.104313180E+00 0.101579852E+00
 0.982106924E-01 0.942174643E-01 0.896101445E-01 0.843946934E-01 0.785876364E-01
 0.722484812E-01 0.654242337E-01 0.581442378E-01 0.504171588E-01 0.422311164E-01
 0.335577093E-01 0.243612882E-01 0.146115078E-01 0.429009181E-02-0.660345377E-02
-0.180456880E-01-0.299830586E-01-0.423263237E-01-0.549464338E-01-0.676728189E-01
-0.802950189E-01-0.925683230E-01-0.104223609E+00-0.114982687E+00-0.124580286E+00
-0.132782295E+00-0.139396310E+00-0.144273818E+00-0.147305548E+00-0.148412526E+00
-0.147536412E+00-0.144631967E+00-0.139663830E+00-0.132609382E+00-0.123467311E+00
-0.112270452E+00-0.990991220E-01-0.840890631E-01-0.674270913E-01-0.493402928E-01
-0.300839264E-01-0.991883315E-02 0.109231519E-01 0.322852917E-01 0.541423857E-01
 0.765662044E-01 0.991685092E-01 0.121552601E+00 0.143734500E+00 0.165713340E+00
 0.187471732E+00 0.208974198E+00 0.230164602E+00 0.250962853E+00 0.271261632E+00
 0.290923744E+00 0.309781104E+00 0.327637345E+00 0.344275683E+00 0.359473199E+00
 0.116442822E+00 0.106500641E+00 0.103025720E+00 0.100796282E+00 0.979322195E-01
 0.944595411E-01 0.903856456E-01 0.857091472E-01 0.804236308E-01 0.745773464E-01
 0.682146028E-01 0.613666959E-01 0.540472902E-01 0.462502316E-01 0.379506163E-01
 0.291103255E-01 0.196893420E-01 0.965549890E-02-0.100993842E-02-0.123060737E-01
-0.242056381E-01-0.366481915E-01-0.495340042E-01-0.627195686E-01-0.760158598E-01
-0.891903490E-01-0.101973467E+00-0.114070803E+00-0.125186533E+00-0.135048464E+00
-0.143426001E+00-0.150138617E+00-0.155054778E+00-0.158083722E+00-0.159163177E+00
-0.158246979E+00-0.155295655E+00-0.150272399E+00-0.143145904E+00-0.133900195E+00
-0.122550294E+00-0.109159820E+00-0.938547328E-01-0.768249333E-01-0.583092906E-01
-0.385811739E-01-0.179279838E-01 0.338225230E-02 0.251465719E-01 0.472831540E-01
 0.698662177E-01 0.927218944E-01 0.115225486E+00 0.137389109E+00 0.159208566E+00
 0.180663109E+00 0.201714680E+00 0.222307071E+00 0.242365062E+00 0.261794031E+00
 0.280480564E+00 0.298294514E+00 0.315093219E+00 0.330728084E+00 0.345053911E+00
 0.115685225E+00 0.105793208E+00 0.101795189E+00 0.992261544E-01 0.961068273E-01
 0.924618617E-01 0.882709995E-01 0.835058913E-01 0.781649500E-01 0.722862184E-01
 0.659020692E-01 0.590327159E-01 0.516815558E-01 0.438331887E-01 0.354549401E-01
 0.265034195E-01 0.169363320E-01 0.672013359E-02-0.416436372E-02-0.157154668E-01
-0.279034860E-01-0.406635143E-01-0.538889319E-01-0.674266666E-01-0.810753405E-01
-0.945874974E-01-0.107676439E+00-0.120032221E+00-0.131349802E+00-0.141354859E+00
-0.149821341E+00-0.156578287E+00-0.161506623E+00-0.164528459E+00-0.165592924E+00
-0.164662078E+00-0.161700368E+00-0.156670123E+00-0.149534211E+00-0.140266597E+00
-0.128869399E+00-0.115393110E+00-0.999539718E-01-0.827398822E-01-0.639965758E-01
-0.440079980E-01-0.230770558E-01-0.149309495E-02 0.205135997E-01 0.428280868E-01
 0.655065551E-01 0.884854198E-01 0.111037508E+00 0.133170232E+00 0.154876485E+00
 0.176134020E+00 0.196904987E+00 0.217135802E+00 0.236757264E+00 0.255685568E+00
 0.273823798E+00 0.291065067E+00 0.307296365E+00 0.322404146E+00 0.336280704E+00
 0.116949856E+00 0.107534550E+00 0.102445669E+00 0.991328508E-01 0.957702845E-01
 0.920208693E-01 0.877757147E-01 0.829767808E-01 0.776166022E-01 0.717263147E-01
 0.653336272E-01 0.584551021E-01 0.510910749E-01 0.432234630E-01 0.348174088E-01
 0.258280449E-01 0.162122920E-01 0.593603076E-02-0.502022402E-02-0.166547112E-01
-0.289371628E-01-0.418014564E-01-0.551389679E-01-0.687937140E-01-0.825604796E-01
-0.961870030E-01-0.109380998E+00-0.121827751E+00-0.133219406E+00-0.143281117E+00
-0.151788354E+00-0.158573300E+00-0.163520977E+00-0.166557744E+00-0.167636499E+00
-0.166722074E+00-0.163780376E+00-0.158773482E+00-0.151662394E+00-0.142417595E+00
-0.131036460E+00-0.117564388E+00-0.102113314E+00-0.848692507E-01-0.660795718E-01
-0.460313968E-01-0.250325203E-01-0.337937451E-02 0.186882559E-01 0.410434157E-01
 0.637319311E-01 0.867275074E-01 0.109270953E+00 0.131367773E+00 0.153009757E+00
 0.174174294E+00 0.194823995E+00 0.214906782E+00 0.234356314E+00 0.253093213E+00
 0.271026969E+00 0.288058966E+00 0.304086477E+00 0.319007427E+00 0.332726151E+00
 0.115905322E+00 0.105988123E+00 0.102151759E+00 0.996731222E-01 0.966111645E-01
 0.930042267E-01 0.888407677E-01 0.840978399E-01 0.787704811E-01 0.728983358E-01
 0.665156692E-01 0.596447326E-01 0.522909239E-01 0.444406234E-01 0.360625573E-01
 0.271140281E-01 0.175527353E-01 0.734492484E-02-0.352898752E-02-0.150679275E-01
-0.272430480E-01-0.399905331E-01-0.532050692E-01-0.667350888E-01-0.803808644E-01
-0.938966274E-01-0.106997356E+00-0.119374178E+00-0.130722180E+00-0.140766412E+00
-0.149279594E+00-0.156089291E+00-0.161074981E+00-0.164157644E+00-0.165285587E+00
-0.164420515E+00-0.161526889E+00-0.156567261E+00-0.149504796E+00-0.140313566E+00
-0.128995463E+00-0.115600213E+00-0.100242846E+00-0.831097960E-01-0.644455627E-01
-0.445330665E-01-0.236746818E-01-0.216016453E-02 0.197784156E-01 0.420224257E-01
 0.646240041E-01 0.875383541E-01 0.110021748E+00 0.132080734E+00 0.153707847E+00
 0.174880967E+00 0.195562795E+00 0.215700582E+00 0.235226497E+00 0.254058301E+00
 0.272101253E+00 0.289250761E+00 0.305396467E+00 0.320427686E+00 0.334239423E+00
 0.117565483E+00 0.107680827E+00 0.103997067E+00 0.101815425E+00 0.990062505E-01
 0.955793336E-01 0.915432200E-01 0.868986398E-01 0.816409811E-01 0.758079588E-01
 0.694477931E-01 0.625957325E-01 0.552693680E-01 0.474661291E-01 0.391640440E-01
 0.303267390E-01 0.209143534E-01 0.108943004E-01 0.247068470E-03-0.110276248E-01
-0.229041185E-01-0.353240184E-01-0.481900647E-01-0.613615625E-01-0.746525452E-01
-0.878336132E-01-0.100638241E+00-0.112774387E+00-0.123946935E+00-0.133882850E+00
-0.142349571E+00-0.149163917E+00-0.154191777E+00-0.157340065E+00-0.158544928E+00
-0.157759354E+00-0.154943675E+00-0.150061309E+00-0.143081218E+00-0.133987457E+00
-0.122794323E+00-0.109563887E+00-0.944197848E-01-0.775493532E-01-0.591892898E-01
-0.396112390E-01-0.191020295E-01 0.206891750E-02 0.236943252E-01 0.456841029E-01
 0.681082457E-01 0.908398554E-01 0.113209009E+00 0.135226220E+00 0.156886876E+00
 0.178170666E+00 0.199040636E+00 0.219442427E+00 0.239303350E+00 0.258532137E+00
 0.277019620E+00 0.294640660E+00 0.311258405E+00 0.326730520E+00 0.340918064E+00
 0.120869212E+00 0.111090131E+00 0.107958332E+00 0.105943605E+00 0.103264704E+00
 0.999410674E-01 0.959865302E-01 0.914136395E-01 0.862313434E-01 0.804443955E-01
 0.741093233E-01 0.672779977E-01 0.599849671E-01 0.522441193E-01 0.440482050E-01
 0.353721716E-01 0.261814930E-01 0.164452102E-01 0.614394480E-02-0.472444016E-02
-0.161387250E-01-0.280481596E-01-0.403668657E-01-0.529696159E-01-0.656899586E-01
-0.783216208E-01-0.906238705E-01-0.102331020E+00-0.113166846E+00-0.122865826E+00
-0.131191865E+00-0.137949541E+00-0.142986938E+00-0.146191642E+00-0.147482276E+00
-0.146799013E+00-0.144095808E+00-0.139337108E+00-0.132500112E+00-0.123582952E+00
-0.112617031E+00-0.996802449E-01-0.849051848E-01-0.684755668E-01-0.506157316E-01
-0.315791443E-01-0.116268340E-01 0.900586974E-02 0.301539004E-01 0.517770126E-01
 0.739527866E-01 0.963829979E-01 0.118572235E+00 0.140536189E+00 0.162274748E+00
 0.183771789E+00 0.204993665E+00 0.225886732E+00 0.246374488E+00 0.266354442E+00
 0.285695851E+00 0.304238737E+00 0.321796626E+00 0.338163942E+00 0.353129476E+00
 0.126964152E+00 0.117456958E+00 0.114113137E+00 0.112164773E+00 0.109511241E+00
 0.106181897E+00 0.102212496E+00 0.976334438E-01 0.924672782E-01 0.867286921E-01
 0.804256722E-01 0.736173317E-01 0.663579926E-01 0.586820804E-01 0.506021380E-01
 0.421101302E-01 0.331827775E-01 0.237922408E-01 0.139191793E-01 0.355927180E-02
-0.727138110E-02-0.185308307E-01-0.301463138E-01-0.420104302E-01-0.539792143E-01
-0.658729523E-01-0.774802417E-01-0.885656476E-01-0.988805667E-01-0.108176500E+00
-0.116221115E+00-0.122811221E+00-0.127779096E+00-0.130992860E+00-0.132352367E+00
-0.131783307E+00-0.129232228E+00-0.124664240E+00-0.118065141E+00-0.109447442E+00
-0.988589004E-01-0.863899738E-01-0.721751526E-01-0.563887358E-01-0.392386392E-01
-0.209529549E-01-0.175670581E-02 0.181621443E-01 0.386975706E-01 0.598798655E-01
 0.817430392E-01 0.103727557E+00 0.125657737E+00 0.147545636E+00 0.169395611E+00
 0.191200614E+00 0.212938160E+00 0.234565333E+00 0.256012350E+00 0.277174711E+00
 0.297903687E+00 0.317997098E+00 0.337193400E+00 0.355174959E+00 0.371587664E+00
 0.135113001E+00 0.125946388E+00 0.122706681E+00 0.120679840E+00 0.117851444E+00
 0.114325345E+00 0.110181957E+00 0.105473883E+00 0.100233532E+00 0.944797695E-01
 0.882224739E-01 0.814653412E-01 0.742546320E-01 0.666480511E-01 0.586826466E-01
 0.503734462E-01 0.417159647E-01 0.326929167E-01 0.232858770E-01 0.134881409E-01
 0.331047899E-02-0.721421558E-02-0.180266555E-01-0.290377568E-01-0.401267260E-01
-0.511412509E-01-0.619002841E-01-0.721996650E-01-0.818203911E-01-0.905388221E-01
-0.981377587E-01-0.104416706E+00-0.109200530E+00-0.112343945E+00-0.113731824E+00
-0.113277391E+00-0.110920087E+00-0.106624804E+00-0.100383393E+00-0.922182426E-01
-0.821860805E-01-0.703794435E-01-0.569267571E-01-0.419892743E-01-0.257528331E-01
-0.841239933E-02 0.985236559E-02 0.289113540E-01 0.487287529E-01 0.693810582E-01
 0.907300860E-01 0.112199008E+00 0.133811623E+00 0.155592009E+00 0.177561462E+00
 0.199735403E+00 0.222119078E+00 0.244701728E+00 0.267447770E+00 0.290283650E+00
 0.313078284E+00 0.335614502E+00 0.357552826E+00 0.378398180E+00 0.397505820E+00
 0.146138936E+00 0.137535483E+00 0.134439871E+00 0.131772384E+00 0.128292665E+00
 0.124240845E+00 0.119705468E+00 0.114724338E+00 0.109314345E+00 0.103482433E+00
 0.972303450E-01 0.905568749E-01 0.834592208E-01 0.759568810E-01 0.681165829E-01
 0.599825121E-01 0.515766814E-01 0.429026186E-01 0.339526013E-01 0.247189980E-01
 0.152073493E-01 0.544181559E-02-0.453122100E-02-0.146402307E-01-0.247867052E-01
-0.348448977E-01-0.446635224E-01-0.540696494E-01-0.628746748E-01-0.708820224E-01
-0.778957531E-01-0.837291479E-01-0.882122815E-01-0.911976546E-01-0.925636664E-01
-0.922163501E-01-0.900900066E-01-0.861476734E-01-0.803819224E-01-0.728160292E-01
-0.635050982E-01-0.525361262E-01-0.400261916E-01-0.261171479E-01-0.109652923E-01
 0.527577288E-02 0.224804338E-01 0.405857377E-01 0.596334860E-01 0.796545967E-01
 0.100219719E+00 0.121081792E+00 0.142285168E+00 0.163876012E+00 0.185903385E+00
 0.208418652E+00 0.231474012E+00 0.255119175E+00 0.279395461E+00 0.304324955E+00
 0.329890221E+00 0.355994463E+00 0.382377803E+00 0.408433557E+00 0.432903558E+00
 0.162376359E+00 0.155345306E+00 0.149757475E+00 0.144944102E+00 0.140237108E+00
 0.135397136E+00 0.130334616E+00 0.125004694E+00 0.119380169E+00 0.113442563E+00
 0.107178345E+00 0.100577243E+00 0.936314762E-01 0.863354877E-01 0.786796361E-01
 0.707401633E-01 0.625713989E-01 0.542072579E-01 0.456638373E-01 0.369461887E-01
 0.280584786E-01 0.190167502E-01 0.985553581E-02 0.630263647E-03-0.858108234E-02
-0.176774357E-01-0.265355762E-01-0.350126959E-01-0.429506302E-01-0.501814969E-01
-0.565343685E-01-0.618422851E-01-0.659489557E-01-0.687145814E-01-0.700204223E-01
-0.697720721E-01-0.679016486E-01-0.643692315E-01-0.591637604E-01-0.523035079E-01
-0.438358337E-01-0.338356011E-01-0.224013571E-01-0.964804925E-02 0.430508377E-02
 0.193528365E-01 0.354299732E-01 0.525463857E-01 0.707674697E-01 0.899406299E-01
 0.109559298E+00 0.129660130E+00 0.150294840E+00 0.171528101E+00 0.193437770E+00
 0.216116205E+00 0.239672393E+00 0.264234692E+00 0.289954126E+00 0.317008406E+00
 0.345607162E+00 0.376000613E+00 0.408502609E+00 0.443593770E+00 0.481240898E+00
 0.175628811E+00 0.169337153E+00 0.163385227E+00 0.157753915E+00 0.152312040E+00
 0.146910876E+00 0.141443312E+00 0.135837436E+00 0.130044743E+00 0.124031797E+00
 0.117775008E+00 0.111257575E+00 0.104467563E+00 0.973966569E-01 0.900390819E-01
 0.823920742E-01 0.744945034E-01 0.664222911E-01 0.582270101E-01 0.499413423E-01
 0.415861569E-01 0.331787504E-01 0.247434825E-01 0.163213685E-01 0.797196943E-02
-0.225927855E-03-0.817475375E-02-0.157597978E-01-0.228521340E-01-0.293127149E-01
-0.349974148E-01-0.397626124E-01-0.434708819E-01-0.459963568E-01-0.472294092E-01
-0.470804460E-01-0.454827659E-01-0.423945040E-01-0.377996974E-01-0.317083783E-01
-0.241554789E-01-0.151979811E-01-0.490964064E-02 0.662773522E-02 0.193375330E-01
 0.331674181E-01 0.481159016E-01 0.642417297E-01 0.815155208E-01 0.995074585E-01
 0.118060820E+00 0.137230173E+00 0.157082662E+00 0.177701309E+00 0.199188471E+00
 0.221670583E+00 0.245304361E+00 0.270285755E+00 0.296862572E+00 0.325352579E+00
 0.356170684E+00 0.389870882E+00 0.427212894E+00 0.469261616E+00 0.515183806E+00
 0.186680123E+00 0.180856079E+00 0.175073773E+00 0.169387773E+00 0.163778782E+00
 0.158187047E+00 0.152554259E+00 0.146830440E+00 0.140975624E+00 0.134959072E+00
 0.128757790E+00 0.122355051E+00 0.115739256E+00 0.108903140E+00 0.101843275E+00
 0.945600197E-01 0.870577842E-01 0.793348104E-01 0.714781955E-01 0.635568351E-01
 0.556250140E-01 0.477213226E-01 0.398773327E-01 0.321258754E-01 0.245099850E-01
 0.170887336E-01 0.993675645E-02 0.314329844E-02-0.318978122E-02-0.895095244E-02
-0.140227461E-01-0.182860736E-01-0.216248389E-01-0.239305254E-01-0.251064282E-01
-0.250713248E-01-0.237623844E-01-0.211371630E-01-0.171746034E-01-0.118748164E-01
-0.525736995E-02 0.264234957E-02 0.117793279E-01 0.221084319E-01 0.335982181E-01
 0.462502316E-01 0.601101257E-01 0.751838908E-01 0.912371352E-01 0.107898220E+00
 0.125210986E+00 0.143232107E+00 0.162033305E+00 0.181704432E+00 0.202357471E+00
 0.224132270E+00 0.247204512E+00 0.271796972E+00 0.298195541E+00 0.326771885E+00
 0.358015001E+00 0.392572343E+00 0.431295872E+00 0.475268751E+00 0.523245275E+00
 0.196595296E+00 0.191176727E+00 0.185678810E+00 0.180160552E+00 0.174636692E+00
 0.169082657E+00 0.163470030E+00 0.157770842E+00 0.151960060E+00 0.146016777E+00
 0.139924571E+00 0.133671358E+00 0.127249137E+00 0.120653681E+00 0.113884345E+00
 0.106943883E+00 0.998383909E-01 0.925771594E-01 0.851752385E-01 0.776333511E-01
 0.700724125E-01 0.625615790E-01 0.551581644E-01 0.479084924E-01 0.408555344E-01
 0.340449847E-01 0.275309850E-01 0.213801581E-01 0.156700741E-01 0.104870088E-01
 0.592335826E-02 0.207437412E-02-0.965439365E-03-0.310600759E-02-0.426520826E-02
-0.437201979E-02-0.336906686E-02-0.121436222E-02 0.211798074E-02 0.663830014E-02
 0.123435110E-01 0.192212164E-01 0.272563901E-01 0.364412889E-01 0.467899106E-01
 0.583430901E-01 0.711211413E-01 0.850092694E-01 0.995422229E-01 0.114737846E+00
 0.130632430E+00 0.147277519E+00 0.164739847E+00 0.183102876E+00 0.202469841E+00
 0.222968146E+00 0.244755670E+00 0.268029660E+00 0.293039531E+00 0.320105255E+00
 0.349645138E+00 0.382219672E+00 0.418608814E+00 0.459971219E+00 0.503932655E+00
 0.205874681E+00 0.200834677E+00 0.195647314E+00 0.190377459E+00 0.185048163E+00
 0.179648682E+00 0.174165770E+00 0.168585569E+00 0.162895069E+00 0.157083213E+00
 0.151141375E+00 0.145063773E+00 0.138847455E+00 0.132492438E+00 0.126001552E+00
 0.119380511E+00 0.112637848E+00 0.105784938E+00 0.988359898E-01 0.918073431E-01
 0.847212076E-01 0.776029676E-01 0.705666021E-01 0.636847019E-01 0.570213422E-01
 0.506312139E-01 0.445651785E-01 0.388756134E-01 0.336192995E-01 0.288595092E-01
 0.246660169E-01 0.211122278E-01 0.182722881E-01 0.162183642E-01 0.150179844E-01
 0.147315869E-01 0.154104996E-01 0.170956478E-01 0.198172312E-01 0.235956181E-01
 0.284437463E-01 0.343713723E-01 0.413921326E-01 0.495322198E-01 0.588258952E-01
 0.692873150E-01 0.808412582E-01 0.931976587E-01 0.106169425E+00 0.119794503E+00
 0.134113640E+00 0.149174497E+00 0.165033966E+00 0.181759760E+00 0.199432075E+00
 0.218145445E+00 0.238011047E+00 0.259159476E+00 0.281744182E+00 0.305945843E+00
 0.331977516E+00 0.360092312E+00 0.390595764E+00 0.423841506E+00 0.458133042E+00
 0.214779750E+00 0.210107058E+00 0.205243647E+00 0.200257093E+00 0.195172131E+00
 0.189983889E+00 0.184687138E+00 0.179276958E+00 0.173749179E+00 0.168100908E+00
 0.162330806E+00 0.156439379E+00 0.150429100E+00 0.144304544E+00 0.138072416E+00
 0.131741598E+00 0.125323296E+00 0.118831053E+00 0.112280950E+00 0.105691776E+00
 0.990856066E-01 0.924878940E-01 0.859279558E-01 0.794157684E-01 0.730727315E-01
 0.669782087E-01 0.611957386E-01 0.557841472E-01 0.507970825E-01 0.462867990E-01
 0.423066728E-01 0.389114209E-01 0.361565948E-01 0.340976603E-01 0.327885151E-01
 0.322796255E-01 0.326164216E-01 0.338384286E-01 0.359794050E-01 0.390687659E-01
 0.431342386E-01 0.482047908E-01 0.543118678E-01 0.614847504E-01 0.697321296E-01
 0.789998993E-01 0.890949965E-01 0.997824594E-01 0.111080341E+00 0.123013683E+00
 0.135613173E+00 0.148915023E+00 0.162960812E+00 0.177797273E+00 0.193475485E+00
 0.210049674E+00 0.227575049E+00 0.246104166E+00 0.265680760E+00 0.286329150E+00
 0.308034718E+00 0.330707192E+00 0.354104012E+00 0.377631813E+00 0.399830967E+00
 0.223493665E+00 0.219177663E+00 0.214651957E+00 0.209968880E+00 0.205150813E+00
 0.200196549E+00 0.195107087E+00 0.189884543E+00 0.184532091E+00 0.179053932E+00
 0.173455328E+00 0.167742804E+00 0.161924109E+00 0.156008318E+00 0.150005937E+00
 0.143928945E+00 0.137791008E+00 0.131607503E+00 0.125395730E+00 0.119175106E+00
 0.112967327E+00 0.106796458E+00 0.100688942E+00 0.946732163E-01 0.887854323E-01
 0.830472112E-01 0.775251016E-01 0.723163113E-01 0.674857944E-01 0.630893111E-01
 0.591808408E-01 0.558095984E-01 0.530212782E-01 0.508600809E-01 0.493697710E-01
 0.485927127E-01 0.485691205E-01 0.493367910E-01 0.509313717E-01 0.533869378E-01
 0.567363203E-01 0.610099062E-01 0.662306026E-01 0.724010468E-01 0.794767812E-01
 0.873217732E-01 0.957284719E-01 0.104704186E+00 0.114260979E+00 0.124415852E+00
 0.135190263E+00 0.146609306E+00 0.158700466E+00 0.171491846E+00 0.185009703E+00
 0.199274912E+00 0.214298144E+00 0.230073020E+00 0.246566400E+00 0.263704121E+00
 0.281350255E+00 0.299276531E+00 0.317120969E+00 0.334346026E+00 0.350242823E+00
 0.232200861E+00 0.228224814E+00 0.224047899E+00 0.219678670E+00 0.215127677E+00
 0.210403129E+00 0.205513418E+00 0.200467840E+00 0.195276648E+00 0.189950913E+00
 0.184502378E+00 0.178943366E+00 0.173286736E+00 0.167545840E+00 0.161734730E+00
 0.155868158E+00 0.149961814E+00 0.144032434E+00 0.138098031E+00 0.132178053E+00
 0.126293555E+00 0.120467395E+00 0.114724390E+00 0.109091535E+00 0.103598408E+00
 0.982764289E-01 0.931627899E-01 0.882943645E-01 0.836922005E-01 0.794144273E-01
 0.755494162E-01 0.721556693E-01 0.692770630E-01 0.669535622E-01 0.652294233E-01
 0.641455427E-01 0.637394413E-01 0.640457422E-01 0.650965124E-01 0.669207126E-01
 0.695418417E-01 0.729728267E-01 0.772064701E-01 0.822012052E-01 0.878486559E-01
 0.940326601E-01 0.100745909E+00 0.107987754E+00 0.115763612E+00 0.124084301E+00
 0.132965028E+00 0.142424092E+00 0.152480945E+00 0.163153633E+00 0.174455240E+00
 0.186389521E+00 0.198945075E+00 0.212088436E+00 0.225755572E+00 0.239841938E+00
 0.254191399E+00 0.268585503E+00 0.282736629E+00 0.296291828E+00 0.308856100E+00
 0.241145045E+00 0.237522557E+00 0.233663872E+00 0.229572773E+00 0.225257710E+00
 0.220729992E+00 0.216004223E+00 0.211097226E+00 0.206027031E+00 0.200812235E+00
 0.195471376E+00 0.190022692E+00 0.184483960E+00 0.178872585E+00 0.173205659E+00
 0.167500183E+00 0.161773264E+00 0.156042382E+00 0.150325611E+00 0.144641832E+00
 0.139010936E+00 0.133454069E+00 0.127993733E+00 0.122654006E+00 0.117460646E+00
 0.112441182E+00 0.107625112E+00 0.103043243E+00 0.987275690E-01 0.947159827E-01
 0.910494998E-01 0.877624676E-01 0.848776251E-01 0.824173912E-01 0.804657489E-01
 0.790702850E-01 0.782679096E-01 0.780877322E-01 0.785531178E-01 0.796803981E-01
 0.814737901E-01 0.839166120E-01 0.869509429E-01 0.905177668E-01 0.945999697E-01
 0.991699696E-01 0.104212247E+00 0.109720476E+00 0.115696035E+00 0.122146986E+00
 0.129087105E+00 0.136534497E+00 0.144509628E+00 0.153032392E+00 0.162118331E+00
 0.171773419E+00 0.181988224E+00 0.192731068E+00 0.203941286E+00 0.215522915E+00
 0.227340043E+00 0.239215240E+00 0.250932604E+00 0.262247294E+00 0.272902161E+00
 0.250501782E+00 0.247242525E+00 0.243685514E+00 0.239835054E+00 0.235704124E+00
 0.231311947E+00 0.226683274E+00 0.221845776E+00 0.216827914E+00 0.211657450E+00
 0.206360638E+00 0.200961828E+00 0.195483476E+00 0.189946353E+00 0.184369817E+00
 0.178772211E+00 0.173171222E+00 0.167584196E+00 0.162028432E+00 0.156521544E+00
 0.151081607E+00 0.145727441E+00 0.140478715E+00 0.135356113E+00 0.130381435E+00
 0.125577629E+00 0.120968834E+00 0.116580285E+00 0.112438366E+00 0.108570755E+00
 0.105005629E+00 0.101770155E+00 0.988904908E-01 0.963945314E-01 0.943160206E-01
 0.926845968E-01 0.915244222E-01 0.908536762E-01 0.906841978E-01 0.910205320E-01
 0.918583870E-01 0.931832120E-01 0.949704424E-01 0.971931443E-01 0.998293459E-01
 0.102860250E+00 0.106272705E+00 0.110060319E+00 0.114224114E+00 0.118773036E+00
 0.123724148E+00 0.129102305E+00 0.134938985E+00 0.141269758E+00 0.148130178E+00
 0.155549809E+00 0.163544819E+00 0.172109634E+00 0.181209192E+00 0.190772936E+00
 0.200691834E+00 0.210819677E+00 0.220978945E+00 0.230971336E+00 0.240591988E+00
 0.260529011E+00 0.257644057E+00 0.254362494E+00 0.250691772E+00 0.246657193E+00
 0.242296532E+00 0.237654611E+00 0.232777610E+00 0.227709234E+00 0.222488940E+00
 0.217151314E+00 0.211726367E+00 0.206240118E+00 0.200715259E+00 0.195171982E+00
 0.189628527E+00 0.184101760E+00 0.178607732E+00 0.173162013E+00 0.167780012E+00
 0.162477285E+00 0.157269746E+00 0.152173772E+00 0.147206351E+00 0.142385170E+00
 0.137728557E+00 0.133255541E+00 0.128985763E+00 0.124939352E+00 0.121136755E+00
 0.117598429E+00 0.114344455E+00 0.111394420E+00 0.108767547E+00 0.106482476E+00
 0.104555540E+00 0.102999493E+00 0.101822682E+00 0.101028427E+00 0.100614496E+00
 0.100572787E+00 0.100889519E+00 0.101546250E+00 0.102522314E+00 0.103797324E+00
 0.105352893E+00 0.107174531E+00 0.109253548E+00 0.111589067E+00 0.114190176E+00
 0.117078237E+00 0.120288819E+00 0.123872928E+00 0.127896339E+00 0.132435918E+00
 0.137571931E+00 0.143376291E+00 0.149898157E+00 0.157149911E+00 0.165096611E+00
 0.173651114E+00 0.182676166E+00 0.191993237E+00 0.201397493E+00 0.210676283E+00
 0.271604180E+00 0.269127458E+00 0.266071945E+00 0.262458950E+00 0.258353055E+00
 0.253838927E+00 0.249002784E+00 0.243921563E+00 0.238659084E+00 0.233266786E+00
 0.227785602E+00 0.222248212E+00 0.216681048E+00 0.211105838E+00 0.205540955E+00
 0.200002342E+00 0.194504276E+00 0.189059973E+00 0.183682010E+00 0.178382695E+00
 0.173174337E+00 0.168069348E+00 0.163080439E+00 0.158220738E+00 0.153503671E+00
 0.148943126E+00 0.144553244E+00 0.140348449E+00 0.136343181E+00 0.132551834E+00
 0.128988415E+00 0.125666305E+00 0.122598022E+00 0.119794823E+00 0.117266327E+00
 0.115019783E+00 0.113059364E+00 0.111385569E+00 0.109994754E+00 0.108878799E+00
 0.108025029E+00 0.107416414E+00 0.107032217E+00 0.106849037E+00 0.106842212E+00
 0.106987312E+00 0.107262045E+00 0.107648596E+00 0.108136714E+00 0.108727761E+00
 0.109439954E+00 0.110314764E+00 0.111423925E+00 0.112875342E+00 0.114814453E+00
 0.117415950E+00 0.120861977E+00 0.125309542E+00 0.130857244E+00 0.137522042E+00
 0.145229593E+00 0.153817013E+00 0.163047671E+00 0.172639012E+00 0.182299659E+00
 0.284404188E+00 0.282426387E+00 0.279457331E+00 0.275597274E+00 0.271057516E+00
 0.266047537E+00 0.260728151E+00 0.255211622E+00 0.249575019E+00 0.243871689E+00
 0.238139525E+00 0.232406065E+00 0.226691902E+00 0.221013039E+00 0.215382323E+00
 0.209810585E+00 0.204307362E+00 0.198881403E+00 0.193541095E+00 0.188294709E+00
 0.183150634E+00 0.178117365E+00 0.173203751E+00 0.168418840E+00 0.163772017E+00
 0.159272790E+00 0.154930860E+00 0.150755852E+00 0.146757275E+00 0.142944217E+00
 0.139325187E+00 0.135907814E+00 0.132698521E+00 0.129702210E+00 0.126921833E+00
 0.124357879E+00 0.122007929E+00 0.119866148E+00 0.117922887E+00 0.116164327E+00
 0.114572294E+00 0.113124207E+00 0.111793183E+00 0.110548392E+00 0.109355628E+00
 0.108178146E+00 0.106977925E+00 0.105717748E+00 0.104364336E+00 0.102893434E+00
 0.101297684E+00 0.995987058E-01 0.978648141E-01 0.962352678E-01 0.949475914E-01
 0.943512321E-01 0.948711038E-01 0.969055668E-01 0.100721687E+00 0.106414087E+00
 0.113907360E+00 0.122961134E+00 0.133176968E+00 0.144044057E+00 0.155047834E+00
 0.300412893E+00 0.299278557E+00 0.295768738E+00 0.290660113E+00 0.284856975E+00
 0.278775454E+00 0.272588789E+00 0.266380817E+00 0.260197163E+00 0.254064620E+00
 0.247999549E+00 0.242012396E+00 0.236109987E+00 0.230297089E+00 0.224577278E+00
 0.218953609E+00 0.213428959E+00 0.208006307E+00 0.202688918E+00 0.197480395E+00
 0.192384794E+00 0.187406555E+00 0.182550505E+00 0.177821845E+00 0.173225984E+00
 0.168768510E+00 0.164455041E+00 0.160291046E+00 0.156281695E+00 0.152431652E+00
 0.148744822E+00 0.145224079E+00 0.141870975E+00 0.138685420E+00 0.135665283E+00
 0.132805958E+00 0.130099952E+00 0.127536431E+00 0.125100717E+00 0.122773908E+00
 0.120532401E+00 0.118347481E+00 0.116184875E+00 0.114004359E+00 0.111759372E+00
 0.109396599E+00 0.106855810E+00 0.104070045E+00 0.100966655E+00 0.974700525E-01
 0.935077295E-01 0.890219882E-01 0.839924812E-01 0.784793571E-01 0.727120489E-01
 0.672816038E-01 0.633442774E-01 0.620543286E-01 0.639006570E-01 0.689689368E-01
 0.771606416E-01 0.881881192E-01 0.101404227E+00 0.115568876E+00 0.129379749E+00
 0.321669817E+00 0.322909087E+00 0.315762103E+00 0.306863666E+00 0.298792839E+00
 0.291180700E+00 0.283894211E+00 0.276870787E+00 0.270073742E+00 0.263478220E+00
 0.257065624E+00 0.250821322E+00 0.244733483E+00 0.238792539E+00 0.232990786E+00
 0.227322176E+00 0.221782103E+00 0.216367275E+00 0.211075544E+00 0.205905795E+00
 0.200857788E+00 0.195932016E+00 0.191129580E+00 0.186452091E+00 0.181901425E+00
 0.177479684E+00 0.173188969E+00 0.169031203E+00 0.165007964E+00 0.161120266E+00
 0.157368302E+00 0.153751239E+00 0.150266886E+00 0.146911398E+00 0.143678933E+00
 0.140561208E+00 0.137547150E+00 0.134622350E+00 0.131768569E+00 0.128963187E+00
 0.126178458E+00 0.123380825E+00 0.120529935E+00 0.117577478E+00 0.114465728E+00
 0.111125633E+00 0.107474409E+00 0.103412472E+00 0.988197178E-01 0.935513377E-01
 0.874337852E-01 0.802623481E-01 0.718023404E-01 0.617941283E-01 0.499487221E-01
 0.358383916E-01 0.239903387E-01 0.186416339E-01 0.186562054E-01 0.234386735E-01
 0.334600657E-01 0.482875928E-01 0.686531961E-01 0.903229192E-01 0.107998267E+00
 0.336567819E+00 0.338787943E+00 0.330597460E+00 0.320066959E+00 0.310542017E+00
 0.301786035E+00 0.293625593E+00 0.285940707E+00 0.278646976E+00 0.271682739E+00
 0.265001476E+00 0.258567095E+00 0.252351254E+00 0.246331394E+00 0.240489557E+00
 0.234811455E+00 0.229285732E+00 0.223903507E+00 0.218657836E+00 0.213543445E+00
 0.208556369E+00 0.203693733E+00 0.198953480E+00 0.194334134E+00 0.189834669E+00
 0.185454294E+00 0.181192204E+00 0.177047476E+00 0.173018798E+00 0.169104338E+00
 0.165301472E+00 0.161606595E+00 0.158014804E+00 0.154519707E+00 0.151112989E+00
 0.147784159E+00 0.144520029E+00 0.141304329E+00 0.138117120E+00 0.134934172E+00
 0.131726116E+00 0.128457546E+00 0.125085786E+00 0.121559180E+00 0.117815062E+00
 0.113776617E+00 0.109348722E+00 0.104411863E+00 0.988132581E-01 0.923539102E-01
 0.847699344E-01 0.757070780E-01 0.646906272E-01 0.510996729E-01 0.341592394E-01
 0.150842834E-01 0.229124539E-02-0.416987296E-02-0.475167669E-02 0.822277740E-03
 0.124077154E-01 0.310876518E-01 0.556885786E-01 0.773359314E-01 0.955081061E-01
 0.345483333E+00 0.348127961E+00 0.339660108E+00 0.328774631E+00 0.318775028E+00
 0.309546411E+00 0.300979257E+00 0.292972326E+00 0.285438716E+00 0.278306425E+00
 0.271516770E+00 0.265022427E+00 0.258785278E+00 0.252774596E+00 0.246965811E+00
 0.241339087E+00 0.235878512E+00 0.230571359E+00 0.225407347E+00 0.220378280E+00
 0.215477556E+00 0.210699812E+00 0.206040651E+00 0.201496392E+00 0.197063774E+00
 0.192739770E+00 0.188521415E+00 0.184405610E+00 0.180388868E+00 0.176467240E+00
 0.172636092E+00 0.168889865E+00 0.165221959E+00 0.161624432E+00 0.158087730E+00
 0.154600441E+00 0.151148885E+00 0.147716686E+00 0.144284278E+00 0.140828341E+00
 0.137321010E+00 0.133729041E+00 0.130012572E+00 0.126123726E+00 0.122004472E+00
 0.117583908E+00 0.112774126E+00 0.107464254E+00 0.101510972E+00 0.947231129E-01
 0.868348703E-01 0.774567574E-01 0.659854263E-01 0.514677614E-01 0.327449404E-01
 0.168879014E-01 0.645691529E-02 0.121979346E-02 0.128251163E-02 0.670889765E-02
 0.188080687E-01 0.385309309E-01 0.592872016E-01 0.771711767E-01 0.927659497E-01
 0.349200517E+00 0.351968974E+00 0.344070494E+00 0.333286464E+00 0.323325604E+00
 0.314126819E+00 0.305596590E+00 0.297641397E+00 0.290176272E+00 0.283128113E+00
 0.276436031E+00 0.270049989E+00 0.263929427E+00 0.258041441E+00 0.252359450E+00
 0.246861950E+00 0.241531491E+00 0.236353904E+00 0.231317639E+00 0.226413175E+00
 0.221632659E+00 0.216969460E+00 0.212417886E+00 0.207972869E+00 0.203629762E+00
 0.199384123E+00 0.195231453E+00 0.191167101E+00 0.187186092E+00 0.183282956E+00
 0.179451674E+00 0.175685480E+00 0.171976790E+00 0.168317035E+00 0.164696455E+00
 0.161103889E+00 0.157526523E+00 0.153949529E+00 0.150355682E+00 0.146724954E+00
 0.143033907E+00 0.139255136E+00 0.135356560E+00 0.131300464E+00 0.127042577E+00
 0.122530729E+00 0.117703304E+00 0.112487294E+00 0.106795974E+00 0.100525998E+00
 0.935538560E-01 0.857303292E-01 0.768618211E-01 0.665576458E-01 0.555177778E-01
 0.468952730E-01 0.408849753E-01 0.378402136E-01 0.378200002E-01 0.413816459E-01
 0.487332083E-01 0.608683378E-01 0.733694732E-01 0.855401456E-01 0.970788747E-01
 0.349260390E+00 0.352122098E+00 0.344154119E+00 0.333718956E+00 0.324213922E+00
 0.315492302E+00 0.307421565E+00 0.299890459E+00 0.292809725E+00 0.286108434E+00
 0.279730260E+00 0.273630291E+00 0.267772436E+00 0.262127608E+00 0.256672204E+00
 0.251387060E+00 0.246256396E+00 0.241267264E+00 0.236408934E+00 0.231672361E+00
 0.227049902E+00 0.222534910E+00 0.218121454E+00 0.213804096E+00 0.209577590E+00
 0.205436766E+00 0.201376274E+00 0.197390452E+00 0.193473250E+00 0.189618170E+00
 0.185818180E+00 0.182065755E+00 0.178352833E+00 0.174670786E+00 0.171010405E+00
 0.167361706E+00 0.163713843E+00 0.160054818E+00 0.156371266E+00 0.152648151E+00
 0.148868501E+00 0.145013139E+00 0.141060516E+00 0.136986598E+00 0.132764950E+00
 0.128367335E+00 0.123764738E+00 0.118929923E+00 0.113842227E+00 0.108497448E+00
 0.102928191E+00 0.972478613E-01 0.917498693E-01 0.871011466E-01 0.838745013E-01
 0.807046443E-01 0.780140981E-01 0.764902085E-01 0.763916373E-01 0.775572509E-01
 0.794593543E-01 0.833093002E-01 0.894712955E-01 0.968170166E-01 0.104622737E+00
 0.344130516E+00 0.346773893E+00 0.339291453E+00 0.329842091E+00 0.321452677E+00
 0.313782811E+00 0.306638718E+00 0.299904943E+00 0.293506950E+00 0.287392467E+00
 0.281522691E+00 0.275867492E+00 0.270402879E+00 0.265109330E+00 0.259970754E+00
 0.254973829E+00 0.250107259E+00 0.245361611E+00 0.240728796E+00 0.236201778E+00
 0.231774449E+00 0.227441251E+00 0.223197073E+00 0.219036952E+00 0.214955866E+00
 0.210948572E+00 0.207009375E+00 0.203132018E+00 0.199309647E+00 0.195534766E+00
 0.191799402E+00 0.188095242E+00 0.184413821E+00 0.180746719E+00 0.177085623E+00
 0.173422337E+00 0.169748738E+00 0.166056588E+00 0.162337318E+00 0.158581898E+00
 0.154780671E+00 0.150923401E+00 0.146999374E+00 0.142997906E+00 0.138909057E+00
 0.134725004E+00 0.130442187E+00 0.126064748E+00 0.121609814E+00 0.117115408E+00
 0.112651199E+00 0.108329937E+00 0.104308739E+00 0.100753799E+00 0.977628157E-01
 0.953632072E-01 0.936274081E-01 0.926839039E-01 0.926370025E-01 0.935380012E-01
 0.954323635E-01 0.983843952E-01 0.102358557E+00 0.107153714E+00 0.112499945E+00
 0.331232399E+00 0.332440317E+00 0.327915251E+00 0.321654081E+00 0.315548539E+00
 0.309599310E+00 0.303804308E+00 0.298159778E+00 0.292660534E+00 0.287300825E+00
 0.282074422E+00 0.276975006E+00 0.271996379E+00 0.267132580E+00 0.262377918E+00
 0.257726997E+00 0.253174812E+00 0.248716757E+00 0.244348511E+00 0.240066126E+00
 0.235865906E+00 0.231744289E+00 0.227697790E+00 0.223722756E+00 0.219815180E+00
 0.215970412E+00 0.212182939E+00 0.208446130E+00 0.204752207E+00 0.201092333E+00
 0.197456941E+00 0.193836212E+00 0.190220684E+00 0.186601728E+00 0.182971939E+00
 0.179325283E+00 0.175657019E+00 0.171963409E+00 0.168241441E+00 0.164488509E+00
 0.160702363E+00 0.156881139E+00 0.153023675E+00 0.149130106E+00 0.145202667E+00
 0.141246974E+00 0.137273818E+00 0.133301452E+00 0.129358396E+00 0.125486568E+00
 0.121743500E+00 0.118202224E+00 0.114946187E+00 0.112059169E+00 0.109615617E+00
 0.107680134E+00 0.106314182E+00 0.105577365E+00 0.105520383E+00 0.106178045E+00
 0.107565448E+00 0.109670818E+00 0.112443559E+00 0.115790695E+00 0.119590059E+00
 0.317352414E+00 0.317114562E+00 0.315325230E+00 0.312287033E+00 0.308488369E+00
 0.304299355E+00 0.299897641E+00 0.295388520E+00 0.290834814E+00 0.286275953E+00
 0.281737596E+00 0.277236670E+00 0.272784501E+00 0.268388480E+00 0.264053315E+00
 0.259781629E+00 0.255574763E+00 0.251433015E+00 0.247356072E+00 0.243343294E+00
 0.239393786E+00 0.235506535E+00 0.231680319E+00 0.227913663E+00 0.224204481E+00
 0.220549703E+00 0.216944754E+00 0.213383034E+00 0.209855452E+00 0.206350595E+00
 0.202855349E+00 0.199356213E+00 0.195840821E+00 0.192299113E+00 0.188724145E+00
 0.185112461E+00 0.181463838E+00 0.177780479E+00 0.174066022E+00 0.170324773E+00
 0.166561604E+00 0.162782028E+00 0.158992589E+00 0.155201346E+00 0.151418492E+00
 0.147657201E+00 0.143934622E+00 0.140273064E+00 0.136701152E+00 0.133254647E+00
 0.129976586E+00 0.126916289E+00 0.124126963E+00 0.121662587E+00 0.119574867E+00
 0.117911473E+00 0.116714969E+00 0.116021425E+00 0.115857989E+00 0.116239928E+00
 0.117167570E+00 0.118623480E+00 0.120570809E+00 0.122954279E+00 0.125704706E+00
 0.308753073E+00 0.308230311E+00 0.306946695E+00 0.304932356E+00 0.302303314E+00
 0.299246311E+00 0.295895696E+00 0.292327672E+00 0.288600773E+00 0.284769893E+00
 0.280875564E+00 0.276948184E+00 0.273010552E+00 0.269079655E+00 0.265167773E+00
 0.261283547E+00 0.257432908E+00 0.253619969E+00 0.249847576E+00 0.246117815E+00
 0.242432371E+00 0.238792792E+00 0.235200673E+00 0.231657639E+00 0.228165016E+00
 0.224723145E+00 0.221330494E+00 0.217982069E+00 0.214667752E+00 0.211370796E+00
 0.208069041E+00 0.204739541E+00 0.201362848E+00 0.197924793E+00 0.194417566E+00
 0.190841183E+00 0.187203705E+00 0.183517888E+00 0.179796636E+00 0.176051617E+00
 0.172293976E+00 0.168535352E+00 0.164788380E+00 0.161066920E+00 0.157386333E+00
 0.153763771E+00 0.150218651E+00 0.146773130E+00 0.143452555E+00 0.140285730E+00
 0.137304693E+00 0.134544104E+00 0.132040128E+00 0.129828915E+00 0.127945185E+00
 0.126420677E+00 0.125282884E+00 0.124553554E+00 0.124247327E+00 0.124370120E+00
 0.124917828E+00 0.125875458E+00 0.127216950E+00 0.128906280E+00 0.130899444E+00
 0.302675575E+00 0.302122891E+00 0.301087350E+00 0.299548179E+00 0.297527373E+00
 0.295122236E+00 0.292414546E+00 0.289477199E+00 0.286375582E+00 0.283136189E+00
 0.279786438E+00 0.276360244E+00 0.272886336E+00 0.269386888E+00 0.265877783E+00
 0.262369931E+00 0.258870900E+00 0.255386114E+00 0.251919836E+00 0.248475805E+00
 0.245057344E+00 0.241667777E+00 0.238311365E+00 0.234993964E+00 0.231722623E+00
 0.228504553E+00 0.225345939E+00 0.222250208E+00 0.219214261E+00 0.216216072E+00
 0.213197693E+00 0.210108563E+00 0.206921592E+00 0.203616485E+00 0.200177506E+00
 0.196601421E+00 0.192921340E+00 0.189187080E+00 0.185420930E+00 0.181635723E+00
 0.177845299E+00 0.174065933E+00 0.170315832E+00 0.166614085E+00 0.162980169E+00
 0.159433603E+00 0.155994132E+00 0.152682081E+00 0.149518654E+00 0.146526232E+00
 0.143728241E+00 0.141148999E+00 0.138813019E+00 0.136744365E+00 0.134965628E+00
 0.133497104E+00 0.132355690E+00 0.131553993E+00 0.131099418E+00 0.130993292E+00
 0.131230325E+00 0.131798312E+00 0.132678315E+00 0.133845225E+00 0.135268971E+00
 0.298098415E+00 0.297703207E+00 0.296931028E+00 0.295731008E+00 0.294099271E+00
 0.292073250E+00 0.289727896E+00 0.287157804E+00 0.284430534E+00 0.281602859E+00
 0.278669417E+00 0.275643796E+00 0.272559524E+00 0.269442827E+00 0.266306043E+00
 0.263156056E+00 0.259997159E+00 0.256832689E+00 0.253666192E+00 0.250502616E+00
 0.247347817E+00 0.244200870E+00 0.241064936E+00 0.237953648E+00 0.234883532E+00
 0.231872544E+00 0.228939578E+00 0.226104721E+00 0.223391294E+00 0.220827609E+00
 0.218198046E+00 0.215419903E+00 0.212490976E+00 0.209371924E+00 0.206029266E+00
 0.202415958E+00 0.198593587E+00 0.194771245E+00 0.190923661E+00 0.187051862E+00
 0.183172405E+00 0.179310039E+00 0.175492451E+00 0.171746448E+00 0.168096185E+00
 0.164562792E+00 0.161164925E+00 0.157919601E+00 0.154843047E+00 0.151951164E+00
 0.149259940E+00 0.146785319E+00 0.144543067E+00 0.142548278E+00 0.140814900E+00
 0.139355019E+00 0.138178289E+00 0.137291282E+00 0.136696935E+00 0.136394024E+00
 0.136377007E+00 0.136635736E+00 0.137155786E+00 0.137918741E+00 0.138902873E+00
 0.294547200E+00 0.294618368E+00 0.294255465E+00 0.293355435E+00 0.291922599E+00
 0.290042758E+00 0.287833750E+00 0.285403758E+00 0.282852262E+00 0.280259520E+00
 0.277608722E+00 0.274893969E+00 0.272140265E+00 0.269374400E+00 0.266593456E+00
 0.263793647E+00 0.260970950E+00 0.258121669E+00 0.255244464E+00 0.252342969E+00
 0.249428973E+00 0.246489987E+00 0.243527234E+00 0.240568161E+00 0.237641782E+00
 0.234778658E+00 0.232010573E+00 0.229370743E+00 0.226894677E+00 0.224613264E+00
 0.222302243E+00 0.219858244E+00 0.217259198E+00 0.214444563E+00 0.211345300E+00
 0.207884833E+00 0.204125255E+00 0.200279772E+00 0.196335346E+00 0.192310929E+00
 0.188249886E+00 0.184205666E+00 0.180228680E+00 0.176359177E+00 0.172626019E+00
 0.169049069E+00 0.165642262E+00 0.162416250E+00 0.159380093E+00 0.156542331E+00
 0.153911471E+00 0.151496068E+00 0.149304643E+00 0.147345334E+00 0.145625547E+00
 0.144151479E+00 0.142927676E+00 0.141956583E+00 0.141238213E+00 0.140769839E+00
 0.140545756E+00 0.140557319E+00 0.140792981E+00 0.141238600E+00 0.141877696E+00
 0.884250581E+00 0.890359759E+00 0.888381720E+00 0.889140189E+00 0.891100049E+00
 0.893936217E+00 0.897912860E+00 0.902910829E+00 0.908904433E+00 0.917372048E+00
 0.924239814E+00 0.933296800E+00 0.942656279E+00 0.953539908E+00 0.965674520E+00
 0.978370607E+00 0.992064476E+00 0.100720048E+01 0.102327681E+01 0.104072678E+01
 0.105910182E+01 0.107866585E+01 0.109941614E+01 0.112139213E+01 0.114478195E+01
 0.116945934E+01 0.119551897E+01 0.122306406E+01 0.125209665E+01 0.128267515E+01
 0.131504905E+01 0.134918475E+01 0.138519239E+01 0.142334402E+01 0.146344912E+01
 0.150554228E+01 0.155009258E+01 0.159721589E+01 0.164691174E+01 0.169945669E+01
 0.175449610E+01 0.181232774E+01 0.187370145E+01 0.193830287E+01 0.200610161E+01
 0.207734847E+01 0.215173316E+01 0.223008680E+01 0.231212521E+01 0.239761543E+01
 0.248627591E+01 0.257797480E+01 0.267328835E+01 0.277119207E+01 0.287145972E+01
 0.297416997E+01 0.308051634E+01 0.319086242E+01 0.330634999E+01 0.342922282E+01
 0.356406569E+01 0.371537805E+01 0.389213777E+01 0.410416174E+01 0.436756802E+01
   76  117
 0.101889098E+01-0.500000007E-01 0.102217329E+01 0.500000007E-01 0.103669190E+01
 0.100000001E+00 0.105920780E+01 0.150000006E+00 0.108731699E+01 0.200000003E+00
 0.111919689E+01 0.250000000E+00 0.115384459E+01 0.300000012E+00 0.118531251E+01
 0.342457950E+00 0.121187496E+01 0.376807362E+00 0.123843753E+01 0.409771144E+00
 0.127286875E+01 0.449999988E+00 0.131812501E+01 0.498520613E+00 0.134468746E+01
 0.525175035E+00 0.137125003E+01 0.550169706E+00 0.142437506E+01 0.596230865E+00
 0.145093751E+01 0.617546201E+00 0.149608779E+01 0.649999976E+00 0.153062499E+01
 0.673164785E+00 0.157752943E+01 0.699999988E+00 0.161031246E+01 0.717499971E+00
 0.166343749E+01 0.740412831E+00 0.169116235E+01 0.750000000E+00 0.174312496E+01
 0.765538394E+00 0.179624999E+01 0.774524033E+00 0.184937501E+01 0.775623679E+00
 0.190250003E+01 0.765870512E+00 0.193653286E+01 0.750000000E+00 0.198218751E+01
 0.715443671E+00 0.200874996E+01 0.681612909E+00 0.203531241E+01 0.634668112E+00
 0.206187510E+01 0.573799610E+00 0.208797979E+01 0.500000000E+00 0.210429907E+01
 0.449999988E+00 0.211980462E+01 0.400000006E+00 0.214156246E+01 0.324865639E+00
 0.216070938E+01 0.250000000E+00 0.217178226E+01 0.200000003E+00 0.218759465E+01
 0.100000001E+00 0.219242620E+01 0.000000000E+00 0.218544602E+01-0.100000001E+00
 0.216812491E+01-0.197782397E+00 0.215594268E+01-0.250000000E+00 0.214156246E+01
-0.304345965E+00 0.211500001E+01-0.394991010E+00 0.209750533E+01-0.449999988E+00
 0.208071446E+01-0.500000000E+00 0.206187510E+01-0.552636206E+00 0.203531241E+01
-0.617342770E+00 0.200874996E+01-0.667778134E+00 0.198218751E+01-0.704616368E+00
 0.192927408E+01-0.750000000E+00 0.190250003E+01-0.764095962E+00 0.184937501E+01
-0.777767301E+00 0.179624999E+01-0.779770970E+00 0.174312496E+01-0.773682415E+00
 0.169000006E+01-0.760666847E+00 0.165922689E+01-0.750000000E+00 0.161031246E+01
-0.730989218E+00 0.155718756E+01-0.704232991E+00 0.153062499E+01-0.689181328E+00
 0.147749996E+01-0.654889941E+00 0.145093751E+01-0.635895014E+00 0.140568364E+01
-0.600000024E+00 0.137125003E+01-0.570348561E+00 0.134468746E+01-0.545441270E+00
 0.129959607E+01-0.500000000E+00 0.126499999E+01-0.461832196E+00 0.123843753E+01
-0.430485964E+00 0.121187496E+01-0.397626907E+00 0.117551053E+01-0.349999994E+00
 0.114004242E+01-0.300000012E+00 0.110706627E+01-0.250000000E+00 0.107906246E+01
-0.203605339E+00 0.105250001E+01-0.153336823E+00 0.103065741E+01-0.100000001E+00
 0.101889098E+01-0.500000007E-01
 0.101600003E+01 0.000000000E+00 0.101600003E+01 0.963999987E+00 0.101600003E+01
 0.967999995E+00 0.101600003E+01 0.100100005E+01 0.101600003E+01 0.101900005E+01
 0.101600003E+01 0.107700002E+01 0.101600003E+01 0.107000005E+01 0.101600003E+01
 0.109599996E+01 0.101600003E+01 0.111300004E+01 0.101600003E+01 0.113800001E+01
 0.101600003E+01 0.114699996E+01 0.101199996E+01 0.116499996E+01 0.100100005E+01
 0.121700001E+01 0.102900004E+01 0.121700001E+01 0.104200006E+01 0.116240001E+01
 0.104600000E+01 0.116237998E+01 0.105599999E+01 0.116260004E+01 0.109700000E+01
 0.116450000E+01 0.110800004E+01 0.116594005E+01 0.111600006E+01 0.116591001E+01
 0.113399994E+01 0.116895998E+01 0.114800000E+01 0.117174995E+01 0.116199994E+01
 0.117556000E+01 0.118099999E+01 0.118299997E+01 0.118200004E+01 0.118350005E+01
 0.118499994E+01 0.118499994E+01 0.119000006E+01 0.118799996E+01 0.119500005E+01
 0.119099998E+01 0.120099998E+01 0.119599998E+01 0.120899999E+01 0.120200002E+01
 0.121500003E+01 0.120799994E+01 0.122200000E+01 0.121399999E+01 0.122800004E+01
 0.122099996E+01 0.123399997E+01 0.123099995E+01 0.123899996E+01 0.123800004E+01
 0.124199998E+01 0.124399996E+01 0.124800003E+01 0.125399995E+01 0.125800002E+01
 0.127800000E+01 0.126300001E+01 0.128999996E+01 0.127999997E+01 0.133099997E+01
 0.127999997E+01 0.134700000E+01 0.127999997E+01 0.134800005E+01 0.130999994E+01
 0.134800005E+01 0.132799995E+01 0.134800005E+01 0.136099994E+01 0.134800005E+01
 0.138000000E+01 0.134800005E+01 0.141900003E+01 0.134800005E+01 0.141900003E+01
 0.130999994E+01 0.137199998E+01 0.130999994E+01 0.137167001E+01 0.129237998E+01
 0.137003005E+01 0.128268003E+01 0.136688006E+01 0.125644004E+01 0.136719000E+01
 0.122955000E+01 0.137178004E+01 0.119576001E+01 0.137223995E+01 0.119402003E+01
 0.138662004E+01 0.116487002E+01 0.138707995E+01 0.116420996E+01 0.140382004E+01
 0.115696001E+01 0.141127002E+01 0.115730000E+01 0.141857004E+01 0.116131997E+01
 0.142100000E+01 0.116400003E+01 0.148662996E+01 0.124049997E+01 0.149730003E+01
 0.123458004E+01 0.149761999E+01 0.123427999E+01 0.149744999E+01 0.123174000E+01
 0.149275005E+01 0.121329999E+01 0.149259996E+01 0.121061003E+01 0.149260998E+01
 0.120485997E+01 0.149278998E+01 0.120213997E+01 0.149339998E+01 0.119641995E+01
 0.149469995E+01 0.118510997E+01 0.149621999E+01 0.116069996E+01 0.147981000E+01
 0.112425995E+01 0.148081994E+01 0.112256002E+01 0.148149002E+01 0.112137997E+01
 0.148645997E+01 0.111691999E+01 0.149094999E+01 0.111439002E+01 0.150304997E+01
 0.111243999E+01 0.159696996E+01 0.109489000E+01 0.162549996E+01 0.108529997E+01
 0.163751996E+01 0.107988000E+01 0.164699996E+01 0.107700002E+01 0.178499997E+01
 0.107700002E+01 0.206999993E+01 0.103999996E+01 0.212800002E+01 0.992999971E+00
 0.224499989E+01 0.708999991E+00 0.233956003E+01 0.461430013E+00 0.234707999E+01
 0.415829986E+00 0.234912992E+01 0.272179991E+00 0.235103011E+01 0.170179993E+00
 0.235157990E+01 0.701199993E-01 0.235124993E+01-0.317899995E-01 0.235050988E+01
-0.144350007E+00 0.234964991E+01-0.214829996E+00 0.234870005E+01-0.326689988E+00
 0.234759998E+01-0.386770010E+00 0.234019995E+01-0.453040004E+00 0.232942009E+01
-0.477569997E+00 0.213400006E+01-0.972999990E+00 0.178600001E+01-0.117400002E+01
 0.176800001E+01-0.121099997E+01 0.176800001E+01-0.125000000E+01 0.168200004E+01
-0.125000000E+01 0.137199998E+01-0.125000000E+01 0.137199998E+01-0.132900000E+01
 0.141999996E+01-0.132900000E+01 0.141999996E+01-0.136300004E+01 0.127300000E+01
-0.136300004E+01 0.115300000E+01-0.136300004E+01 0.101600003E+01-0.122300005E+01
 0.101600003E+01-0.122300005E+01 0.101600003E+01-0.829999983E+00 0.101600003E+01
-0.800000012E+00 0.101600003E+01-0.414999992E+00 0.101600003E+01-0.400000006E+00
 0.101600003E+01-0.100000005E-02 0.101600003E+01 0.000000000E+00
    0 0.000000000E+00    1
 0.000000000E+00 0.000000000E+00 0.000000000E+00 0.000000000E+00 0.000000000E+00
 0.000000000E+00 0.000000000E+00 0.000000000E+00 0.000000000E+00 0.000000000E+00
 0.000000000E+00 0.000000000E+00 0.000000000E+00 0.000000000E+00 0.000000000E+00
 0.000000000E+00 0.000000000E+00 0.000000000E+00 0.000000000E+00 0.000000000E+00
 0.000000000E+00 0.000000000E+00 0.000000000E+00 0.000000000E+00 0.000000000E+00
 0.000000000E+00 0.000000000E+00 0.000000000E+00 0.000000000E+00 0.000000000E+00
 0.000000000E+00 0.000000000E+00 0.000000000E+00 0.000000000E+00 0.000000000E+00
 0.000000000E+00 0.000000000E+00 0.000000000E+00 0.000000000E+00 0.000000000E+00
 0.000000000E+00 0.000000000E+00 0.000000000E+00 0.000000000E+00 0.000000000E+00
 0.000000000E+00 0.000000000E+00 0.000000000E+00 0.000000000E+00 0.000000000E+00
 0.000000000E+00 0.000000000E+00 0.000000000E+00 0.000000000E+00 0.000000000E+00
 0.000000000E+00 0.000000000E+00 0.000000000E+00 0.000000000E+00 0.000000000E+00
 0.000000000E+00 0.000000000E+00 0.000000000E+00 0.000000000E+00 0.000000000E+00
 0.000000000E+00 0.883267000E-01 0.125219986E+00 0.153455406E+00 0.177322835E+00
 0.198444441E+00 0.217581511E+00 0.235264793E+00 0.251821429E+00 0.266029000E+00
 0.280999303E+00 0.295227677E+00 0.309071124E+00 0.322539866E+00 0.335598171E+00
 0.348266035E+00 0.360633194E+00 0.372787565E+00 0.384787887E+00 0.396607995E+00
 0.408254236E+00 0.419797689E+00 0.431212038E+00 0.442556828E+00 0.453859657E+00
 0.465110332E+00 0.476340353E+00 0.487572819E+00 0.498762965E+00 0.509957969E+00
 0.521236300E+00 0.532532215E+00 0.543857574E+00 0.555300474E+00 0.566797435E+00
 0.578339219E+00 0.590006888E+00 0.601803601E+00 0.613724351E+00 0.625806928E+00
 0.637979329E+00 0.650298953E+00 0.662841678E+00 0.675559640E+00 0.688457131E+00
 0.701565087E+00 0.714845836E+00 0.728385985E+00 0.742166400E+00 0.756192863E+00
 0.770435929E+00 0.784903884E+00 0.799693346E+00 0.814732492E+00 0.830007792E+00
 0.845516086E+00 0.861338615E+00 0.877413630E+00 0.893748522E+00 0.910390079E+00
 0.927388012E+00 0.944727659E+00 0.962534308E+00 0.980889559E+00 0.100000000E+01
    1
 0.000000000E+00 0.000000000E+00 0.000000000E+00 0.000000000E+00 0.000000000E+00
 0.000000000E+00 0.000000000E+00 0.000000000E+00 0.000000000E+00 0.000000000E+00
 0.000000000E+00 0.000000000E+00 0.000000000E+00 0.000000000E+00 0.000000000E+00
 0.000000000E+00 0.000000000E+00 0.000000000E+00 0.000000000E+00 0.000000000E+00
 0.000000000E+00 0.000000000E+00 0.000000000E+00 0.000000000E+00 0.000000000E+00
 0.000000000E+00 0.000000000E+00 0.000000000E+00 0.000000000E+00 0.000000000E+00
 0.000000000E+00 0.000000000E+00 0.000000000E+00 0.000000000E+00 0.000000000E+00
 0.000000000E+00 0.000000000E+00 0.000000000E+00 0.000000000E+00 0.000000000E+00
 0.000000000E+00 0.000000000E+00 0.000000000E+00 0.000000000E+00 0.000000000E+00
 0.000000000E+00 0.000000000E+00 0.000000000E+00 0.000000000E+00 0.000000000E+00
 0.000000000E+00 0.000000000E+00 0.000000000E+00 0.000000000E+00 0.000000000E+00
 0.000000000E+00 0.000000000E+00 0.000000000E+00 0.000000000E+00 0.000000000E+00
 0.000000000E+00 0.000000000E+00 0.000000000E+00 0.000000000E+00 0.000000000E+00
