  EFITD    01/21/2000    #171650  3150ms           7  65  65
 0.170000005E+01 0.320000005E+01 0.169550002E+01 0.839999974E+00 0.000000000E+00
 0.166345012E+01 0.116475504E-01-0.172166303E+00 0.799545348E-01-0.200364780E+01
 0.884355375E+06-0.172166303E+00 0.000000000E+00 0.166345012E+01 0.000000000E+00
 0.116475504E-01 0.000000000E+00 0.799545348E-01 0.000000000E+00 0.000000000E+00
-0.345729041E+01-0.345648766E+01-0.345563006E+01-0.345471787E+01-0.345375061E+01
-0.345272946E+01-0.345165467E+01-0.345052743E+01-0.344934940E+01-0.344812202E+01
-0.344684744E+01-0.344552827E+01-0.344416666E+01-0.344276571E+01-0.344132900E+01
-0.343985987E+01-0.343836236E+01-0.343684053E+01-0.343529940E+01-0.343374324E+01
-0.343217754E+01-0.343060756E+01-0.342903829E+01-0.342747498E+01-0.342592192E+01
-0.342438364E+01-0.342286444E+01-0.342136836E+01-0.341989923E+01-0.341846037E+01
-0.341705489E+01-0.341568637E+01-0.341435742E+01-0.341307044E+01-0.341182804E+01
-0.341063213E+01-0.340948486E+01-0.340838766E+01-0.340734196E+01-0.340634894E+01
-0.340540981E+01-0.340452480E+01-0.340369487E+01-0.340292001E+01-0.340219998E+01
-0.340153480E+01-0.340092373E+01-0.340036631E+01-0.339986134E+01-0.339940763E+01
-0.339900374E+01-0.339864802E+01-0.339833856E+01-0.339807296E+01-0.339784884E+01
-0.339766359E+01-0.339751434E+01-0.339739776E+01-0.339731073E+01-0.339724946E+01
-0.339720988E+01-0.339718819E+01-0.339717984E+01-0.339718056E+01-0.339718509E+01
 0.814853906E+05 0.766695312E+05 0.720566719E+05 0.676434922E+05 0.634266133E+05
 0.594025625E+05 0.555677852E+05 0.519186602E+05 0.484514805E+05 0.451624609E+05
 0.420477383E+05 0.391033711E+05 0.363253398E+05 0.337095469E+05 0.312518105E+05
 0.289478750E+05 0.267934062E+05 0.247839883E+05 0.229151309E+05 0.211822617E+05
 0.195807285E+05 0.181058047E+05 0.167526816E+05 0.155164736E+05 0.143922139E+05
 0.133748604E+05 0.124592891E+05 0.116402998E+05 0.109126113E+05 0.102708662E+05
 0.970962695E+04 0.922337598E+04 0.880651855E+04 0.845338281E+04 0.815821484E+04
 0.791518359E+04 0.771837988E+04 0.756181445E+04 0.743942041E+04 0.734505127E+04
 0.727248291E+04 0.721541162E+04 0.716745508E+04 0.712215234E+04 0.707296387E+04
 0.701327100E+04 0.693637646E+04 0.683550488E+04 0.670380078E+04 0.653433154E+04
 0.632008496E+04 0.605397021E+04 0.572902539E+04 0.534016797E+04 0.488642188E+04
 0.437161328E+04 0.380437183E+04 0.319813281E+04 0.257113550E+04 0.194642346E+04
 0.135184546E+04 0.820054321E+03 0.388507538E+03 0.994672318E+02 0.000000000E+00
-0.680508554E+00-0.728268445E+00-0.776248872E+00-0.824177384E+00-0.871781528E+00
-0.918789029E+00-0.964927495E+00-0.100992453E+01-0.105350769E+01-0.109540451E+01
-0.113534284E+01-0.117305017E+01-0.120825422E+01-0.124068236E+01-0.127006245E+01
-0.129612184E+01-0.131858850E+01-0.133718979E+01-0.135165334E+01-0.136170685E+01
-0.136711860E+01-0.136795855E+01-0.136443162E+01-0.135674322E+01-0.134509909E+01
-0.132970464E+01-0.131076562E+01-0.128848743E+01-0.126307571E+01-0.123473597E+01
-0.120367384E+01-0.117009485E+01-0.113420451E+01-0.109620845E+01-0.105631232E+01
-0.101472139E+01-0.971641541E+00-0.927278161E+00-0.881836832E+00-0.835523129E+00
-0.788542628E+00-0.741100848E+00-0.693403363E+00-0.645655811E+00-0.598063648E+00
-0.550832450E+00-0.504167855E+00-0.458275318E+00-0.413360476E+00-0.369628876E+00
-0.327286035E+00-0.286537588E+00-0.247589022E+00-0.210645944E+00-0.175913900E+00
-0.143598452E+00-0.113905169E+00-0.870396048E-01-0.632073283E-01-0.426138937E-01
-0.254648738E-01-0.119658252E-01-0.232231477E-02 0.326009421E-02 0.457583740E-02
-0.124846175E+07-0.119651612E+07-0.114540112E+07-0.109513688E+07-0.104574338E+07
-0.997240625E+06-0.949648500E+06-0.902987062E+06-0.857276312E+06-0.812536125E+06
-0.768786625E+06-0.726047688E+06-0.684339312E+06-0.643681562E+06-0.604094312E+06
-0.565597562E+06-0.528211375E+06-0.491955656E+06-0.456850406E+06-0.422915625E+06
-0.390171281E+06-0.358637344E+06-0.328333844E+06-0.299280719E+06-0.271497969E+06
-0.245005562E+06-0.219823516E+06-0.195971781E+06-0.173470359E+06-0.152339234E+06
-0.132598391E+06-0.114267797E+06-0.973674531E+05-0.819173438E+05-0.679374453E+05
-0.554477539E+05-0.444682422E+05-0.350189023E+05-0.271197168E+05-0.207906738E+05
-0.160517598E+05-0.129229570E+05-0.114242549E+05-0.115756367E+05-0.133970908E+05
-0.169086016E+05-0.221301582E+05-0.290817480E+05-0.377833555E+05-0.482549648E+05
-0.605165703E+05-0.745881562E+05-0.903839297E+05-0.107036328E+06-0.123327383E+06
-0.138037484E+06-0.149947016E+06-0.157836359E+06-0.160485891E+06-0.156676031E+06
-0.145187125E+06-0.124799562E+06-0.942937344E+05-0.524500234E+05 0.195120020E+04
 0.840985551E-01 0.819569081E-01 0.794805437E-01 0.765912533E-01 0.732383952E-01
 0.693853348E-01 0.649829730E-01 0.599384718E-01 0.542315692E-01 0.477130190E-01
 0.394288786E-01 0.281508006E-01 0.162173416E-01 0.835893489E-02 0.363781932E-02
 0.167181424E-02 0.238417066E-02 0.588136632E-02 0.125144497E-01 0.230415631E-01
 0.389366411E-01 0.554491468E-01 0.689552352E-01 0.806645900E-01 0.912310779E-01
 0.101027079E+00 0.110279828E+00 0.119131900E+00 0.127667487E+00 0.135929108E+00
 0.144246548E+00 0.152746946E+00 0.161422759E+00 0.170297921E+00 0.179381475E+00
 0.188700676E+00 0.198149726E+00 0.207451522E+00 0.216657430E+00 0.225807697E+00
 0.234934896E+00 0.244063452E+00 0.253207266E+00 0.262368202E+00 0.271536320E+00
 0.280690938E+00 0.289802104E+00 0.298831612E+00 0.307734132E+00 0.316458136E+00
 0.324946910E+00 0.333139956E+00 0.340974540E+00 0.348387629E+00 0.355318308E+00
 0.361709952E+00 0.367512852E+00 0.372686416E+00 0.377200872E+00 0.381038725E+00
 0.384195089E+00 0.386677712E+00 0.388505965E+00 0.389709413E+00 0.390325993E+00
 0.839887857E-01 0.816512406E-01 0.790284574E-01 0.760579854E-01 0.726874024E-01
 0.688757077E-01 0.646830425E-01 0.602044053E-01 0.553573929E-01 0.499928966E-01
 0.435710475E-01 0.359316170E-01 0.284072012E-01 0.228230804E-01 0.194252897E-01
 0.182264522E-01 0.192702897E-01 0.226707067E-01 0.286182500E-01 0.373511724E-01
 0.488797352E-01 0.613090247E-01 0.729140565E-01 0.836655349E-01 0.937359408E-01
 0.103287019E+00 0.112444386E+00 0.121297404E+00 0.129900813E+00 0.138282463E+00
 0.146751449E+00 0.155435324E+00 0.164334729E+00 0.173474237E+00 0.182879314E+00
 0.192592099E+00 0.202506885E+00 0.212365001E+00 0.222213611E+00 0.232086241E+00
 0.242005557E+00 0.251985520E+00 0.262031347E+00 0.272139162E+00 0.282295257E+00
 0.292475939E+00 0.302647293E+00 0.312765390E+00 0.322776228E+00 0.332616478E+00
 0.342214108E+00 0.351489931E+00 0.360359699E+00 0.368736833E+00 0.376536012E+00
 0.383677125E+00 0.390089422E+00 0.395715326E+00 0.400513768E+00 0.404462337E+00
 0.407558084E+00 0.409817129E+00 0.411272794E+00 0.411972880E+00 0.411976278E+00
 0.844097957E-01 0.820957646E-01 0.795302391E-01 0.766482204E-01 0.734039471E-01
 0.700773373E-01 0.667096749E-01 0.632858053E-01 0.598006845E-01 0.560414977E-01
 0.520000271E-01 0.479148291E-01 0.442173891E-01 0.413891785E-01 0.397945009E-01
 0.396580733E-01 0.411148071E-01 0.442422666E-01 0.490557551E-01 0.554616787E-01
 0.631820560E-01 0.717506260E-01 0.806932747E-01 0.897044614E-01 0.986452699E-01
 0.107473612E+00 0.116192825E+00 0.124824949E+00 0.133400187E+00 0.141967669E+00
 0.150644481E+00 0.159514561E+00 0.168610409E+00 0.177954674E+00 0.187565446E+00
 0.197450221E+00 0.207555041E+00 0.217798635E+00 0.228172421E+00 0.238684192E+00
 0.249341965E+00 0.260150254E+00 0.271108091E+00 0.282207280E+00 0.293430954E+00
 0.304752201E+00 0.316132754E+00 0.327521801E+00 0.338855028E+00 0.350054115E+00
 0.361026585E+00 0.371667147E+00 0.381859750E+00 0.391481787E+00 0.400409251E+00
 0.408523679E+00 0.415719360E+00 0.421910554E+00 0.427037597E+00 0.431070745E+00
 0.434011698E+00 0.435892254E+00 0.436770618E+00 0.436725855E+00 0.435851395E+00
 0.852887630E-01 0.831518322E-01 0.808374137E-01 0.783041641E-01 0.755616799E-01
 0.729528740E-01 0.705162659E-01 0.680834875E-01 0.655697957E-01 0.630220771E-01
 0.605357997E-01 0.582644939E-01 0.564103611E-01 0.551930629E-01 0.548128337E-01
 0.554265752E-01 0.571393445E-01 0.600017011E-01 0.640050396E-01 0.690746531E-01
 0.750691593E-01 0.817989931E-01 0.890648663E-01 0.966965109E-01 0.104571737E+00
 0.112615354E+00 0.120789051E+00 0.129081130E+00 0.137499779E+00 0.146069303E+00
 0.154824719E+00 0.163801610E+00 0.173028588E+00 0.182525903E+00 0.192305282E+00
 0.202368528E+00 0.212707594E+00 0.223311096E+00 0.234172419E+00 0.245290875E+00
 0.256668508E+00 0.268306762E+00 0.280203700E+00 0.292351723E+00 0.304735124E+00
 0.317328006E+00 0.330091506E+00 0.342971206E+00 0.355894327E+00 0.368767142E+00
 0.381473124E+00 0.393872291E+00 0.405802995E+00 0.417086720E+00 0.427536458E+00
 0.436968535E+00 0.445216388E+00 0.452144712E+00 0.457661450E+00 0.461725652E+00
 0.464349896E+00 0.465596944E+00 0.465571553E+00 0.464408606E+00 0.462260395E+00
 0.864533111E-01 0.845789313E-01 0.826488137E-01 0.806479827E-01 0.786106735E-01
 0.767200589E-01 0.748692155E-01 0.730533525E-01 0.712951049E-01 0.696427748E-01
 0.681705996E-01 0.669768527E-01 0.661773011E-01 0.658937991E-01 0.662410632E-01
 0.673148111E-01 0.691833124E-01 0.718820393E-01 0.754109398E-01 0.797345564E-01
 0.847862884E-01 0.904778838E-01 0.967126787E-01 0.103399120E+00 0.110460445E+00
 0.117839225E+00 0.125497624E+00 0.133415252E+00 0.141586244E+00 0.150015831E+00
 0.158716813E+00 0.167705670E+00 0.176999316E+00 0.186613023E+00 0.196559161E+00
 0.206846982E+00 0.217483237E+00 0.228473604E+00 0.239824280E+00 0.251542598E+00
 0.263636559E+00 0.276113480E+00 0.288978308E+00 0.302231461E+00 0.315866351E+00
 0.329866409E+00 0.344201386E+00 0.358822703E+00 0.373658121E+00 0.388605505E+00
 0.403526336E+00 0.418240428E+00 0.432523489E+00 0.446110785E+00 0.458709061E+00
 0.470017970E+00 0.479758084E+00 0.487701118E+00 0.493695050E+00 0.497680813E+00
 0.499696791E+00 0.499870449E+00 0.498398840E+00 0.495521903E+00 0.491495281E+00
 0.876187682E-01 0.859456733E-01 0.845159143E-01 0.831234530E-01 0.817052051E-01
 0.803074837E-01 0.789591819E-01 0.776867494E-01 0.765243918E-01 0.755176842E-01
 0.747241452E-01 0.742116570E-01 0.740548596E-01 0.743299574E-01 0.751086697E-01
 0.764523670E-01 0.784072578E-01 0.810011104E-01 0.842417106E-01 0.881174058E-01
 0.925996676E-01 0.976476595E-01 0.103213996E+00 0.109250657E+00 0.115714043E+00
 0.122568294E+00 0.129787013E+00 0.137353450E+00 0.145259827E+00 0.153505906E+00
 0.162097380E+00 0.171044081E+00 0.180358350E+00 0.190053910E+00 0.200144991E+00
 0.210646078E+00 0.221572012E+00 0.232938334E+00 0.244761705E+00 0.257060051E+00
 0.269852400E+00 0.283158302E+00 0.296996683E+00 0.311384380E+00 0.326334000E+00
 0.341850698E+00 0.357928157E+00 0.374542266E+00 0.391642928E+00 0.409142464E+00
 0.426900834E+00 0.444707990E+00 0.462266892E+00 0.479184359E+00 0.494981498E+00
 0.509133697E+00 0.521135986E+00 0.530573308E+00 0.537175953E+00 0.540853083E+00
 0.541703701E+00 0.539999187E+00 0.536134481E+00 0.530559719E+00 0.523716927E+00
 0.890273303E-01 0.875558555E-01 0.864837766E-01 0.855321065E-01 0.845537186E-01
 0.835866705E-01 0.826675147E-01 0.818321630E-01 0.811187699E-01 0.805696696E-01
 0.802319050E-01 0.801565647E-01 0.803969651E-01 0.810061097E-01 0.820336863E-01
 0.835231170E-01 0.855090395E-01 0.880154967E-01 0.910551175E-01 0.946294144E-01
 0.987300500E-01 0.103341088E+00 0.108441740E+00 0.114009373E+00 0.120022170E+00
 0.126461267E+00 0.133312255E+00 0.140565842E+00 0.148218051E+00 0.156269908E+00
 0.164726898E+00 0.173598260E+00 0.182896331E+00 0.192635983E+00 0.202834323E+00
 0.213510513E+00 0.224685848E+00 0.236384004E+00 0.248631313E+00 0.261456996E+00
 0.274893314E+00 0.288975656E+00 0.303742230E+00 0.319233507E+00 0.335491210E+00
 0.352556556E+00 0.370466948E+00 0.389250845E+00 0.408918828E+00 0.429449141E+00
 0.450763434E+00 0.472688824E+00 0.494901389E+00 0.516856670E+00 0.537743032E+00
 0.556543350E+00 0.572248101E+00 0.584061861E+00 0.591488183E+00 0.594365180E+00
 0.592909634E+00 0.587733209E+00 0.579716802E+00 0.569770157E+00 0.558664620E+00
 0.906854495E-01 0.894109383E-01 0.886015221E-01 0.879338756E-01 0.872574896E-01
 0.866016224E-01 0.859973952E-01 0.854780078E-01 0.850787535E-01 0.848371312E-01
 0.847927034E-01 0.849865153E-01 0.854600817E-01 0.862539932E-01 0.874063969E-01
 0.889514014E-01 0.909177884E-01 0.933280215E-01 0.961978137E-01 0.995362252E-01
 0.103346296E+00 0.107626192E+00 0.112370633E+00 0.117572442E+00 0.123224109E+00
 0.129319102E+00 0.135852933E+00 0.142823875E+00 0.150233388E+00 0.158086285E+00
 0.166390702E+00 0.175157994E+00 0.184402630E+00 0.194142044E+00 0.204396725E+00
 0.215190247E+00 0.226549610E+00 0.238505572E+00 0.251093209E+00 0.264352500E+00
 0.278329015E+00 0.293074727E+00 0.308648944E+00 0.325119197E+00 0.342562258E+00
 0.361065179E+00 0.380725861E+00 0.401653081E+00 0.423964530E+00 0.447780877E+00
 0.473210603E+00 0.500313401E+00 0.529011965E+00 0.558887720E+00 0.588776946E+00
 0.616002142E+00 0.638133407E+00 0.653929114E+00 0.662627757E+00 0.663827181E+00
 0.657583654E+00 0.645229757E+00 0.629544437E+00 0.612403929E+00 0.594975054E+00
 0.925119966E-01 0.914086848E-01 0.907730907E-01 0.902981162E-01 0.898233578E-01
 0.893730223E-01 0.889743268E-01 0.886568949E-01 0.884522125E-01 0.883933008E-01
 0.885142535E-01 0.888497680E-01 0.894344449E-01 0.903019905E-01 0.914843231E-01
 0.930107385E-01 0.949071720E-01 0.971956700E-01 0.998940915E-01 0.103016183E+00
 0.106571868E+00 0.110567868E+00 0.115008436E+00 0.119896263E+00 0.125233367E+00
 0.131021976E+00 0.137265235E+00 0.143967792E+00 0.151136294E+00 0.158779725E+00
 0.166909575E+00 0.175540075E+00 0.184688345E+00 0.194374591E+00 0.204622313E+00
 0.215458795E+00 0.226915404E+00 0.239028379E+00 0.251839519E+00 0.265397280E+00
 0.279757917E+00 0.294987202E+00 0.311162353E+00 0.328374505E+00 0.346732259E+00
 0.366365880E+00 0.387433290E+00 0.410128027E+00 0.434690535E+00 0.461424470E+00
 0.490721375E+00 0.523101389E+00 0.559290230E+00 0.600413382E+00 0.647459865E+00
 0.689414740E+00 0.721506357E+00 0.743469656E+00 0.754721820E+00 0.753940225E+00
 0.740750909E+00 0.713033199E+00 0.682853341E+00 0.654720128E+00 0.628923178E+00
 0.944627076E-01 0.934894085E-01 0.929710716E-01 0.926161855E-01 0.922588482E-01
 0.919214785E-01 0.916300789E-01 0.914122984E-01 0.912969485E-01 0.913137570E-01
 0.914930850E-01 0.918655694E-01 0.924616754E-01 0.933111906E-01 0.944427028E-01
 0.958830938E-01 0.976570621E-01 0.997868478E-01 0.102292046E+00 0.105189562E+00
 0.108493812E+00 0.112217031E+00 0.116369672E+00 0.120960943E+00 0.125999376E+00
 0.131493315E+00 0.137451544E+00 0.143883646E+00 0.150800511E+00 0.158214644E+00
 0.166140497E+00 0.174594790E+00 0.183596820E+00 0.193168804E+00 0.203336298E+00
 0.214128673E+00 0.225579754E+00 0.237728626E+00 0.250620604E+00 0.264308512E+00
 0.278854191E+00 0.294330657E+00 0.310824662E+00 0.328440309E+00 0.347303569E+00
 0.367568910E+00 0.389428228E+00 0.413123697E+00 0.438966811E+00 0.467367291E+00
 0.498878717E+00 0.534273446E+00 0.574666917E+00 0.621702731E+00 0.677659810E+00
 0.735236704E+00 0.778533340E+00 0.807395935E+00 0.822165728E+00 0.822631598E+00
 0.806696892E+00 0.773135304E+00 0.727048397E+00 0.687421083E+00 0.653546154E+00
 0.965286195E-01 0.956444144E-01 0.952180251E-01 0.949138775E-01 0.945901722E-01
 0.942766666E-01 0.940006599E-01 0.937888399E-01 0.936680511E-01 0.936655775E-01
 0.938091874E-01 0.941269100E-01 0.946467742E-01 0.953964069E-01 0.964027345E-01
 0.976915732E-01 0.992873684E-01 0.101212956E+00 0.103489421E+00 0.106136069E+00
 0.109170467E+00 0.112608649E+00 0.116465300E+00 0.120754100E+00 0.125488028E+00
 0.130679786E+00 0.136342093E+00 0.142488107E+00 0.149131775E+00 0.156288117E+00
 0.163973644E+00 0.172206610E+00 0.181007460E+00 0.190399140E+00 0.200407639E+00
 0.211062476E+00 0.222397417E+00 0.234451190E+00 0.247268587E+00 0.260901600E+00
 0.275411069E+00 0.290868610E+00 0.307359219E+00 0.324984521E+00 0.343867242E+00
 0.364156991E+00 0.386038333E+00 0.409741610E+00 0.435558081E+00 0.463861167E+00
 0.495135367E+00 0.530014694E+00 0.569328547E+00 0.614145935E+00 0.665803373E+00
 0.725503445E+00 0.775275290E+00 0.809066594E+00 0.827475488E+00 0.830708206E+00
 0.819183052E+00 0.790787220E+00 0.745117366E+00 0.698751569E+00 0.660678864E+00
 0.988527313E-01 0.980669782E-01 0.976102054E-01 0.972403809E-01 0.968492031E-01
 0.964677855E-01 0.961192697E-01 0.958265215E-01 0.956133604E-01 0.955047160E-01
 0.955264345E-01 0.957049504E-01 0.960669965E-01 0.966392681E-01 0.974480957E-01
 0.985191688E-01 0.998772979E-01 0.101546228E+00 0.103548519E+00 0.105905458E+00
 0.108637057E+00 0.111762144E+00 0.115298465E+00 0.119262844E+00 0.123671405E+00
 0.128539801E+00 0.133883476E+00 0.139717937E+00 0.146059021E+00 0.152923211E+00
 0.160327941E+00 0.168291882E+00 0.176835299E+00 0.185980454E+00 0.195752010E+00
 0.206177548E+00 0.217288092E+00 0.229118854E+00 0.241710037E+00 0.255107790E+00
 0.269365460E+00 0.284544945E+00 0.300718635E+00 0.317971498E+00 0.336403817E+00
 0.356134474E+00 0.377305150E+00 0.400084823E+00 0.424675465E+00 0.451317370E+00
 0.480293959E+00 0.511933148E+00 0.546602786E+00 0.584699392E+00 0.626646101E+00
 0.673013449E+00 0.720626593E+00 0.752689779E+00 0.771296263E+00 0.777564466E+00
 0.771048129E+00 0.752808452E+00 0.721123278E+00 0.679262817E+00 0.644647598E+00
 0.101392560E+00 0.100725420E+00 0.100126460E+00 0.995691717E-01 0.990292877E-01
 0.985058695E-01 0.980099440E-01 0.975588113E-01 0.971734971E-01 0.968773738E-01
 0.966954306E-01 0.966536254E-01 0.967785046E-01 0.970967859E-01 0.976351053E-01
 0.984197408E-01 0.994764045E-01 0.100830071E+00 0.102504842E+00 0.104523845E+00
 0.106909201E+00 0.109682001E+00 0.112862326E+00 0.116469339E+00 0.120521389E+00
 0.125036150E+00 0.130030811E+00 0.135522202E+00 0.141527086E+00 0.148062378E+00
 0.155145362E+00 0.162793964E+00 0.171027094E+00 0.179864883E+00 0.189329088E+00
 0.199443430E+00 0.210234031E+00 0.221729890E+00 0.233963445E+00 0.246971056E+00
 0.260793805E+00 0.275478065E+00 0.291076392E+00 0.307648122E+00 0.325260162E+00
 0.343987316E+00 0.363912135E+00 0.385123849E+00 0.407715172E+00 0.431775808E+00
 0.457379907E+00 0.484563082E+00 0.513281345E+00 0.543335021E+00 0.574219942E+00
 0.604802549E+00 0.632749796E+00 0.654975653E+00 0.669650674E+00 0.676225126E+00
 0.674714386E+00 0.665542543E+00 0.649779320E+00 0.629724920E+00 0.608602881E+00
 0.103803560E+00 0.103148364E+00 0.102488428E+00 0.101809703E+00 0.101111382E+00
 0.100403391E+00 0.997002795E-01 0.990208983E-01 0.983873829E-01 0.978242159E-01
 0.973573849E-01 0.970138535E-01 0.968211219E-01 0.968069062E-01 0.969988927E-01
 0.974245742E-01 0.981110334E-01 0.990848318E-01 0.100371808E+00 0.101997010E+00
 0.103984565E+00 0.106357574E+00 0.109138131E+00 0.112347253E+00 0.116004936E+00
 0.120130226E+00 0.124741293E+00 0.129855573E+00 0.135489881E+00 0.141660690E+00
 0.148384184E+00 0.155676633E+00 0.163554460E+00 0.172034591E+00 0.181134582E+00
 0.190872937E+00 0.201269314E+00 0.212344781E+00 0.224122018E+00 0.236625537E+00
 0.249881744E+00 0.263919055E+00 0.278767645E+00 0.294459045E+00 0.311025232E+00
 0.328496963E+00 0.346901208E+00 0.366256565E+00 0.386566579E+00 0.407808959E+00
 0.429919511E+00 0.452767909E+00 0.476122439E+00 0.499601096E+00 0.522611380E+00
 0.544302940E+00 0.563600719E+00 0.579392791E+00 0.590797961E+00 0.597322762E+00
 0.598881841E+00 0.595782459E+00 0.588715911E+00 0.578698277E+00 0.566871107E+00
 0.106290996E+00 0.105614908E+00 0.104872175E+00 0.104053468E+00 0.103163391E+00
 0.102219641E+00 0.101243980E+00 0.100261278E+00 0.992985293E-01 0.983840078E-01
 0.975467041E-01 0.968159363E-01 0.962211117E-01 0.957916453E-01 0.955568627E-01
 0.955459177E-01 0.957877189E-01 0.963107646E-01 0.971429944E-01 0.983116031E-01
 0.998428538E-01 0.101761945E+00 0.104092859E+00 0.106858283E+00 0.110079557E+00
 0.113776691E+00 0.117968328E+00 0.122671872E+00 0.127903551E+00 0.133678615E+00
 0.140011460E+00 0.146915868E+00 0.154405057E+00 0.162491873E+00 0.171188921E+00
 0.180508643E+00 0.190463439E+00 0.201065674E+00 0.212327674E+00 0.224261627E+00
 0.236879259E+00 0.250191480E+00 0.264207602E+00 0.278934211E+00 0.294373602E+00
 0.310521245E+00 0.327362567E+00 0.344867975E+00 0.362986386E+00 0.381636411E+00
 0.400694788E+00 0.419982314E+00 0.439247698E+00 0.458152533E+00 0.476263523E+00
 0.493062615E+00 0.507986188E+00 0.520493805E+00 0.530148745E+00 0.536683500E+00
 0.540035367E+00 0.540351748E+00 0.537970006E+00 0.533367515E+00 0.527086973E+00
 0.109057896E+00 0.108338907E+00 0.107478455E+00 0.106467366E+00 0.105317786E+00
 0.104057968E+00 0.102720775E+00 0.101340927E+00 0.999532342E-01 0.985917673E-01
 0.972896144E-01 0.960789695E-01 0.949914157E-01 0.940581560E-01 0.933102518E-01
 0.927787498E-01 0.924947336E-01 0.924891457E-01 0.927925110E-01 0.934346691E-01
 0.944444686E-01 0.958495289E-01 0.976758972E-01 0.999479592E-01 0.102688357E+00
 0.105917856E+00 0.109655276E+00 0.113917477E+00 0.118719459E+00 0.124074601E+00
 0.129994929E+00 0.136491135E+00 0.143572748E+00 0.151248068E+00 0.159524292E+00
 0.168407530E+00 0.177902743E+00 0.188013673E+00 0.198742658E+00 0.210090354E+00
 0.222055301E+00 0.234633252E+00 0.247816294E+00 0.261591554E+00 0.275939524E+00
 0.290831745E+00 0.306227922E+00 0.322072208E+00 0.338288605E+00 0.354775548E+00
 0.371399999E+00 0.387991488E+00 0.404337466E+00 0.420181870E+00 0.435229540E+00
 0.449159324E+00 0.461646557E+00 0.472393602E+00 0.481162578E+00 0.487803191E+00
 0.492270023E+00 0.494626403E+00 0.495034158E+00 0.493730843E+00 0.490998805E+00
 0.112359330E+00 0.111590907E+00 0.110562116E+00 0.109269403E+00 0.107745662E+00
 0.106043562E+00 0.104217283E+00 0.102317035E+00 0.100387640E+00 0.984690562E-01
 0.965975970E-01 0.948071331E-01 0.931301787E-01 0.915987566E-01 0.902450234E-01
 0.891018137E-01 0.882027447E-01 0.875821337E-01 0.872740522E-01 0.873117149E-01
 0.877274424E-01 0.885522515E-01 0.898144469E-01 0.915403143E-01 0.937540159E-01
 0.964772552E-01 0.997289345E-01 0.103524804E+00 0.107877702E+00 0.112798221E+00
 0.118295528E+00 0.124377094E+00 0.131048396E+00 0.138312981E+00 0.146172538E+00
 0.154626861E+00 0.163673729E+00 0.173308805E+00 0.183525369E+00 0.194314033E+00
 0.205662236E+00 0.217553645E+00 0.229967281E+00 0.242876470E+00 0.256247431E+00
 0.270037621E+00 0.284193605E+00 0.298648804E+00 0.313320816E+00 0.328108758E+00
 0.342890918E+00 0.357523203E+00 0.371838927E+00 0.385651082E+00 0.398757815E+00
 0.410951555E+00 0.422031462E+00 0.431818336E+00 0.440169424E+00 0.446990997E+00
 0.452245981E+00 0.455955803E+00 0.458195806E+00 0.459085345E+00 0.458774477E+00
 0.116601482E+00 0.115813643E+00 0.114517435E+00 0.112755634E+00 0.110639684E+00
 0.108286902E+00 0.105788171E+00 0.103210159E+00 0.100603171E+00 0.980074853E-01
 0.954576135E-01 0.929849893E-01 0.906198695E-01 0.883926004E-01 0.863347277E-01
 0.844801068E-01 0.828658417E-01 0.815324485E-01 0.805193558E-01 0.798637941E-01
 0.796024352E-01 0.797743723E-01 0.804082379E-01 0.815314576E-01 0.831711814E-01
 0.853511766E-01 0.880912542E-01 0.914050862E-01 0.953009129E-01 0.997833535E-01
 0.104859695E+00 0.110535033E+00 0.116810635E+00 0.123684898E+00 0.131154075E+00
 0.139211878E+00 0.147849351E+00 0.157054722E+00 0.166813284E+00 0.177107096E+00
 0.187914610E+00 0.199210182E+00 0.210963428E+00 0.223138496E+00 0.235693082E+00
 0.248577341E+00 0.261732817E+00 0.275091022E+00 0.288572341E+00 0.302084953E+00
 0.315524399E+00 0.328773588E+00 0.341704309E+00 0.354179591E+00 0.366058111E+00
 0.377199888E+00 0.387473255E+00 0.396762431E+00 0.404974520E+00 0.412045151E+00
 0.417941630E+00 0.422663063E+00 0.426237971E+00 0.428719729E+00 0.430181146E+00
 0.122637697E+00 0.122000523E+00 0.120059974E+00 0.117263101E+00 0.114098199E+00
 0.110772967E+00 0.107374758E+00 0.103951290E+00 0.100535013E+00 0.971518382E-01
 0.938250273E-01 0.905772448E-01 0.874318331E-01 0.844137371E-01 0.815504417E-01
 0.788729936E-01 0.764236152E-01 0.742618516E-01 0.724373907E-01 0.709937885E-01
 0.699708760E-01 0.694060624E-01 0.693339929E-01 0.697877333E-01 0.707990378E-01
 0.723972768E-01 0.746069923E-01 0.774423406E-01 0.808954760E-01 0.849439800E-01
 0.896112174E-01 0.949048251E-01 0.100818649E+00 0.107342735E+00 0.114469372E+00
 0.122186914E+00 0.130479619E+00 0.139328897E+00 0.148712933E+00 0.158606395E+00
 0.168980345E+00 0.179801896E+00 0.191033855E+00 0.202634275E+00 0.214556023E+00
 0.226746127E+00 0.239145219E+00 0.251687080E+00 0.264298290E+00 0.276897967E+00
 0.289398193E+00 0.301704675E+00 0.313718170E+00 0.325336844E+00 0.336459041E+00
 0.346987039E+00 0.356830955E+00 0.365912765E+00 0.374169648E+00 0.381556094E+00
 0.388044357E+00 0.393622577E+00 0.398291141E+00 0.402058810E+00 0.404940844E+00
 0.131409541E+00 0.131626830E+00 0.127418384E+00 0.122375943E+00 0.117681466E+00
 0.113147236E+00 0.108709164E+00 0.104342699E+00 0.100039631E+00 0.958002508E-01
 0.916302577E-01 0.875394046E-01 0.835409388E-01 0.796517506E-01 0.758926421E-01
 0.723324940E-01 0.690289214E-01 0.660339296E-01 0.633938834E-01 0.611506440E-01
 0.593428537E-01 0.580070019E-01 0.571780205E-01 0.568896495E-01 0.571744628E-01
 0.580633953E-01 0.595848896E-01 0.617637374E-01 0.646201149E-01 0.681709498E-01
 0.724310130E-01 0.773956776E-01 0.830115825E-01 0.892402306E-01 0.960919484E-01
 0.103549942E+00 0.111586697E+00 0.120178327E+00 0.129296631E+00 0.138909489E+00
 0.148981452E+00 0.159473509E+00 0.170343101E+00 0.181543931E+00 0.193025887E+00
 0.204734758E+00 0.216612130E+00 0.228595331E+00 0.240617424E+00 0.252607584E+00
 0.264491677E+00 0.276192933E+00 0.287633479E+00 0.298735857E+00 0.309425265E+00
 0.319631785E+00 0.329293102E+00 0.338356793E+00 0.346782327E+00 0.354542077E+00
 0.361620516E+00 0.368010134E+00 0.373701811E+00 0.378669560E+00 0.382860959E+00
 0.136823505E+00 0.137143731E+00 0.132313415E+00 0.126163065E+00 0.120353751E+00
 0.114788704E+00 0.109393761E+00 0.104121208E+00 0.989419371E-01 0.938393548E-01
 0.888056010E-01 0.838390961E-01 0.789429396E-01 0.741373301E-01 0.694928244E-01
 0.650710389E-01 0.609251820E-01 0.571020767E-01 0.536439009E-01 0.505898967E-01
 0.479777493E-01 0.458444655E-01 0.442267060E-01 0.431606807E-01 0.426816307E-01
 0.428230837E-01 0.436160639E-01 0.450884625E-01 0.472647808E-01 0.501663163E-01
 0.538109764E-01 0.582111850E-01 0.633717328E-01 0.692922547E-01 0.759545490E-01
 0.832748711E-01 0.911632329E-01 0.996185020E-01 0.108604103E+00 0.118078567E+00
 0.128000975E+00 0.138326198E+00 0.149006695E+00 0.159992382E+00 0.171230763E+00
 0.182666928E+00 0.194243684E+00 0.205901653E+00 0.217579573E+00 0.229214713E+00
 0.240743473E+00 0.252102256E+00 0.263228387E+00 0.274061501E+00 0.284545124E+00
 0.294628263E+00 0.304267496E+00 0.313428909E+00 0.322090358E+00 0.330243677E+00
 0.337897271E+00 0.345078617E+00 0.351831913E+00 0.358179301E+00 0.363940120E+00
 0.140090466E+00 0.140334606E+00 0.134871542E+00 0.128144234E+00 0.121648572E+00
 0.115337126E+00 0.109168388E+00 0.103106581E+00 0.971238092E-01 0.912000388E-01
 0.853221789E-01 0.794829875E-01 0.736850277E-01 0.680037588E-01 0.625032261E-01
 0.572373271E-01 0.522521362E-01 0.475885607E-01 0.432850569E-01 0.393798165E-01
 0.359122902E-01 0.329237655E-01 0.304571111E-01 0.285559501E-01 0.272633731E-01
 0.266203750E-01 0.266643222E-01 0.274276696E-01 0.289369859E-01 0.312124472E-01
 0.342679657E-01 0.381118990E-01 0.427482873E-01 0.481782332E-01 0.543989390E-01
 0.613996163E-01 0.691604316E-01 0.776314065E-01 0.866490752E-01 0.961465687E-01
 0.106093660E+00 0.116431653E+00 0.127109006E+00 0.138071492E+00 0.149264097E+00
 0.160630971E+00 0.172115594E+00 0.183661088E+00 0.195210472E+00 0.206707090E+00
 0.218095198E+00 0.229320556E+00 0.240331307E+00 0.251078844E+00 0.261518955E+00
 0.271613061E+00 0.281329751E+00 0.290646523E+00 0.299551994E+00 0.308049023E+00
 0.316160083E+00 0.323938102E+00 0.331494421E+00 0.339094877E+00 0.346878290E+00
 0.141271159E+00 0.141299367E+00 0.135756031E+00 0.128639892E+00 0.121658176E+00
 0.114788108E+00 0.108001433E+00 0.101271093E+00 0.945737511E-01 0.878907964E-01
 0.812084377E-01 0.745177194E-01 0.678809136E-01 0.613681227E-01 0.550351441E-01
 0.489269644E-01 0.430818126E-01 0.375353284E-01 0.323243104E-01 0.274894014E-01
 0.230766833E-01 0.191372558E-01 0.157254003E-01 0.128967585E-01 0.107064648E-01
 0.920719653E-02 0.844723359E-02 0.846860278E-02 0.930542126E-02 0.109825516E-01
 0.135146864E-01 0.169059932E-01 0.211504623E-01 0.262331422E-01 0.321326479E-01
 0.388262756E-01 0.462949462E-01 0.545200780E-01 0.634736195E-01 0.731119514E-01
 0.833032131E-01 0.938472375E-01 0.104722016E+00 0.115861163E+00 0.127208292E+00
 0.138705879E+00 0.150297329E+00 0.161927164E+00 0.173541352E+00 0.185087696E+00
 0.196516126E+00 0.207779154E+00 0.218832493E+00 0.229635537E+00 0.240152061E+00
 0.250350982E+00 0.260207266E+00 0.269702852E+00 0.278827786E+00 0.287581056E+00
 0.295971394E+00 0.304015666E+00 0.311729997E+00 0.319098949E+00 0.325969249E+00
 0.141313642E+00 0.141099036E+00 0.135332704E+00 0.127919346E+00 0.120581426E+00
 0.113287367E+00 0.106005415E+00 0.987101123E-01 0.913811922E-01 0.840022266E-01
 0.765593499E-01 0.690871775E-01 0.616647303E-01 0.543518960E-01 0.471934266E-01
 0.402242132E-01 0.334753580E-01 0.269801393E-01 0.207791571E-01 0.149221672E-01
 0.946659129E-02 0.447586551E-02 0.175572732E-04-0.383868301E-02-0.702330051E-02
-0.946911238E-02-0.111136315E-01-0.119013935E-01-0.117861927E-01-0.107331490E-01
-0.872047432E-02-0.574077247E-02-0.180167065E-02 0.307446555E-02 0.885200128E-02
 0.154849170E-01 0.229209401E-01 0.311069917E-01 0.399984717E-01 0.495678149E-01
 0.597896688E-01 0.706177875E-01 0.819289312E-01 0.934484899E-01 0.105155736E+00
 0.116983242E+00 0.128874227E+00 0.140773699E+00 0.152629524E+00 0.164392754E+00
 0.176017761E+00 0.187462300E+00 0.198687673E+00 0.209659070E+00 0.220345661E+00
 0.230721027E+00 0.240763336E+00 0.250455558E+00 0.259785533E+00 0.268745422E+00
 0.277330339E+00 0.285535365E+00 0.293350637E+00 0.300755262E+00 0.307682574E+00
 0.140511140E+00 0.140051827E+00 0.133711666E+00 0.126160577E+00 0.118633404E+00
 0.111049600E+00 0.103378348E+00 0.956033766E-01 0.877128989E-01 0.796971470E-01
 0.715484321E-01 0.633572862E-01 0.551909395E-01 0.470962636E-01 0.391056947E-01
 0.312450100E-01 0.235421713E-01 0.160354115E-01 0.877481326E-02 0.182100141E-02
-0.475643249E-02-0.108807618E-01-0.164701845E-01-0.214400627E-01-0.257053059E-01
-0.291828681E-01-0.317943022E-01-0.334683917E-01-0.341437832E-01-0.337715894E-01
-0.323178954E-01-0.297659449E-01-0.261178538E-01-0.213955566E-01-0.156406276E-01
-0.891271140E-02-0.128627953E-02 0.715448940E-02 0.163228717E-01 0.261382554E-01
 0.365361646E-01 0.474829562E-01 0.589619502E-01 0.709268451E-01 0.832300782E-01
 0.955858305E-01 0.107966110E+00 0.120312355E+00 0.132573530E+00 0.144703835E+00
 0.156661987E+00 0.168410674E+00 0.179916307E+00 0.191148952E+00 0.202082366E+00
 0.212693796E+00 0.222963974E+00 0.232876897E+00 0.242419511E+00 0.251581192E+00
 0.260352880E+00 0.268726230E+00 0.276693046E+00 0.284246087E+00 0.291351348E+00
 0.137247309E+00 0.136044458E+00 0.130788341E+00 0.123706333E+00 0.116183579E+00
 0.108398318E+00 0.100395702E+00 0.921888351E-01 0.837781057E-01 0.751569420E-01
 0.663762391E-01 0.575195625E-01 0.486419648E-01 0.397769772E-01 0.309460592E-01
 0.221703947E-01 0.134826116E-01 0.492958352E-02-0.342858071E-02-0.115199247E-01
-0.192623679E-01-0.265657380E-01-0.333340243E-01-0.394677930E-01-0.448667035E-01
-0.494320728E-01-0.530694909E-01-0.556915142E-01-0.572204553E-01-0.575912856E-01
-0.567546487E-01-0.546798371E-01-0.513575412E-01-0.468020961E-01-0.410527959E-01
-0.341738649E-01-0.262526292E-01-0.173955299E-01-0.772177149E-02 0.264534121E-02
 0.135891140E-01 0.250118729E-01 0.368477665E-01 0.490786657E-01 0.617070273E-01
 0.746772066E-01 0.877450630E-01 0.100709625E+00 0.113526553E+00 0.126156867E+00
 0.138565540E+00 0.150721282E+00 0.162596256E+00 0.174165860E+00 0.185408577E+00
 0.196305767E+00 0.206841335E+00 0.217001468E+00 0.226774290E+00 0.236149400E+00
 0.245117530E+00 0.253670096E+00 0.261799425E+00 0.269500285E+00 0.276761889E+00
 0.136323646E+00 0.135061234E+00 0.129131526E+00 0.121608146E+00 0.113807052E+00
 0.105720691E+00 0.973590836E-01 0.887271538E-01 0.798235387E-01 0.706402883E-01
 0.612744950E-01 0.517920181E-01 0.422311164E-01 0.326112211E-01 0.229460206E-01
 0.132591557E-01 0.359055703E-02-0.600412907E-02-0.154546620E-01-0.246777814E-01
-0.335791968E-01-0.420558825E-01-0.499985814E-01-0.572943687E-01-0.638292283E-01
-0.694905370E-01-0.741695091E-01-0.777637064E-01-0.801797062E-01-0.813360736E-01
-0.811666399E-01-0.796241239E-01-0.766837597E-01-0.723467767E-01-0.666431561E-01
-0.596333444E-01-0.514082387E-01-0.420868471E-01-0.318112113E-01-0.207383130E-01
-0.902915001E-02 0.316452235E-02 0.157149080E-01 0.285336338E-01 0.415869094E-01
 0.549014285E-01 0.684870705E-01 0.822130069E-01 0.957096517E-01 0.108948179E+00
 0.121901028E+00 0.134544253E+00 0.146856830E+00 0.158820421E+00 0.170419097E+00
 0.181639239E+00 0.192469031E+00 0.202898175E+00 0.212917522E+00 0.222518772E+00
 0.231693879E+00 0.240434587E+00 0.248731285E+00 0.256570935E+00 0.263933539E+00
 0.135616824E+00 0.134203613E+00 0.127723917E+00 0.119813651E+00 0.111652330E+00
 0.103210315E+00 0.944702849E-01 0.854173005E-01 0.760355219E-01 0.663545728E-01
 0.564582720E-01 0.463961922E-01 0.361909084E-01 0.258506276E-01 0.153874224E-01
 0.483046332E-02-0.577313919E-02-0.163591076E-01-0.268473364E-01-0.371437781E-01
-0.471427962E-01-0.567298234E-01-0.657841414E-01-0.741816089E-01-0.817971528E-01
-0.885070041E-01-0.941906720E-01-0.987329483E-01-0.102026224E+00-0.103973389E+00
-0.104491405E+00-0.103515618E+00-0.101004273E+00-0.969427750E-01-0.913476124E-01
-0.842694715E-01-0.757950321E-01-0.660465732E-01-0.551788770E-01-0.433725789E-01
-0.308237150E-01-0.177298486E-01-0.427374197E-02 0.939409621E-02 0.231726728E-01
 0.370268412E-01 0.510003418E-01 0.651528612E-01 0.794052407E-01 0.933296233E-01
 0.106891707E+00 0.120076157E+00 0.132870063E+00 0.145262495E+00 0.157244325E+00
 0.168808028E+00 0.179947212E+00 0.190656364E+00 0.200930476E+00 0.210764796E+00
 0.220154554E+00 0.229094565E+00 0.237578943E+00 0.245600805E+00 0.253152668E+00
 0.134366944E+00 0.132735595E+00 0.126281202E+00 0.118122816E+00 0.109677941E+00
 0.100929014E+00 0.918528214E-01 0.824256614E-01 0.726226494E-01 0.625047609E-01
 0.521381348E-01 0.415553115E-01 0.307648070E-01 0.197678190E-01 0.857905950E-02
-0.276697753E-02-0.142163448E-01-0.256966073E-01-0.371184982E-01-0.483782329E-01
-0.593602993E-01-0.699405745E-01-0.799894184E-01-0.893745273E-01-0.979633182E-01
-0.105624624E+00-0.112229586E+00-0.117652155E+00-0.121771015E+00-0.124473132E+00
-0.125658303E+00-0.125244498E+00-0.123173371E+00-0.119415425E+00-0.113974400E+00
-0.106890574E+00-0.982428268E-01-0.881496221E-01-0.767690688E-01-0.642948747E-01
-0.509474091E-01-0.369600691E-01-0.225617662E-01-0.795724988E-02 0.669283886E-02
 0.212904718E-01 0.358165726E-01 0.503431745E-01 0.649629235E-01 0.796018094E-01
 0.938031226E-01 0.107551135E+00 0.120841160E+00 0.133670881E+00 0.146039292E+00
 0.157946169E+00 0.169391692E+00 0.180376098E+00 0.190899521E+00 0.200961843E+00
 0.210562706E+00 0.219701454E+00 0.228377178E+00 0.236589015E+00 0.244336545E+00
 0.133399799E+00 0.131615400E+00 0.124930307E+00 0.116579361E+00 0.107927866E+00
 0.989476740E-01 0.896095335E-01 0.798847750E-01 0.697411001E-01 0.592644438E-01
 0.485051051E-01 0.374813415E-01 0.261912998E-01 0.146339638E-01 0.282754027E-02
-0.918855611E-02-0.213541556E-01-0.335895531E-01-0.457975306E-01-0.578661449E-01
-0.696720406E-01-0.810840726E-01-0.919668153E-01-0.102183662E+00-0.111598991E+00
-0.120077506E+00-0.127482921E+00-0.133678526E+00-0.138529658E+00-0.141907811E+00
-0.143696308E+00-0.143796623E+00-0.142134979E+00-0.138668448E+00-0.133389980E+00
-0.126331955E+00-0.117568128E+00-0.107214108E+00-0.954267830E-01-0.824028999E-01
-0.683755651E-01-0.536023937E-01-0.383474194E-01-0.228594448E-01-0.734928669E-02
 0.803159177E-02 0.232094135E-01 0.382030867E-01 0.531292930E-01 0.680874810E-01
 0.829294845E-01 0.972307026E-01 0.110998400E+00 0.124242589E+00 0.136972755E+00
 0.149197459E+00 0.160924345E+00 0.172159955E+00 0.182909906E+00 0.193178996E+00
 0.202971324E+00 0.212290555E+00 0.221140131E+00 0.229523554E+00 0.237444758E+00
 0.132511258E+00 0.130603075E+00 0.123683088E+00 0.115228131E+00 0.106468298E+00
 0.973524153E-01 0.878417939E-01 0.779024512E-01 0.675233081E-01 0.567847677E-01
 0.457289070E-01 0.343656391E-01 0.226877369E-01 0.106952060E-01-0.159040559E-02
-0.141253723E-01-0.268443059E-01-0.396615900E-01-0.524737500E-01-0.651627034E-01
-0.775995925E-01-0.896489546E-01-0.101172775E+00-0.112033918E+00-0.122095942E+00
-0.131219938E+00-0.139263123E+00-0.146079510E+00-0.151522741E+00-0.155450955E+00
-0.157733142E+00-0.158256590E+00-0.156934455E+00-0.153712705E+00-0.148575813E+00
-0.141550496E+00-0.132707581E+00-0.122162037E+00-0.110071570E+00-0.966345519E-01
-0.820875689E-01-0.667005777E-01-0.507605448E-01-0.345480628E-01-0.183120146E-01
-0.224526413E-02 0.135361990E-01 0.290097501E-01 0.442591794E-01 0.594466515E-01
 0.746112913E-01 0.894042030E-01 0.103584737E+00 0.117180742E+00 0.130214348E+00
 0.142703399E+00 0.154662818E+00 0.166105032E+00 0.177040622E+00 0.187478632E+00
 0.197426975E+00 0.206892774E+00 0.215882719E+00 0.224403322E+00 0.232461318E+00
 0.131238639E+00 0.129152760E+00 0.122455880E+00 0.114108637E+00 0.105398156E+00
 0.962654203E-01 0.866825581E-01 0.766259655E-01 0.661066398E-01 0.552036241E-01
 0.439555496E-01 0.323684700E-01 0.204332657E-01 0.815177709E-02-0.445183460E-02
-0.173306763E-01-0.304156654E-01-0.436171181E-01-0.568273924E-01-0.699244663E-01
-0.827762485E-01-0.952452049E-01-0.107192926E+00-0.118483178E+00-0.128978863E+00
-0.138538465E+00-0.147014484E+00-0.154254273E+00-0.160103068E+00-0.164409325E+00
-0.167031780E+00-0.167847529E+00-0.166760415E+00-0.163708657E+00-0.158670962E+00
-0.151670560E+00-0.142776906E+00-0.132105321E+00-0.119815081E+00-0.106106713E+00
-0.912189409E-01-0.754257664E-01-0.590260737E-01-0.423196442E-01-0.255797151E-01
-0.902639516E-02 0.719632767E-02 0.230384897E-01 0.385575444E-01 0.539199263E-01
 0.692531765E-01 0.843711719E-01 0.988323316E-01 0.112670571E+00 0.125914335E+00
 0.138586938E+00 0.150707901E+00 0.162293628E+00 0.173358023E+00 0.183913052E+00
 0.193969160E+00 0.203535721E+00 0.212621421E+00 0.221234620E+00 0.229383633E+00
 0.129829764E+00 0.127359718E+00 0.121384420E+00 0.113534302E+00 0.104968466E+00
 0.958712548E-01 0.862751603E-01 0.761764124E-01 0.655992106E-01 0.546243824E-01
 0.432903692E-01 0.316024274E-01 0.195512194E-01 0.713965716E-02-0.560682779E-02
-0.186398495E-01-0.318886191E-01-0.452615991E-01-0.586492755E-01-0.719279051E-01
-0.849640593E-01-0.976194814E-01-0.109755963E+00-0.121237718E+00-0.131927326E+00
-0.141682029E+00-0.150352180E+00-0.157782048E+00-0.163812995E+00-0.168289065E+00
-0.171064198E+00-0.172010854E+00-0.171028584E+00-0.168052107E+00-0.163057581E+00
-0.156066775E+00-0.147148728E+00-0.136419207E+00-0.124038517E+00-0.110208452E+00
-0.951690450E-01-0.791955590E-01-0.625910312E-01-0.456630215E-01-0.286951065E-01
-0.119191427E-01 0.450879242E-02 0.205271095E-01 0.361824781E-01 0.516373366E-01
 0.670507550E-01 0.823041573E-01 0.968880579E-01 0.110835254E+00 0.124175288E+00
 0.136933073E+00 0.149129748E+00 0.160783246E+00 0.171908811E+00 0.182519525E+00
 0.192626789E+00 0.202240840E+00 0.211371049E+00 0.220026359E+00 0.228215635E+00
 0.131268516E+00 0.129149839E+00 0.122441188E+00 0.114133604E+00 0.105440408E+00
 0.963067710E-01 0.867069811E-01 0.766190067E-01 0.660554320E-01 0.550966226E-01
 0.437819771E-01 0.321178734E-01 0.200954545E-01 0.771727972E-02-0.499162916E-02
-0.179833472E-01-0.311876033E-01-0.445134044E-01-0.578517616E-01-0.710793957E-01
-0.840631574E-01-0.966648683E-01-0.108746067E+00-0.120170675E+00-0.130801305E+00
-0.140495598E+00-0.149104595E+00-0.156473607E+00-0.162445307E+00-0.166865170E+00
-0.169588804E+00-0.170490175E+00-0.169470325E+00-0.166465148E+00-0.161451742E+00
-0.154452443E+00-0.145536527E+00-0.134819731E+00-0.122462206E+00-0.108665474E+00
-0.936693400E-01-0.777488723E-01-0.612060055E-01-0.443458222E-01-0.274483990E-01
-0.107414164E-01 0.562355481E-02 0.215894692E-01 0.372073911E-01 0.526419543E-01
 0.680401251E-01 0.832555667E-01 0.978055745E-01 0.111724041E+00 0.125040263E+00
 0.137778580E+00 0.149959400E+00 0.161599919E+00 0.172714695E+00 0.183316082E+00
 0.193414822E+00 0.203020453E+00 0.212141663E+00 0.220786750E+00 0.228963912E+00
 0.132407159E+00 0.130395323E+00 0.123717323E+00 0.115346394E+00 0.106615625E+00
 0.974909291E-01 0.879392996E-01 0.779310465E-01 0.674585178E-01 0.566047803E-01
 0.454135649E-01 0.338954553E-01 0.220435988E-01 0.985918194E-02-0.263470178E-02
-0.153924543E-01-0.283464957E-01-0.414087512E-01-0.544731766E-01-0.674191713E-01
-0.801156908E-01-0.924256518E-01-0.104210302E+00-0.115332618E+00-0.125655591E+00
-0.135038748E+00-0.143336654E+00-0.150399536E+00-0.156076312E+00-0.160219684E+00
-0.162692875E+00-0.163377479E+00-0.162181437E+00-0.159046456E+00-0.153953895E+00
-0.146928698E+00-0.138041168E+00-0.127406776E+00-0.115184486E+00-0.101574287E+00
-0.868144333E-01-0.711780936E-01-0.549598373E-01-0.384515449E-01-0.219158083E-01
-0.556025235E-02 0.104845734E-01 0.261824839E-01 0.416047946E-01 0.569198094E-01
 0.722125173E-01 0.872079134E-01 0.101565301E+00 0.115318336E+00 0.128492981E+00
 0.141109854E+00 0.153185964E+00 0.164735407E+00 0.175769940E+00 0.186299503E+00
 0.196332484E+00 0.205876231E+00 0.214937314E+00 0.223521993E+00 0.231636629E+00
 0.133933857E+00 0.132078633E+00 0.125248834E+00 0.116954133E+00 0.108312055E+00
 0.992928073E-01 0.898723677E-01 0.800268501E-01 0.697322041E-01 0.590741225E-01
 0.481063202E-01 0.368483812E-01 0.252987538E-01 0.134575097E-01 0.134472956E-02
-0.109978374E-01-0.235071871E-01-0.361003466E-01-0.486765429E-01-0.611202121E-01
-0.733046085E-01-0.850956962E-01-0.963559374E-01-0.106947660E+00-0.116734460E+00
-0.125578955E+00-0.133341372E+00-0.139880076E+00-0.145054176E+00-0.148728132E+00
-0.150777712E+00-0.151096895E+00-0.149605110E+00-0.146253660E+00-0.141031206E+00
-0.133967414E+00-0.125134811E+00-0.114649124E+00-0.102668181E+00-0.893902108E-01
-0.750515237E-01-0.599181242E-01-0.442676321E-01-0.283665191E-01-0.124458335E-01
 0.332186278E-02 0.188423358E-01 0.341157392E-01 0.492491461E-01 0.643864796E-01
 0.794840977E-01 0.940529257E-01 0.108063430E+00 0.121527135E+00 0.134456456E+00
 0.146862999E+00 0.158757120E+00 0.170147583E+00 0.181041703E+00 0.191445410E+00
 0.201363444E+00 0.210799530E+00 0.219756693E+00 0.228237584E+00 0.236245140E+00
 0.135225177E+00 0.133511633E+00 0.127075911E+00 0.118948266E+00 0.110469595E+00
 0.101627313E+00 0.924063846E-01 0.827909112E-01 0.727625936E-01 0.623854883E-01
 0.517305508E-01 0.408320762E-01 0.296983905E-01 0.183307361E-01 0.674541341E-02
-0.502083823E-02-0.169111136E-01-0.288493671E-01-0.407422073E-01-0.524814278E-01
-0.639470965E-01-0.750108957E-01-0.855394900E-01-0.953975245E-01-0.104449920E+00
-0.112563118E+00-0.119604349E+00-0.125442058E+00-0.129948124E+00-0.133001640E+00
-0.134494022E+00-0.134334892E+00-0.132458150E+00-0.128827646E+00-0.123441823E+00
-0.116337262E+00-0.107590660E+00-0.973196030E-01-0.856822208E-01-0.728758872E-01
-0.591299310E-01-0.446923301E-01-0.298116747E-01-0.147162611E-01 0.407400454E-03
 0.154346414E-01 0.303200129E-01 0.451122001E-01 0.599306561E-01 0.747958124E-01
 0.893987641E-01 0.103490636E+00 0.117082939E+00 0.130183220E+00 0.142797172E+00
 0.154929504E+00 0.166584224E+00 0.177764505E+00 0.188472688E+00 0.198710129E+00
 0.208477110E+00 0.217772782E+00 0.226595193E+00 0.234941512E+00 0.242808819E+00
 0.136996999E+00 0.135482222E+00 0.129252255E+00 0.121329628E+00 0.113056771E+00
 0.104430765E+00 0.954509601E-01 0.861152485E-01 0.764168128E-01 0.663871691E-01
 0.561162792E-01 0.456558466E-01 0.350276120E-01 0.242380872E-01 0.132995248E-01
 0.224266551E-02-0.888285879E-02-0.200093407E-01-0.310524646E-01-0.419134051E-01
-0.524814241E-01-0.626367778E-01-0.722536966E-01-0.812032595E-01-0.893558264E-01
-0.965831205E-01-0.102759853E+00-0.107765332E+00-0.111485153E+00-0.113814279E+00
-0.114661179E+00-0.113952644E+00-0.111638829E+00-0.107697979E+00-0.102140516E+00
-0.950122252E-01-0.863965228E-01-0.764155462E-01-0.652280971E-01-0.530238934E-01
-0.400136448E-01-0.264150128E-01-0.124354335E-01 0.174660003E-02 0.160001665E-01
 0.302591827E-01 0.445378982E-01 0.589184165E-01 0.734162554E-01 0.877868384E-01
 0.101749748E+00 0.115294009E+00 0.128413051E+00 0.141102001E+00 0.153357118E+00
 0.165175438E+00 0.176554516E+00 0.187492073E+00 0.197985753E+00 0.208032683E+00
 0.217629075E+00 0.226769522E+00 0.235446274E+00 0.243648648E+00 0.251363486E+00
 0.139267966E+00 0.137994558E+00 0.131805912E+00 0.124132819E+00 0.116061643E+00
 0.107633293E+00 0.988882482E-01 0.898459479E-01 0.805117339E-01 0.708830655E-01
 0.610534064E-01 0.510915965E-01 0.410346128E-01 0.308984946E-01 0.206943322E-01
 0.104460083E-01 0.195039698E-03-0.100001451E-01-0.200654604E-01-0.299129374E-01
-0.394429304E-01-0.485466495E-01-0.571088679E-01-0.650106296E-01-0.721318722E-01
-0.783538222E-01-0.835613683E-01-0.876453221E-01-0.905049369E-01-0.920508951E-01
-0.922087505E-01-0.909228101E-01-0.881602690E-01-0.839151144E-01-0.782116428E-01
-0.711068586E-01-0.626913682E-01-0.530880466E-01-0.424477570E-01-0.309416931E-01
-0.187504087E-01-0.604995387E-02 0.700386148E-02 0.202919319E-01 0.337481126E-01
 0.473749600E-01 0.612192638E-01 0.752480403E-01 0.891950876E-01 0.102848604E+00
 0.116183266E+00 0.129178062E+00 0.141815573E+00 0.154081419E+00 0.165963754E+00
 0.177452907E+00 0.188540876E+00 0.199220955E+00 0.209487289E+00 0.219334424E+00
 0.228756621E+00 0.237746760E+00 0.246294409E+00 0.254381567E+00 0.261975676E+00
 0.142184556E+00 0.141334727E+00 0.135435626E+00 0.127614871E+00 0.119469680E+00
 0.111095265E+00 0.102522098E+00 0.937567130E-01 0.847950578E-01 0.756271407E-01
 0.662952363E-01 0.568845943E-01 0.474480726E-01 0.380143858E-01 0.285997503E-01
 0.192225855E-01 0.991586968E-02 0.728324289E-03-0.827676244E-02-0.170231145E-01
-0.254234001E-01-0.333814882E-01-0.407948941E-01-0.475573689E-01-0.535614863E-01
-0.587012880E-01-0.628748685E-01-0.659870505E-01-0.679521784E-01-0.686970800E-01
-0.681643188E-01-0.663154796E-01-0.631344169E-01-0.586301535E-01-0.528389551E-01
-0.458251201E-01-0.376799777E-01-0.285185799E-01-0.184737779E-01-0.768755982E-02
 0.370005378E-02 0.155640235E-01 0.278086830E-01 0.403823107E-01 0.532900095E-01
 0.665403828E-01 0.800459832E-01 0.934203565E-01 0.106631890E+00 0.119635634E+00
 0.132395193E+00 0.144880056E+00 0.157064468E+00 0.168926656E+00 0.180448443E+00
 0.191614836E+00 0.202413604E+00 0.212835044E+00 0.222871542E+00 0.232517228E+00
 0.241767585E+00 0.250619233E+00 0.259070188E+00 0.267122805E+00 0.274767786E+00
 0.146475688E+00 0.146443486E+00 0.139797330E+00 0.131224424E+00 0.122800805E+00
 0.114415728E+00 0.106008627E+00 0.975436121E-01 0.889953822E-01 0.803441033E-01
 0.715742484E-01 0.627700537E-01 0.539975129E-01 0.452987924E-01 0.367000178E-01
 0.282213278E-01 0.198882800E-01 0.117399851E-01 0.382893672E-02-0.378048141E-02
-0.110137807E-01-0.177884027E-01-0.240159798E-01-0.296047442E-01-0.344620757E-01
-0.384971052E-01-0.416233875E-01-0.437616333E-01-0.448425077E-01-0.448094346E-01
-0.436214246E-01-0.412556827E-01-0.377098955E-01-0.330037884E-01-0.271796901E-01
-0.203016289E-01-0.124526434E-01-0.373003585E-02 0.576150697E-02 0.159189533E-01
 0.266516879E-01 0.378931835E-01 0.496166833E-01 0.618126281E-01 0.744264424E-01
 0.872451887E-01 0.100042284E+00 0.112771861E+00 0.125390843E+00 0.137856960E+00
 0.150131136E+00 0.162178114E+00 0.173966676E+00 0.185469672E+00 0.196664035E+00
 0.207530662E+00 0.218054354E+00 0.228223696E+00 0.238030836E+00 0.247471139E+00
 0.256542623E+00 0.265245616E+00 0.273582876E+00 0.281561553E+00 0.289140463E+00
 0.148498774E+00 0.148832515E+00 0.142099887E+00 0.133566990E+00 0.125231728E+00
 0.117031991E+00 0.108919047E+00 0.100851655E+00 0.927959308E-01 0.847240612E-01
 0.766128674E-01 0.684889033E-01 0.604314841E-01 0.524969734E-01 0.447242819E-01
 0.371419005E-01 0.297757927E-01 0.226572212E-01 0.158284493E-01 0.934235845E-02
 0.326077035E-02-0.234744931E-02-0.740846759E-02-0.118457256E-01-0.155823119E-01
-0.185434297E-01-0.206589289E-01-0.218658410E-01-0.221109018E-01-0.213529505E-01
-0.195650999E-01-0.167365093E-01-0.128735304E-01-0.799999572E-02-0.215635262E-02
 0.460261852E-02 0.122118006E-01 0.206015389E-01 0.297045894E-01 0.394659452E-01
 0.498550311E-01 0.608483553E-01 0.723952949E-01 0.843434930E-01 0.964299068E-01
 0.108624332E+00 0.120862789E+00 0.133089215E+00 0.145252451E+00 0.157304972E+00
 0.169202819E+00 0.180905625E+00 0.192376927E+00 0.203584522E+00 0.214500710E+00
 0.225102618E+00 0.235372558E+00 0.245298266E+00 0.254873097E+00 0.264095724E+00
 0.272969127E+00 0.281498164E+00 0.289685071E+00 0.297524095E+00 0.304937482E+00
 0.148249418E+00 0.148776755E+00 0.142608434E+00 0.134377912E+00 0.126372203E+00
 0.118566297E+00 0.110918708E+00 0.103388764E+00 0.959404483E-01 0.885438472E-01
 0.811755285E-01 0.738184080E-01 0.665377676E-01 0.594023392E-01 0.524638779E-01
 0.457619689E-01 0.393294767E-01 0.331980549E-01 0.274029169E-01 0.219863728E-01
 0.169984326E-01 0.124949655E-01 0.853583775E-02 0.518288696E-02 0.249779527E-02
 0.539894565E-03-0.636027951E-03-0.981878140E-03-0.458268536E-03 0.963710132E-03
 0.330110616E-02 0.655829813E-02 0.107269678E-01 0.157870557E-01 0.217087381E-01
 0.284555312E-01 0.359894149E-01 0.442797728E-01 0.533041172E-01 0.630338416E-01
 0.734200850E-01 0.843198672E-01 0.955113322E-01 0.106967852E+00 0.118621707E+00
 0.130414143E+00 0.142286628E+00 0.154182553E+00 0.166047633E+00 0.177830040E+00
 0.189480633E+00 0.200953335E+00 0.212205678E+00 0.223199442E+00 0.233901262E+00
 0.244283423E+00 0.254324824E+00 0.264011890E+00 0.273339778E+00 0.282313436E+00
 0.290948480E+00 0.299270123E+00 0.307305455E+00 0.315055072E+00 0.322343856E+00
 0.146602541E+00 0.147330925E+00 0.141332939E+00 0.133506626E+00 0.126014724E+00
 0.118797585E+00 0.111796416E+00 0.104960054E+00 0.982475430E-01 0.916277468E-01
 0.850780085E-01 0.785825774E-01 0.721505433E-01 0.658593699E-01 0.597718693E-01
 0.539386868E-01 0.484018363E-01 0.431984998E-01 0.383645706E-01 0.339374505E-01
 0.299576968E-01 0.264695529E-01 0.235204287E-01 0.211591125E-01 0.194339063E-01
 0.183908343E-01 0.180719271E-01 0.185136460E-01 0.197455119E-01 0.217890628E-01
 0.246572923E-01 0.283547640E-01 0.328786895E-01 0.382216014E-01 0.443745330E-01
 0.513281971E-01 0.590677038E-01 0.675656199E-01 0.767739713E-01 0.865323618E-01
 0.967206061E-01 0.107309245E+00 0.118235171E+00 0.129442498E+00 0.140873149E+00
 0.152468890E+00 0.164171323E+00 0.175922200E+00 0.187663794E+00 0.199339300E+00
 0.210893288E+00 0.222272500E+00 0.233426526E+00 0.244308814E+00 0.254877746E+00
 0.265097886E+00 0.274941415E+00 0.284389883E+00 0.293436289E+00 0.302088112E+00
 0.310372442E+00 0.318346620E+00 0.326125324E+00 0.333974361E+00 0.342011452E+00
 0.142728165E+00 0.143539697E+00 0.137836963E+00 0.130656883E+00 0.123959184E+00
 0.117592417E+00 0.111456290E+00 0.105486542E+00 0.996425524E-01 0.938989148E-01
 0.882403404E-01 0.826586410E-01 0.771508068E-01 0.717566982E-01 0.665483773E-01
 0.615863167E-01 0.569215566E-01 0.525983125E-01 0.486565270E-01 0.451341011E-01
 0.420684889E-01 0.394976065E-01 0.374599956E-01 0.359943099E-01 0.351384394E-01
 0.349284336E-01 0.353974886E-01 0.365750752E-01 0.384863392E-01 0.411517918E-01
 0.445874445E-01 0.488055125E-01 0.538145080E-01 0.596161075E-01 0.662017316E-01
 0.735575482E-01 0.816170722E-01 0.902185589E-01 0.993633345E-01 0.109013237E+00
 0.119117454E+00 0.129628420E+00 0.140494823E+00 0.151663497E+00 0.163079113E+00
 0.174684301E+00 0.186419770E+00 0.198224470E+00 0.210035950E+00 0.221790791E+00
 0.233425289E+00 0.244876280E+00 0.256082237E+00 0.266984552E+00 0.277529150E+00
 0.287668109E+00 0.297361523E+00 0.306579441E+00 0.315303683E+00 0.323530018E+00
 0.331270069E+00 0.338553190E+00 0.345423132E+00 0.351897836E+00 0.357786983E+00
 0.135254785E+00 0.135730520E+00 0.131194934E+00 0.125481039E+00 0.120159388E+00
 0.115018651E+00 0.109989919E+00 0.105046391E+00 0.100177482E+00 0.953806564E-01
 0.906583220E-01 0.860164762E-01 0.814641118E-01 0.770129412E-01 0.727158561E-01
 0.686400458E-01 0.648437962E-01 0.613778308E-01 0.582871549E-01 0.556126013E-01
 0.533922240E-01 0.516622998E-01 0.504578725E-01 0.498128869E-01 0.497599915E-01
 0.503302217E-01 0.515527315E-01 0.534547195E-01 0.560610667E-01 0.593925752E-01
 0.634639189E-01 0.682838112E-01 0.738566443E-01 0.801533759E-01 0.870592520E-01
 0.945826918E-01 0.102710903E+00 0.111407138E+00 0.120641313E+00 0.130379409E+00
 0.140582636E+00 0.151208907E+00 0.162212506E+00 0.173544183E+00 0.185150951E+00
 0.196975917E+00 0.208958283E+00 0.221033216E+00 0.233132020E+00 0.245182574E+00
 0.257109940E+00 0.268837333E+00 0.280287474E+00 0.291384459E+00 0.302055836E+00
 0.312235028E+00 0.321863681E+00 0.330893993E+00 0.339290231E+00 0.347029448E+00
 0.354100078E+00 0.360497296E+00 0.366212904E+00 0.371219695E+00 0.375461906E+00
 0.124587081E+00 0.123918213E+00 0.121868096E+00 0.118834376E+00 0.115325585E+00
 0.111599162E+00 0.107770406E+00 0.103900939E+00 0.100030020E+00 0.961865932E-01
 0.923947766E-01 0.886766687E-01 0.850540251E-01 0.815493762E-01 0.781870708E-01
 0.750145689E-01 0.720951334E-01 0.694841072E-01 0.672311336E-01 0.653807223E-01
 0.639733076E-01 0.630463287E-01 0.626348555E-01 0.627718940E-01 0.634882227E-01
 0.648117959E-01 0.667672828E-01 0.693771094E-01 0.726632476E-01 0.766363963E-01
 0.812780336E-01 0.865362808E-01 0.924329683E-01 0.989677459E-01 0.106121995E+00
 0.113882355E+00 0.122232802E+00 0.131152093E+00 0.140615955E+00 0.150596604E+00
 0.161062419E+00 0.171977654E+00 0.183302209E+00 0.194991171E+00 0.206994370E+00
 0.219255805E+00 0.231713206E+00 0.244297460E+00 0.256932527E+00 0.269535333E+00
 0.282016128E+00 0.294279605E+00 0.306226552E+00 0.317756116E+00 0.328769177E+00
 0.339171827E+00 0.348879486E+00 0.357820481E+00 0.365939081E+00 0.373197079E+00
 0.379573464E+00 0.385061949E+00 0.389666826E+00 0.393398672E+00 0.396272570E+00
 0.117316097E+00 0.116452374E+00 0.115034342E+00 0.113094844E+00 0.110745177E+00
 0.108113781E+00 0.105303429E+00 0.102390364E+00 0.994315445E-01 0.964714885E-01
 0.935471803E-01 0.906913206E-01 0.879346356E-01 0.853075385E-01 0.828416720E-01
 0.805715322E-01 0.785309374E-01 0.767726749E-01 0.753510818E-01 0.743129551E-01
 0.737000778E-01 0.735506937E-01 0.739001259E-01 0.747806951E-01 0.762203634E-01
 0.782393441E-01 0.808423460E-01 0.840207934E-01 0.878005326E-01 0.921965912E-01
 0.972126499E-01 0.102845438E+00 0.109095968E+00 0.115962684E+00 0.123439915E+00
 0.131519660E+00 0.140191346E+00 0.149441302E+00 0.159252748E+00 0.169605494E+00
 0.180475548E+00 0.191834599E+00 0.203649431E+00 0.215881094E+00 0.228484020E+00
 0.241404846E+00 0.254581392E+00 0.267941296E+00 0.281401008E+00 0.294864953E+00
 0.308225155E+00 0.321361840E+00 0.334145129E+00 0.346438199E+00 0.358101904E+00
 0.369000942E+00 0.379010975E+00 0.388025939E+00 0.395964444E+00 0.402774453E+00
 0.408435285E+00 0.412956566E+00 0.416374803E+00 0.418748200E+00 0.420151114E+00
 0.112018459E+00 0.111151472E+00 0.110001996E+00 0.108562544E+00 0.106861457E+00
 0.104954526E+00 0.102899991E+00 0.100752130E+00 0.985592306E-01 0.963639915E-01
 0.942047536E-01 0.921168923E-01 0.901341215E-01 0.882895365E-01 0.866165906E-01
 0.851498097E-01 0.839254111E-01 0.829827189E-01 0.823618323E-01 0.821014419E-01
 0.822379813E-01 0.828052983E-01 0.838345066E-01 0.853535980E-01 0.873868093E-01
 0.899539739E-01 0.930699781E-01 0.967467576E-01 0.100998141E+00 0.105835967E+00
 0.111268841E+00 0.117302582E+00 0.123941526E+00 0.131188244E+00 0.139043212E+00
 0.147504926E+00 0.156569749E+00 0.166231781E+00 0.176482543E+00 0.187310696E+00
 0.198701531E+00 0.210636243E+00 0.223091096E+00 0.236036271E+00 0.249434426E+00
 0.263238937E+00 0.277391762E+00 0.291821122E+00 0.306438774E+00 0.321137697E+00
 0.335789770E+00 0.350244850E+00 0.364331335E+00 0.377859503E+00 0.390628070E+00
 0.402434468E+00 0.413088143E+00 0.422425270E+00 0.430322558E+00 0.436708003E+00
 0.441566288E+00 0.444937915E+00 0.446912706E+00 0.447618425E+00 0.447207093E+00
 0.107760742E+00 0.106921755E+00 0.105944112E+00 0.104808874E+00 0.103523053E+00
 0.102114469E+00 0.100615896E+00 0.990623608E-01 0.974892527E-01 0.959313959E-01
 0.944227278E-01 0.929963738E-01 0.916849300E-01 0.905207843E-01 0.895364508E-01
 0.887648240E-01 0.882393569E-01 0.879940167E-01 0.880626887E-01 0.884784907E-01
 0.892731622E-01 0.904766917E-01 0.921170041E-01 0.942196846E-01 0.968077928E-01
 0.999017134E-01 0.103519380E+00 0.107676730E+00 0.112388469E+00 0.117667861E+00
 0.123526543E+00 0.129974633E+00 0.137020946E+00 0.144673079E+00 0.152937382E+00
 0.161819041E+00 0.171321988E+00 0.181448787E+00 0.192200422E+00 0.203576043E+00
 0.215572357E+00 0.228183061E+00 0.241397753E+00 0.255200565E+00 0.269568384E+00
 0.284468323E+00 0.299854726E+00 0.315665096E+00 0.331815392E+00 0.348194569E+00
 0.364658564E+00 0.381024897E+00 0.397069097E+00 0.412524998E+00 0.427092165E+00
 0.440452009E+00 0.452293128E+00 0.462342829E+00 0.470397770E+00 0.476347864E+00
 0.480188340E+00 0.482018173E+00 0.482025087E+00 0.480459809E+00 0.477604181E+00
 0.104060791E+00 0.103247792E+00 0.102391168E+00 0.101473063E+00 0.100488901E+00
 0.994518250E-01 0.983796045E-01 0.972941741E-01 0.962206647E-01 0.951864347E-01
 0.942201838E-01 0.933514535E-01 0.926102772E-01 0.920269787E-01 0.916320980E-01
 0.914563015E-01 0.915302932E-01 0.918846428E-01 0.925494954E-01 0.935542360E-01
 0.949271843E-01 0.966953263E-01 0.988841280E-01 0.101517379E+00 0.104617126E+00
 0.108203687E+00 0.112295806E+00 0.116910823E+00 0.122064948E+00 0.127773374E+00
 0.134050399E+00 0.140909582E+00 0.148363858E+00 0.156425729E+00 0.165107369E+00
 0.174420729E+00 0.184377611E+00 0.194989696E+00 0.206268489E+00 0.218225181E+00
 0.230870336E+00 0.244213402E+00 0.258261800E+00 0.273019820E+00 0.288486630E+00
 0.304653615E+00 0.321500778E+00 0.338991195E+00 0.357064068E+00 0.375624985E+00
 0.394533902E+00 0.413590252E+00 0.432517320E+00 0.450949162E+00 0.468428373E+00
 0.484425724E+00 0.498390079E+00 0.509822905E+00 0.518353939E+00 0.523794651E+00
 0.526161492E+00 0.525671244E+00 0.522710979E+00 0.517778754E+00 0.511405349E+00
 0.100583769E+00 0.997748002E-01 0.990142971E-01 0.982784182E-01 0.975464433E-01
 0.968153253E-01 0.960904658E-01 0.953850299E-01 0.947178677E-01 0.941117555E-01
 0.935920030E-01 0.931855366E-01 0.929202512E-01 0.928246081E-01 0.929272845E-01
 0.932569355E-01 0.938420445E-01 0.947106630E-01 0.958902389E-01 0.974074081E-01
 0.992878154E-01 0.101556011E+00 0.104235321E+00 0.107347831E+00 0.110914394E+00
 0.114954703E+00 0.119487420E+00 0.124530368E+00 0.130100697E+00 0.136215091E+00
 0.142889977E+00 0.150141716E+00 0.157986864E+00 0.166442335E+00 0.175525725E+00
 0.185255453E+00 0.195651129E+00 0.206733644E+00 0.218525499E+00 0.231050968E+00
 0.244336084E+00 0.258408755E+00 0.273298442E+00 0.289035559E+00 0.305650413E+00
 0.323171288E+00 0.341621250E+00 0.361013085E+00 0.381341368E+00 0.402570188E+00
 0.424614966E+00 0.447314888E+00 0.470393807E+00 0.493407458E+00 0.515684783E+00
 0.536301255E+00 0.554164231E+00 0.568245769E+00 0.577820122E+00 0.582557857E+00
 0.582521439E+00 0.578153253E+00 0.570259750E+00 0.559908211E+00 0.548183918E+00
 0.970160887E-01 0.961516276E-01 0.955116898E-01 0.950039849E-01 0.945405588E-01
 0.940956399E-01 0.936710685E-01 0.932803899E-01 0.929430425E-01 0.926819369E-01
 0.925221443E-01 0.924900621E-01 0.926128626E-01 0.929180533E-01 0.934331566E-01
 0.941854417E-01 0.952016860E-01 0.965080261E-01 0.981297716E-01 0.100091286E+00
 0.102415912E+00 0.105125912E+00 0.108242519E+00 0.111785918E+00 0.115775406E+00
 0.120229498E+00 0.125166118E+00 0.130602777E+00 0.136556849E+00 0.143045783E+00
 0.150087357E+00 0.157700002E+00 0.165903002E+00 0.174716920E+00 0.184163928E+00
 0.194268122E+00 0.205056071E+00 0.216557220E+00 0.228804469E+00 0.241834775E+00
 0.255689830E+00 0.270416737E+00 0.286068797E+00 0.302706182E+00 0.320396543E+00
 0.339215249E+00 0.359244943E+00 0.380573779E+00 0.403291434E+00 0.427480757E+00
 0.453202456E+00 0.480467051E+00 0.509184480E+00 0.539069593E+00 0.569448650E+00
 0.598836541E+00 0.624490619E+00 0.643689811E+00 0.655226529E+00 0.658823133E+00
 0.654639721E+00 0.643280864E+00 0.626170039E+00 0.606065750E+00 0.585868657E+00
 0.930168033E-01 0.919113457E-01 0.916696489E-01 0.916031525E-01 0.914528370E-01
 0.912736952E-01 0.910987705E-01 0.909559503E-01 0.908721983E-01 0.908746272E-01
 0.909907296E-01 0.912482440E-01 0.916749686E-01 0.922985002E-01 0.931460038E-01
 0.942439809E-01 0.956180692E-01 0.972928852E-01 0.992918834E-01 0.101637349E+00
 0.104350299E+00 0.107450619E+00 0.110957116E+00 0.114887662E+00 0.119259402E+00
 0.124088988E+00 0.129392803E+00 0.135187268E+00 0.141489059E+00 0.148315489E+00
 0.155684754E+00 0.163616255E+00 0.172131047E+00 0.181252092E+00 0.191004828E+00
 0.201417625E+00 0.212522402E+00 0.224355340E+00 0.236957788E+00 0.250377208E+00
 0.264668524E+00 0.279895604E+00 0.296133220E+00 0.313469291E+00 0.332007796E+00
 0.351872236E+00 0.373209834E+00 0.396196574E+00 0.421042442E+00 0.447996765E+00
 0.477351844E+00 0.509442449E+00 0.544638574E+00 0.583334148E+00 0.625964999E+00
 0.673271418E+00 0.714915574E+00 0.741248429E+00 0.754706383E+00 0.756574392E+00
 0.745803654E+00 0.723407507E+00 0.687808394E+00 0.648545027E+00 0.617524207E+00
 0.896892324E-01 0.884507895E-01 0.883022547E-01 0.884075090E-01 0.884301364E-01
 0.884132087E-01 0.883950815E-01 0.884102508E-01 0.884909630E-01 0.886682719E-01
 0.889725089E-01 0.894334689E-01 0.900803506E-01 0.909415856E-01 0.920446739E-01
 0.934159085E-01 0.950802043E-01 0.970609263E-01 0.993797854E-01 0.102056839E+00
 0.105110534E+00 0.108557858E+00 0.112414576E+00 0.116695464E+00 0.121414684E+00
 0.126586080E+00 0.132223517E+00 0.138341293E+00 0.144954428E+00 0.152079001E+00
 0.159732506E+00 0.167934239E+00 0.176705599E+00 0.186070547E+00 0.196056098E+00
 0.206692904E+00 0.218015924E+00 0.230065271E+00 0.242887303E+00 0.256535947E+00
 0.271074295E+00 0.286576807E+00 0.303132027E+00 0.320846200E+00 0.339848071E+00
 0.360295206E+00 0.382382840E+00 0.406355917E+00 0.432525754E+00 0.461293429E+00
 0.493181407E+00 0.528874278E+00 0.569264233E+00 0.615489721E+00 0.668955564E+00
 0.726575077E+00 0.769169450E+00 0.796385825E+00 0.809118330E+00 0.806760073E+00
 0.789768219E+00 0.755934119E+00 0.708115041E+00 0.666362941E+00 0.631953239E+00
 0.869537294E-01 0.855964273E-01 0.854126513E-01 0.855026096E-01 0.855366662E-01
 0.855472982E-01 0.855680630E-01 0.856330693E-01 0.857761502E-01 0.860306025E-01
 0.864290595E-01 0.870034471E-01 0.877847895E-01 0.888029784E-01 0.900864676E-01
 0.916619450E-01 0.935540125E-01 0.957849622E-01 0.983746499E-01 0.101340525E+00
 0.104697771E+00 0.108459599E+00 0.112637609E+00 0.117242321E+00 0.122283608E+00
 0.127771258E+00 0.133715406E+00 0.140127033E+00 0.147018328E+00 0.154403061E+00
 0.162296906E+00 0.170717776E+00 0.179686099E+00 0.189225271E+00 0.199362069E+00
 0.210127130E+00 0.221555710E+00 0.233688444E+00 0.246572435E+00 0.260262579E+00
 0.274823248E+00 0.290330559E+00 0.306875080E+00 0.324565887E+00 0.343535542E+00
 0.363947242E+00 0.386004984E+00 0.409967899E+00 0.436172009E+00 0.465063632E+00
 0.497252852E+00 0.533602059E+00 0.575370789E+00 0.624400556E+00 0.682666540E+00
 0.733499944E+00 0.770472825E+00 0.793713272E+00 0.802833855E+00 0.797768652E+00
 0.775984526E+00 0.736057043E+00 0.693419099E+00 0.657178462E+00 0.626123607E+00
 0.846904740E-01 0.831977800E-01 0.828351676E-01 0.828018412E-01 0.827284604E-01
 0.826447979E-01 0.825853422E-01 0.825856999E-01 0.826815516E-01 0.829082653E-01
 0.833007693E-01 0.838934258E-01 0.847197995E-01 0.858121663E-01 0.872009769E-01
 0.889141858E-01 0.909767300E-01 0.934100449E-01 0.962318853E-01 0.994563252E-01
 0.103094071E+00 0.107152976E+00 0.111638740E+00 0.116555676E+00 0.121907569E+00
 0.127698407E+00 0.133933082E+00 0.140617922E+00 0.147761121E+00 0.155373111E+00
 0.163466737E+00 0.172057509E+00 0.181163773E+00 0.190806985E+00 0.201011926E+00
 0.211807162E+00 0.223225534E+00 0.235304803E+00 0.248088509E+00 0.261627018E+00
 0.275978833E+00 0.291212320E+00 0.307407796E+00 0.324660361E+00 0.343083501E+00
 0.362813741E+00 0.384017289E+00 0.406898886E+00 0.431714326E+00 0.458789051E+00
 0.488547027E+00 0.521560431E+00 0.558651328E+00 0.601215363E+00 0.646859705E+00
 0.684430540E+00 0.712262213E+00 0.729756773E+00 0.736713529E+00 0.731454492E+00
 0.713397086E+00 0.683777630E+00 0.655146241E+00 0.628675461E+00 0.604505897E+00
 0.827202946E-01 0.810392424E-01 0.805013180E-01 0.802488253E-01 0.799499974E-01
 0.796480924E-01 0.793852806E-01 0.792015567E-01 0.791349933E-01 0.792228356E-01
 0.795023218E-01 0.800110027E-01 0.807863623E-01 0.818649977E-01 0.832814276E-01
 0.850667581E-01 0.872475579E-01 0.898449272E-01 0.928740725E-01 0.963443667E-01
 0.100259908E+00 0.104620479E+00 0.109422825E+00 0.114662103E+00 0.120333202E+00
 0.126431987E+00 0.132956192E+00 0.139906153E+00 0.147285134E+00 0.155099496E+00
 0.163358763E+00 0.172075555E+00 0.181265518E+00 0.190947264E+00 0.201142460E+00
 0.211875975E+00 0.223176122E+00 0.235075101E+00 0.247609466E+00 0.260820717E+00
 0.274756074E+00 0.289469153E+00 0.305021048E+00 0.321481109E+00 0.338928163E+00
 0.357451141E+00 0.377149791E+00 0.398134023E+00 0.420520931E+00 0.444426507E+00
 0.469944984E+00 0.497099221E+00 0.525721669E+00 0.555191815E+00 0.583883762E+00
 0.608875275E+00 0.628352940E+00 0.641315460E+00 0.647155702E+00 0.645621717E+00
 0.637061894E+00 0.623577416E+00 0.607657433E+00 0.590828717E+00 0.574014723E+00
 0.812125206E-01 0.793073773E-01 0.784568489E-01 0.778310820E-01 0.771474615E-01
 0.764789209E-01 0.758787021E-01 0.753873885E-01 0.750403181E-01 0.748729035E-01
 0.749235153E-01 0.752340928E-01 0.758492202E-01 0.768140927E-01 0.781718343E-01
 0.799607337E-01 0.822118223E-01 0.849470571E-01 0.881784558E-01 0.919082165E-01
 0.961298421E-01 0.100830086E+00 0.105991453E+00 0.111594856E+00 0.117622055E+00
 0.124057554E+00 0.130889893E+00 0.138112262E+00 0.145722672E+00 0.153723687E+00
 0.162121981E+00 0.170927763E+00 0.180154249E+00 0.189817265E+00 0.199934945E+00
 0.210527614E+00 0.221617863E+00 0.233230695E+00 0.245393693E+00 0.258137226E+00
 0.271494538E+00 0.285501659E+00 0.300197124E+00 0.315621257E+00 0.331815064E+00
 0.348817825E+00 0.366663605E+00 0.385374904E+00 0.404952258E+00 0.425357014E+00
 0.446483165E+00 0.468113661E+00 0.489858776E+00 0.511089444E+00 0.530919433E+00
 0.548326850E+00 0.562386513E+00 0.572426617E+00 0.578082025E+00 0.579329550E+00
 0.576531291E+00 0.570410490E+00 0.561866760E+00 0.551748991E+00 0.540741205E+00
 0.804733038E-01 0.784008205E-01 0.768725052E-01 0.755116865E-01 0.741920993E-01
 0.729862377E-01 0.719263703E-01 0.710227862E-01 0.702886283E-01 0.697485358E-01
 0.694405958E-01 0.694152862E-01 0.697322041E-01 0.704549998E-01 0.716454163E-01
 0.733574256E-01 0.756323636E-01 0.784955397E-01 0.819545984E-01 0.859997496E-01
 0.906060785E-01 0.957376137E-01 0.101352580E+00 0.107408807E+00 0.113868214E+00
 0.120699838E+00 0.127881229E+00 0.135398611E+00 0.143246114E+00 0.151424602E+00
 0.159940228E+00 0.168802932E+00 0.178025290E+00 0.187621385E+00 0.197606280E+00
 0.207995653E+00 0.218805850E+00 0.230053946E+00 0.241757959E+00 0.253936827E+00
 0.266610086E+00 0.279797107E+00 0.293516129E+00 0.307782412E+00 0.322606027E+00
 0.337988406E+00 0.353917599E+00 0.370361567E+00 0.387259036E+00 0.404506862E+00
 0.421944439E+00 0.439336151E+00 0.456356376E+00 0.472586304E+00 0.487534404E+00
 0.500686526E+00 0.511574447E+00 0.519840956E+00 0.525285959E+00 0.527891159E+00
 0.527821124E+00 0.525393963E+00 0.521024287E+00 0.515154898E+00 0.508202195E+00
 0.799313560E-01 0.776227191E-01 0.753019601E-01 0.729383156E-01 0.706063434E-01
 0.688476786E-01 0.673368648E-01 0.659989640E-01 0.648095459E-01 0.637795553E-01
 0.629518777E-01 0.623984598E-01 0.622134283E-01 0.625014529E-01 0.633641332E-01
 0.648879185E-01 0.671354383E-01 0.701400638E-01 0.739029646E-01 0.783930272E-01
 0.835507289E-01 0.892968327E-01 0.955447033E-01 0.102212638E+00 0.109232701E+00
 0.116554648E+00 0.124145888E+00 0.131989345E+00 0.140080482E+00 0.148424178E+00
 0.157031655E+00 0.165917486E+00 0.175097167E+00 0.184585392E+00 0.194395125E+00
 0.204537332E+00 0.215021297E+00 0.225855425E+00 0.237048104E+00 0.248607919E+00
 0.260543048E+00 0.272860110E+00 0.285562575E+00 0.298648477E+00 0.312108040E+00
 0.325920433E+00 0.340049833E+00 0.354440749E+00 0.369012237E+00 0.383651704E+00
 0.398208916E+00 0.412491381E+00 0.426264048E+00 0.439255655E+00 0.451173842E+00
 0.461729109E+00 0.470663816E+00 0.477780372E+00 0.482963175E+00 0.486190647E+00
 0.487534791E+00 0.487148643E+00 0.485243618E+00 0.482062727E+00 0.477855057E+00
 0.791807026E-01 0.765347779E-01 0.736546740E-01 0.704539195E-01 0.669440404E-01
 0.640866309E-01 0.620588586E-01 0.603787377E-01 0.587077625E-01 0.570499711E-01
 0.554592870E-01 0.540547222E-01 0.530120879E-01 0.525309779E-01 0.527965985E-01
 0.539556220E-01 0.561075173E-01 0.593017526E-01 0.635331720E-01 0.687353760E-01
 0.747802034E-01 0.814952627E-01 0.886999667E-01 0.962413847E-01 0.104011260E+00
 0.111944452E+00 0.120009169E+00 0.128197178E+00 0.136516869E+00 0.144988701E+00
 0.153640419E+00 0.162500471E+00 0.171593025E+00 0.180936337E+00 0.190542221E+00
 0.200415552E+00 0.210554764E+00 0.220955744E+00 0.231616214E+00 0.242536664E+00
 0.253718466E+00 0.265161335E+00 0.276861012E+00 0.288806975E+00 0.300980181E+00
 0.313350707E+00 0.325875074E+00 0.338493615E+00 0.351127684E+00 0.363677412E+00
 0.376020133E+00 0.388010621E+00 0.399483830E+00 0.410260856E+00 0.420158505E+00
 0.429001808E+00 0.436637759E+00 0.442948818E+00 0.447863102E+00 0.451360255E+00
 0.453471690E+00 0.454275221E+00 0.453885585E+00 0.452442259E+00 0.450096995E+00
 0.787588507E-01 0.759338439E-01 0.727750212E-01 0.691646039E-01 0.650044754E-01
 0.611203015E-01 0.577342361E-01 0.548560135E-01 0.524779372E-01 0.500323512E-01
 0.472568981E-01 0.443482660E-01 0.417217091E-01 0.398393869E-01 0.390481241E-01
 0.395625345E-01 0.415135100E-01 0.449786410E-01 0.499774627E-01 0.564274900E-01
 0.640729293E-01 0.724827275E-01 0.812234432E-01 0.900218189E-01 0.987581313E-01
 0.107400253E+00 0.115956776E+00 0.124453224E+00 0.132923320E+00 0.141415343E+00
 0.150006354E+00 0.158758774E+00 0.167705238E+00 0.176866814E+00 0.186257780E+00
 0.195880398E+00 0.205703884E+00 0.215685263E+00 0.225813717E+00 0.236091837E+00
 0.246523395E+00 0.257109284E+00 0.267845094E+00 0.278719306E+00 0.289711624E+00
 0.300791621E+00 0.311917484E+00 0.323034614E+00 0.334075004E+00 0.344956845E+00
 0.355584770E+00 0.365851432E+00 0.375640422E+00 0.384830475E+00 0.393301547E+00
 0.400941521E+00 0.407653511E+00 0.413362622E+00 0.418021053E+00 0.421611160E+00
 0.424145877E+00 0.425666332E+00 0.426237583E+00 0.425942689E+00 0.424876392E+00
 0.789143220E-01 0.761532560E-01 0.730597004E-01 0.695642680E-01 0.656210333E-01
 0.612222441E-01 0.566250458E-01 0.523060672E-01 0.482478663E-01 0.443822406E-01
 0.395907275E-01 0.334599651E-01 0.273468718E-01 0.229731090E-01 0.205536988E-01
 0.201089773E-01 0.216894373E-01 0.254098475E-01 0.314561725E-01 0.400616601E-01
 0.512515903E-01 0.631972775E-01 0.743427724E-01 0.846998394E-01 0.944389403E-01
 0.103714786E+00 0.112647474E+00 0.121324196E+00 0.129801691E+00 0.138108015E+00
 0.146491021E+00 0.155048177E+00 0.163781330E+00 0.172717527E+00 0.181872636E+00
 0.191277325E+00 0.200862169E+00 0.210423142E+00 0.220000297E+00 0.229618564E+00
 0.239294425E+00 0.249037057E+00 0.258847892E+00 0.268719554E+00 0.278635263E+00
 0.288568377E+00 0.298482269E+00 0.308330387E+00 0.318056464E+00 0.327595323E+00
 0.336873621E+00 0.345811695E+00 0.354325891E+00 0.362331480E+00 0.369746357E+00
 0.376495004E+00 0.382512540E+00 0.387748361E+00 0.392168760E+00 0.395758837E+00
 0.398522675E+00 0.400482416E+00 0.401676148E+00 0.402154833E+00 0.401978970E+00
 0.796890110E-01 0.772410855E-01 0.744512528E-01 0.712496564E-01 0.676033646E-01
 0.635048300E-01 0.589460805E-01 0.538881123E-01 0.485913046E-01 0.433427766E-01
 0.366435908E-01 0.270628035E-01 0.169871487E-01 0.105416905E-01 0.689131208E-02
 0.569732022E-02 0.692443317E-02 0.107020391E-01 0.173506923E-01 0.275693927E-01
 0.427225120E-01 0.582153127E-01 0.709995627E-01 0.821671113E-01 0.923096761E-01
 0.101765990E+00 0.110744156E+00 0.119376078E+00 0.127741650E+00 0.135886982E+00
 0.144075900E+00 0.152419060E+00 0.160914794E+00 0.169574529E+00 0.178407237E+00
 0.187435597E+00 0.196565300E+00 0.205580443E+00 0.214519128E+00 0.223415732E+00
 0.232298627E+00 0.241188645E+00 0.250096440E+00 0.259021074E+00 0.267949969E+00
 0.276860237E+00 0.285719961E+00 0.294489235E+00 0.303121448E+00 0.311564118E+00
 0.319760144E+00 0.327649176E+00 0.335169375E+00 0.342259496E+00 0.348861068E+00
 0.354920894E+00 0.360393286E+00 0.365242153E+00 0.369442642E+00 0.372982115E+00
 0.375860274E+00 0.378088921E+00 0.379690737E+00 0.380697697E+00 0.381149232E+00
 0.831177473E+00 0.853951216E+00 0.864409924E+00 0.876817346E+00 0.890497208E+00
 0.904711962E+00 0.919484377E+00 0.934710205E+00 0.950319469E+00 0.966351867E+00
 0.982855737E+00 0.999284267E+00 0.101664865E+01 0.103409100E+01 0.105218720E+01
 0.107088864E+01 0.108995223E+01 0.110979271E+01 0.113019192E+01 0.115133488E+01
 0.117314601E+01 0.119590628E+01 0.121950209E+01 0.124415076E+01 0.126975775E+01
 0.129653311E+01 0.132452917E+01 0.135382295E+01 0.138444257E+01 0.141657758E+01
 0.145026457E+01 0.148557889E+01 0.152265334E+01 0.156164289E+01 0.160262012E+01
 0.164570701E+01 0.169108927E+01 0.173885620E+01 0.178923976E+01 0.184226573E+01
 0.189828026E+01 0.195730329E+01 0.201967669E+01 0.208552003E+01 0.215497041E+01
 0.222840571E+01 0.230595040E+01 0.238795280E+01 0.247459888E+01 0.256579804E+01
 0.266238904E+01 0.276377463E+01 0.287053704E+01 0.298258853E+01 0.310043406E+01
 0.322437692E+01 0.335549212E+01 0.349555230E+01 0.364726138E+01 0.381400704E+01
 0.400190544E+01 0.421878052E+01 0.447866297E+01 0.480773830E+01 0.524757719E+01
   76  117
 0.101600003E+01 0.000000000E+00 0.102056706E+01 0.100000001E+00 0.102612412E+01
 0.150000006E+00 0.104281080E+01 0.250000000E+00 0.105403709E+01 0.300000012E+00
 0.107906246E+01 0.395870507E+00 0.109468174E+01 0.449999988E+00 0.111003339E+01
 0.500000000E+00 0.113218749E+01 0.566829383E+00 0.115875006E+01 0.632500887E+00
 0.118531251E+01 0.682421803E+00 0.121187496E+01 0.718986154E+00 0.124646902E+01
 0.750000000E+00 0.129156256E+01 0.775618613E+00 0.134468746E+01 0.786217391E+00
 0.139781249E+01 0.784598112E+00 0.145093751E+01 0.774467409E+00 0.150406253E+01
 0.757320702E+00 0.153062499E+01 0.746846139E+00 0.158375001E+01 0.724083841E+00
 0.162930107E+01 0.699999988E+00 0.166343749E+01 0.681970239E+00 0.171572363E+01
 0.649999976E+00 0.174312496E+01 0.632968426E+00 0.179077065E+01 0.600000024E+00
 0.182281256E+01 0.577345014E+00 0.185803258E+01 0.550000012E+00 0.190250003E+01
 0.514022112E+00 0.192906249E+01 0.490700781E+00 0.197243023E+01 0.449999988E+00
 0.200874996E+01 0.412561864E+00 0.203531241E+01 0.382393807E+00 0.206187510E+01
 0.349757105E+00 0.209740114E+01 0.300000012E+00 0.212708521E+01 0.250000000E+00
 0.215094614E+01 0.200000003E+00 0.216898274E+01 0.150000006E+00 0.218892479E+01
 0.500000007E-01 0.218692732E+01-0.500000007E-01 0.216812491E+01-0.132117778E+00
 0.214222217E+01-0.200000003E+00 0.211604786E+01-0.250000000E+00 0.208843756E+01
-0.293380827E+00 0.206187510E+01-0.329773247E+00 0.203531241E+01-0.362619966E+00
 0.200167823E+01-0.400000006E+00 0.195562506E+01-0.445701659E+00 0.192906249E+01
-0.470096767E+00 0.189377201E+01-0.500000000E+00 0.184937501E+01-0.535556853E+00
 0.182281256E+01-0.555282950E+00 0.176968753E+01-0.592410743E+00 0.174312496E+01
-0.609931707E+00 0.169000006E+01-0.642217219E+00 0.166343749E+01-0.657307208E+00
 0.161031246E+01-0.685126603E+00 0.157651198E+01-0.699999988E+00 0.153062499E+01
-0.719828784E+00 0.147749996E+01-0.737000465E+00 0.142437506E+01-0.747951508E+00
 0.139781249E+01-0.751026213E+00 0.134468746E+01-0.750609159E+00 0.131812501E+01
-0.746505678E+00 0.126499999E+01-0.727404475E+00 0.122770774E+01-0.699999988E+00
 0.118531251E+01-0.653179169E+00 0.115875006E+01-0.611000359E+00 0.113218749E+01
-0.555412471E+00 0.111060309E+01-0.500000000E+00 0.109350812E+01-0.449999988E+00
 0.107820964E+01-0.400000006E+00 0.105250001E+01-0.301656216E+00 0.104140413E+01
-0.250000000E+00 0.102593756E+01-0.151372701E+00 0.102045345E+01-0.100000001E+00
 0.101600003E+01 0.000000000E+00
 0.101600003E+01 0.000000000E+00 0.101600003E+01 0.963999987E+00 0.101600003E+01
 0.967999995E+00 0.101600003E+01 0.100100005E+01 0.101600003E+01 0.101900005E+01
 0.101600003E+01 0.107700002E+01 0.101600003E+01 0.107000005E+01 0.101600003E+01
 0.109599996E+01 0.101600003E+01 0.111300004E+01 0.101600003E+01 0.113800001E+01
 0.101600003E+01 0.114699996E+01 0.101199996E+01 0.116499996E+01 0.100100005E+01
 0.121700001E+01 0.102900004E+01 0.121700001E+01 0.104200006E+01 0.116240001E+01
 0.104600000E+01 0.116237998E+01 0.105599999E+01 0.116260004E+01 0.109700000E+01
 0.116450000E+01 0.110800004E+01 0.116594005E+01 0.111600006E+01 0.116591001E+01
 0.113399994E+01 0.116895998E+01 0.114800000E+01 0.117174995E+01 0.116199994E+01
 0.117556000E+01 0.118099999E+01 0.118299997E+01 0.118200004E+01 0.118350005E+01
 0.118499994E+01 0.118499994E+01 0.119000006E+01 0.118799996E+01 0.119500005E+01
 0.119099998E+01 0.120099998E+01 0.119599998E+01 0.120899999E+01 0.120200002E+01
 0.121500003E+01 0.120799994E+01 0.122200000E+01 0.121399999E+01 0.122800004E+01
 0.122099996E+01 0.123399997E+01 0.123099995E+01 0.123899996E+01 0.123800004E+01
 0.124199998E+01 0.124399996E+01 0.124800003E+01 0.125399995E+01 0.125800002E+01
 0.127800000E+01 0.126300001E+01 0.128999996E+01 0.127999997E+01 0.133099997E+01
 0.127999997E+01 0.134700000E+01 0.127999997E+01 0.134800005E+01 0.130999994E+01
 0.134800005E+01 0.132799995E+01 0.134800005E+01 0.136099994E+01 0.134800005E+01
 0.138000000E+01 0.134800005E+01 0.141900003E+01 0.134800005E+01 0.141900003E+01
 0.130999994E+01 0.137199998E+01 0.130999994E+01 0.137167001E+01 0.129237998E+01
 0.137003005E+01 0.128268003E+01 0.136688006E+01 0.125644004E+01 0.136719000E+01
 0.122955000E+01 0.137178004E+01 0.119576001E+01 0.137223995E+01 0.119402003E+01
 0.138662004E+01 0.116487002E+01 0.138707995E+01 0.116420996E+01 0.140382004E+01
 0.115696001E+01 0.141127002E+01 0.115730000E+01 0.141857004E+01 0.116131997E+01
 0.142100000E+01 0.116400003E+01 0.148662996E+01 0.124049997E+01 0.149730003E+01
 0.123458004E+01 0.149761999E+01 0.123427999E+01 0.149744999E+01 0.123174000E+01
 0.149275005E+01 0.121329999E+01 0.149259996E+01 0.121061003E+01 0.149260998E+01
 0.120485997E+01 0.149278998E+01 0.120213997E+01 0.149339998E+01 0.119641995E+01
 0.149469995E+01 0.118510997E+01 0.149621999E+01 0.116069996E+01 0.147981000E+01
 0.112425995E+01 0.148081994E+01 0.112256002E+01 0.148149002E+01 0.112137997E+01
 0.148645997E+01 0.111691999E+01 0.149094999E+01 0.111439002E+01 0.150304997E+01
 0.111243999E+01 0.159696996E+01 0.109489000E+01 0.162549996E+01 0.108529997E+01
 0.163751996E+01 0.107988000E+01 0.164699996E+01 0.107700002E+01 0.178499997E+01
 0.107700002E+01 0.206999993E+01 0.103999996E+01 0.212800002E+01 0.992999971E+00
 0.224499989E+01 0.708999991E+00 0.233956003E+01 0.461430013E+00 0.234707999E+01
 0.415829986E+00 0.234912992E+01 0.272179991E+00 0.235103011E+01 0.170179993E+00
 0.235157990E+01 0.701199993E-01 0.235124993E+01-0.317899995E-01 0.235050988E+01
-0.144350007E+00 0.234964991E+01-0.214829996E+00 0.234870005E+01-0.326689988E+00
 0.234759998E+01-0.386770010E+00 0.234019995E+01-0.453040004E+00 0.232942009E+01
-0.477569997E+00 0.213400006E+01-0.972999990E+00 0.178600001E+01-0.117400002E+01
 0.176800001E+01-0.121099997E+01 0.176800001E+01-0.125000000E+01 0.168200004E+01
-0.125000000E+01 0.137199998E+01-0.125000000E+01 0.137199998E+01-0.132900000E+01
 0.141999996E+01-0.132900000E+01 0.141999996E+01-0.136300004E+01 0.127300000E+01
-0.136300004E+01 0.115300000E+01-0.136300004E+01 0.101600003E+01-0.122300005E+01
 0.101600003E+01-0.122300005E+01 0.101600003E+01-0.829999983E+00 0.101600003E+01
-0.800000012E+00 0.101600003E+01-0.414999992E+00 0.101600003E+01-0.400000006E+00
 0.101600003E+01-0.100000005E-02 0.101600003E+01 0.000000000E+00
    0 0.000000000E+00    1
 0.000000000E+00 0.000000000E+00 0.000000000E+00 0.000000000E+00 0.000000000E+00
 0.000000000E+00 0.000000000E+00 0.000000000E+00 0.000000000E+00 0.000000000E+00
 0.000000000E+00 0.000000000E+00 0.000000000E+00 0.000000000E+00 0.000000000E+00
 0.000000000E+00 0.000000000E+00 0.000000000E+00 0.000000000E+00 0.000000000E+00
 0.000000000E+00 0.000000000E+00 0.000000000E+00 0.000000000E+00 0.000000000E+00
 0.000000000E+00 0.000000000E+00 0.000000000E+00 0.000000000E+00 0.000000000E+00
 0.000000000E+00 0.000000000E+00 0.000000000E+00 0.000000000E+00 0.000000000E+00
 0.000000000E+00 0.000000000E+00 0.000000000E+00 0.000000000E+00 0.000000000E+00
 0.000000000E+00 0.000000000E+00 0.000000000E+00 0.000000000E+00 0.000000000E+00
 0.000000000E+00 0.000000000E+00 0.000000000E+00 0.000000000E+00 0.000000000E+00
 0.000000000E+00 0.000000000E+00 0.000000000E+00 0.000000000E+00 0.000000000E+00
 0.000000000E+00 0.000000000E+00 0.000000000E+00 0.000000000E+00 0.000000000E+00
 0.000000000E+00 0.000000000E+00 0.000000000E+00 0.000000000E+00 0.000000000E+00
 0.000000000E+00 0.816210955E-01 0.116425946E+00 0.143522874E+00 0.166624933E+00
 0.187259570E+00 0.206135377E+00 0.223701060E+00 0.240259111E+00 0.255997241E+00
 0.269746721E+00 0.284333289E+00 0.298481077E+00 0.312200069E+00 0.325543374E+00
 0.338615179E+00 0.351445705E+00 0.364001274E+00 0.376360774E+00 0.388555288E+00
 0.400614262E+00 0.412515819E+00 0.424323499E+00 0.436036855E+00 0.447686762E+00
 0.459244251E+00 0.470774233E+00 0.482276529E+00 0.493756145E+00 0.505219579E+00
 0.516707599E+00 0.528192937E+00 0.539718449E+00 0.551277459E+00 0.562895596E+00
 0.574576259E+00 0.586328685E+00 0.598167002E+00 0.610120416E+00 0.622152984E+00
 0.634332776E+00 0.646627486E+00 0.659080327E+00 0.671694279E+00 0.684460938E+00
 0.697420478E+00 0.710567713E+00 0.723941386E+00 0.737545431E+00 0.751335323E+00
 0.765434861E+00 0.779753387E+00 0.794357479E+00 0.809248805E+00 0.824449182E+00
 0.839948177E+00 0.855779290E+00 0.871961594E+00 0.888532817E+00 0.905518472E+00
 0.922999144E+00 0.941002369E+00 0.959701359E+00 0.979288399E+00 0.100000000E+01
    1
 0.000000000E+00 0.000000000E+00 0.000000000E+00 0.000000000E+00 0.000000000E+00
 0.000000000E+00 0.000000000E+00 0.000000000E+00 0.000000000E+00 0.000000000E+00
 0.000000000E+00 0.000000000E+00 0.000000000E+00 0.000000000E+00 0.000000000E+00
 0.000000000E+00 0.000000000E+00 0.000000000E+00 0.000000000E+00 0.000000000E+00
 0.000000000E+00 0.000000000E+00 0.000000000E+00 0.000000000E+00 0.000000000E+00
 0.000000000E+00 0.000000000E+00 0.000000000E+00 0.000000000E+00 0.000000000E+00
 0.000000000E+00 0.000000000E+00 0.000000000E+00 0.000000000E+00 0.000000000E+00
 0.000000000E+00 0.000000000E+00 0.000000000E+00 0.000000000E+00 0.000000000E+00
 0.000000000E+00 0.000000000E+00 0.000000000E+00 0.000000000E+00 0.000000000E+00
 0.000000000E+00 0.000000000E+00 0.000000000E+00 0.000000000E+00 0.000000000E+00
 0.000000000E+00 0.000000000E+00 0.000000000E+00 0.000000000E+00 0.000000000E+00
 0.000000000E+00 0.000000000E+00 0.000000000E+00 0.000000000E+00 0.000000000E+00
 0.000000000E+00 0.000000000E+00 0.000000000E+00 0.000000000E+00 0.000000000E+00
