  EFITD    01/21/2000    #171650  4020ms           7  65  65
 0.170000005E+01 0.320000005E+01 0.169550002E+01 0.839999974E+00 0.000000000E+00
 0.169617283E+01 0.114582898E-01-0.144935742E+00 0.109823756E+00-0.200348425E+01
 0.881530062E+06-0.144935742E+00 0.000000000E+00 0.169617283E+01 0.000000000E+00
 0.114582898E-01 0.000000000E+00 0.109823756E+00 0.000000000E+00 0.000000000E+00
-0.347757840E+01-0.346643949E+01-0.345611072E+01-0.344656134E+01-0.343776035E+01
-0.342967701E+01-0.342228007E+01-0.341553879E+01-0.340942311E+01-0.340390229E+01
-0.339894652E+01-0.339452600E+01-0.339061189E+01-0.338717508E+01-0.338418722E+01
-0.338162112E+01-0.337944913E+01-0.337764502E+01-0.337618279E+01-0.337503743E+01
-0.337418413E+01-0.337359977E+01-0.337326074E+01-0.337314487E+01-0.337323093E+01
-0.337349820E+01-0.337392664E+01-0.337449741E+01-0.337519193E+01-0.337599277E+01
-0.337688351E+01-0.337784839E+01-0.337887239E+01-0.337994123E+01-0.338104177E+01
-0.338216162E+01-0.338328934E+01-0.338441372E+01-0.338552523E+01-0.338661432E+01
-0.338767338E+01-0.338869429E+01-0.338967109E+01-0.339059758E+01-0.339146876E+01
-0.339228058E+01-0.339302993E+01-0.339371419E+01-0.339433169E+01-0.339488125E+01
-0.339536333E+01-0.339577818E+01-0.339612794E+01-0.339641452E+01-0.339664125E+01
-0.339681244E+01-0.339693236E+01-0.339700723E+01-0.339704323E+01-0.339704752E+01
-0.339702845E+01-0.339699459E+01-0.339695621E+01-0.339692330E+01-0.339690757E+01
 0.786588672E+05 0.832261406E+05 0.870606953E+05 0.902094062E+05 0.927177578E+05
 0.946299062E+05 0.959886641E+05 0.968354688E+05 0.972104141E+05 0.971522656E+05
 0.966984062E+05 0.958848750E+05 0.947463828E+05 0.933162578E+05 0.916265000E+05
 0.897077344E+05 0.875892656E+05 0.852990234E+05 0.828635938E+05 0.803082188E+05
 0.776567656E+05 0.749317812E+05 0.721544375E+05 0.693445703E+05 0.665206484E+05
 0.636998164E+05 0.608978320E+05 0.581291328E+05 0.554067852E+05 0.527425156E+05
 0.501466914E+05 0.476283359E+05 0.451951133E+05 0.428533477E+05 0.406080000E+05
 0.384626875E+05 0.364196719E+05 0.344798711E+05 0.326428398E+05 0.309067930E+05
 0.292685859E+05 0.277237285E+05 0.262663789E+05 0.248893398E+05 0.235840645E+05
 0.223406602E+05 0.211478730E+05 0.199931074E+05 0.188624121E+05 0.177404844E+05
 0.166106699E+05 0.154549668E+05 0.142544951E+05 0.129935010E+05 0.116644648E+05
 0.102696816E+05 0.882127051E+04 0.734117773E+04 0.586117236E+04 0.442284863E+04
 0.307762598E+04 0.188674854E+04 0.921285278E+03 0.262129608E+03 0.000000000E+00
-0.100912657E+02-0.934005070E+01-0.862222004E+01-0.793706751E+01-0.728388548E+01
-0.666196728E+01-0.607060719E+01-0.550909758E+01-0.497673225E+01-0.447280455E+01
-0.399660730E+01-0.354743433E+01-0.312457871E+01-0.272733355E+01-0.235499263E+01
-0.200684905E+01-0.168219590E+01-0.138032687E+01-0.110053515E+01-0.842114031E+00
-0.604357600E+00-0.386565447E+00-0.188039556E+00-0.808195863E-02 0.154005304E+00
 0.298920214E+00 0.427360713E+00 0.540024817E+00 0.637610376E+00 0.720815480E+00
 0.790338039E+00 0.846876025E+00 0.891127408E+00 0.923790097E+00 0.945562065E+00
 0.957141280E+00 0.959225655E+00 0.952513218E+00 0.937701881E+00 0.915489614E+00
 0.886574328E+00 0.851653934E+00 0.811426520E+00 0.766589940E+00 0.717842102E+00
 0.665881097E+00 0.611404717E+00 0.555110991E+00 0.497697860E+00 0.439863265E+00
 0.382305115E+00 0.325721443E+00 0.270810097E+00 0.218269110E+00 0.168796375E+00
 0.123089857E+00 0.818475038E-01 0.457672626E-01 0.155470846E-01-0.811508298E-02
-0.245212894E-01-0.329735838E-01-0.327740125E-01-0.232246276E-01-0.362747000E-02
 0.124239788E+07 0.105235800E+07 0.874258562E+06 0.707760125E+06 0.552523188E+06
 0.408208344E+06 0.274476125E+06 0.150987031E+06 0.374016250E+05-0.666195703E+05
-0.161416016E+06-0.247327156E+06-0.324692469E+06-0.393851406E+06-0.455143406E+06
-0.508907969E+06-0.555484500E+06-0.595212500E+06-0.628431375E+06-0.655480625E+06
-0.676699688E+06-0.692428062E+06-0.703005062E+06-0.708770312E+06-0.710063125E+06
-0.707223000E+06-0.700589438E+06-0.690501812E+06-0.677299625E+06-0.661322312E+06
-0.642909375E+06-0.622400125E+06-0.600134125E+06-0.576450750E+06-0.551689562E+06
-0.526189875E+06-0.500291219E+06-0.474333031E+06-0.448654750E+06-0.423595844E+06
-0.399495719E+06-0.376693844E+06-0.355529688E+06-0.336342688E+06-0.319472250E+06
-0.305257906E+06-0.294039031E+06-0.286155125E+06-0.281945594E+06-0.281749938E+06
-0.285907562E+06-0.294757938E+06-0.308400969E+06-0.325165781E+06-0.342588031E+06
-0.358199562E+06-0.369532219E+06-0.374117844E+06-0.369488281E+06-0.353175406E+06
-0.322711031E+06-0.275627000E+06-0.209455203E+06-0.121727438E+06-0.997556152E+04
 0.103884555E+00 0.102279499E+00 0.100352697E+00 0.980202407E-01 0.952273756E-01
 0.919332355E-01 0.880824625E-01 0.835735649E-01 0.782614425E-01 0.718677491E-01
 0.637300834E-01 0.527481325E-01 0.411653630E-01 0.335404351E-01 0.289597865E-01
 0.270479098E-01 0.277250726E-01 0.310889017E-01 0.374733619E-01 0.476055332E-01
 0.629035234E-01 0.787726790E-01 0.917054191E-01 0.102860853E+00 0.112858064E+00
 0.122039258E+00 0.130598336E+00 0.138634071E+00 0.146166310E+00 0.153154224E+00
 0.160501078E+00 0.168521047E+00 0.177143976E+00 0.186424404E+00 0.196387365E+00
 0.207120165E+00 0.218293488E+00 0.229037300E+00 0.239492625E+00 0.249757245E+00
 0.259901494E+00 0.269975483E+00 0.280010968E+00 0.290022254E+00 0.300007969E+00
 0.309953123E+00 0.319831431E+00 0.329606861E+00 0.339235157E+00 0.348664880E+00
 0.357838809E+00 0.366695374E+00 0.375170439E+00 0.383199334E+00 0.390719295E+00
 0.397671998E+00 0.404006153E+00 0.409679800E+00 0.414662182E+00 0.418935150E+00
 0.422493726E+00 0.425345868E+00 0.427511662E+00 0.429021716E+00 0.429915279E+00
 0.104194194E+00 0.102425553E+00 0.100406349E+00 0.980771258E-01 0.953842178E-01
 0.922764391E-01 0.887200013E-01 0.846740827E-01 0.800310746E-01 0.746377110E-01
 0.682259426E-01 0.607115328E-01 0.533552691E-01 0.479041524E-01 0.445851013E-01
 0.434023961E-01 0.443919040E-01 0.476580933E-01 0.533798039E-01 0.617819354E-01
 0.728688389E-01 0.848039538E-01 0.959136114E-01 0.106160000E+00 0.115697123E+00
 0.124663845E+00 0.133156449E+00 0.141223654E+00 0.148858652E+00 0.156012118E+00
 0.163542122E+00 0.171768725E+00 0.180639178E+00 0.190191597E+00 0.200478733E+00
 0.211611986E+00 0.223246142E+00 0.234560624E+00 0.245685428E+00 0.256708682E+00
 0.267687947E+00 0.278660536E+00 0.289647996E+00 0.300657809E+00 0.311684370E+00
 0.322709382E+00 0.333702505E+00 0.344621778E+00 0.355414003E+00 0.366015613E+00
 0.376353532E+00 0.386346847E+00 0.395909071E+00 0.404951096E+00 0.413384885E+00
 0.421127647E+00 0.428106159E+00 0.434260935E+00 0.439549387E+00 0.443948299E+00
 0.447454661E+00 0.450085133E+00 0.451874256E+00 0.452871561E+00 0.453137994E+00
 0.104984865E+00 0.103264540E+00 0.101342082E+00 0.991762578E-01 0.967311040E-01
 0.940506309E-01 0.911226422E-01 0.879247189E-01 0.844465494E-01 0.806526989E-01
 0.766148344E-01 0.725713074E-01 0.689331144E-01 0.661580935E-01 0.645917505E-01
 0.644457117E-01 0.658455268E-01 0.688617751E-01 0.735050887E-01 0.796809494E-01
 0.871165097E-01 0.953566730E-01 0.103938155E+00 0.112559602E+00 0.121079445E+00
 0.129448369E+00 0.137659714E+00 0.145725012E+00 0.153669059E+00 0.161576435E+00
 0.169749394E+00 0.178395480E+00 0.187570944E+00 0.197308719E+00 0.207633957E+00
 0.218543157E+00 0.229845226E+00 0.241266489E+00 0.252761990E+00 0.264341176E+00
 0.276019514E+00 0.287809581E+00 0.299717546E+00 0.311740994E+00 0.323867530E+00
 0.336073369E+00 0.348322093E+00 0.360563785E+00 0.372733802E+00 0.384752512E+00
 0.396525383E+00 0.407944083E+00 0.418888986E+00 0.429233313E+00 0.438848764E+00
 0.447612524E+00 0.455415010E+00 0.462167352E+00 0.467807561E+00 0.472304851E+00
 0.475660890E+00 0.477908760E+00 0.479108721E+00 0.479342759E+00 0.478707612E+00
 0.106173240E+00 0.104619317E+00 0.102920577E+00 0.101055525E+00 0.990172476E-01
 0.968834236E-01 0.946642980E-01 0.923298821E-01 0.898859799E-01 0.873938352E-01
 0.849589482E-01 0.827382654E-01 0.809310228E-01 0.797501057E-01 0.793879032E-01
 0.799941644E-01 0.816681907E-01 0.844565183E-01 0.883484781E-01 0.932695195E-01
 0.990806669E-01 0.105596453E+00 0.112622067E+00 0.119991027E+00 0.127583951E+00
 0.135328352E+00 0.143190414E+00 0.151168138E+00 0.159289882E+00 0.167616040E+00
 0.176230773E+00 0.185215652E+00 0.194629192E+00 0.204503983E+00 0.214846924E+00
 0.225635186E+00 0.236816585E+00 0.248330146E+00 0.260132015E+00 0.272200227E+00
 0.284526378E+00 0.297107607E+00 0.309940606E+00 0.323017806E+00 0.336324096E+00
 0.349833846E+00 0.363508105E+00 0.377291739E+00 0.391110361E+00 0.404867679E+00
 0.418443531E+00 0.431693226E+00 0.444449365E+00 0.456526905E+00 0.467731744E+00
 0.477873087E+00 0.486777902E+00 0.494305640E+00 0.500360608E+00 0.504900217E+00
 0.507937610E+00 0.509537935E+00 0.509809911E+00 0.508893430E+00 0.506946325E+00
 0.107636981E+00 0.106308721E+00 0.104900315E+00 0.103406668E+00 0.101837270E+00
 0.100242607E+00 0.986097455E-01 0.969595090E-01 0.953310430E-01 0.937839076E-01
 0.923996791E-01 0.912805051E-01 0.905430242E-01 0.903078243E-01 0.906871259E-01
 0.917738676E-01 0.936338305E-01 0.963008180E-01 0.997741371E-01 0.104018897E+00
 0.108970262E+00 0.114542730E+00 0.120643184E+00 0.127184227E+00 0.134093985E+00
 0.141321257E+00 0.148836583E+00 0.156631336E+00 0.164715663E+00 0.173115119E+00
 0.181864768E+00 0.191001713E+00 0.200557947E+00 0.210555702E+00 0.221005276E+00
 0.231905043E+00 0.243244216E+00 0.255008131E+00 0.267183959E+00 0.279763907E+00
 0.292745084E+00 0.306127727E+00 0.319912195E+00 0.334096223E+00 0.348671407E+00
 0.363619834E+00 0.378909826E+00 0.394491047E+00 0.410288781E+00 0.426197231E+00
 0.442072988E+00 0.457729161E+00 0.472932994E+00 0.487409472E+00 0.500853717E+00
 0.512953222E+00 0.523417354E+00 0.532008588E+00 0.538568735E+00 0.543036520E+00
 0.545451999E+00 0.545947790E+00 0.544728637E+00 0.542043626E+00 0.538157821E+00
 0.109235480E+00 0.108121380E+00 0.107036047E+00 0.105926424E+00 0.104781836E+00
 0.103626139E+00 0.102484025E+00 0.101386011E+00 0.100371964E+00 0.994925499E-01
 0.988091528E-01 0.983921662E-01 0.983174890E-01 0.986615419E-01 0.994956493E-01
 0.100880481E+00 0.102861665E+00 0.105466738E+00 0.108703867E+00 0.112562455E+00
 0.117015839E+00 0.122025810E+00 0.127548382E+00 0.133539796E+00 0.139961630E+00
 0.146784380E+00 0.153989404E+00 0.161569387E+00 0.169527516E+00 0.177875698E+00
 0.186631784E+00 0.195816413E+00 0.205450043E+00 0.215550601E+00 0.226132214E+00
 0.237205148E+00 0.248776779E+00 0.260853410E+00 0.273442030E+00 0.286551744E+00
 0.300194234E+00 0.314383298E+00 0.329133779E+00 0.344459474E+00 0.360370874E+00
 0.376871645E+00 0.393953919E+00 0.411592007E+00 0.429733515E+00 0.448287308E+00
 0.467108041E+00 0.485977829E+00 0.504588246E+00 0.522530675E+00 0.539306700E+00
 0.554369867E+00 0.567194164E+00 0.577347338E+00 0.584548771E+00 0.588704407E+00
 0.589917839E+00 0.588472128E+00 0.584778488E+00 0.579304516E+00 0.572508574E+00
 0.110981099E+00 0.110069588E+00 0.109251320E+00 0.108455002E+00 0.107649177E+00
 0.106857546E+00 0.106107377E+00 0.105430178E+00 0.104862675E+00 0.104447231E+00
 0.104231514E+00 0.104267262E+00 0.104608305E+00 0.105307929E+00 0.106415965E+00
 0.107975990E+00 0.110022895E+00 0.112581275E+00 0.115664728E+00 0.119276211E+00
 0.123409390E+00 0.128050953E+00 0.133183375E+00 0.138787940E+00 0.144847512E+00
 0.151348725E+00 0.158283398E+00 0.165649280E+00 0.173449978E+00 0.181694314E+00
 0.190395266E+00 0.199568599E+00 0.209231719E+00 0.219402537E+00 0.230099022E+00
 0.241339132E+00 0.253141195E+00 0.265524745E+00 0.278511494E+00 0.292126030E+00
 0.306396455E+00 0.321354747E+00 0.337036490E+00 0.353480399E+00 0.370727062E+00
 0.388817102E+00 0.407787770E+00 0.427667409E+00 0.448466331E+00 0.470161557E+00
 0.492672056E+00 0.515819073E+00 0.539267540E+00 0.562452793E+00 0.584530056E+00
 0.604437530E+00 0.621121645E+00 0.633753955E+00 0.641818762E+00 0.645148218E+00
 0.643969297E+00 0.638921916E+00 0.630926192E+00 0.620927811E+00 0.609724939E+00
 0.112822324E+00 0.112098396E+00 0.111497693E+00 0.110938288E+00 0.110388912E+00
 0.109871142E+00 0.109409951E+00 0.109033935E+00 0.108775280E+00 0.108669557E+00
 0.108755246E+00 0.109072842E+00 0.109663635E+00 0.110568240E+00 0.111824989E+00
 0.113468386E+00 0.115527838E+00 0.118026718E+00 0.120981984E+00 0.124404319E+00
 0.128298849E+00 0.132666245E+00 0.137504205E+00 0.142809048E+00 0.148577258E+00
 0.154806778E+00 0.161498010E+00 0.168654501E+00 0.176283136E+00 0.184394151E+00
 0.193000779E+00 0.202118888E+00 0.211766526E+00 0.221963733E+00 0.232732326E+00
 0.244096160E+00 0.256081492E+00 0.268717706E+00 0.282037973E+00 0.296080410E+00
 0.310888797E+00 0.326513797E+00 0.343013793E+00 0.360456109E+00 0.378918022E+00
 0.398487717E+00 0.419265002E+00 0.441361278E+00 0.464897513E+00 0.489998341E+00
 0.516776443E+00 0.545295179E+00 0.575478673E+00 0.606902361E+00 0.638373315E+00
 0.667071462E+00 0.690446794E+00 0.707223713E+00 0.716617346E+00 0.718207002E+00
 0.712038457E+00 0.699509621E+00 0.683559954E+00 0.666121185E+00 0.648387313E+00
 0.114717066E+00 0.114152193E+00 0.113715924E+00 0.113332003E+00 0.112966731E+00
 0.112639859E+00 0.112374164E+00 0.112195276E+00 0.112131469E+00 0.112213358E+00
 0.112473384E+00 0.112945184E+00 0.113662831E+00 0.114659868E+00 0.115968429E+00
 0.117618300E+00 0.119636215E+00 0.122045293E+00 0.124864779E+00 0.128110141E+00
 0.131793305E+00 0.135923341E+00 0.140507221E+00 0.145550653E+00 0.151059017E+00
 0.157038167E+00 0.163495123E+00 0.170438573E+00 0.177879259E+00 0.185830176E+00
 0.194306627E+00 0.203326240E+00 0.212909058E+00 0.223077595E+00 0.233857036E+00
 0.245275676E+00 0.257365435E+00 0.270162612E+00 0.283708930E+00 0.298052549E+00
 0.313249737E+00 0.329366386E+00 0.346480370E+00 0.364684075E+00 0.384088010E+00
 0.404825389E+00 0.427058071E+00 0.450984985E+00 0.476853907E+00 0.504978120E+00
 0.535762310E+00 0.569744945E+00 0.607678294E+00 0.650729477E+00 0.699920118E+00
 0.743835032E+00 0.777513146E+00 0.800680459E+00 0.812734723E+00 0.812305450E+00
 0.798999906E+00 0.770649254E+00 0.739760756E+00 0.710992813E+00 0.684636652E+00
 0.116654158E+00 0.116208494E+00 0.115889296E+00 0.115623951E+00 0.115376495E+00
 0.115165308E+00 0.115011618E+00 0.114938945E+00 0.114972845E+00 0.115140632E+00
 0.115470991E+00 0.115993530E+00 0.116738208E+00 0.117734775E+00 0.119012155E+00
 0.120597862E+00 0.122517593E+00 0.124794811E+00 0.127450585E+00 0.130503580E+00
 0.133970171E+00 0.137864783E+00 0.142200291E+00 0.146988556E+00 0.152240902E+00
 0.157968685E+00 0.164183766E+00 0.170898959E+00 0.178128347E+00 0.185887605E+00
 0.194194183E+00 0.203067631E+00 0.212529749E+00 0.222604960E+00 0.233320653E+00
 0.244707704E+00 0.256801158E+00 0.269641131E+00 0.283273816E+00 0.297752857E+00
 0.313141137E+00 0.329512924E+00 0.346956581E+00 0.365578383E+00 0.385507286E+00
 0.406901628E+00 0.429958463E+00 0.454926848E+00 0.482127458E+00 0.511982501E+00
 0.545062721E+00 0.582164526E+00 0.624437988E+00 0.673576772E+00 0.731926978E+00
 0.791938007E+00 0.837180257E+00 0.867487252E+00 0.883207381E+00 0.884121001E+00
 0.868064880E+00 0.833778739E+00 0.786538243E+00 0.745952666E+00 0.711292744E+00
 0.118632346E+00 0.118269317E+00 0.118030518E+00 0.117829777E+00 0.117636725E+00
 0.117470726E+00 0.117352366E+00 0.117303826E+00 0.117348947E+00 0.117513083E+00
 0.117822811E+00 0.118305571E+00 0.118989281E+00 0.119901903E+00 0.121071011E+00
 0.122523375E+00 0.124284685E+00 0.126379207E+00 0.128829673E+00 0.131657198E+00
 0.134881318E+00 0.138520122E+00 0.142590493E+00 0.147108391E+00 0.152089193E+00
 0.157548040E+00 0.163500205E+00 0.169961423E+00 0.176948205E+00 0.184478179E+00
 0.192570344E+00 0.201245397E+00 0.210526049E+00 0.220437378E+00 0.231007338E+00
 0.242267221E+00 0.254252434E+00 0.267003268E+00 0.280565977E+00 0.294994086E+00
 0.310350001E+00 0.326707214E+00 0.344152808E+00 0.362790942E+00 0.382747501E+00
 0.404176056E+00 0.427266091E+00 0.452254355E+00 0.479440331E+00 0.509208143E+00
 0.542056203E+00 0.578636944E+00 0.619803846E+00 0.666656852E+00 0.720570862E+00
 0.782781839E+00 0.834726691E+00 0.870150506E+00 0.889667153E+00 0.893487394E+00
 0.882042646E+00 0.853151739E+00 0.806399465E+00 0.758905709E+00 0.719953179E+00
 0.120705061E+00 0.120405935E+00 0.120187305E+00 0.119987480E+00 0.119783513E+00
 0.119594164E+00 0.119438373E+00 0.119336948E+00 0.119312637E+00 0.119389810E+00
 0.119594216E+00 0.119952559E+00 0.120492168E+00 0.121240623E+00 0.122225434E+00
 0.123473704E+00 0.125011876E+00 0.126865476E+00 0.129058942E+00 0.131615549E+00
 0.134557292E+00 0.137905017E+00 0.141678438E+00 0.145896375E+00 0.150576904E+00
 0.155737698E+00 0.161396220E+00 0.167570010E+00 0.174277022E+00 0.181535900E+00
 0.189366177E+00 0.197788686E+00 0.206825852E+00 0.216501996E+00 0.226843849E+00
 0.237880915E+00 0.249646202E+00 0.262176752E+00 0.275514603E+00 0.289707810E+00
 0.304811537E+00 0.320889801E+00 0.338017046E+00 0.356280684E+00 0.375783712E+00
 0.396648169E+00 0.419019401E+00 0.443070710E+00 0.469009221E+00 0.497081369E+00
 0.527577639E+00 0.560834110E+00 0.597227454E+00 0.637163639E+00 0.681075394E+00
 0.729547381E+00 0.779296696E+00 0.812975347E+00 0.832741261E+00 0.839746237E+00
 0.833527148E+00 0.815178096E+00 0.782919288E+00 0.740126431E+00 0.704787433E+00
 0.122894898E+00 0.122640193E+00 0.122391783E+00 0.122132741E+00 0.121859320E+00
 0.121583059E+00 0.121320441E+00 0.121091522E+00 0.120918982E+00 0.120827489E+00
 0.120843180E+00 0.120993279E+00 0.121305712E+00 0.121808819E+00 0.122531034E+00
 0.123500645E+00 0.124745555E+00 0.126293004E+00 0.128169432E+00 0.130400196E+00
 0.133009553E+00 0.136020541E+00 0.139455050E+00 0.143333852E+00 0.147676840E+00
 0.152503133E+00 0.157831371E+00 0.163679972E+00 0.170067310E+00 0.177012026E+00
 0.184533268E+00 0.192650929E+00 0.201385930E+00 0.210760504E+00 0.220798567E+00
 0.231525987E+00 0.242971018E+00 0.255164802E+00 0.268141806E+00 0.281940460E+00
 0.296603888E+00 0.312180459E+00 0.328724623E+00 0.346297711E+00 0.364968598E+00
 0.384814024E+00 0.405918449E+00 0.428372979E+00 0.452271879E+00 0.477706045E+00
 0.504749835E+00 0.533437431E+00 0.563720345E+00 0.595389068E+00 0.627919078E+00
 0.660135627E+00 0.689625502E+00 0.713197529E+00 0.728958607E+00 0.736337006E+00
 0.735345066E+00 0.726417363E+00 0.710655510E+00 0.690431833E+00 0.669072628E+00
 0.125186339E+00 0.124932051E+00 0.124646828E+00 0.124310084E+00 0.123922840E+00
 0.123500295E+00 0.123061419E+00 0.122628473E+00 0.122226231E+00 0.121881358E+00
 0.121621840E+00 0.121476583E+00 0.121475153E+00 0.121647514E+00 0.122023866E+00
 0.122634448E+00 0.123509318E+00 0.124678060E+00 0.126169533E+00 0.128011540E+00
 0.130230576E+00 0.132851735E+00 0.135898575E+00 0.139393225E+00 0.143356517E+00
 0.147808209E+00 0.152767211E+00 0.158251882E+00 0.164280146E+00 0.170869783E+00
 0.178038627E+00 0.185804740E+00 0.194186583E+00 0.203203276E+00 0.212874696E+00
 0.223221764E+00 0.234266520E+00 0.246032447E+00 0.258544534E+00 0.271829545E+00
 0.285915971E+00 0.300834149E+00 0.316615969E+00 0.333294451E+00 0.350902766E+00
 0.369472533E+00 0.389030963E+00 0.409596413E+00 0.431171268E+00 0.453730822E+00
 0.477206647E+00 0.501461506E+00 0.526253223E+00 0.551183760E+00 0.575637579E+00
 0.598732173E+00 0.619352937E+00 0.636346996E+00 0.648799360E+00 0.656195521E+00
 0.658442497E+00 0.655852675E+00 0.649135232E+00 0.639335036E+00 0.627626896E+00
 0.127719969E+00 0.127448395E+00 0.127091736E+00 0.126633048E+00 0.126074597E+00
 0.125435978E+00 0.124741405E+00 0.124018289E+00 0.123296015E+00 0.122605115E+00
 0.121976711E+00 0.121442333E+00 0.121033788E+00 0.120783232E+00 0.120723173E+00
 0.120886460E+00 0.121306114E+00 0.122014999E+00 0.123045288E+00 0.124427900E+00
 0.126192003E+00 0.128364742E+00 0.130971059E+00 0.134033754E+00 0.137573734E+00
 0.141610399E+00 0.146162093E+00 0.151246265E+00 0.156879649E+00 0.163078427E+00
 0.169858396E+00 0.177235112E+00 0.185223982E+00 0.193840325E+00 0.203099400E+00
 0.213016465E+00 0.223606765E+00 0.234885484E+00 0.246867642E+00 0.259567946E+00
 0.273000389E+00 0.287177891E+00 0.302111298E+00 0.317808390E+00 0.334272116E+00
 0.351497978E+00 0.369470716E+00 0.388159066E+00 0.407509208E+00 0.427435488E+00
 0.447808623E+00 0.468441010E+00 0.489070088E+00 0.509342849E+00 0.528807700E+00
 0.546925187E+00 0.563108146E+00 0.576792955E+00 0.587522745E+00 0.595014930E+00
 0.599198103E+00 0.600218058E+00 0.598416388E+00 0.594279826E+00 0.588362813E+00
 0.130669892E+00 0.130367264E+00 0.129904300E+00 0.129263580E+00 0.128454506E+00
 0.127506793E+00 0.126455367E+00 0.125337169E+00 0.124189116E+00 0.123047158E+00
 0.121946193E+00 0.120920315E+00 0.120003320E+00 0.119229279E+00 0.118632995E+00
 0.118250348E+00 0.118118368E+00 0.118274987E+00 0.118757553E+00 0.119601555E+00
 0.120839745E+00 0.122501642E+00 0.124613233E+00 0.127196968E+00 0.130272225E+00
 0.133856475E+00 0.137966663E+00 0.142618835E+00 0.147827879E+00 0.153607637E+00
 0.159971431E+00 0.166931957E+00 0.174501330E+00 0.182690889E+00 0.191511169E+00
 0.200971782E+00 0.211081266E+00 0.221846804E+00 0.233274087E+00 0.245366752E+00
 0.258125991E+00 0.271549791E+00 0.285631925E+00 0.300360590E+00 0.315716714E+00
 0.331671476E+00 0.348183453E+00 0.365194559E+00 0.382625401E+00 0.400369793E+00
 0.418288350E+00 0.436202586E+00 0.453889966E+00 0.471082330E+00 0.487470597E+00
 0.502718031E+00 0.516483605E+00 0.528453469E+00 0.538374722E+00 0.546084106E+00
 0.551526129E+00 0.554757237E+00 0.555935144E+00 0.555296242E+00 0.553123355E+00
 0.134294719E+00 0.133962855E+00 0.133343711E+00 0.132425845E+00 0.131241485E+00
 0.129846826E+00 0.128299564E+00 0.126652658E+00 0.124952838E+00 0.123241194E+00
 0.121554732E+00 0.119927965E+00 0.118394487E+00 0.116988368E+00 0.115745485E+00
 0.114704557E+00 0.113907292E+00 0.113401905E+00 0.113235332E+00 0.113450348E+00
 0.114084885E+00 0.115171500E+00 0.116737105E+00 0.118801802E+00 0.121379025E+00
 0.124479666E+00 0.128120273E+00 0.132316440E+00 0.137080565E+00 0.142422691E+00
 0.148353383E+00 0.154882893E+00 0.162020251E+00 0.169773072E+00 0.178147539E+00
 0.187148124E+00 0.196777269E+00 0.207035154E+00 0.217919290E+00 0.229424059E+00
 0.241540179E+00 0.254253983E+00 0.267546535E+00 0.281392395E+00 0.295758307E+00
 0.310601324E+00 0.325866789E+00 0.341485858E+00 0.357372791E+00 0.373422265E+00
 0.389506906E+00 0.405475497E+00 0.421152979E+00 0.436342508E+00 0.450831234E+00
 0.464399308E+00 0.476833016E+00 0.487939805E+00 0.497563511E+00 0.505597293E+00
 0.511991680E+00 0.516756415E+00 0.519956172E+00 0.521700919E+00 0.522132754E+00
 0.139031291E+00 0.138712361E+00 0.137833536E+00 0.136435792E+00 0.134639278E+00
 0.132572189E+00 0.130332425E+00 0.127990037E+00 0.125596166E+00 0.123190232E+00
 0.120804854E+00 0.118469201E+00 0.116211452E+00 0.114061095E+00 0.112051502E+00
 0.110223733E+00 0.108612128E+00 0.107302859E+00 0.106361836E+00 0.105841734E+00
 0.105786487E+00 0.106233358E+00 0.107212313E+00 0.108741030E+00 0.110811941E+00
 0.113400429E+00 0.116546303E+00 0.120272383E+00 0.124585606E+00 0.129481792E+00
 0.134971783E+00 0.141066626E+00 0.147772819E+00 0.155094355E+00 0.163033873E+00
 0.171591640E+00 0.180765018E+00 0.190548271E+00 0.200932205E+00 0.211903766E+00
 0.223445535E+00 0.235535204E+00 0.248144880E+00 0.261240304E+00 0.274779886E+00
 0.288713634E+00 0.302981943E+00 0.317514330E+00 0.332228184E+00 0.347027808E+00
 0.361803830E+00 0.376433372E+00 0.390781194E+00 0.404702544E+00 0.418047130E+00
 0.430665106E+00 0.442413867E+00 0.453165680E+00 0.462814689E+00 0.471282274E+00
 0.478520185E+00 0.484510750E+00 0.489264548E+00 0.492816538E+00 0.495221645E+00
 0.145818457E+00 0.145713702E+00 0.144160256E+00 0.141655430E+00 0.138744339E+00
 0.135656163E+00 0.132483512E+00 0.129273534E+00 0.126055166E+00 0.122849107E+00
 0.119672120E+00 0.116539389E+00 0.113465950E+00 0.110467725E+00 0.107562661E+00
 0.104850352E+00 0.102411330E+00 0.100311846E+00 0.986043513E-01 0.973306820E-01
 0.965255275E-01 0.962193683E-01 0.964402333E-01 0.972145647E-01 0.985678136E-01
 0.100527726E+00 0.103128307E+00 0.106391653E+00 0.110298984E+00 0.114740431E+00
 0.119779997E+00 0.125445977E+00 0.131735340E+00 0.138643637E+00 0.146173969E+00
 0.154324099E+00 0.163086653E+00 0.172451258E+00 0.182403311E+00 0.192923814E+00
 0.203989014E+00 0.215570137E+00 0.227632985E+00 0.240137532E+00 0.253037512E+00
 0.266279966E+00 0.279804558E+00 0.293543339E+00 0.307420254E+00 0.321351230E+00
 0.335244268E+00 0.349000365E+00 0.362515002E+00 0.375680268E+00 0.388387680E+00
 0.400531769E+00 0.412013888E+00 0.422745705E+00 0.432652086E+00 0.441672653E+00
 0.449761242E+00 0.456883460E+00 0.463012516E+00 0.468125850E+00 0.472205430E+00
 0.155690834E+00 0.156602859E+00 0.152555913E+00 0.147593424E+00 0.143042371E+00
 0.138685405E+00 0.134443238E+00 0.130279943E+00 0.126176625E+00 0.122122563E+00
 0.118111491E+00 0.114139929E+00 0.110206239E+00 0.106310390E+00 0.102573007E+00
 0.990873575E-01 0.959222019E-01 0.931270123E-01 0.907371789E-01 0.887788907E-01
 0.872734040E-01 0.862403810E-01 0.857003480E-01 0.856764689E-01 0.861958265E-01
 0.872904509E-01 0.889971703E-01 0.913543999E-01 0.943978652E-01 0.981592834E-01
 0.102678344E+00 0.107955150E+00 0.113872156E+00 0.120383888E+00 0.127540335E+00
 0.135334894E+00 0.143748254E+00 0.152769104E+00 0.162378386E+00 0.172551781E+00
 0.183260366E+00 0.194469914E+00 0.206141144E+00 0.218229741E+00 0.230686381E+00
 0.243456706E+00 0.256481290E+00 0.269695669E+00 0.283030659E+00 0.296412557E+00
 0.309763968E+00 0.323004663E+00 0.336052984E+00 0.348827422E+00 0.361248851E+00
 0.373242587E+00 0.384740680E+00 0.395683736E+00 0.406022102E+00 0.415715516E+00
 0.424730182E+00 0.433032334E+00 0.440575182E+00 0.447281808E+00 0.453036875E+00
 0.161747262E+00 0.162836656E+00 0.158164397E+00 0.152043208E+00 0.146339864E+00
 0.140938848E+00 0.135748446E+00 0.130705208E+00 0.125764951E+00 0.120895818E+00
 0.116073765E+00 0.111279629E+00 0.106497392E+00 0.101831712E+00 0.973943174E-01
 0.932627097E-01 0.894870013E-01 0.860975757E-01 0.831121802E-01 0.805418864E-01
 0.783957839E-01 0.766843483E-01 0.754217133E-01 0.746270046E-01 0.743249953E-01
 0.745462105E-01 0.753265545E-01 0.767065138E-01 0.787305534E-01 0.814470500E-01
 0.849080905E-01 0.891632512E-01 0.942532942E-01 0.100216553E+00 0.107049361E+00
 0.114583112E+00 0.122712530E+00 0.131481096E+00 0.140855700E+00 0.150804415E+00
 0.161295518E+00 0.172288209E+00 0.183737874E+00 0.195595786E+00 0.207809597E+00
 0.220323563E+00 0.233078822E+00 0.246013820E+00 0.259064734E+00 0.272166103E+00
 0.285251647E+00 0.298255146E+00 0.311111778E+00 0.323759347E+00 0.336139977E+00
 0.348201871E+00 0.359900922E+00 0.371202558E+00 0.382082939E+00 0.392530024E+00
 0.402543604E+00 0.412132889E+00 0.421306014E+00 0.430015326E+00 0.437951505E+00
 0.165310144E+00 0.166382611E+00 0.161085710E+00 0.154422671E+00 0.148073778E+00
 0.141978160E+00 0.136079624E+00 0.130326763E+00 0.124675423E+00 0.119088456E+00
 0.113534138E+00 0.107983626E+00 0.102491073E+00 0.971932560E-01 0.921822116E-01
 0.875131935E-01 0.832143947E-01 0.792964175E-01 0.757604465E-01 0.726047680E-01
 0.698295608E-01 0.674401596E-01 0.654489547E-01 0.638761595E-01 0.627496317E-01
 0.621040165E-01 0.619794801E-01 0.624202043E-01 0.634729713E-01 0.651861131E-01
 0.676089227E-01 0.707912818E-01 0.747842640E-01 0.796412826E-01 0.854137465E-01
 0.921417102E-01 0.998560339E-01 0.108513236E+00 0.117788814E+00 0.127645969E+00
 0.138082594E+00 0.149032146E+00 0.160446092E+00 0.172269315E+00 0.184445575E+00
 0.196916670E+00 0.209623098E+00 0.222504511E+00 0.235500410E+00 0.248550877E+00
 0.261597365E+00 0.274583578E+00 0.287456661E+00 0.300168216E+00 0.312675804E+00
 0.324944317E+00 0.336947948E+00 0.348671943E+00 0.360115230E+00 0.371293336E+00
 0.382243633E+00 0.393034905E+00 0.403791279E+00 0.414769679E+00 0.425889879E+00
 0.166388944E+00 0.167291611E+00 0.162005931E+00 0.155034930E+00 0.148295492E+00
 0.141752124E+00 0.135361180E+00 0.129079297E+00 0.122866780E+00 0.116688736E+00
 0.110515572E+00 0.104323894E+00 0.982695073E-01 0.924671814E-01 0.869838595E-01
 0.818499252E-01 0.770710036E-01 0.726386979E-01 0.685394481E-01 0.647614226E-01
 0.612994656E-01 0.581582859E-01 0.553541370E-01 0.529149510E-01 0.508789644E-01
 0.492929518E-01 0.482101366E-01 0.476876907E-01 0.477840938E-01 0.485564359E-01
 0.500579812E-01 0.523362756E-01 0.554321483E-01 0.593803003E-01 0.642123967E-01
 0.699636787E-01 0.766770467E-01 0.843965113E-01 0.931495279E-01 0.102942809E+00
 0.113579758E+00 0.124674708E+00 0.136261731E+00 0.148260146E+00 0.160612747E+00
 0.173256844E+00 0.186130449E+00 0.199172303E+00 0.212322742E+00 0.225524679E+00
 0.238724247E+00 0.251871675E+00 0.264921963E+00 0.277835995E+00 0.290581584E+00
 0.303134680E+00 0.315481246E+00 0.327618867E+00 0.339559436E+00 0.351331949E+00
 0.362986296E+00 0.374597132E+00 0.386265397E+00 0.398111522E+00 0.409739345E+00
 0.165964678E+00 0.166665345E+00 0.161246017E+00 0.154101506E+00 0.147159144E+00
 0.140366018E+00 0.133668870E+00 0.127023041E+00 0.120391145E+00 0.113740951E+00
 0.107042760E+00 0.100376591E+00 0.938954726E-01 0.876898021E-01 0.818002746E-01
 0.762323737E-01 0.709699690E-01 0.659870431E-01 0.612574220E-01 0.567623489E-01
 0.524962991E-01 0.484693497E-01 0.447069556E-01 0.412493348E-01 0.381501690E-01
 0.354745463E-01 0.332961231E-01 0.316936150E-01 0.307467636E-01 0.305321291E-01
 0.311189815E-01 0.325657427E-01 0.349173248E-01 0.382038243E-01 0.424408503E-01
 0.476318449E-01 0.537721589E-01 0.608562455E-01 0.688933581E-01 0.779238641E-01
 0.879959464E-01 0.991270989E-01 0.111186646E+00 0.123573594E+00 0.136332378E+00
 0.149373680E+00 0.162633508E+00 0.176046357E+00 0.189550564E+00 0.203089386E+00
 0.216611326E+00 0.230070397E+00 0.243426546E+00 0.256646216E+00 0.269703120E+00
 0.282579213E+00 0.295265853E+00 0.307765275E+00 0.320092410E+00 0.332277179E+00
 0.344366878E+00 0.356428504E+00 0.368549883E+00 0.380837828E+00 0.393095374E+00
 0.164217696E+00 0.164698943E+00 0.158783555E+00 0.151710436E+00 0.144827142E+00
 0.138004169E+00 0.131180048E+00 0.124318652E+00 0.117394395E+00 0.110387333E+00
 0.103283100E+00 0.962637067E-01 0.894505680E-01 0.829035118E-01 0.766349584E-01
 0.706253201E-01 0.648374930E-01 0.592296794E-01 0.537666194E-01 0.484284498E-01
 0.432133786E-01 0.381386653E-01 0.332411267E-01 0.285768993E-01 0.242201407E-01
 0.202605221E-01 0.167994685E-01 0.139452908E-01 0.118075078E-01 0.104908273E-01
 0.100893062E-01 0.106811747E-01 0.123247495E-01 0.150557300E-01 0.188860875E-01
 0.238047279E-01 0.297801998E-01 0.367659666E-01 0.447089970E-01 0.535613336E-01
 0.632952526E-01 0.739334375E-01 0.855466127E-01 0.981669798E-01 0.111655749E+00
 0.125325069E+00 0.139204100E+00 0.153204829E+00 0.167259544E+00 0.181311324E+00
 0.195310429E+00 0.209213510E+00 0.222983673E+00 0.236590654E+00 0.250011146E+00
 0.263229251E+00 0.276237011E+00 0.289035231E+00 0.301634610E+00 0.314057261E+00
 0.326339096E+00 0.338533878E+00 0.350720346E+00 0.363014102E+00 0.375291824E+00
 0.159010857E+00 0.158626944E+00 0.154240921E+00 0.148134694E+00 0.141676098E+00
 0.135016516E+00 0.128192008E+00 0.121211417E+00 0.114072323E+00 0.106765538E+00
 0.993895978E-01 0.921136588E-01 0.850306228E-01 0.781710967E-01 0.715201423E-01
 0.650341585E-01 0.586568043E-01 0.523342341E-01 0.460275710E-01 0.397171155E-01
 0.334047340E-01 0.271159913E-01 0.209015906E-01 0.148376152E-01 0.902417302E-02
 0.358215952E-02-0.135192403E-02-0.563280610E-02-0.911436602E-02-0.116578601E-01
-0.131396307E-01-0.134576065E-01-0.125361783E-01-0.103293201E-01-0.682206126E-02
-0.203046598E-02 0.399985863E-02 0.111969896E-01 0.194682330E-01 0.287087485E-01
 0.388142988E-01 0.496993735E-01 0.613195412E-01 0.737072453E-01 0.869777650E-01
 0.101171382E+00 0.115981214E+00 0.130805835E+00 0.145606518E+00 0.160339057E+00
 0.174958616E+00 0.189424917E+00 0.203703791E+00 0.217767507E+00 0.231594533E+00
 0.245169416E+00 0.258482486E+00 0.271529764E+00 0.284312934E+00 0.296839207E+00
 0.309121609E+00 0.321179390E+00 0.333040923E+00 0.344756603E+00 0.356313914E+00
 0.155793309E+00 0.155139819E+00 0.150671676E+00 0.144767910E+00 0.138504550E+00
 0.131933227E+00 0.125094816E+00 0.118012011E+00 0.110695325E+00 0.103149630E+00
 0.955682844E-01 0.880845264E-01 0.807577521E-01 0.735879019E-01 0.665327758E-01
 0.595258959E-01 0.524948537E-01 0.453785807E-01 0.381343924E-01 0.307417940E-01
 0.232064594E-01 0.155637898E-01 0.788148120E-02 0.260313274E-03-0.716751022E-02
-0.142429052E-01-0.207873248E-01-0.266125128E-01-0.315315388E-01-0.353697762E-01
-0.379745103E-01-0.392221846E-01-0.390229598E-01-0.373227298E-01-0.341033787E-01
-0.293819513E-01-0.232094526E-01-0.156692602E-01-0.687459949E-02 0.303616025E-02
 0.139079932E-01 0.255830921E-01 0.379211903E-01 0.508272983E-01 0.642862394E-01
 0.784108415E-01 0.933836997E-01 0.109160937E+00 0.124854021E+00 0.140414342E+00
 0.155783787E+00 0.170919701E+00 0.185790092E+00 0.200370595E+00 0.214642540E+00
 0.228591800E+00 0.242207661E+00 0.255481839E+00 0.268407375E+00 0.280976743E+00
 0.293179154E+00 0.304995298E+00 0.316386819E+00 0.327273279E+00 0.337494314E+00
 0.153718144E+00 0.152901173E+00 0.148099393E+00 0.142077684E+00 0.135750428E+00
 0.129118562E+00 0.122189961E+00 0.114969842E+00 0.107458428E+00 0.997392908E-01
 0.919961259E-01 0.843294039E-01 0.767667145E-01 0.692786947E-01 0.617973655E-01
 0.542359836E-01 0.465107113E-01 0.385531634E-01 0.303154904E-01 0.217759330E-01
 0.129446285E-01 0.386893912E-02-0.536270812E-02-0.146195833E-01-0.237310696E-01
-0.324933231E-01-0.406800546E-01-0.480563827E-01-0.543939918E-01-0.594853498E-01
-0.631550103E-01-0.652667284E-01-0.657262132E-01-0.644802153E-01-0.615136176E-01
-0.568460636E-01-0.505296737E-01-0.426483527E-01-0.333183147E-01-0.226883255E-01
-0.109372139E-01 0.173406280E-02 0.151181174E-01 0.290257875E-01 0.433193892E-01
 0.579537526E-01 0.730241910E-01 0.887733772E-01 0.105268955E+00 0.121847332E+00
 0.138100341E+00 0.154000580E+00 0.169529378E+00 0.184672683E+00 0.199419424E+00
 0.213760391E+00 0.227687284E+00 0.241191596E+00 0.254263222E+00 0.266888589E+00
 0.279048175E+00 0.290712714E+00 0.301838875E+00 0.312364966E+00 0.322212100E+00
 0.151748821E+00 0.150748983E+00 0.145999447E+00 0.139866903E+00 0.133433044E+00
 0.126694500E+00 0.119645089E+00 0.112278052E+00 0.104584508E+00 0.967203379E-01
 0.888350755E-01 0.809963420E-01 0.732013583E-01 0.653934479E-01 0.574814007E-01
 0.493624173E-01 0.409428887E-01 0.321459770E-01 0.229181014E-01 0.132364100E-01
 0.311668543E-02-0.737938704E-02-0.181390457E-01-0.289970133E-01-0.397392474E-01
-0.501126722E-01-0.598404780E-01-0.686412081E-01-0.762487650E-01-0.824300200E-01
-0.869972110E-01-0.898139030E-01-0.907944292E-01-0.898985043E-01-0.871235132E-01
-0.824972317E-01-0.760730729E-01-0.679292455E-01-0.581717566E-01-0.469397716E-01
-0.344102122E-01-0.207977574E-01-0.634628721E-02 0.869114231E-02 0.240842421E-01
 0.396674983E-01 0.553892516E-01 0.713671520E-01 0.879093930E-01 0.105155870E+00
 0.122365847E+00 0.139072508E+00 0.155285075E+00 0.171006024E+00 0.186235681E+00
 0.200973257E+00 0.215216577E+00 0.228961468E+00 0.242200866E+00 0.254923761E+00
 0.267114162E+00 0.278749853E+00 0.289801806E+00 0.300234765E+00 0.310009867E+00
 0.150334805E+00 0.149213195E+00 0.144307271E+00 0.138070703E+00 0.131542042E+00
 0.124705330E+00 0.117545739E+00 0.110050529E+00 0.102209777E+00 0.942255408E-01
 0.862156972E-01 0.782188550E-01 0.702058822E-01 0.620966814E-01 0.537810102E-01
 0.451441407E-01 0.360827483E-01 0.265116226E-01 0.163717978E-01 0.564003456E-02
-0.566109223E-02-0.174539853E-01-0.295996275E-01-0.418962538E-01-0.540850051E-01
-0.658634901E-01-0.769063756E-01-0.868902355E-01-0.955183282E-01-0.102541201E+00
-0.107769705E+00-0.111078709E+00-0.112402327E+00-0.111723080E+00-0.109058797E+00
-0.104450792E+00-0.979562402E-01-0.896464214E-01-0.796111450E-01-0.679680184E-01
-0.548736826E-01-0.405325443E-01-0.251969025E-01-0.915386248E-02 0.730350893E-02
 0.239194073E-01 0.405285060E-01 0.571143627E-01 0.738730803E-01 0.911972523E-01
 0.109151579E+00 0.126601458E+00 0.143459365E+00 0.159727708E+00 0.175414681E+00
 0.190528497E+00 0.205075309E+00 0.219058171E+00 0.232476577E+00 0.245326221E+00
 0.257598817E+00 0.269282222E+00 0.280360937E+00 0.290817350E+00 0.300633401E+00
 0.149237543E+00 0.148021057E+00 0.142948419E+00 0.136656836E+00 0.130081221E+00
 0.123186268E+00 0.115947433E+00 0.108344540E+00 0.100417189E+00 0.923501030E-01
 0.842427313E-01 0.761142671E-01 0.679167137E-01 0.595526993E-01 0.508984439E-01
 0.418303199E-01 0.322365537E-01 0.220248047E-01 0.111317970E-01-0.465323159E-03
-0.127369547E-01-0.255900975E-01-0.388609953E-01-0.523141995E-01-0.656503811E-01
-0.785238743E-01-0.905683935E-01-0.101426937E+00-0.110780895E+00-0.118373148E+00
-0.124020867E+00-0.127616569E+00-0.129118815E+00-0.128536224E+00-0.125909388E+00
-0.121295013E+00-0.114755757E+00-0.106357351E+00-0.961737409E-01-0.842990056E-01
-0.708633512E-01-0.560486540E-01-0.400973521E-01-0.233071502E-01-0.600703247E-02
 0.114854081E-01 0.289205480E-01 0.461796075E-01 0.633384213E-01 0.807317942E-01
 0.987404138E-01 0.116963789E+00 0.134424284E+00 0.151177883E+00 0.167260796E+00
 0.182698086E+00 0.197507337E+00 0.211700410E+00 0.225284308E+00 0.238261849E+00
 0.250632226E+00 0.262391657E+00 0.273534268E+00 0.284053206E+00 0.293941885E+00
 0.148063511E+00 0.146713600E+00 0.141816080E+00 0.135617226E+00 0.129095823E+00
 0.122210503E+00 0.114944257E+00 0.107283980E+00 0.993054882E-01 0.911837518E-01
 0.830071643E-01 0.747833103E-01 0.664525554E-01 0.579067320E-01 0.490138754E-01
 0.396442264E-01 0.296800118E-01 0.190238953E-01 0.760975294E-02-0.458459184E-02
-0.175238699E-01-0.311031770E-01-0.451400056E-01-0.593737625E-01-0.734754279E-01
-0.870682895E-01-0.997574180E-01-0.111163355E+00-0.120954506E+00-0.128871709E+00
-0.134740517E+00-0.138469860E+00-0.140039146E+00-0.139478385E+00-0.136846542E+00
-0.132212952E+00-0.125645265E+00-0.117205858E+00-0.106957205E+00-0.949752554E-01
-0.813683495E-01-0.662971810E-01-0.499893948E-01-0.327410363E-01-0.148971248E-01
 0.318954303E-02 0.212171786E-01 0.390025042E-01 0.565489382E-01 0.741154850E-01
 0.921860561E-01 0.110794403E+00 0.128618672E+00 0.145691514E+00 0.162046030E+00
 0.177710652E+00 0.192708075E+00 0.207055420E+00 0.220764771E+00 0.233843952E+00
 0.246297210E+00 0.258126080E+00 0.269330382E+00 0.279909074E+00 0.289861411E+00
 0.146984830E+00 0.145349428E+00 0.140995502E+00 0.135169312E+00 0.128757447E+00
 0.121902682E+00 0.114633098E+00 0.106950149E+00 0.989449918E-01 0.907912701E-01
 0.825744271E-01 0.742982328E-01 0.658987835E-01 0.572636127E-01 0.482573621E-01
 0.387473963E-01 0.286131296E-01 0.177548807E-01 0.610518875E-02-0.635780022E-02
-0.195961501E-01-0.334993713E-01-0.478761904E-01-0.624543205E-01-0.768910646E-01
-0.907955468E-01-0.103759915E+00-0.115394913E+00-0.125363722E+00-0.133407146E+00
-0.139355540E+00-0.143126220E+00-0.144708872E+00-0.144143894E+00-0.141499057E+00
-0.136849791E+00-0.130266294E+00-0.121809654E+00-0.111537226E+00-0.995166376E-01
-0.858458504E-01-0.706750005E-01-0.542235076E-01-0.367844775E-01-0.187078584E-01
-0.360090518E-03 0.179354660E-01 0.359681994E-01 0.537105799E-01 0.713872164E-01
 0.894900486E-01 0.108184569E+00 0.126214743E+00 0.143449888E+00 0.159937739E+00
 0.175713837E+00 0.190805078E+00 0.205231547E+00 0.219007730E+00 0.232143551E+00
 0.244645253E+00 0.256516367E+00 0.267758608E+00 0.278372884E+00 0.288360298E+00
 0.148246706E+00 0.146887109E+00 0.141962752E+00 0.135773093E+00 0.129251212E+00
 0.122356392E+00 0.115071930E+00 0.107385173E+00 0.993698761E-01 0.912032053E-01
 0.829746649E-01 0.746917501E-01 0.662935749E-01 0.576699153E-01 0.486865677E-01
 0.392115973E-01 0.291251000E-01 0.183278807E-01 0.675262790E-02-0.562293641E-02
-0.187620968E-01-0.325565673E-01-0.468183272E-01-0.612792931E-01-0.756015927E-01
-0.893992782E-01-0.102268912E+00-0.113824561E+00-0.123731092E+00-0.131729200E+00
-0.137647465E+00-0.141400218E+00-0.142973557E+00-0.142404214E+00-0.139756888E+00
-0.135104910E+00-0.128517613E+00-0.120056652E+00-0.109781303E+00-0.977623612E-01
-0.841017812E-01-0.689538494E-01-0.525414161E-01-0.351591296E-01-0.171555877E-01
 0.110753300E-02 0.193149522E-01 0.372669026E-01 0.549489930E-01 0.726017579E-01
 0.907197818E-01 0.109422132E+00 0.127374798E+00 0.144561917E+00 0.161018506E+00
 0.176774532E+00 0.191854089E+00 0.206275523E+00 0.220051944E+00 0.233191967E+00
 0.245700449E+00 0.257579356E+00 0.268828720E+00 0.279447645E+00 0.289435416E+00
 0.149430305E+00 0.148155674E+00 0.143248692E+00 0.136995658E+00 0.130423248E+00
 0.123508357E+00 0.116230138E+00 0.108571395E+00 0.100568093E+00 0.924093351E-01
 0.841971710E-01 0.759510249E-01 0.676207691E-01 0.591051579E-01 0.502759665E-01
 0.410054177E-01 0.311776139E-01 0.206966307E-01 0.949678291E-02-0.244524353E-02
-0.150975203E-01-0.283612162E-01-0.420628674E-01-0.559536405E-01-0.697181225E-01
-0.829936117E-01-0.953979343E-01-0.106561430E+00-0.116157919E+00-0.123928703E+00
-0.129695117E+00-0.133358300E+00-0.134888023E+00-0.134304434E+00-0.131658122E+00
-0.127012685E+00-0.120433621E+00-0.111985058E+00-0.101735100E+00-0.897686407E-01
-0.762050003E-01-0.612159185E-01-0.450374633E-01-0.279681832E-01-0.103471447E-01
 0.748842023E-02 0.252613239E-01 0.428201146E-01 0.602054112E-01 0.777183622E-01
 0.958056897E-01 0.114287488E+00 0.131991774E+00 0.148966432E+00 0.165247455E+00
 0.180862188E+00 0.195831001E+00 0.210168257E+00 0.223883107E+00 0.236979946E+00
 0.249459118E+00 0.261317551E+00 0.272549748E+00 0.283148825E+00 0.293108165E+00
 0.151095718E+00 0.149945393E+00 0.144910872E+00 0.138691425E+00 0.132149652E+00
 0.125268310E+00 0.118036561E+00 0.110445224E+00 0.102486938E+00 0.943612009E-01
 0.861918479E-01 0.780191571E-01 0.698117763E-01 0.614844300E-01 0.529203601E-01
 0.439988747E-01 0.346108787E-01 0.246660430E-01 0.141017791E-01 0.289369700E-02
-0.893327408E-02-0.212947354E-01-0.340398736E-01-0.469502695E-01-0.597466081E-01
-0.721042380E-01-0.836764649E-01-0.941220075E-01-0.103132106E+00-0.110452481E+00
-0.115896359E+00-0.119346932E+00-0.120750278E+00-0.120101914E+00-0.117431127E+00
-0.112787105E+00-0.106229991E+00-0.978287011E-01-0.876657665E-01-0.758481473E-01
-0.625209659E-01-0.478797667E-01-0.321749598E-01-0.157021005E-01 0.122514367E-02
 0.183186494E-01 0.353712924E-01 0.523178019E-01 0.692982450E-01 0.866981819E-01
 0.104756184E+00 0.122683771E+00 0.139928505E+00 0.156524360E+00 0.172496423E+00
 0.187863037E+00 0.202637002E+00 0.216826037E+00 0.230433002E+00 0.243455887E+00
 0.255887926E+00 0.267717719E+00 0.278929979E+00 0.289506614E+00 0.299428940E+00
 0.152814448E+00 0.151780546E+00 0.147030428E+00 0.140895844E+00 0.134415224E+00
 0.127589762E+00 0.120420031E+00 0.112905540E+00 0.105042376E+00 0.969791934E-01
 0.888753459E-01 0.808021352E-01 0.727549940E-01 0.646712482E-01 0.564514063E-01
 0.479847640E-01 0.391706377E-01 0.299258698E-01 0.201921742E-01 0.994462427E-02
-0.799345667E-03-0.119716804E-01-0.234478749E-01-0.350455269E-01-0.465289690E-01
-0.576208420E-01-0.680199862E-01-0.774234459E-01-0.855489746E-01-0.921541750E-01
-0.970493481E-01-0.100102492E+00-0.101236716E+00-0.100422315E+00-0.976663530E-01
-0.930032432E-01-0.864886269E-01-0.781982094E-01-0.682316199E-01-0.567197911E-01
-0.438330621E-01-0.297851823E-01-0.148285246E-01 0.763273390E-03 0.167265963E-01
 0.328512527E-01 0.490320288E-01 0.653254688E-01 0.820080042E-01 0.993787870E-01
 0.117086671E+00 0.134253889E+00 0.150881171E+00 0.166973799E+00 0.182537928E+00
 0.197578669E+00 0.212099120E+00 0.226099417E+00 0.239575863E+00 0.252519965E+00
 0.264917165E+00 0.276745737E+00 0.287976146E+00 0.298571616E+00 0.308491111E+00
 0.155227736E+00 0.154364824E+00 0.149737835E+00 0.143679157E+00 0.137243107E+00
 0.130452916E+00 0.123330571E+00 0.115892097E+00 0.108145736E+00 0.100161716E+00
 0.921364650E-01 0.841763243E-01 0.763079822E-01 0.684958845E-01 0.606625192E-01
 0.527110696E-01 0.445495062E-01 0.361022800E-01 0.273160264E-01 0.181660317E-01
 0.866302848E-02-0.114054990E-02-0.111460574E-01-0.212072711E-01-0.311334096E-01
-0.406972133E-01-0.496478789E-01-0.577274561E-01-0.646883920E-01-0.703094974E-01
-0.744080096E-01-0.768462121E-01-0.775327608E-01-0.764197782E-01-0.734977126E-01
-0.687902197E-01-0.623508431E-01-0.542624556E-01-0.446390845E-01-0.336286351E-01
-0.214136038E-01-0.820655376E-02 0.576288858E-02 0.202712640E-01 0.351347253E-01
 0.502509363E-01 0.656483322E-01 0.815406963E-01 0.981789231E-01 0.115321726E+00
 0.132090524E+00 0.148462251E+00 0.164421454E+00 0.179958194E+00 0.195066065E+00
 0.209740624E+00 0.223978072E+00 0.237773940E+00 0.251121521E+00 0.264009893E+00
 0.276421130E+00 0.288326353E+00 0.299680740E+00 0.310419261E+00 0.320457548E+00
 0.158534110E+00 0.157911450E+00 0.153224513E+00 0.147167698E+00 0.140665010E+00
 0.133808866E+00 0.126663819E+00 0.119263351E+00 0.111622758E+00 0.103747956E+00
 0.958214626E-01 0.879874304E-01 0.803067684E-01 0.727739632E-01 0.653369203E-01
 0.579175316E-01 0.504333116E-01 0.428155996E-01 0.350157432E-01 0.270096846E-01
 0.188027117E-01 0.104338070E-01 0.197878480E-02-0.644871779E-02-0.146992439E-01
-0.225930419E-01-0.299290530E-01-0.364966057E-01-0.420884341E-01-0.465132967E-01
-0.496064909E-01-0.512372442E-01-0.513125584E-01-0.497780852E-01-0.466170385E-01
-0.418483801E-01-0.355252549E-01-0.277339350E-01-0.185927376E-01-0.824945420E-02
 0.312470854E-02 0.153468046E-01 0.282410514E-01 0.416655168E-01 0.555467904E-01
 0.699211881E-01 0.849739239E-01 0.100843713E+00 0.117199004E+00 0.133336321E+00
 0.149221882E+00 0.164826527E+00 0.180126637E+00 0.195104092E+00 0.209745482E+00
 0.224041462E+00 0.237985864E+00 0.251574665E+00 0.264804751E+00 0.277672112E+00
 0.290168762E+00 0.302277029E+00 0.313958079E+00 0.325126827E+00 0.335610449E+00
 0.163341656E+00 0.163324714E+00 0.158345014E+00 0.151582643E+00 0.144603416E+00
 0.137467012E+00 0.130192310E+00 0.122781113E+00 0.115227297E+00 0.107519858E+00
 0.997356176E-01 0.920559838E-01 0.845769122E-01 0.773244649E-01 0.702740625E-01
 0.633699223E-01 0.565437004E-01 0.497327372E-01 0.428921282E-01 0.359983556E-01
 0.290522613E-01 0.220817551E-01 0.151436860E-01 0.832429249E-02 0.173766504E-02
-0.447811838E-02-0.101672243E-01-0.151642757E-01-0.193037689E-01-0.224296525E-01
-0.244040322E-01-0.251141898E-01-0.244774837E-01-0.224441681E-01-0.189984962E-01
-0.141584873E-01-0.797466841E-02-0.527608849E-03 0.807636790E-02 0.177123789E-01
 0.282482803E-01 0.395611897E-01 0.515606143E-01 0.642169118E-01 0.776055604E-01
 0.918736607E-01 0.107015394E+00 0.122385032E+00 0.137716129E+00 0.152948439E+00
 0.168034092E+00 0.182934433E+00 0.197618589E+00 0.212062597E+00 0.226249069E+00
 0.240166768E+00 0.253810465E+00 0.267180741E+00 0.280284017E+00 0.293132514E+00
 0.305744469E+00 0.318144798E+00 0.330368072E+00 0.342472702E+00 0.354448110E+00
 0.168945402E+00 0.169791356E+00 0.163808048E+00 0.155938432E+00 0.148349926E+00
 0.140899435E+00 0.133504122E+00 0.126113310E+00 0.118691519E+00 0.111211553E+00
 0.103652835E+00 0.961877331E-01 0.889456868E-01 0.819847733E-01 0.753092170E-01
 0.688878223E-01 0.626710281E-01 0.566061363E-01 0.506509654E-01 0.447819196E-01
 0.389958918E-01 0.333116390E-01 0.277705844E-01 0.224367063E-01 0.173951313E-01
 0.127492351E-01 0.861618482E-02 0.512110535E-02 0.239031739E-02 0.544227078E-03
-0.309477211E-03-0.817394975E-04 0.129325944E-02 0.385503960E-02 0.761540374E-02
 0.125587387E-01 0.186441988E-01 0.258100890E-01 0.339810215E-01 0.430789217E-01
 0.530382209E-01 0.638245940E-01 0.754701272E-01 0.880647898E-01 0.101634555E+00
 0.115900621E+00 0.130279928E+00 0.144756526E+00 0.159265473E+00 0.173748866E+00
 0.188156545E+00 0.202445969E+00 0.216582015E+00 0.230537042E+00 0.244290963E+00
 0.257831633E+00 0.271155357E+00 0.284267813E+00 0.297185123E+00 0.309935749E+00
 0.322563082E+00 0.335129946E+00 0.347726554E+00 0.360483617E+00 0.373270631E+00
 0.171676412E+00 0.172855362E+00 0.166660473E+00 0.158657297E+00 0.150949538E+00
 0.143459603E+00 0.136123687E+00 0.128886744E+00 0.121702395E+00 0.114531241E+00
 0.107338466E+00 0.100192457E+00 0.932570919E-01 0.866233855E-01 0.803255886E-01
 0.743587166E-01 0.686946884E-01 0.632961392E-01 0.581278130E-01 0.531657673E-01
 0.484031364E-01 0.438509248E-01 0.395380333E-01 0.355106257E-01 0.318307653E-01
 0.285740364E-01 0.258262232E-01 0.236790888E-01 0.222255252E-01 0.215544309E-01
 0.217457358E-01 0.228660293E-01 0.249651466E-01 0.280740745E-01 0.322044976E-01
 0.373503827E-01 0.434920304E-01 0.506026484E-01 0.586573519E-01 0.676494688E-01
 0.776163414E-01 0.886141658E-01 0.100657769E+00 0.113556981E+00 0.126726210E+00
 0.140189886E+00 0.153859898E+00 0.167668492E+00 0.181552812E+00 0.195455402E+00
 0.209324524E+00 0.223114714E+00 0.236787185E+00 0.250310391E+00 0.263660789E+00
 0.276823640E+00 0.289794356E+00 0.302579939E+00 0.315200955E+00 0.327694029E+00
 0.340114564E+00 0.352539659E+00 0.365069777E+00 0.377827466E+00 0.390604585E+00
 0.171750143E+00 0.173069611E+00 0.167372778E+00 0.159557089E+00 0.152035862E+00
 0.144775301E+00 0.137722716E+00 0.130825400E+00 0.124035008E+00 0.117309317E+00
 0.110612839E+00 0.103917748E+00 0.973905474E-01 0.911499336E-01 0.852588713E-01
 0.797389224E-01 0.745848790E-01 0.697774366E-01 0.652935579E-01 0.611143894E-01
 0.572308749E-01 0.536474474E-01 0.503829867E-01 0.474697575E-01 0.449520312E-01
 0.428841449E-01 0.413279496E-01 0.403497405E-01 0.400168858E-01 0.403943397E-01
 0.415414236E-01 0.435092151E-01 0.463388748E-01 0.500611477E-01 0.546974503E-01
 0.602633618E-01 0.667767376E-01 0.742702484E-01 0.827887058E-01 0.923653767E-01
 0.103003137E+00 0.114485003E+00 0.126379251E+00 0.138712332E+00 0.151399106E+00
 0.164376244E+00 0.177577287E+00 0.190937847E+00 0.204396173E+00 0.217893854E+00
 0.231376514E+00 0.244794503E+00 0.258103758E+00 0.271266729E+00 0.284253478E+00
 0.297043025E+00 0.309624910E+00 0.322001070E+00 0.334188461E+00 0.346222043E+00
 0.358158737E+00 0.370081753E+00 0.382103264E+00 0.394360363E+00 0.406434834E+00
 0.170201510E+00 0.171669796E+00 0.166066647E+00 0.158568874E+00 0.151459053E+00
 0.144667998E+00 0.138125882E+00 0.131769568E+00 0.125545338E+00 0.119408280E+00
 0.113320321E+00 0.107247256E+00 0.101263486E+00 0.955145806E-01 0.900914147E-01
 0.850422680E-01 0.803856179E-01 0.761217847E-01 0.722425878E-01 0.687387511E-01
 0.656052008E-01 0.628445819E-01 0.604690015E-01 0.585004874E-01 0.569704808E-01
 0.559184179E-01 0.553897545E-01 0.554338656E-01 0.561018735E-01 0.574446097E-01
 0.595110692E-01 0.623478815E-01 0.660003126E-01 0.705138147E-01 0.759364218E-01
 0.823193267E-01 0.897052884E-01 0.981192291E-01 0.107532457E+00 0.117632635E+00
 0.128276214E+00 0.139465824E+00 0.151128232E+00 0.163208112E+00 0.175644204E+00
 0.188374579E+00 0.201336324E+00 0.214466259E+00 0.227701709E+00 0.240981236E+00
 0.254245460E+00 0.267437935E+00 0.280506402E+00 0.293403685E+00 0.306089312E+00
 0.318530858E+00 0.330705702E+00 0.342602909E+00 0.354225576E+00 0.365593791E+00
 0.376749486E+00 0.387765765E+00 0.398770213E+00 0.410019189E+00 0.421410799E+00
 0.166222885E+00 0.167719886E+00 0.162353620E+00 0.155447155E+00 0.149068296E+00
 0.143051073E+00 0.137282282E+00 0.131685510E+00 0.126207888E+00 0.120811135E+00
 0.115466021E+00 0.110149503E+00 0.104844019E+00 0.997032300E-01 0.948370397E-01
 0.903167054E-01 0.861834437E-01 0.824578181E-01 0.791481361E-01 0.762573332E-01
 0.737881213E-01 0.717465654E-01 0.701443031E-01 0.689995736E-01 0.683374777E-01
 0.681895018E-01 0.685926974E-01 0.695888475E-01 0.712235719E-01 0.735455602E-01
 0.766059458E-01 0.804584250E-01 0.851579532E-01 0.907516405E-01 0.972717777E-01
 0.104738824E+00 0.113032162E+00 0.121896155E+00 0.131393626E+00 0.141494974E+00
 0.152153313E+00 0.163327336E+00 0.174967811E+00 0.187022328E+00 0.199434832E+00
 0.212146148E+00 0.225094274E+00 0.238214895E+00 0.251441896E+00 0.264708042E+00
 0.277945906E+00 0.291088820E+00 0.304072201E+00 0.316834867E+00 0.329320699E+00
 0.341480434E+00 0.353273064E+00 0.364667565E+00 0.375643969E+00 0.386193961E+00
 0.396320432E+00 0.406034440E+00 0.415343642E+00 0.424196064E+00 0.432273060E+00
 0.158412054E+00 0.159501746E+00 0.155306026E+00 0.149874151E+00 0.144861892E+00
 0.140040085E+00 0.135329306E+00 0.130693480E+00 0.126112372E+00 0.121572584E+00
 0.117063776E+00 0.112576455E+00 0.108099721E+00 0.103700392E+00 0.995043665E-01
 0.956029966E-01 0.920588151E-01 0.889125913E-01 0.861903802E-01 0.839096308E-01
 0.820840895E-01 0.807275251E-01 0.798563361E-01 0.794912204E-01 0.796581209E-01
 0.803882778E-01 0.817180425E-01 0.836886466E-01 0.863459930E-01 0.897372589E-01
 0.939045697E-01 0.988829359E-01 0.104702882E+00 0.111310177E+00 0.118487284E+00
 0.126313776E+00 0.134796456E+00 0.143901765E+00 0.153612092E+00 0.163902506E+00
 0.174740881E+00 0.186090112E+00 0.197907701E+00 0.210146010E+00 0.222752362E+00
 0.235669076E+00 0.248833552E+00 0.262178391E+00 0.275631696E+00 0.289117634E+00
 0.302557111E+00 0.315868914E+00 0.328971207E+00 0.341783345E+00 0.354227781E+00
 0.366232634E+00 0.377733439E+00 0.388675094E+00 0.399012506E+00 0.408709943E+00
 0.417737573E+00 0.426064312E+00 0.433644533E+00 0.440400124E+00 0.446212769E+00
 0.147230610E+00 0.147065133E+00 0.145448476E+00 0.142791688E+00 0.139626294E+00
 0.136220172E+00 0.132689938E+00 0.129094556E+00 0.125468269E+00 0.121833228E+00
 0.118204974E+00 0.114595212E+00 0.111013293E+00 0.107467532E+00 0.104055576E+00
 0.100880094E+00 0.980195925E-01 0.955324695E-01 0.934620798E-01 0.918414146E-01
 0.906973109E-01 0.900539607E-01 0.899356380E-01 0.903689861E-01 0.913843885E-01
 0.930146426E-01 0.952922404E-01 0.982473418E-01 0.101913221E+00 0.106311202E+00
 0.111399025E+00 0.117046647E+00 0.123324528E+00 0.130250245E+00 0.137807280E+00
 0.145996436E+00 0.154813841E+00 0.164247483E+00 0.174281597E+00 0.184895650E+00
 0.196063787E+00 0.207754686E+00 0.219931334E+00 0.232550606E+00 0.245562941E+00
 0.258911878E+00 0.272533566E+00 0.286356568E+00 0.300301433E+00 0.314280957E+00
 0.328200579E+00 0.341959417E+00 0.355452001E+00 0.368570685E+00 0.381208688E+00
 0.393263876E+00 0.404642224E+00 0.415261418E+00 0.425053269E+00 0.433964610E+00
 0.441956073E+00 0.448999077E+00 0.455070972E+00 0.460151434E+00 0.464222610E+00
 0.139689162E+00 0.139283165E+00 0.138293922E+00 0.136745885E+00 0.134749681E+00
 0.132437751E+00 0.129914999E+00 0.127257749E+00 0.124521390E+00 0.121747531E+00
 0.118969157E+00 0.116214141E+00 0.113507792E+00 0.110874929E+00 0.108341694E+00
 0.105993599E+00 0.103917360E+00 0.102183491E+00 0.100849718E+00 0.999628752E-01
 0.995615423E-01 0.996782556E-01 0.100341223E+00 0.101576842E+00 0.103416711E+00
 0.105886646E+00 0.108989261E+00 0.112669729E+00 0.116914220E+00 0.121765308E+00
 0.127234176E+00 0.133315384E+00 0.140018210E+00 0.147349700E+00 0.155311525E+00
 0.163903832E+00 0.173124045E+00 0.182965741E+00 0.193418667E+00 0.204468280E+00
 0.216095299E+00 0.228275105E+00 0.240977094E+00 0.254163891E+00 0.267790496E+00
 0.281802982E+00 0.296137631E+00 0.310719430E+00 0.325461179E+00 0.340262502E+00
 0.355009675E+00 0.369576097E+00 0.383824021E+00 0.397607654E+00 0.410778105E+00
 0.423189342E+00 0.434705526E+00 0.445208162E+00 0.454602748E+00 0.462823063E+00
 0.469833165E+00 0.475626290E+00 0.480221629E+00 0.483659595E+00 0.485997319E+00
 0.134310722E+00 0.133876562E+00 0.133138463E+00 0.132078677E+00 0.130720630E+00
 0.129121199E+00 0.127339914E+00 0.125432074E+00 0.123446502E+00 0.121425904E+00
 0.119408302E+00 0.117428839E+00 0.115521595E+00 0.113721654E+00 0.112067640E+00
 0.110605456E+00 0.109378584E+00 0.108458251E+00 0.107913256E+00 0.107798286E+00
 0.108156703E+00 0.109019652E+00 0.110400014E+00 0.112278976E+00 0.114693023E+00
 0.117666803E+00 0.121213078E+00 0.125334486E+00 0.130036712E+00 0.135332197E+00
 0.141231552E+00 0.147742912E+00 0.154874653E+00 0.162634268E+00 0.171027601E+00
 0.180058703E+00 0.189729571E+00 0.200039610E+00 0.210985288E+00 0.222559661E+00
 0.234751716E+00 0.247545645E+00 0.260919899E+00 0.274845928E+00 0.289286762E+00
 0.304195166E+00 0.319511443E+00 0.335160911E+00 0.351051360E+00 0.367070347E+00
 0.383083075E+00 0.398931116E+00 0.414433211E+00 0.429388434E+00 0.443583220E+00
 0.456801683E+00 0.468839407E+00 0.479518652E+00 0.488702655E+00 0.496306568E+00
 0.502303183E+00 0.506722391E+00 0.509644330E+00 0.511188447E+00 0.511499941E+00
 0.130133271E+00 0.129713461E+00 0.129131913E+00 0.128358290E+00 0.127395377E+00
 0.126272619E+00 0.125025094E+00 0.123690292E+00 0.122305974E+00 0.120909087E+00
 0.119535632E+00 0.118221000E+00 0.117000662E+00 0.115911029E+00 0.114990354E+00
 0.114279374E+00 0.113821134E+00 0.113662444E+00 0.113849603E+00 0.114424638E+00
 0.115423687E+00 0.116876081E+00 0.118804023E+00 0.121224441E+00 0.124157585E+00
 0.127622396E+00 0.131634787E+00 0.136207908E+00 0.141354248E+00 0.147086561E+00
 0.153417245E+00 0.160358176E+00 0.167920753E+00 0.176115841E+00 0.184953526E+00
 0.194442958E+00 0.204592139E+00 0.215407625E+00 0.226894170E+00 0.239054352E+00
 0.251887918E+00 0.265391022E+00 0.279555082E+00 0.294365466E+00 0.309799343E+00
 0.325823367E+00 0.342390269E+00 0.359434873E+00 0.376869053E+00 0.394576073E+00
 0.412404329E+00 0.430161804E+00 0.447612226E+00 0.464475393E+00 0.480434895E+00
 0.495154679E+00 0.508305550E+00 0.519597650E+00 0.528812528E+00 0.535827875E+00
 0.540630102E+00 0.543313026E+00 0.544062376E+00 0.543129563E+00 0.540798903E+00
 0.126684472E+00 0.126286864E+00 0.125810802E+00 0.125229508E+00 0.124536663E+00
 0.123750396E+00 0.122893862E+00 0.121993937E+00 0.121080048E+00 0.120183200E+00
 0.119335435E+00 0.118569613E+00 0.117919303E+00 0.117418990E+00 0.117104135E+00
 0.117011227E+00 0.117177531E+00 0.117640689E+00 0.118437499E+00 0.119602613E+00
 0.121167615E+00 0.123160586E+00 0.125606179E+00 0.128526390E+00 0.131941810E+00
 0.135871649E+00 0.140333608E+00 0.145344168E+00 0.150919005E+00 0.157073453E+00
 0.163822576E+00 0.171181366E+00 0.179164708E+00 0.187787533E+00 0.197064772E+00
 0.207011372E+00 0.217642218E+00 0.228972122E+00 0.241015583E+00 0.253786623E+00
 0.267298400E+00 0.281562507E+00 0.296588272E+00 0.312381208E+00 0.328941196E+00
 0.346259683E+00 0.364315659E+00 0.383070290E+00 0.402459264E+00 0.422383100E+00
 0.442694217E+00 0.463181823E+00 0.483555347E+00 0.503431201E+00 0.522330165E+00
 0.539697886E+00 0.554956913E+00 0.567583740E+00 0.577187955E+00 0.583567441E+00
 0.586732686E+00 0.586902380E+00 0.584471762E+00 0.579952121E+00 0.573888779E+00
 0.123667113E+00 0.123281732E+00 0.122880630E+00 0.122437097E+00 0.121939734E+00
 0.121399842E+00 0.120833844E+00 0.120262645E+00 0.119710594E+00 0.119204603E+00
 0.118773438E+00 0.118447207E+00 0.118257068E+00 0.118234962E+00 0.118413419E+00
 0.118825339E+00 0.119503677E+00 0.120481029E+00 0.121789075E+00 0.123458050E+00
 0.125516281E+00 0.127990007E+00 0.130903423E+00 0.134278834E+00 0.138137132E+00
 0.142497987E+00 0.147380039E+00 0.152801245E+00 0.158779085E+00 0.165330872E+00
 0.172474071E+00 0.180226386E+00 0.188606068E+00 0.197632045E+00 0.207324117E+00
 0.217703149E+00 0.228791222E+00 0.240611821E+00 0.253189981E+00 0.266552418E+00
 0.280727625E+00 0.295745671E+00 0.311638027E+00 0.328436881E+00 0.346174002E+00
 0.364878684E+00 0.384574413E+00 0.405273646E+00 0.426969498E+00 0.449623108E+00
 0.473144442E+00 0.497363895E+00 0.521991730E+00 0.546562970E+00 0.570376873E+00
 0.592468798E+00 0.611699402E+00 0.626996160E+00 0.637600422E+00 0.643165171E+00
 0.643750250E+00 0.639810503E+00 0.632178783E+00 0.621959448E+00 0.610275745E+00
 0.120869786E+00 0.120468386E+00 0.120124377E+00 0.119792700E+00 0.119447403E+00
 0.119092219E+00 0.118740879E+00 0.118412629E+00 0.118130207E+00 0.117918871E+00
 0.117805742E+00 0.117819250E+00 0.117988802E+00 0.118344404E+00 0.118916363E+00
 0.119734950E+00 0.120830156E+00 0.122231275E+00 0.123966672E+00 0.126063451E+00
 0.128547251E+00 0.131442204E+00 0.134770915E+00 0.138554662E+00 0.142813593E+00
 0.147566974E+00 0.152833417E+00 0.158631235E+00 0.164978668E+00 0.171894193E+00
 0.179396838E+00 0.187506407E+00 0.196243837E+00 0.205631465E+00 0.215693370E+00
 0.226455748E+00 0.237947270E+00 0.250199616E+00 0.263247937E+00 0.277131498E+00
 0.291894287E+00 0.307585806E+00 0.324261725E+00 0.341984659E+00 0.360824734E+00
 0.380859822E+00 0.402175069E+00 0.424861044E+00 0.449009508E+00 0.474704772E+00
 0.502007782E+00 0.530926883E+00 0.561365545E+00 0.593024254E+00 0.625199318E+00
 0.656344175E+00 0.683605790E+00 0.704153597E+00 0.716729283E+00 0.721040606E+00
 0.717250347E+00 0.705983162E+00 0.688714564E+00 0.668307066E+00 0.647771001E+00
 0.118096255E+00 0.117610805E+00 0.117376581E+00 0.117185958E+00 0.116965473E+00
 0.116741560E+00 0.116536535E+00 0.116373211E+00 0.116275907E+00 0.116270438E+00
 0.116383933E+00 0.116644502E+00 0.117080897E+00 0.117722206E+00 0.118597440E+00
 0.119735263E+00 0.121163659E+00 0.122909650E+00 0.124999098E+00 0.127456501E+00
 0.130304977E+00 0.133566216E+00 0.137260646E+00 0.141407549E+00 0.146025375E+00
 0.151132002E+00 0.156744987E+00 0.162881941E+00 0.169560850E+00 0.176800296E+00
 0.184619933E+00 0.193040669E+00 0.202085137E+00 0.211777985E+00 0.222146392E+00
 0.233220503E+00 0.245034128E+00 0.257625371E+00 0.271037579E+00 0.285320371E+00
 0.300530940E+00 0.316735595E+00 0.334011912E+00 0.352450848E+00 0.372159928E+00
 0.393266797E+00 0.415923506E+00 0.440311700E+00 0.466648102E+00 0.495189965E+00
 0.526238859E+00 0.560139835E+00 0.597274303E+00 0.638047695E+00 0.682908773E+00
 0.732622325E+00 0.776445687E+00 0.804352105E+00 0.818868995E+00 0.821328342E+00
 0.810638547E+00 0.787850320E+00 0.751323581E+00 0.710965216E+00 0.679141879E+00
 0.115591303E+00 0.115030780E+00 0.114798129E+00 0.114642642E+00 0.114469469E+00
 0.114302784E+00 0.114167184E+00 0.114087932E+00 0.114091262E+00 0.114204466E+00
 0.114455789E+00 0.114874192E+00 0.115488954E+00 0.116329320E+00 0.117424116E+00
 0.118801326E+00 0.120487772E+00 0.122508839E+00 0.124888271E+00 0.127648115E+00
 0.130808681E+00 0.134388775E+00 0.138405800E+00 0.142876118E+00 0.147815436E+00
 0.153239071E+00 0.159162432E+00 0.165601298E+00 0.172572270E+00 0.180093005E+00
 0.188182637E+00 0.196862057E+00 0.206154272E+00 0.216084868E+00 0.226682410E+00
 0.237979099E+00 0.250011474E+00 0.262821198E+00 0.276456356E+00 0.290972620E+00
 0.306435227E+00 0.322920948E+00 0.340521187E+00 0.359345615E+00 0.379527122E+00
 0.401228547E+00 0.424651712E+00 0.450049937E+00 0.477745354E+00 0.508153081E+00
 0.541813970E+00 0.579436719E+00 0.621945083E+00 0.670517325E+00 0.726607740E+00
 0.787004411E+00 0.831780195E+00 0.860564053E+00 0.874281883E+00 0.872301400E+00
 0.855097294E+00 0.820375919E+00 0.771106064E+00 0.728116989E+00 0.692733288E+00
 0.113306187E+00 0.112650640E+00 0.112353094E+00 0.112143993E+00 0.111931644E+00
 0.111738056E+00 0.111587450E+00 0.111506075E+00 0.111521833E+00 0.111663982E+00
 0.111962825E+00 0.112449318E+00 0.113154568E+00 0.114109330E+00 0.115343459E+00
 0.116885327E+00 0.118761428E+00 0.120995991E+00 0.123610787E+00 0.126625106E+00
 0.130055904E+00 0.133918062E+00 0.138224870E+00 0.142988414E+00 0.148220241E+00
 0.153931797E+00 0.160134986E+00 0.166842595E+00 0.174068689E+00 0.181828916E+00
 0.190140814E+00 0.199024066E+00 0.208500803E+00 0.218595967E+00 0.229337677E+00
 0.240757823E+00 0.252892792E+00 0.265784293E+00 0.279480547E+00 0.294037670E+00
 0.309521556E+00 0.326010168E+00 0.343596578E+00 0.362392902E+00 0.382535756E+00
 0.404193699E+00 0.427577525E+00 0.452955484E+00 0.480675727E+00 0.511200964E+00
 0.545164049E+00 0.583459437E+00 0.627393246E+00 0.678874075E+00 0.739945531E+00
 0.793282568E+00 0.832199097E+00 0.856822670E+00 0.866747737E+00 0.861905217E+00
 0.839666724E+00 0.798558950E+00 0.754618764E+00 0.717309594E+00 0.685372829E+00
 0.111183435E+00 0.110403165E+00 0.109967090E+00 0.109636672E+00 0.109308623E+00
 0.109005041E+00 0.108751692E+00 0.108576879E+00 0.108511060E+00 0.108586498E+00
 0.108836859E+00 0.109296702E+00 0.110000767E+00 0.110983178E+00 0.112276547E+00
 0.113911122E+00 0.115914084E+00 0.118308991E+00 0.121115506E+00 0.124349460E+00
 0.128023177E+00 0.132145986E+00 0.136725068E+00 0.141766295E+00 0.147275060E+00
 0.153257176E+00 0.159719512E+00 0.166670561E+00 0.174120814E+00 0.182083026E+00
 0.190572336E+00 0.199606374E+00 0.209205344E+00 0.219392195E+00 0.230192870E+00
 0.241636708E+00 0.253757000E+00 0.266591787E+00 0.280184805E+00 0.294586658E+00
 0.309856415E+00 0.326063275E+00 0.343288988E+00 0.361630768E+00 0.381205022E+00
 0.402152389E+00 0.424644500E+00 0.448893130E+00 0.475163549E+00 0.503793716E+00
 0.535224497E+00 0.570051789E+00 0.609132707E+00 0.653921485E+00 0.701922596E+00
 0.741504312E+00 0.770922124E+00 0.789555788E+00 0.797195017E+00 0.792090893E+00
 0.773635983E+00 0.743151069E+00 0.713700414E+00 0.686496794E+00 0.661679626E+00
 0.109161280E+00 0.108214438E+00 0.107610300E+00 0.107092574E+00 0.106569670E+00
 0.106068455E+00 0.105618283E+00 0.105250813E+00 0.105000079E+00 0.104902610E+00
 0.104997240E+00 0.105324507E+00 0.105925605E+00 0.106841043E+00 0.108109064E+00
 0.109764196E+00 0.111835904E+00 0.114347704E+00 0.117316723E+00 0.120753847E+00
 0.124664374E+00 0.129049122E+00 0.133905917E+00 0.139231086E+00 0.145020992E+00
 0.151273340E+00 0.157988176E+00 0.165168479E+00 0.172820538E+00 0.180953875E+00
 0.189581141E+00 0.198717773E+00 0.208381698E+00 0.218593150E+00 0.229374617E+00
 0.240751043E+00 0.252750188E+00 0.265403181E+00 0.278745323E+00 0.292816877E+00
 0.307664007E+00 0.323339790E+00 0.339905113E+00 0.357429981E+00 0.375994354E+00
 0.395689160E+00 0.416616857E+00 0.438890725E+00 0.462632060E+00 0.487961352E+00
 0.514977336E+00 0.543705881E+00 0.573977292E+00 0.605155647E+00 0.635547519E+00
 0.662051439E+00 0.682773530E+00 0.696678579E+00 0.703134835E+00 0.701873004E+00
 0.693245053E+00 0.679485142E+00 0.663214087E+00 0.646006048E+00 0.628812134E+00
 0.107298680E+00 0.106149569E+00 0.105305195E+00 0.104515851E+00 0.103704065E+00
 0.102905683E+00 0.102154329E+00 0.101483963E+00 0.100931436E+00 0.100538068E+00
 0.100350045E+00 0.100417636E+00 0.100793384E+00 0.101529598E+00 0.102675408E+00
 0.104273938E+00 0.106359839E+00 0.108957626E+00 0.112080909E+00 0.115732715E+00
 0.119906835E+00 0.124590047E+00 0.129764915E+00 0.135412723E+00 0.141516179E+00
 0.148061529E+00 0.155039936E+00 0.162448153E+00 0.170288533E+00 0.178568438E+00
 0.187299341E+00 0.196495801E+00 0.206174403E+00 0.216352925E+00 0.227049947E+00
 0.238284692E+00 0.250077367E+00 0.262449801E+00 0.275425911E+00 0.289032549E+00
 0.303299785E+00 0.318261147E+00 0.333953232E+00 0.350415230E+00 0.367687464E+00
 0.385809034E+00 0.404814065E+00 0.424724907E+00 0.445541501E+00 0.467223287E+00
 0.489659876E+00 0.512625456E+00 0.535714209E+00 0.558269143E+00 0.579361796E+00
 0.597919643E+00 0.612972796E+00 0.623818457E+00 0.630075395E+00 0.631719887E+00
 0.629132450E+00 0.623073161E+00 0.614484847E+00 0.604253054E+00 0.593088746E+00
 0.105704404E+00 0.104356252E+00 0.103134766E+00 0.101928115E+00 0.100704998E+00
 0.994995311E-01 0.983383730E-01 0.972474962E-01 0.962608457E-01 0.954235792E-01
 0.947924778E-01 0.944343209E-01 0.944223702E-01 0.948312506E-01 0.957311094E-01
 0.971819758E-01 0.992291272E-01 0.101899967E+00 0.105202645E+00 0.109126657E+00
 0.113645472E+00 0.118721053E+00 0.124309652E+00 0.130367696E+00 0.136856809E+00
 0.143747225E+00 0.151019514E+00 0.158664837E+00 0.166684151E+00 0.175086364E+00
 0.183886096E+00 0.193101019E+00 0.202749491E+00 0.212848619E+00 0.223413214E+00
 0.234455615E+00 0.245986357E+00 0.258015275E+00 0.270552814E+00 0.283610821E+00
 0.297202915E+00 0.311343759E+00 0.326048076E+00 0.341328561E+00 0.357193381E+00
 0.373642325E+00 0.390661836E+00 0.408217728E+00 0.426245600E+00 0.444637716E+00
 0.463226378E+00 0.481765687E+00 0.499915481E+00 0.517237842E+00 0.533218384E+00
 0.547318518E+00 0.559047997E+00 0.568032801E+00 0.574063897E+00 0.577122390E+00
 0.577380955E+00 0.575172901E+00 0.570931673E+00 0.565119445E+00 0.558169961E+00
 0.104251482E+00 0.102673270E+00 0.101022139E+00 0.992880985E-01 0.974966139E-01
 0.958228558E-01 0.941780359E-01 0.925597921E-01 0.909924880E-01 0.895249546E-01
 0.882308856E-01 0.872069746E-01 0.865664631E-01 0.864280909E-01 0.869032219E-01
 0.880844742E-01 0.900376141E-01 0.927965567E-01 0.963607654E-01 0.100695476E+00
 0.105735995E+00 0.111397110E+00 0.117586270E+00 0.124216877E+00 0.131217971E+00
 0.138538942E+00 0.146150097E+00 0.154041216E+00 0.162218794E+00 0.170702472E+00
 0.179520071E+00 0.188701689E+00 0.198274300E+00 0.208258018E+00 0.218664289E+00
 0.229495808E+00 0.240748525E+00 0.252415240E+00 0.264489353E+00 0.276967108E+00
 0.289847612E+00 0.303131163E+00 0.316817015E+00 0.330900490E+00 0.345369816E+00
 0.360202372E+00 0.375360459E+00 0.390786052E+00 0.406394780E+00 0.422069371E+00
 0.437653124E+00 0.452945262E+00 0.467700332E+00 0.481634885E+00 0.494443238E+00
 0.505822599E+00 0.515503407E+00 0.523278952E+00 0.529028416E+00 0.532729268E+00
 0.534456849E+00 0.534371078E+00 0.532692730E+00 0.529675305E+00 0.525578380E+00
 0.102880023E+00 0.101043344E+00 0.990338847E-01 0.968138576E-01 0.943783075E-01
 0.920219347E-01 0.898009390E-01 0.875755101E-01 0.852652043E-01 0.829186514E-01
 0.806309879E-01 0.785531849E-01 0.768826902E-01 0.758328661E-01 0.755970627E-01
 0.763259009E-01 0.781195164E-01 0.810251832E-01 0.850327611E-01 0.900677368E-01
 0.959907770E-01 0.102616161E+00 0.109749913E+00 0.117227726E+00 0.124933273E+00
 0.132797316E+00 0.140788659E+00 0.148906171E+00 0.157174692E+00 0.165643066E+00
 0.174376056E+00 0.183437198E+00 0.192874685E+00 0.202717155E+00 0.212972745E+00
 0.223627314E+00 0.234646618E+00 0.245989814E+00 0.257625222E+00 0.269534945E+00
 0.281710327E+00 0.294146299E+00 0.306836545E+00 0.319769830E+00 0.332926869E+00
 0.346277267E+00 0.359776735E+00 0.373364002E+00 0.386957943E+00 0.400455117E+00
 0.413728148E+00 0.426625967E+00 0.438976586E+00 0.450593442E+00 0.461285323E+00
 0.470869422E+00 0.479185969E+00 0.486112118E+00 0.491572738E+00 0.495546579E+00
 0.498066396E+00 0.499213398E+00 0.499107271E+00 0.497893423E+00 0.495729893E+00
 0.101814426E+00 0.998059362E-01 0.975575000E-01 0.950081721E-01 0.921038762E-01
 0.890793726E-01 0.859828144E-01 0.827993304E-01 0.795176104E-01 0.759757906E-01
 0.721621141E-01 0.683106557E-01 0.648440346E-01 0.622298680E-01 0.608170517E-01
 0.608183667E-01 0.623608679E-01 0.655172616E-01 0.703003183E-01 0.766160935E-01
 0.841883719E-01 0.925563201E-01 0.101256534E+00 0.109994173E+00 0.118635856E+00
 0.127140179E+00 0.135508910E+00 0.143763840E+00 0.151944473E+00 0.160142079E+00
 0.168553367E+00 0.177334666E+00 0.186550274E+00 0.196233511E+00 0.206401184E+00
 0.217034027E+00 0.228004023E+00 0.239144638E+00 0.250401556E+00 0.261770308E+00
 0.273256987E+00 0.284867197E+00 0.296601355E+00 0.308452129E+00 0.320402473E+00
 0.332424015E+00 0.344475925E+00 0.356503606E+00 0.368437976E+00 0.380195111E+00
 0.391676694E+00 0.402771652E+00 0.413359046E+00 0.423312902E+00 0.432508200E+00
 0.440828085E+00 0.448171616E+00 0.454460621E+00 0.459645271E+00 0.463707149E+00
 0.466659695E+00 0.468545854E+00 0.469433397E+00 0.469408900E+00 0.468570977E+00
 0.101204142E+00 0.991773829E-01 0.968727171E-01 0.942273512E-01 0.911885649E-01
 0.877150148E-01 0.838409737E-01 0.796541497E-01 0.750652626E-01 0.699402392E-01
 0.637963638E-01 0.564536750E-01 0.492656343E-01 0.440020896E-01 0.408610031E-01
 0.398442037E-01 0.409906060E-01 0.444100574E-01 0.502893627E-01 0.588662177E-01
 0.701594949E-01 0.822334141E-01 0.934390426E-01 0.103778929E+00 0.113420695E+00
 0.122511864E+00 0.131157801E+00 0.139419809E+00 0.147309646E+00 0.154784113E+00
 0.162581146E+00 0.170955315E+00 0.179858997E+00 0.189347550E+00 0.199450538E+00
 0.210254729E+00 0.221509308E+00 0.232506141E+00 0.243365958E+00 0.254158854E+00
 0.264929920E+00 0.275707901E+00 0.286507994E+00 0.297332585E+00 0.308171660E+00
 0.319003105E+00 0.329793036E+00 0.340496212E+00 0.351056516E+00 0.361407846E+00
 0.371475309E+00 0.381176919E+00 0.390426248E+00 0.399135590E+00 0.407219708E+00
 0.414600194E+00 0.421209604E+00 0.426995188E+00 0.431921989E+00 0.435974479E+00
 0.439156890E+00 0.441492319E+00 0.443020463E+00 0.443794370E+00 0.443877041E+00
 0.101129591E+00 0.993079469E-01 0.971514508E-01 0.945773050E-01 0.915353671E-01
 0.879931077E-01 0.839069784E-01 0.791901276E-01 0.737910345E-01 0.675696880E-01
 0.596496761E-01 0.488232262E-01 0.375638232E-01 0.301931761E-01 0.258121714E-01
 0.240499843E-01 0.248586498E-01 0.283656456E-01 0.349010788E-01 0.451945812E-01
 0.606773570E-01 0.764978081E-01 0.894338563E-01 0.100626461E+00 0.110686600E+00
 0.119954064E+00 0.128623664E+00 0.136797905E+00 0.144505128E+00 0.151728392E+00
 0.159242973E+00 0.167346537E+00 0.175991222E+00 0.185201794E+00 0.195011854E+00
 0.205506638E+00 0.216369033E+00 0.226858869E+00 0.237087667E+00 0.247144133E+00
 0.257092893E+00 0.266979516E+00 0.276831776E+00 0.286660373E+00 0.296460807E+00
 0.306215376E+00 0.315895319E+00 0.325462580E+00 0.334871054E+00 0.344068080E+00
 0.352995545E+00 0.361591786E+00 0.369793177E+00 0.377536476E+00 0.384761214E+00
 0.391412288E+00 0.397442311E+00 0.402813852E+00 0.407501101E+00 0.411490887E+00
 0.414783001E+00 0.417389691E+00 0.419334650E+00 0.420651108E+00 0.421380162E+00
 0.734733164E+00 0.747888744E+00 0.745963514E+00 0.747800171E+00 0.750709534E+00
 0.754892707E+00 0.759913921E+00 0.765759885E+00 0.772372127E+00 0.779768765E+00
 0.787928104E+00 0.797071338E+00 0.806682110E+00 0.817247808E+00 0.828865588E+00
 0.841292739E+00 0.854782879E+00 0.869516253E+00 0.885188997E+00 0.902137697E+00
 0.920322299E+00 0.939884126E+00 0.960881114E+00 0.983344495E+00 0.100750792E+01
 0.103344464E+01 0.106124270E+01 0.109112418E+01 0.112312484E+01 0.115756464E+01
 0.119462717E+01 0.123437369E+01 0.127726209E+01 0.132352495E+01 0.137341189E+01
 0.142711473E+01 0.148537755E+01 0.154819179E+01 0.161641014E+01 0.169004822E+01
 0.177014637E+01 0.185685289E+01 0.195069647E+01 0.205290127E+01 0.216302776E+01
 0.228269863E+01 0.241106176E+01 0.254946232E+01 0.269692564E+01 0.285305285E+01
 0.301684856E+01 0.318548870E+01 0.335672927E+01 0.352600646E+01 0.369013834E+01
 0.384719419E+01 0.399658751E+01 0.414070129E+01 0.428483534E+01 0.443648434E+01
 0.460710621E+01 0.481301498E+01 0.508084726E+01 0.546446657E+01 0.608317327E+01
   78  117
 0.101713073E+01-0.500000007E-01 0.101751065E+01 0.500000007E-01 0.102593756E+01
 0.133417159E+00 0.103634810E+01 0.200000003E+00 0.105250001E+01 0.274130106E+00
 0.107112253E+01 0.349999994E+00 0.108393943E+01 0.400000006E+00 0.110562503E+01
 0.487950623E+00 0.112091839E+01 0.550000012E+00 0.113381839E+01 0.600000024E+00
 0.115875006E+01 0.679586291E+00 0.118531251E+01 0.734575152E+00 0.121187496E+01
 0.769888401E+00 0.125536180E+01 0.800000012E+00 0.129156256E+01 0.813119292E+00
 0.134468746E+01 0.815283418E+00 0.139781249E+01 0.805117488E+00 0.142437506E+01
 0.797135532E+00 0.147749996E+01 0.778409302E+00 0.153062499E+01 0.753413379E+00
 0.155718756E+01 0.740133524E+00 0.161031246E+01 0.711364448E+00 0.163687503E+01
 0.695497811E+00 0.169000006E+01 0.663749814E+00 0.171656251E+01 0.646384895E+00
 0.176968753E+01 0.611784339E+00 0.179624999E+01 0.593122959E+00 0.184937501E+01
 0.554801285E+00 0.187593746E+01 0.534547448E+00 0.191827905E+01 0.500000000E+00
 0.195562506E+01 0.467817783E+00 0.198218751E+01 0.442677706E+00 0.202399778E+01
 0.400000006E+00 0.206187510E+01 0.356035709E+00 0.208843756E+01 0.320843756E+00
 0.211500001E+01 0.280611932E+00 0.214156246E+01 0.232757360E+00 0.216812491E+01
 0.170548946E+00 0.218827200E+01 0.100000001E+00 0.219528174E+01 0.500000007E-01
 0.219468760E+01-0.314040147E-01 0.218428016E+01-0.100000001E+00 0.216812491E+01
-0.152543366E+00 0.214156246E+01-0.213982850E+00 0.211500001E+01-0.261628240E+00
 0.208843756E+01-0.301531136E+00 0.205083108E+01-0.349999994E+00 0.200874996E+01
-0.396288186E+00 0.198218751E+01-0.422940433E+00 0.195262313E+01-0.449999988E+00
 0.190250003E+01-0.492659420E+00 0.187593746E+01-0.513927281E+00 0.182656538E+01
-0.550000012E+00 0.179624999E+01-0.571805000E+00 0.175290692E+01-0.600000024E+00
 0.171656251E+01-0.623818755E+00 0.167182600E+01-0.649999976E+00 0.163687503E+01
-0.670890987E+00 0.158375001E+01-0.698505700E+00 0.155718756E+01-0.712362826E+00
 0.150406253E+01-0.736107528E+00 0.146482503E+01-0.750000000E+00 0.142437506E+01
-0.763708651E+00 0.137125003E+01-0.774325609E+00 0.131812501E+01-0.775183082E+00
 0.126499999E+01-0.761440933E+00 0.123843753E+01-0.746278167E+00 0.119120061E+01
-0.699999988E+00 0.116135776E+01-0.649999976E+00 0.114027405E+01-0.600000024E+00
 0.112338138E+01-0.550000012E+00 0.110562503E+01-0.490039557E+00 0.108116972E+01
-0.400000006E+00 0.106794488E+01-0.349999994E+00 0.105250001E+01-0.286536992E+00
 0.103441107E+01-0.200000003E+00 0.102593756E+01-0.143353552E+00 0.101713073E+01
-0.500000007E-01
 0.101600003E+01 0.000000000E+00 0.101600003E+01 0.963999987E+00 0.101600003E+01
 0.967999995E+00 0.101600003E+01 0.100100005E+01 0.101600003E+01 0.101900005E+01
 0.101600003E+01 0.107700002E+01 0.101600003E+01 0.107000005E+01 0.101600003E+01
 0.109599996E+01 0.101600003E+01 0.111300004E+01 0.101600003E+01 0.113800001E+01
 0.101600003E+01 0.114699996E+01 0.101199996E+01 0.116499996E+01 0.100100005E+01
 0.121700001E+01 0.102900004E+01 0.121700001E+01 0.104200006E+01 0.116240001E+01
 0.104600000E+01 0.116237998E+01 0.105599999E+01 0.116260004E+01 0.109700000E+01
 0.116450000E+01 0.110800004E+01 0.116594005E+01 0.111600006E+01 0.116591001E+01
 0.113399994E+01 0.116895998E+01 0.114800000E+01 0.117174995E+01 0.116199994E+01
 0.117556000E+01 0.118099999E+01 0.118299997E+01 0.118200004E+01 0.118350005E+01
 0.118499994E+01 0.118499994E+01 0.119000006E+01 0.118799996E+01 0.119500005E+01
 0.119099998E+01 0.120099998E+01 0.119599998E+01 0.120899999E+01 0.120200002E+01
 0.121500003E+01 0.120799994E+01 0.122200000E+01 0.121399999E+01 0.122800004E+01
 0.122099996E+01 0.123399997E+01 0.123099995E+01 0.123899996E+01 0.123800004E+01
 0.124199998E+01 0.124399996E+01 0.124800003E+01 0.125399995E+01 0.125800002E+01
 0.127800000E+01 0.126300001E+01 0.128999996E+01 0.127999997E+01 0.133099997E+01
 0.127999997E+01 0.134700000E+01 0.127999997E+01 0.134800005E+01 0.130999994E+01
 0.134800005E+01 0.132799995E+01 0.134800005E+01 0.136099994E+01 0.134800005E+01
 0.138000000E+01 0.134800005E+01 0.141900003E+01 0.134800005E+01 0.141900003E+01
 0.130999994E+01 0.137199998E+01 0.130999994E+01 0.137167001E+01 0.129237998E+01
 0.137003005E+01 0.128268003E+01 0.136688006E+01 0.125644004E+01 0.136719000E+01
 0.122955000E+01 0.137178004E+01 0.119576001E+01 0.137223995E+01 0.119402003E+01
 0.138662004E+01 0.116487002E+01 0.138707995E+01 0.116420996E+01 0.140382004E+01
 0.115696001E+01 0.141127002E+01 0.115730000E+01 0.141857004E+01 0.116131997E+01
 0.142100000E+01 0.116400003E+01 0.148662996E+01 0.124049997E+01 0.149730003E+01
 0.123458004E+01 0.149761999E+01 0.123427999E+01 0.149744999E+01 0.123174000E+01
 0.149275005E+01 0.121329999E+01 0.149259996E+01 0.121061003E+01 0.149260998E+01
 0.120485997E+01 0.149278998E+01 0.120213997E+01 0.149339998E+01 0.119641995E+01
 0.149469995E+01 0.118510997E+01 0.149621999E+01 0.116069996E+01 0.147981000E+01
 0.112425995E+01 0.148081994E+01 0.112256002E+01 0.148149002E+01 0.112137997E+01
 0.148645997E+01 0.111691999E+01 0.149094999E+01 0.111439002E+01 0.150304997E+01
 0.111243999E+01 0.159696996E+01 0.109489000E+01 0.162549996E+01 0.108529997E+01
 0.163751996E+01 0.107988000E+01 0.164699996E+01 0.107700002E+01 0.178499997E+01
 0.107700002E+01 0.206999993E+01 0.103999996E+01 0.212800002E+01 0.992999971E+00
 0.224499989E+01 0.708999991E+00 0.233956003E+01 0.461430013E+00 0.234707999E+01
 0.415829986E+00 0.234912992E+01 0.272179991E+00 0.235103011E+01 0.170179993E+00
 0.235157990E+01 0.701199993E-01 0.235124993E+01-0.317899995E-01 0.235050988E+01
-0.144350007E+00 0.234964991E+01-0.214829996E+00 0.234870005E+01-0.326689988E+00
 0.234759998E+01-0.386770010E+00 0.234019995E+01-0.453040004E+00 0.232942009E+01
-0.477569997E+00 0.213400006E+01-0.972999990E+00 0.178600001E+01-0.117400002E+01
 0.176800001E+01-0.121099997E+01 0.176800001E+01-0.125000000E+01 0.168200004E+01
-0.125000000E+01 0.137199998E+01-0.125000000E+01 0.137199998E+01-0.132900000E+01
 0.141999996E+01-0.132900000E+01 0.141999996E+01-0.136300004E+01 0.127300000E+01
-0.136300004E+01 0.115300000E+01-0.136300004E+01 0.101600003E+01-0.122300005E+01
 0.101600003E+01-0.122300005E+01 0.101600003E+01-0.829999983E+00 0.101600003E+01
-0.800000012E+00 0.101600003E+01-0.414999992E+00 0.101600003E+01-0.400000006E+00
 0.101600003E+01-0.100000005E-02 0.101600003E+01 0.000000000E+00
    0 0.000000000E+00    1
 0.000000000E+00 0.000000000E+00 0.000000000E+00 0.000000000E+00 0.000000000E+00
 0.000000000E+00 0.000000000E+00 0.000000000E+00 0.000000000E+00 0.000000000E+00
 0.000000000E+00 0.000000000E+00 0.000000000E+00 0.000000000E+00 0.000000000E+00
 0.000000000E+00 0.000000000E+00 0.000000000E+00 0.000000000E+00 0.000000000E+00
 0.000000000E+00 0.000000000E+00 0.000000000E+00 0.000000000E+00 0.000000000E+00
 0.000000000E+00 0.000000000E+00 0.000000000E+00 0.000000000E+00 0.000000000E+00
 0.000000000E+00 0.000000000E+00 0.000000000E+00 0.000000000E+00 0.000000000E+00
 0.000000000E+00 0.000000000E+00 0.000000000E+00 0.000000000E+00 0.000000000E+00
 0.000000000E+00 0.000000000E+00 0.000000000E+00 0.000000000E+00 0.000000000E+00
 0.000000000E+00 0.000000000E+00 0.000000000E+00 0.000000000E+00 0.000000000E+00
 0.000000000E+00 0.000000000E+00 0.000000000E+00 0.000000000E+00 0.000000000E+00
 0.000000000E+00 0.000000000E+00 0.000000000E+00 0.000000000E+00 0.000000000E+00
 0.000000000E+00 0.000000000E+00 0.000000000E+00 0.000000000E+00 0.000000000E+00
 0.000000000E+00 0.762410387E-01 0.108593397E+00 0.133427918E+00 0.154498696E+00
 0.173086464E+00 0.189979151E+00 0.205588907E+00 0.220211595E+00 0.234040096E+00
 0.247250408E+00 0.258591235E+00 0.270922065E+00 0.282823443E+00 0.294474393E+00
 0.305789828E+00 0.316866755E+00 0.327766776E+00 0.338516504E+00 0.349108189E+00
 0.359591305E+00 0.369991422E+00 0.380304843E+00 0.390601456E+00 0.400858253E+00
 0.411106288E+00 0.421357095E+00 0.431670696E+00 0.441992253E+00 0.452383935E+00
 0.462877333E+00 0.473433584E+00 0.484129757E+00 0.494962901E+00 0.505948544E+00
 0.517081976E+00 0.528449893E+00 0.539995432E+00 0.551808178E+00 0.563854277E+00
 0.576225877E+00 0.588882446E+00 0.601867378E+00 0.615275025E+00 0.629014492E+00
 0.643246830E+00 0.657875478E+00 0.673026502E+00 0.688668191E+00 0.704816103E+00
 0.721530557E+00 0.738725603E+00 0.756494284E+00 0.774707735E+00 0.793364644E+00
 0.812416315E+00 0.831773400E+00 0.851384103E+00 0.871264279E+00 0.891394258E+00
 0.911805153E+00 0.932604253E+00 0.953988433E+00 0.976240396E+00 0.100000000E+01
    1
 0.000000000E+00 0.000000000E+00 0.000000000E+00 0.000000000E+00 0.000000000E+00
 0.000000000E+00 0.000000000E+00 0.000000000E+00 0.000000000E+00 0.000000000E+00
 0.000000000E+00 0.000000000E+00 0.000000000E+00 0.000000000E+00 0.000000000E+00
 0.000000000E+00 0.000000000E+00 0.000000000E+00 0.000000000E+00 0.000000000E+00
 0.000000000E+00 0.000000000E+00 0.000000000E+00 0.000000000E+00 0.000000000E+00
 0.000000000E+00 0.000000000E+00 0.000000000E+00 0.000000000E+00 0.000000000E+00
 0.000000000E+00 0.000000000E+00 0.000000000E+00 0.000000000E+00 0.000000000E+00
 0.000000000E+00 0.000000000E+00 0.000000000E+00 0.000000000E+00 0.000000000E+00
 0.000000000E+00 0.000000000E+00 0.000000000E+00 0.000000000E+00 0.000000000E+00
 0.000000000E+00 0.000000000E+00 0.000000000E+00 0.000000000E+00 0.000000000E+00
 0.000000000E+00 0.000000000E+00 0.000000000E+00 0.000000000E+00 0.000000000E+00
 0.000000000E+00 0.000000000E+00 0.000000000E+00 0.000000000E+00 0.000000000E+00
 0.000000000E+00 0.000000000E+00 0.000000000E+00 0.000000000E+00 0.000000000E+00
