  EFITD    01/21/2000    #171646  3150ms           7  65  65
 0.170000005E+01 0.320000005E+01 0.169550002E+01 0.839999974E+00 0.000000000E+00
 0.171535194E+01-0.118278922E-02-0.194458425E+00 0.566110238E-01-0.200297594E+01
 0.861208062E+06-0.194458425E+00 0.000000000E+00 0.171535194E+01 0.000000000E+00
-0.118278922E-02 0.000000000E+00 0.566110238E-01 0.000000000E+00 0.000000000E+00
-0.349222898E+01-0.348537016E+01-0.347884965E+01-0.347266865E+01-0.346682715E+01
-0.346132445E+01-0.345615816E+01-0.345132494E+01-0.344682074E+01-0.344264007E+01
-0.343877625E+01-0.343522167E+01-0.343196774E+01-0.342900443E+01-0.342632055E+01
-0.342390442E+01-0.342174268E+01-0.341982079E+01-0.341812396E+01-0.341663527E+01
-0.341533732E+01-0.341421247E+01-0.341324353E+01-0.341241360E+01-0.341170692E+01
-0.341110849E+01-0.341060400E+01-0.341017938E+01-0.340982223E+01-0.340952015E+01
-0.340926194E+01-0.340903687E+01-0.340883517E+01-0.340864778E+01-0.340846658E+01
-0.340828371E+01-0.340809250E+01-0.340788698E+01-0.340766215E+01-0.340741301E+01
-0.340713644E+01-0.340682912E+01-0.340648913E+01-0.340611482E+01-0.340570569E+01
-0.340526175E+01-0.340478420E+01-0.340427446E+01-0.340373492E+01-0.340316892E+01
-0.340258050E+01-0.340197420E+01-0.340135550E+01-0.340073109E+01-0.340010786E+01
-0.339949346E+01-0.339889669E+01-0.339832687E+01-0.339779425E+01-0.339730954E+01
-0.339688492E+01-0.339653254E+01-0.339626551E+01-0.339609838E+01-0.339604568E+01
 0.449908555E+05 0.468135820E+05 0.482366680E+05 0.492874805E+05 0.499925977E+05
 0.503778164E+05 0.504681367E+05 0.502877734E+05 0.498601562E+05 0.492079297E+05
 0.483529414E+05 0.473162617E+05 0.461181641E+05 0.447781406E+05 0.433148906E+05
 0.417463320E+05 0.400895938E+05 0.383610078E+05 0.365761328E+05 0.347497266E+05
 0.328957695E+05 0.310274492E+05 0.291571641E+05 0.272965293E+05 0.254563711E+05
 0.236467246E+05 0.218768398E+05 0.201551816E+05 0.184894238E+05 0.168864512E+05
 0.153523662E+05 0.138924785E+05 0.125113115E+05 0.112126035E+05 0.999930078E+04
 0.887356641E+04 0.783677148E+04 0.688950293E+04 0.603155859E+04 0.526194775E+04
 0.457889404E+04 0.397983130E+04 0.346140747E+04 0.301948145E+04 0.264912549E+04
 0.234462329E+04 0.209947192E+04 0.190637952E+04 0.175726746E+04 0.164326917E+04
 0.155473047E+04 0.148120911E+04 0.141163855E+04 0.133569250E+04 0.124552747E+04
 0.113632458E+04 0.100629169E+04 0.856663757E+03 0.691702576E+03 0.518697083E+03
 0.347963013E+03 0.192843063E+03 0.697069855E+02-0.204857802E+01 0.000000000E+00
-0.625587034E+01-0.594369555E+01-0.563176250E+01-0.532094193E+01-0.501210451E+01
-0.470612049E+01-0.440386105E+01-0.410619640E+01-0.381399751E+01-0.352813482E+01
-0.324947929E+01-0.297890139E+01-0.271727180E+01-0.246546125E+01-0.222434044E+01
-0.199477994E+01-0.177765036E+01-0.157382238E+01-0.138416684E+01-0.120955431E+01
-0.105072415E+01-0.907446027E+00-0.779054701E+00-0.664883018E+00-0.564263642E+00
-0.476529479E+00-0.401013255E+00-0.337047726E+00-0.283965707E+00-0.241099998E+00
-0.207783371E+00-0.183348596E+00-0.167128503E+00-0.158455849E+00-0.156663433E+00
-0.161084041E+00-0.171050489E+00-0.185895532E+00-0.204952002E+00-0.227552667E+00
-0.253030330E+00-0.280717760E+00-0.309947789E+00-0.340053201E+00-0.370366782E+00
-0.400221318E+00-0.428949624E+00-0.455884457E+00-0.480358660E+00-0.501704991E+00
-0.519256294E+00-0.532345295E+00-0.540304840E+00-0.542467654E+00-0.538166642E+00
-0.526734471E+00-0.507503986E+00-0.479808003E+00-0.442979276E+00-0.396350592E+00
-0.339254737E+00-0.271024525E+00-0.190992713E+00-0.984920934E-01 0.714454427E-02
 0.517335062E+06 0.411924844E+06 0.313591125E+06 0.222133141E+06 0.137350062E+06
 0.590411289E+05-0.129944805E+05-0.789575547E+05-0.139048891E+06-0.193469266E+06
-0.242419500E+06-0.286100375E+06-0.324712656E+06-0.358457188E+06-0.387534719E+06
-0.412146062E+06-0.432492000E+06-0.448773312E+06-0.461190812E+06-0.469945281E+06
-0.475237500E+06-0.477268281E+06-0.476238375E+06-0.472348594E+06-0.465799719E+06
-0.456792531E+06-0.445527844E+06-0.432206406E+06-0.417029031E+06-0.400196500E+06
-0.381909625E+06-0.362369125E+06-0.341775875E+06-0.320330562E+06-0.298234062E+06
-0.275687125E+06-0.252890516E+06-0.230045047E+06-0.207351500E+06-0.185010656E+06
-0.163223297E+06-0.142190219E+06-0.122112211E+06-0.103190047E+06-0.856245234E+05
-0.696164219E+05-0.553665273E+05-0.430756289E+05-0.329445156E+05-0.251739746E+05
-0.199647891E+05-0.175177500E+05-0.179506660E+05-0.207680977E+05-0.251997402E+05
-0.304739922E+05-0.358192539E+05-0.404639258E+05-0.436364062E+05-0.445650977E+05
-0.424783984E+05-0.366047031E+05-0.261724180E+05-0.104099375E+05 0.114543418E+05
 0.290544987E+00 0.289759278E+00 0.288636118E+00 0.287068784E+00 0.285058051E+00
 0.282685846E+00 0.280064166E+00 0.277292550E+00 0.274431497E+00 0.271512836E+00
 0.268582195E+00 0.265654951E+00 0.262740999E+00 0.259853482E+00 0.256983131E+00
 0.254120559E+00 0.251256645E+00 0.248383567E+00 0.245496720E+00 0.242597342E+00
 0.239695400E+00 0.236787170E+00 0.233880907E+00 0.231009260E+00 0.228210121E+00
 0.225527436E+00 0.223012462E+00 0.220727369E+00 0.218752608E+00 0.217181474E+00
 0.215358868E+00 0.213045761E+00 0.210264221E+00 0.206917018E+00 0.202918753E+00
 0.198143527E+00 0.192803338E+00 0.187550589E+00 0.182302207E+00 0.177038372E+00
 0.171780989E+00 0.166572183E+00 0.161456645E+00 0.156471580E+00 0.151644155E+00
 0.146993160E+00 0.142532170E+00 0.138272047E+00 0.134222761E+00 0.130394474E+00
 0.126797929E+00 0.123444490E+00 0.120345987E+00 0.117514201E+00 0.114960372E+00
 0.112694539E+00 0.110724919E+00 0.109057315E+00 0.107694544E+00 0.106636047E+00
 0.105877586E+00 0.105411120E+00 0.105224900E+00 0.105303742E+00 0.105629437E+00
 0.291298926E+00 0.289951086E+00 0.288374871E+00 0.286518216E+00 0.284369946E+00
 0.281953692E+00 0.279307753E+00 0.276473641E+00 0.273498237E+00 0.270420730E+00
 0.267293006E+00 0.264142007E+00 0.260983199E+00 0.257829040E+00 0.254683077E+00
 0.251545697E+00 0.248416230E+00 0.245294362E+00 0.242181256E+00 0.239080667E+00
 0.235998958E+00 0.232940152E+00 0.229913428E+00 0.226938576E+00 0.224041075E+00
 0.221251950E+00 0.218609288E+00 0.216162100E+00 0.213979006E+00 0.212140590E+00
 0.210019186E+00 0.207378492E+00 0.204250649E+00 0.200588092E+00 0.196327612E+00
 0.191363677E+00 0.185946062E+00 0.180698276E+00 0.175535694E+00 0.170418233E+00
 0.165337726E+00 0.160304233E+00 0.155336648E+00 0.150456712E+00 0.145685762E+00
 0.141043708E+00 0.136549100E+00 0.132219881E+00 0.128074050E+00 0.124130256E+00
 0.120408006E+00 0.116927609E+00 0.113709807E+00 0.110775203E+00 0.108143479E+00
 0.105832532E+00 0.103857554E+00 0.102230102E+00 0.100957304E+00 0.100041211E+00
 0.994782820E-01 0.992592648E-01 0.993692875E-01 0.997883007E-01 0.100491874E+00
 0.292447031E+00 0.290849715E+00 0.288987726E+00 0.286843449E+00 0.284425765E+00
 0.281744301E+00 0.278835982E+00 0.275744796E+00 0.272512197E+00 0.269189358E+00
 0.265812606E+00 0.262405604E+00 0.258985400E+00 0.255564213E+00 0.252150267E+00
 0.248748764E+00 0.245363206E+00 0.241996348E+00 0.238651007E+00 0.235330597E+00
 0.232039496E+00 0.228783354E+00 0.225569874E+00 0.222409368E+00 0.219314441E+00
 0.216299221E+00 0.213378146E+00 0.210563585E+00 0.207859114E+00 0.205218896E+00
 0.202425629E+00 0.199327186E+00 0.195880339E+00 0.192055389E+00 0.187826753E+00
 0.183191806E+00 0.178294048E+00 0.173345193E+00 0.168389261E+00 0.163434476E+00
 0.158488154E+00 0.153561100E+00 0.148667425E+00 0.143823668E+00 0.139047891E+00
 0.134359345E+00 0.129778534E+00 0.125327513E+00 0.121030338E+00 0.116913326E+00
 0.113005050E+00 0.109336056E+00 0.105938211E+00 0.102843672E+00 0.100083731E+00
 0.976873562E-01 0.956798419E-01 0.940813422E-01 0.929055437E-01 0.921585858E-01
 0.918381363E-01 0.919330567E-01 0.924235284E-01 0.932817683E-01 0.944733992E-01
 0.294233173E+00 0.292539269E+00 0.290432036E+00 0.287925750E+00 0.285080433E+00
 0.281949908E+00 0.278601140E+00 0.275101900E+00 0.271503597E+00 0.267841220E+00
 0.264141709E+00 0.260425359E+00 0.256707251E+00 0.252998292E+00 0.249306262E+00
 0.245636567E+00 0.241993055E+00 0.238378614E+00 0.234795719E+00 0.231246769E+00
 0.227734312E+00 0.224261299E+00 0.220830962E+00 0.217446670E+00 0.214111120E+00
 0.210825115E+00 0.207585260E+00 0.204380155E+00 0.201184407E+00 0.197952345E+00
 0.194621474E+00 0.191130817E+00 0.187435955E+00 0.183511540E+00 0.179351807E+00
 0.174974695E+00 0.170422539E+00 0.165746987E+00 0.160989612E+00 0.156177923E+00
 0.151330665E+00 0.146462873E+00 0.141588613E+00 0.136722445E+00 0.131880403E+00
 0.127080619E+00 0.122344069E+00 0.117695391E+00 0.113163583E+00 0.108782470E+00
 0.104590841E+00 0.100631945E+00 0.969523564E-01 0.936002582E-01 0.906233937E-01
 0.880668610E-01 0.859709308E-01 0.843689069E-01 0.832849741E-01 0.827321336E-01
 0.827105492E-01 0.832064599E-01 0.841921121E-01 0.856268778E-01 0.874596834E-01
 0.297201574E+00 0.295596451E+00 0.293114036E+00 0.289928108E+00 0.286323607E+00
 0.282480359E+00 0.278507739E+00 0.274463981E+00 0.270384729E+00 0.266293496E+00
 0.262206763E+00 0.258136272E+00 0.254090488E+00 0.250075400E+00 0.246095136E+00
 0.242152542E+00 0.238249421E+00 0.234387010E+00 0.230566055E+00 0.226787075E+00
 0.223050371E+00 0.219355971E+00 0.215703383E+00 0.212091237E+00 0.208516613E+00
 0.204974025E+00 0.201454177E+00 0.197942525E+00 0.194418117E+00 0.190853715E+00
 0.187218279E+00 0.183481425E+00 0.179618061E+00 0.175611645E+00 0.171455890E+00
 0.167154923E+00 0.162721500E+00 0.158173114E+00 0.153527603E+00 0.148800537E+00
 0.144004673E+00 0.139150664E+00 0.134248346E+00 0.129307821E+00 0.124340773E+00
 0.119361684E+00 0.114389293E+00 0.109448180E+00 0.104570396E+00 0.997969210E-01
 0.951785147E-01 0.907753557E-01 0.866551995E-01 0.828899592E-01 0.795516372E-01
 0.767088681E-01 0.744242221E-01 0.727515891E-01 0.717327371E-01 0.713934675E-01
 0.717400238E-01 0.727562979E-01 0.744022354E-01 0.766149014E-01 0.793131962E-01
 0.302848279E+00 0.302220017E+00 0.297984183E+00 0.292820066E+00 0.287871927E+00
 0.283026069E+00 0.278259397E+00 0.273563117E+00 0.268932998E+00 0.264366597E+00
 0.259862363E+00 0.255418926E+00 0.251035154E+00 0.246709853E+00 0.242441833E+00
 0.238229796E+00 0.234072462E+00 0.229968458E+00 0.225916341E+00 0.221914545E+00
 0.217961282E+00 0.214054361E+00 0.210190922E+00 0.206367090E+00 0.202577591E+00
 0.198815152E+00 0.195070043E+00 0.191329703E+00 0.187578648E+00 0.183799028E+00
 0.179971844E+00 0.176078543E+00 0.172102869E+00 0.168032244E+00 0.163858593E+00
 0.159578398E+00 0.155191898E+00 0.150701776E+00 0.146111727E+00 0.141425177E+00
 0.136644736E+00 0.131772101E+00 0.126808539E+00 0.121755555E+00 0.116616152E+00
 0.111396253E+00 0.106106810E+00 0.100766487E+00 0.954050347E-01 0.900672078E-01
 0.848164633E-01 0.797369853E-01 0.749312341E-01 0.705112293E-01 0.665861666E-01
 0.632555261E-01 0.606116578E-01 0.587414913E-01 0.577189922E-01 0.575948283E-01
 0.583908632E-01 0.600955226E-01 0.626540855E-01 0.659625083E-01 0.698781163E-01
 0.306632340E+00 0.306502193E+00 0.301378280E+00 0.294750631E+00 0.288617700E+00
 0.282840282E+00 0.277321547E+00 0.272002578E+00 0.266845554E+00 0.261824846E+00
 0.256922126E+00 0.252123713E+00 0.247419253E+00 0.242800549E+00 0.238261104E+00
 0.233795583E+00 0.229399532E+00 0.225069121E+00 0.220800892E+00 0.216591582E+00
 0.212437913E+00 0.208336323E+00 0.204282790E+00 0.200272501E+00 0.196299613E+00
 0.192356989E+00 0.188435942E+00 0.184526235E+00 0.180616081E+00 0.176692545E+00
 0.172742099E+00 0.168751240E+00 0.164707273E+00 0.160598889E+00 0.156416386E+00
 0.152151763E+00 0.147798285E+00 0.143349931E+00 0.138800710E+00 0.134144023E+00
 0.129372239E+00 0.124476440E+00 0.119446509E+00 0.114271536E+00 0.108940586E+00
 0.103444107E+00 0.977761000E-01 0.919375792E-01 0.859419554E-01 0.798231885E-01
 0.736475140E-01 0.675280914E-01 0.616356991E-01 0.561827980E-01 0.513527505E-01
 0.472418815E-01 0.439474061E-01 0.416342095E-01 0.404593199E-01 0.405074954E-01
 0.418133438E-01 0.444190428E-01 0.483069159E-01 0.532795526E-01 0.590219125E-01
 0.307187170E+00 0.307130933E+00 0.301515043E+00 0.294337779E+00 0.287605107E+00
 0.281244576E+00 0.275195390E+00 0.269405127E+00 0.263831168E+00 0.258439779E+00
 0.253204525E+00 0.248104602E+00 0.243123740E+00 0.238249093E+00 0.233470500E+00
 0.228779823E+00 0.224170446E+00 0.219636902E+00 0.215174511E+00 0.210779056E+00
 0.206446573E+00 0.202173069E+00 0.197954252E+00 0.193785414E+00 0.189661086E+00
 0.185574993E+00 0.181519866E+00 0.177487418E+00 0.173468366E+00 0.169452608E+00
 0.165429428E+00 0.161387727E+00 0.157316312E+00 0.153204024E+00 0.149039805E+00
 0.144812599E+00 0.140511051E+00 0.136123061E+00 0.131635413E+00 0.127033159E+00
 0.122299112E+00 0.117413484E+00 0.112353452E+00 0.107092977E+00 0.101602808E+00
 0.958507434E-01 0.898026451E-01 0.834244192E-01 0.766862407E-01 0.695710778E-01
 0.620920733E-01 0.543298423E-01 0.465156697E-01 0.392134748E-01 0.334172212E-01
 0.283464584E-01 0.236537550E-01 0.202906523E-01 0.187473707E-01 0.190515555E-01
 0.207093433E-01 0.239452589E-01 0.301390234E-01 0.381185599E-01 0.468644910E-01
 0.305008799E+00 0.304810166E+00 0.299092352E+00 0.291664064E+00 0.284633279E+00
 0.277963936E+00 0.271612614E+00 0.265535265E+00 0.259691775E+00 0.254047751E+00
 0.248574942E+00 0.243250489E+00 0.238056198E+00 0.232977659E+00 0.228003502E+00
 0.223124743E+00 0.218334198E+00 0.213626072E+00 0.208995551E+00 0.204438508E+00
 0.199951217E+00 0.195530057E+00 0.191171363E+00 0.186871171E+00 0.182625070E+00
 0.178428069E+00 0.174274430E+00 0.170157671E+00 0.166070461E+00 0.162004709E+00
 0.157951504E+00 0.153901249E+00 0.149843574E+00 0.145767376E+00 0.141660661E+00
 0.137510329E+00 0.133301899E+00 0.129019052E+00 0.124643154E+00 0.120152637E+00
 0.115522362E+00 0.110722803E+00 0.105719171E+00 0.100470424E+00 0.949279964E-01
 0.890343413E-01 0.827210471E-01 0.759065598E-01 0.684932470E-01 0.603637807E-01
 0.513764210E-01 0.413583182E-01 0.300904997E-01 0.172307715E-01 0.232089823E-02
-0.104945293E-01-0.200401805E-01-0.261477418E-01-0.284788925E-01-0.264879987E-01
-0.202045757E-01-0.763451774E-02 0.688544102E-02 0.211418662E-01 0.347043946E-01
 0.300608605E+00 0.300159782E+00 0.294364065E+00 0.286825001E+00 0.279693395E+00
 0.272931337E+00 0.266483992E+00 0.260301709E+00 0.254342884E+00 0.248573944E+00
 0.242968142E+00 0.237504452E+00 0.232166454E+00 0.226941332E+00 0.221819147E+00
 0.216792196E+00 0.211854517E+00 0.207001448E+00 0.202229321E+00 0.197535113E+00
 0.192916259E+00 0.188370392E+00 0.183895141E+00 0.179487988E+00 0.175146058E+00
 0.170866013E+00 0.166643932E+00 0.162475184E+00 0.158354372E+00 0.154275194E+00
 0.150230467E+00 0.146211907E+00 0.142210141E+00 0.138214454E+00 0.134212643E+00
 0.130190656E+00 0.126132324E+00 0.122018822E+00 0.117828138E+00 0.113534391E+00
 0.109106973E+00 0.104509540E+00 0.996987373E-01 0.946224853E-01 0.892178118E-01
 0.834078342E-01 0.770974830E-01 0.701672807E-01 0.624638349E-01 0.537846424E-01
 0.438524820E-01 0.322697274E-01 0.184342302E-01 0.139732298E-02-0.202609077E-01
-0.431197174E-01-0.592811406E-01-0.689064562E-01-0.722830594E-01-0.693056509E-01
-0.587519407E-01-0.396844931E-01-0.143988747E-01 0.746479956E-02 0.263640881E-01
 0.294070452E+00 0.293349504E+00 0.287202001E+00 0.279723197E+00 0.272757381E+00
 0.266158789E+00 0.259837151E+00 0.253733575E+00 0.247808844E+00 0.242035627E+00
 0.236394256E+00 0.230870187E+00 0.225452557E+00 0.220133245E+00 0.214906216E+00
 0.209767058E+00 0.204712629E+00 0.199740782E+00 0.194850057E+00 0.190039560E+00
 0.185308725E+00 0.180657148E+00 0.176084414E+00 0.171590015E+00 0.167173117E+00
 0.162832499E+00 0.158566356E+00 0.154372260E+00 0.150246903E+00 0.146186128E+00
 0.142184615E+00 0.138235852E+00 0.134331897E+00 0.130463168E+00 0.126618132E+00
 0.122783087E+00 0.118941642E+00 0.115074351E+00 0.111158095E+00 0.107165389E+00
 0.103063561E+00 0.988136530E-01 0.943690911E-01 0.896739215E-01 0.846604481E-01
 0.792460665E-01 0.733288005E-01 0.667810291E-01 0.594404005E-01 0.510966033E-01
 0.414722748E-01 0.301962811E-01 0.167700630E-01 0.534060760E-03-0.193508528E-01
-0.436813906E-01-0.632719845E-01-0.751049146E-01-0.795688108E-01-0.767856240E-01
-0.669254735E-01-0.487918183E-01-0.220580101E-01 0.475024013E-02 0.270236190E-01
 0.283882499E+00 0.282363832E+00 0.276807129E+00 0.270184755E+00 0.263917804E+00
 0.257827133E+00 0.251860946E+00 0.245997742E+00 0.240226448E+00 0.234540433E+00
 0.228935391E+00 0.223408431E+00 0.217957705E+00 0.212582171E+00 0.207281515E+00
 0.202056035E+00 0.196906552E+00 0.191834331E+00 0.186841011E+00 0.181928486E+00
 0.177098840E+00 0.172354236E+00 0.167696774E+00 0.163128465E+00 0.158650994E+00
 0.154265687E+00 0.149973348E+00 0.145774081E+00 0.141667202E+00 0.137651041E+00
 0.133722782E+00 0.129878193E+00 0.126111522E+00 0.122415140E+00 0.118779302E+00
 0.115191832E+00 0.111637726E+00 0.108098745E+00 0.104552925E+00 0.100973964E+00
 0.973305553E-01 0.935855210E-01 0.896948054E-01 0.856061280E-01 0.812574029E-01
 0.765746310E-01 0.714692175E-01 0.658347085E-01 0.595426261E-01 0.524378195E-01
 0.443335995E-01 0.350081325E-01 0.242041610E-01 0.116338124E-01-0.301804789E-02
-0.201498941E-01-0.382068865E-01-0.485296957E-01-0.522661246E-01-0.500280671E-01
-0.415852629E-01-0.274700038E-01-0.675349357E-02 0.188966189E-01 0.404418856E-01
 0.271068096E+00 0.268042475E+00 0.264001936E+00 0.259175241E+00 0.253935635E+00
 0.248501599E+00 0.242974967E+00 0.237408489E+00 0.231832966E+00 0.226268172E+00
 0.220727712E+00 0.215221643E+00 0.209757850E+00 0.204342902E+00 0.198982581E+00
 0.193682253E+00 0.188447073E+00 0.183282107E+00 0.178192422E+00 0.173183113E+00
 0.168259308E+00 0.163426131E+00 0.158688605E+00 0.154051676E+00 0.149519995E+00
 0.145097911E+00 0.140789270E+00 0.136597261E+00 0.132524356E+00 0.128571972E+00
 0.124740370E+00 0.121028408E+00 0.117433287E+00 0.113950260E+00 0.110572413E+00
 0.107290298E+00 0.104091659E+00 0.100961082E+00 0.978796184E-01 0.948244110E-01
 0.917682424E-01 0.886790827E-01 0.855195895E-01 0.822465345E-01 0.788102373E-01
 0.751540512E-01 0.712139085E-01 0.669183135E-01 0.621891133E-01 0.569438674E-01
 0.511013381E-01 0.445924848E-01 0.373815596E-01 0.295061246E-01 0.211566258E-01
 0.128488764E-01 0.572514487E-02 0.132653059E-02 0.550699828E-03 0.364221307E-02
 0.105644688E-01 0.210794527E-01 0.346213989E-01 0.499890000E-01 0.655023903E-01
 0.260801375E+00 0.257211417E+00 0.253206462E+00 0.248769313E+00 0.243972555E+00
 0.238915712E+00 0.233680025E+00 0.228325382E+00 0.222894922E+00 0.217420176E+00
 0.211924776E+00 0.206427082E+00 0.200941831E+00 0.195481420E+00 0.190056592E+00
 0.184677020E+00 0.179351762E+00 0.174089432E+00 0.168898463E+00 0.163787186E+00
 0.158763871E+00 0.153836831E+00 0.149014324E+00 0.144304514E+00 0.139715448E+00
 0.135254920E+00 0.130930319E+00 0.126748517E+00 0.122715667E+00 0.118837006E+00
 0.115116633E+00 0.111557238E+00 0.108159848E+00 0.104923524E+00 0.101845101E+00
 0.989188999E-01 0.961364657E-01 0.934863761E-01 0.909539536E-01 0.885211378E-01
 0.861662775E-01 0.838641301E-01 0.815858319E-01 0.792990774E-01 0.769684613E-01
 0.745561644E-01 0.720230788E-01 0.693307146E-01 0.664443150E-01 0.633378923E-01
 0.600022152E-01 0.564570837E-01 0.527697466E-01 0.490809046E-01 0.456370860E-01
 0.428170115E-01 0.411162563E-01 0.410514511E-01 0.430230238E-01 0.472344905E-01
 0.536825694E-01 0.621653385E-01 0.722862855E-01 0.834848732E-01 0.951399580E-01
 0.251840651E+00 0.247856811E+00 0.243639708E+00 0.239151835E+00 0.234401196E+00
 0.229429841E+00 0.224281996E+00 0.218998387E+00 0.213614136E+00 0.208158642E+00
 0.202656344E+00 0.197127789E+00 0.191590473E+00 0.186059698E+00 0.180549189E+00
 0.175071597E+00 0.169638857E+00 0.164262548E+00 0.158954009E+00 0.153724596E+00
 0.148585692E+00 0.143548831E+00 0.138625637E+00 0.133827820E+00 0.129167154E+00
 0.124655299E+00 0.120303728E+00 0.116123550E+00 0.112125330E+00 0.108318828E+00
 0.104712822E+00 0.101314731E+00 0.981303379E-01 0.951634124E-01 0.924153849E-01
 0.898851082E-01 0.875686854E-01 0.854593366E-01 0.835472420E-01 0.818194970E-01
 0.802602023E-01 0.788507387E-01 0.775701851E-01 0.763959140E-01 0.753046349E-01
 0.742736682E-01 0.732827485E-01 0.723163486E-01 0.713668466E-01 0.704388544E-01
 0.695548579E-01 0.687624142E-01 0.681423992E-01 0.678169802E-01 0.679539517E-01
 0.687619522E-01 0.704707950E-01 0.732963681E-01 0.773994774E-01 0.828525275E-01
 0.896218941E-01 0.975658298E-01 0.106446460E+00 0.115956977E+00 0.125762641E+00
 0.243515119E+00 0.239172295E+00 0.234683514E+00 0.230003789E+00 0.225125596E+00
 0.220070213E+00 0.214862496E+00 0.209528267E+00 0.204092413E+00 0.198578015E+00
 0.193006039E+00 0.187395379E+00 0.181763232E+00 0.176125392E+00 0.170496687E+00
 0.164891273E+00 0.159322947E+00 0.153805420E+00 0.148352444E+00 0.142978027E+00
 0.137696505E+00 0.132522568E+00 0.127471358E+00 0.122558348E+00 0.117799342E+00
 0.113210350E+00 0.108807459E+00 0.104606658E+00 0.100623623E+00 0.968735069E-01
 0.933707207E-01 0.901285708E-01 0.871587172E-01 0.844706371E-01 0.820711628E-01
 0.799642131E-01 0.781507194E-01 0.766289830E-01 0.753941908E-01 0.744381323E-01
 0.737495944E-01 0.733152553E-01 0.731198266E-01 0.731470287E-01 0.733811706E-01
 0.738088787E-01 0.744208992E-01 0.752140880E-01 0.761935487E-01 0.773751810E-01
 0.787883699E-01 0.804786757E-01 0.825098306E-01 0.849640518E-01 0.879393518E-01
 0.915423557E-01 0.958761871E-01 0.101024285E+00 0.107033223E+00 0.113898300E+00
 0.121555157E+00 0.129879087E+00 0.138692707E+00 0.147781029E+00 0.156911954E+00
 0.235496059E+00 0.230801448E+00 0.226011500E+00 0.221076980E+00 0.215986207E+00
 0.210752368E+00 0.205391109E+00 0.199919373E+00 0.194354460E+00 0.188713461E+00
 0.183012888E+00 0.177268580E+00 0.171495780E+00 0.165709317E+00 0.159923762E+00
 0.154153645E+00 0.148413718E+00 0.142719105E+00 0.137085438E+00 0.131529048E+00
 0.126066968E+00 0.120717093E+00 0.115498096E+00 0.110429458E+00 0.105531380E+00
 0.100824684E+00 0.963306502E-01 0.920708701E-01 0.880668685E-01 0.843399391E-01
 0.809112564E-01 0.778018832E-01 0.750312135E-01 0.726158246E-01 0.705688372E-01
 0.688994154E-01 0.676117539E-01 0.667110831E-01 0.661982894E-01 0.660683885E-01
 0.663117021E-01 0.669196919E-01 0.678791553E-01 0.691748187E-01 0.707925782E-01
 0.727221817E-01 0.749588385E-01 0.775043219E-01 0.803679079E-01 0.835672766E-01
 0.871291012E-01 0.910892114E-01 0.954918340E-01 0.100387491E+00 0.105829045E+00
 0.111865640E+00 0.118534721E+00 0.125852659E+00 0.133805454E+00 0.142340958E+00
 0.151364326E+00 0.160737962E+00 0.170286804E+00 0.179808870E+00 0.189090371E+00
 0.227577090E+00 0.222534344E+00 0.217420563E+00 0.212194398E+00 0.206841961E+00
 0.201373458E+00 0.195799768E+00 0.190132245E+00 0.184382617E+00 0.178562880E+00
 0.172685176E+00 0.166761860E+00 0.160805538E+00 0.154829144E+00 0.148846164E+00
 0.142870754E+00 0.136917889E+00 0.131003559E+00 0.125144824E+00 0.119360000E+00
 0.113668732E+00 0.108092003E+00 0.102652200E+00 0.973730385E-01 0.922795162E-01
 0.873977318E-01 0.827548578E-01 0.783792287E-01 0.742988884E-01 0.705407262E-01
 0.671326965E-01 0.641090423E-01 0.615008064E-01 0.593337566E-01 0.576288775E-01
 0.564039089E-01 0.556449965E-01 0.553833321E-01 0.556305200E-01 0.563806631E-01
 0.576047041E-01 0.593195483E-01 0.615047105E-01 0.641345754E-01 0.671871826E-01
 0.706500188E-01 0.745190680E-01 0.787978172E-01 0.834968016E-01 0.886332467E-01
 0.942304805E-01 0.100316979E+00 0.106924586E+00 0.114085808E+00 0.121829860E+00
 0.130177483E+00 0.139134511E+00 0.148684561E+00 0.158781365E+00 0.169341683E+00
 0.180239797E+00 0.191305146E+00 0.202325061E+00 0.213054076E+00 0.223231122E+00
 0.219622463E+00 0.214226887E+00 0.208768532E+00 0.203217968E+00 0.197570279E+00
 0.191832453E+00 0.186010674E+00 0.180111229E+00 0.174140707E+00 0.168106258E+00
 0.162015617E+00 0.155877337E+00 0.149700850E+00 0.143496752E+00 0.137276828E+00
 0.131054267E+00 0.124843813E+00 0.118661828E+00 0.112526499E+00 0.106457882E+00
 0.100478008E+00 0.946110040E-01 0.888831019E-01 0.833226144E-01 0.779599473E-01
 0.728265569E-01 0.679551512E-01 0.633861423E-01 0.591567904E-01 0.552919172E-01
 0.518077873E-01 0.487854704E-01 0.462748259E-01 0.443086885E-01 0.429102033E-01
 0.420965217E-01 0.418800600E-01 0.422756597E-01 0.432956219E-01 0.449476317E-01
 0.472337417E-01 0.501508974E-01 0.536737628E-01 0.577352531E-01 0.622852519E-01
 0.673130006E-01 0.728188530E-01 0.788099542E-01 0.852994919E-01 0.923062041E-01
 0.998535976E-01 0.107968800E+00 0.116680741E+00 0.126017630E+00 0.136003405E+00
 0.146653056E+00 0.157966748E+00 0.169922516E+00 0.182467282E+00 0.195506632E+00
 0.208893105E+00 0.222414941E+00 0.235788673E+00 0.248662531E+00 0.260639548E+00
 0.211487204E+00 0.205731213E+00 0.199902460E+00 0.194008291E+00 0.188050494E+00
 0.182029054E+00 0.175944358E+00 0.169797063E+00 0.163588241E+00 0.157319680E+00
 0.150994226E+00 0.144616142E+00 0.138191253E+00 0.131727234E+00 0.125233769E+00
 0.118722662E+00 0.112208009E+00 0.105706260E+00 0.992363840E-01 0.928199217E-01
 0.864811316E-01 0.802470818E-01 0.741482377E-01 0.682173222E-01 0.624940656E-01
 0.570145063E-01 0.517941527E-01 0.469241627E-01 0.424832664E-01 0.385218449E-01
 0.350785814E-01 0.321931988E-01 0.299005508E-01 0.282300226E-01 0.272063073E-01
 0.268503092E-01 0.271800812E-01 0.282120910E-01 0.299614202E-01 0.324418470E-01
 0.356654972E-01 0.396407060E-01 0.443650112E-01 0.498130880E-01 0.559188500E-01
 0.625295788E-01 0.696658045E-01 0.773409829E-01 0.855730101E-01 0.943848267E-01
 0.103804253E+00 0.113863260E+00 0.124596789E+00 0.136040926E+00 0.148230299E+00
 0.161194503E+00 0.174953148E+00 0.189508960E+00 0.204837918E+00 0.220875055E+00
 0.237493500E+00 0.254473686E+00 0.271460682E+00 0.287920237E+00 0.303140849E+00
 0.202963203E+00 0.196827009E+00 0.190641999E+00 0.184418857E+00 0.178160444E+00
 0.171863735E+00 0.165523678E+00 0.159134343E+00 0.152690038E+00 0.146186084E+00
 0.139619514E+00 0.132989511E+00 0.126297727E+00 0.119548507E+00 0.112749040E+00
 0.105909467E+00 0.990429521E-01 0.921658128E-01 0.852975622E-01 0.784609690E-01
 0.716821700E-01 0.649894476E-01 0.584214441E-01 0.519987941E-01 0.458084010E-01
 0.399497785E-01 0.344867148E-01 0.294749122E-01 0.249639172E-01 0.209974572E-01
 0.176162384E-01 0.148598989E-01 0.127663147E-01 0.113704447E-01 0.107032647E-01
 0.107909963E-01 0.116548128E-01 0.133111924E-01 0.157729033E-01 0.190506428E-01
 0.231549926E-01 0.280976016E-01 0.338893346E-01 0.405321904E-01 0.480005927E-01
 0.562060215E-01 0.649451017E-01 0.742611066E-01 0.841745734E-01 0.947133601E-01
 0.105912119E+00 0.117811956E+00 0.130460083E+00 0.143909261E+00 0.158216923E+00
 0.173443869E+00 0.189651951E+00 0.206900641E+00 0.225241095E+00 0.244705871E+00
 0.265290558E+00 0.286918461E+00 0.309365720E+00 0.332059026E+00 0.353530079E+00
 0.193926618E+00 0.187389076E+00 0.180847064E+00 0.174311116E+00 0.167778954E+00
 0.161239609E+00 0.154678270E+00 0.148078829E+00 0.141425923E+00 0.134706378E+00
 0.127910003E+00 0.121030129E+00 0.114063770E+00 0.107011668E+00 0.998783931E-01
 0.926722810E-01 0.854055136E-01 0.780941248E-01 0.707582608E-01 0.634215698E-01
 0.561166480E-01 0.488441885E-01 0.417510904E-01 0.349242650E-01 0.284293462E-01
 0.223224554E-01 0.166526847E-01 0.114677018E-01 0.681652362E-02 0.275058928E-02
-0.676302356E-03-0.341002014E-02-0.539859850E-02-0.659457082E-02-0.695703179E-02
-0.645326963E-02-0.505979080E-02-0.276256492E-02 0.443703437E-03 0.455752434E-02
 0.957422052E-02 0.154917622E-01 0.223154128E-01 0.300566051E-01 0.387211032E-01
 0.482774414E-01 0.585968979E-01 0.695022568E-01 0.810202807E-01 0.931857452E-01
 0.106041513E+00 0.119639270E+00 0.134040520E+00 0.149317741E+00 0.165555820E+00
 0.182853788E+00 0.201327085E+00 0.221110448E+00 0.242361456E+00 0.265265256E+00
 0.290040851E+00 0.316951305E+00 0.346322477E+00 0.378563464E+00 0.412058860E+00
 0.184176356E+00 0.177211091E+00 0.170321822E+00 0.163512915E+00 0.156768471E+00
 0.150058880E+00 0.143349916E+00 0.136608154E+00 0.129804045E+00 0.122913495E+00
 0.115918145E+00 0.108805247E+00 0.101567358E+00 0.942019597E-01 0.867112577E-01
 0.791020244E-01 0.713854805E-01 0.635768399E-01 0.556992739E-01 0.477582589E-01
 0.399002284E-01 0.322099440E-01 0.247559678E-01 0.175910462E-01 0.107609043E-01
 0.431177253E-02-0.170414755E-02-0.722627807E-02-0.121873524E-01-0.165154468E-01
-0.201364104E-01-0.229768474E-01-0.249673817E-01-0.260458495E-01-0.261602085E-01
-0.252708606E-01-0.233522505E-01-0.203935262E-01-0.163980760E-01-0.113817323E-01
-0.536929956E-02 0.161090435E-02 0.953491963E-02 0.183946546E-01 0.282027349E-01
 0.389720015E-01 0.506626070E-01 0.630839765E-01 0.761057958E-01 0.897698104E-01
 0.104124852E+00 0.119230144E+00 0.135157809E+00 0.151995540E+00 0.169849947E+00
 0.188851073E+00 0.209158614E+00 0.230970666E+00 0.254536241E+00 0.280173331E+00
 0.308295816E+00 0.339455724E+00 0.374416023E+00 0.414297462E+00 0.456754774E+00
 0.173383072E+00 0.165954977E+00 0.158757970E+00 0.151779458E+00 0.144962341E+00
 0.138230741E+00 0.131512001E+00 0.124745540E+00 0.117884383E+00 0.110893644E+00
 0.103748418E+00 0.964318663E-01 0.889338404E-01 0.812498331E-01 0.733805001E-01
 0.653318539E-01 0.571161173E-01 0.487337299E-01 0.403124616E-01 0.319449566E-01
 0.236995257E-01 0.156233730E-01 0.775454752E-02 0.131538342E-03-0.719778426E-02
-0.141737182E-01-0.207249355E-01-0.267693084E-01-0.322160050E-01-0.369685590E-01
-0.409286618E-01-0.440004393E-01-0.460948199E-01-0.471336804E-01-0.470534414E-01
-0.458079092E-01-0.433702022E-01-0.397336297E-01-0.349114016E-01-0.289350264E-01
-0.218510088E-01-0.137155280E-01-0.458647171E-02 0.548792584E-02 0.164847262E-01
 0.284206737E-01 0.413190164E-01 0.551186837E-01 0.695181936E-01 0.845313817E-01
 0.100201868E+00 0.116588131E+00 0.133764297E+00 0.151822463E+00 0.170876399E+00
 0.191066921E+00 0.212569535E+00 0.235605404E+00 0.260456771E+00 0.287488759E+00
 0.317179620E+00 0.350159883E+00 0.387255877E+00 0.429514170E+00 0.475707620E+00
 0.160956934E+00 0.152972758E+00 0.145609155E+00 0.138755947E+00 0.132194012E+00
 0.125729531E+00 0.119230308E+00 0.112611555E+00 0.105818532E+00 0.988152996E-01
 0.915781334E-01 0.840917900E-01 0.763473064E-01 0.683403835E-01 0.600697584E-01
 0.515378825E-01 0.428215191E-01 0.340319909E-01 0.252425633E-01 0.164985359E-01
 0.782929268E-02-0.739701325E-03-0.917441119E-02-0.174273234E-01-0.254355874E-01
-0.331200957E-01-0.403859876E-01-0.471245944E-01-0.532168001E-01-0.585376397E-01
-0.629616752E-01-0.663687587E-01-0.686495826E-01-0.697105825E-01-0.694779381E-01
-0.679004639E-01-0.649515241E-01-0.606297664E-01-0.549589358E-01-0.479864739E-01
-0.397806205E-01-0.304255672E-01-0.200139564E-01-0.863585994E-02 0.363664306E-02
 0.167704746E-01 0.307905693E-01 0.457194746E-01 0.614196509E-01 0.776493251E-01
 0.944523811E-01 0.111884467E+00 0.130014613E+00 0.148927525E+00 0.168726698E+00
 0.189538777E+00 0.211519644E+00 0.234862909E+00 0.259812146E+00 0.286678225E+00
 0.315865606E+00 0.347912639E+00 0.383556306E+00 0.423828959E+00 0.467912406E+00
 0.145485729E+00 0.136531726E+00 0.129791141E+00 0.124117613E+00 0.118538275E+00
 0.112793222E+00 0.106796041E+00 0.100505240E+00 0.938967764E-01 0.869553983E-01
 0.796712190E-01 0.720383823E-01 0.640546381E-01 0.557217449E-01 0.470342524E-01
 0.381336696E-01 0.291055534E-01 0.200022664E-01 0.108507955E-01 0.166486925E-02
-0.754028186E-02-0.167378988E-01-0.258857049E-01-0.349226221E-01-0.437667146E-01
-0.523146838E-01-0.604432225E-01-0.680123344E-01-0.748705566E-01-0.808615908E-01
-0.858317688E-01-0.896373689E-01-0.921511650E-01-0.932675377E-01-0.929061100E-01
-0.910139531E-01-0.875668451E-01-0.825697035E-01-0.760564357E-01-0.680889562E-01
-0.587550402E-01-0.481644087E-01-0.364422239E-01-0.237188507E-01-0.101148672E-01
 0.427982258E-02 0.194341093E-01 0.353930853E-01 0.521633327E-01 0.694712028E-01
 0.872292742E-01 0.105485134E+00 0.124295548E+00 0.143727764E+00 0.163860932E+00
 0.184787750E+00 0.206616729E+00 0.229474753E+00 0.253510326E+00 0.278897226E+00
 0.305839568E+00 0.334580153E+00 0.365422875E+00 0.398833185E+00 0.434775501E+00
 0.127331302E+00 0.116575517E+00 0.112327121E+00 0.109166034E+00 0.105042398E+00
 0.100228615E+00 0.948437229E-01 0.889430940E-01 0.825546756E-01 0.756932944E-01
 0.683671236E-01 0.605808645E-01 0.523375571E-01 0.437002294E-01 0.347838849E-01
 0.256654695E-01 0.163852703E-01 0.695726695E-02-0.261695962E-02-0.123325754E-01
-0.221736562E-01-0.321078748E-01-0.420817584E-01-0.520169698E-01-0.618081838E-01
-0.713230893E-01-0.804050192E-01-0.888783634E-01-0.965563953E-01-0.103250869E+00
-0.108781964E+00-0.112987339E+00-0.115728877E+00-0.116896525E+00-0.116409883E+00
-0.114218555E+00-0.110302195E+00-0.104670852E+00-0.973656625E-01-0.884589478E-01
-0.780532584E-01-0.662787706E-01-0.532881729E-01-0.392477438E-01-0.243232809E-01
-0.865961518E-02 0.764719211E-02 0.245861337E-01 0.422210470E-01 0.604749732E-01
 0.790319070E-01 0.979251638E-01 0.117194980E+00 0.136886686E+00 0.157049417E+00
 0.177734882E+00 0.198995382E+00 0.220880598E+00 0.243431702E+00 0.266670704E+00
 0.290580630E+00 0.315066725E+00 0.339874953E+00 0.364412963E+00 0.387453675E+00
 0.114381120E+00 0.102920309E+00 0.992792472E-01 0.967942178E-01 0.933640972E-01
 0.891191736E-01 0.841523707E-01 0.785273910E-01 0.722855851E-01 0.654530227E-01
 0.580459163E-01 0.500738025E-01 0.416457914E-01 0.328690149E-01 0.238120910E-01
 0.145080406E-01 0.496254768E-02-0.483217416E-02-0.148823597E-01-0.251851715E-01
-0.357223079E-01-0.464537442E-01-0.573120825E-01-0.681982115E-01-0.789791122E-01
-0.894886479E-01-0.995320678E-01-0.108894423E+00-0.117352411E+00-0.124688275E+00
-0.130702808E+00-0.135226965E+00-0.138126940E+00-0.139302790E+00-0.138684198E+00
-0.136226550E+00-0.131909832E+00-0.125741228E+00-0.117760137E+00-0.108041942E+00
-0.966970846E-01-0.838698670E-01-0.697343200E-01-0.544865467E-01-0.383319035E-01
-0.214651767E-01-0.404288759E-02 0.138529297E-01 0.322561301E-01 0.512164943E-01
 0.704583749E-01 0.898518041E-01 0.109427221E+00 0.129212275E+00 0.149230316E+00
 0.169497997E+00 0.190021679E+00 0.210791752E+00 0.231774271E+00 0.252898067E+00
 0.274035633E+00 0.294975460E+00 0.315386593E+00 0.334786326E+00 0.352545977E+00
 0.105911203E+00 0.941073149E-01 0.898585469E-01 0.874066129E-01 0.841358155E-01
 0.800735280E-01 0.752597600E-01 0.697294772E-01 0.635092035E-01 0.566165708E-01
 0.490644835E-01 0.409837738E-01 0.324807465E-01 0.236240402E-01 0.144457556E-01
 0.494837668E-02-0.488245534E-02-0.150632448E-01-0.256048292E-01-0.365053900E-01
-0.477430522E-01-0.592684597E-01-0.709980205E-01-0.828087702E-01-0.945360363E-01
-0.105975263E+00-0.116888836E+00-0.127018511E+00-0.136102989E+00-0.143902868E+00
-0.150219262E+00-0.154900312E+00-0.157837704E+00-0.158957019E+00-0.158206597E+00
-0.155549198E+00-0.150959581E+00-0.144428939E+00-0.135975614E+00-0.125658348E+00
-0.113585807E+00-0.999133587E-01-0.848325938E-01-0.685644448E-01-0.513478182E-01
-0.334209539E-01-0.149941724E-01 0.378634362E-02 0.228833705E-01 0.423763730E-01
 0.621843226E-01 0.819658265E-01 0.101745233E+00 0.121537402E+00 0.141347498E+00
 0.161168948E+00 0.180980101E+00 0.200739488E+00 0.220379606E+00 0.239799112E+00
 0.258853644E+00 0.277346730E+00 0.295023859E+00 0.311575860E+00 0.326657861E+00
 0.996666774E-01 0.875742435E-01 0.832392201E-01 0.806791112E-01 0.773453191E-01
 0.732483789E-01 0.684031695E-01 0.628228039E-01 0.565167218E-01 0.494772233E-01
 0.418394171E-01 0.337107293E-01 0.251646508E-01 0.162385646E-01 0.693769287E-02
-0.275474368E-02-0.128629347E-01-0.234097354E-01-0.344097242E-01-0.458613671E-01
-0.577384792E-01-0.699815005E-01-0.824894458E-01-0.951137617E-01-0.107655652E+00
-0.119868614E+00-0.131467402E+00-0.142148659E+00-0.151627153E+00-0.159664437E+00
-0.166082531E+00-0.170762494E+00-0.173632070E+00-0.174648345E+00-0.173780829E+00
-0.170999736E+00-0.166272253E+00-0.159568295E+00-0.150875300E+00-0.140219063E+00
-0.127684161E+00-0.113423891E+00-0.976479799E-01-0.806004032E-01-0.625487566E-01
-0.437676311E-01-0.245122593E-01-0.498231128E-02 0.147233522E-01 0.346546955E-01
 0.548578091E-01 0.749282837E-01 0.948467553E-01 0.114615217E+00 0.134227142E+00
 0.153663799E+00 0.172891170E+00 0.191856742E+00 0.210486382E+00 0.228681028E+00
 0.246314183E+00 0.263231128E+00 0.279251248E+00 0.294175148E+00 0.307797849E+00
 0.957410634E-01 0.834578350E-01 0.791584924E-01 0.764085501E-01 0.728908628E-01
 0.686363950E-01 0.636524111E-01 0.579340458E-01 0.514679961E-01 0.443348251E-01
 0.366466120E-01 0.284861922E-01 0.199022703E-01 0.109097902E-01 0.149617624E-02
-0.836601388E-02-0.187077206E-01-0.295568351E-01-0.409307629E-01-0.528277718E-01
-0.652174056E-01-0.780304819E-01-0.911497250E-01-0.104402423E+00-0.117557094E+00
-0.130325943E+00-0.142378911E+00-0.153384313E+00-0.163050860E+00-0.171154186E+00
-0.177544534E+00-0.182137772E+00-0.184895888E+00-0.185803980E+00-0.184849679E+00
-0.182009265E+00-0.177243143E+00-0.170502082E+00-0.161744252E+00-0.150960892E+00
-0.138204813E+00-0.123611256E+00-0.107396960E+00-0.898282453E-01-0.711969361E-01
-0.518063381E-01-0.319466814E-01-0.118596265E-01 0.830649771E-02 0.285489820E-01
 0.489541627E-01 0.692777634E-01 0.893094540E-01 0.109058388E+00 0.128518894E+00
 0.147670552E+00 0.166477501E+00 0.184887394E+00 0.202830657E+00 0.220219970E+00
 0.236950770E+00 0.252903223E+00 0.267945945E+00 0.281942248E+00 0.294758439E+00
 0.948474333E-01 0.826219618E-01 0.776688457E-01 0.744867548E-01 0.706366897E-01
 0.661477000E-01 0.609922148E-01 0.551314391E-01 0.485479869E-01 0.413483493E-01
 0.336232930E-01 0.254368447E-01 0.168211479E-01 0.777734024E-02-0.171716150E-02
-0.116955983E-01-0.221933741E-01-0.332416780E-01-0.448597074E-01-0.570454560E-01
-0.697653517E-01-0.829433203E-01-0.964503288E-01-0.110096097E+00-0.123624884E+00
-0.136717692E+00-0.149017364E+00-0.160179242E+00-0.169914022E+00-0.178011745E+00
-0.184344918E+00-0.188854396E+00-0.191525519E+00-0.192361847E+00-0.191362754E+00
-0.188508496E+00-0.183755189E+00-0.177041143E+00-0.168304756E+00-0.157512486E+00
-0.144691959E+00-0.129959822E+00-0.113529123E+00-0.956808552E-01-0.767240226E-01
-0.569808930E-01-0.367641412E-01-0.163421743E-01 0.410541892E-02 0.245399177E-01
 0.450575203E-01 0.655173287E-01 0.856057405E-01 0.105331585E+00 0.124689288E+00
 0.143658787E+00 0.162205413E+00 0.180279836E+00 0.197818384E+00 0.214743808E+00
 0.230966955E+00 0.246389344E+00 0.260906935E+00 0.274415165E+00 0.286814839E+00
 0.964043438E-01 0.847649872E-01 0.784579143E-01 0.743468329E-01 0.701851174E-01
 0.655554235E-01 0.603198595E-01 0.544012561E-01 0.477809981E-01 0.405588597E-01
 0.328193121E-01 0.246207025E-01 0.159902256E-01 0.692497659E-02-0.260048825E-02
-0.126212118E-01-0.231740791E-01-0.342914201E-01-0.459931009E-01-0.582771562E-01
-0.711091161E-01-0.844107494E-01-0.980492085E-01-0.111828327E+00-0.125484005E+00
-0.138686657E+00-0.151070833E+00-0.162288293E+00-0.172050908E+00-0.180153891E+00
-0.186477348E+00-0.190970555E+00-0.193626612E+00-0.194455355E+00-0.193460181E+00
-0.190622941E+00-0.185898572E+00-0.179221407E+00-0.170523018E+00-0.159760922E+00
-0.146953031E+00-0.132207826E+00-0.115734980E+00-0.978195742E-01-0.787768364E-01
-0.589356795E-01-0.386167318E-01-0.180981029E-01 0.242900313E-02 0.229121689E-01
 0.434474647E-01 0.639329106E-01 0.840196386E-01 0.103715762E+00 0.123015605E+00
 0.141899496E+00 0.160333678E+00 0.178270563E+00 0.195649281E+00 0.212396860E+00
 0.228430063E+00 0.243658140E+00 0.257986516E+00 0.271321237E+00 0.283574194E+00
 0.950637162E-01 0.828102529E-01 0.780368373E-01 0.749455094E-01 0.711517036E-01
 0.666996315E-01 0.615718998E-01 0.557366982E-01 0.491675325E-01 0.419731103E-01
 0.342465416E-01 0.260543413E-01 0.174310617E-01 0.837985333E-02-0.112058013E-02
-0.111029400E-01-0.216023233E-01-0.326498561E-01-0.442649275E-01-0.564460270E-01
-0.691604167E-01-0.823332220E-01-0.958369970E-01-0.109483421E+00-0.123019092E+00
-0.136127546E+00-0.148453012E+00-0.159650654E+00-0.169429690E+00-0.177578062E+00
-0.183965996E+00-0.188532501E+00-0.191261634E+00-0.192156449E+00-0.191216365E+00
-0.188422203E+00-0.183730796E+00-0.177081123E+00-0.168411791E+00-0.157688811E+00
-0.144938633E+00-0.130276039E+00-0.113912195E+00-0.961271450E-01-0.772294328E-01
-0.575412698E-01-0.373761021E-01-0.170042738E-01 0.339112966E-02 0.237658881E-01
 0.442162342E-01 0.646219626E-01 0.846501514E-01 0.104309320E+00 0.123594075E+00
 0.142484874E+00 0.160947815E+00 0.178934619E+00 0.196382940E+00 0.213217199E+00
 0.229350239E+00 0.244685858E+00 0.259122610E+00 0.272558600E+00 0.284897238E+00
 0.969677716E-01 0.847595111E-01 0.801786631E-01 0.774587840E-01 0.739855096E-01
 0.697694197E-01 0.648189038E-01 0.591319278E-01 0.526984744E-01 0.455798320E-01
 0.378913619E-01 0.297205783E-01 0.211211145E-01 0.121122934E-01 0.268466608E-02
-0.718782982E-02-0.175354835E-01-0.283860080E-01-0.397571363E-01-0.516480245E-01
-0.640297160E-01-0.768352002E-01-0.899500251E-01-0.103204958E+00-0.116372518E+00
-0.129169300E+00-0.141268671E+00-0.152339429E+00-0.162088349E+00-0.170287549E+00
-0.176783264E+00-0.181487769E+00-0.184360519E+00-0.185385287E+00-0.184549540E+00
-0.181830212E+00-0.177188739E+00-0.170576721E+00-0.161952436E+00-0.151305988E+00
-0.138687730E+00-0.124229543E+00-0.108145222E+00-0.906996205E-01-0.721837059E-01
-0.529009327E-01-0.331433639E-01-0.131569514E-01 0.690238317E-02 0.270201135E-01
 0.472873822E-01 0.675064474E-01 0.874186084E-01 0.107033387E+00 0.126346052E+00
 0.145337433E+00 0.163973197E+00 0.182203054E+00 0.199959949E+00 0.217159852E+00
 0.233702302E+00 0.249472246E+00 0.264343888E+00 0.278186500E+00 0.290872395E+00
 0.100819334E+00 0.887447968E-01 0.848491564E-01 0.823461339E-01 0.790499970E-01
 0.749845877E-01 0.701666698E-01 0.646113530E-01 0.583294369E-01 0.513273813E-01
 0.436987914E-01 0.355592109E-01 0.269903094E-01 0.180369318E-01 0.871016644E-02
-0.100339158E-02-0.111268088E-01-0.216825642E-01-0.326855928E-01-0.441354737E-01
-0.560079515E-01-0.682462379E-01-0.807529539E-01-0.933838636E-01-0.105945088E+00
-0.118195221E+00-0.129853964E+00-0.140620619E+00-0.150209069E+00-0.158377424E+00
-0.164943010E+00-0.169782192E+00-0.172818959E+00-0.174008012E+00-0.173317894E+00
-0.170718879E+00-0.166178703E+00-0.159667537E+00-0.151172146E+00-0.140716150E+00
-0.128380641E+00-0.114314884E+00-0.987257957E-01-0.818554610E-01-0.639705434E-01
-0.453463309E-01-0.262414496E-01-0.686278753E-02 0.126782386E-01 0.324150100E-01
 0.524099804E-01 0.723296255E-01 0.920674428E-01 0.111630499E+00 0.131014943E+00
 0.150203958E+00 0.169165418E+00 0.187849298E+00 0.206184804E+00 0.224077433E+00
 0.241406813E+00 0.258026004E+00 0.273763716E+00 0.288431346E+00 0.301835120E+00
 0.108015016E+00 0.962776095E-01 0.921300277E-01 0.897219554E-01 0.864765346E-01
 0.824309662E-01 0.776303560E-01 0.721135661E-01 0.659102127E-01 0.590410642E-01
 0.515196212E-01 0.434362553E-01 0.349075161E-01 0.260126684E-01 0.167932156E-01
 0.725836772E-02-0.260315090E-02-0.128072081E-01-0.233649015E-01-0.342755876E-01
-0.455194823E-01-0.570502691E-01-0.687882677E-01-0.806151927E-01-0.923715830E-01
-0.103858203E+00-0.114842385E+00-0.125069842E+00-0.134281188E+00-0.142235443E+00
-0.148729876E+00-0.153607979E+00-0.156756997E+00-0.158099070E+00-0.157580286E+00
-0.155162171E+00-0.150818631E+00-0.144539759E+00-0.136341915E+00-0.126280621E+00
-0.114460588E+00-0.101033792E+00-0.861890391E-01-0.701452419E-01-0.531407297E-01
-0.354154967E-01-0.171851143E-01 0.139413343E-02 0.202684961E-01 0.395114087E-01
 0.590951815E-01 0.786386728E-01 0.981573910E-01 0.117662705E+00 0.137158394E+00
 0.156637609E+00 0.176079214E+00 0.195443273E+00 0.214665249E+00 0.233648658E+00
 0.252256602E+00 0.270303369E+00 0.287548840E+00 0.303701937E+00 0.318438292E+00
 0.117633596E+00 0.106317557E+00 0.102305003E+00 0.998130217E-01 0.963713899E-01
 0.921095610E-01 0.871284306E-01 0.814951956E-01 0.752528235E-01 0.684284493E-01
 0.610391386E-01 0.530955829E-01 0.446537770E-01 0.358354449E-01 0.267238338E-01
 0.173627865E-01 0.776516693E-02-0.207395409E-02-0.121608339E-01-0.224936418E-01
-0.330560803E-01-0.438111126E-01-0.546952412E-01-0.656140074E-01-0.764395446E-01
-0.870110244E-01-0.971386284E-01-0.106611460E+00-0.115208842E+00-0.122713812E+00
-0.128926054E+00-0.133673266E+00-0.136817604E+00-0.138255134E+00-0.137912109E+00
-0.135741025E+00-0.131719232E+00-0.125851080E+00-0.118172668E+00-0.108755700E+00
-0.977070481E-01-0.851677060E-01-0.713090003E-01-0.563254803E-01-0.404228792E-01
-0.237994231E-01-0.661958242E-02 0.110201770E-01 0.291331187E-01 0.477818400E-01
 0.667669997E-01 0.858660340E-01 0.105112359E+00 0.124533176E+00 0.144150302E+00
 0.163978696E+00 0.184023306E+00 0.204273894E+00 0.224697173E+00 0.245224833E+00
 0.265735686E+00 0.286029845E+00 0.305795610E+00 0.324579477E+00 0.341791630E+00
 0.130677074E+00 0.120049030E+00 0.116216525E+00 0.112947553E+00 0.108721577E+00
 0.103835396E+00 0.984003916E-01 0.924661830E-01 0.860573053E-01 0.791868269E-01
 0.718623623E-01 0.640892088E-01 0.558726415E-01 0.472081304E-01 0.382381305E-01
 0.290502552E-01 0.196957067E-01 0.101967501E-01 0.558673462E-03-0.921412185E-02
-0.191072840E-01-0.290911328E-01-0.391157940E-01-0.491072908E-01-0.589651801E-01
-0.685622171E-01-0.777465776E-01-0.863468125E-01-0.941792727E-01-0.101057351E+00
-0.106801279E+00-0.111247227E+00-0.114254385E+00-0.115709268E+00-0.115527689E+00
-0.113655299E+00-0.110067785E+00-0.104771242E+00-0.978028029E-01-0.892308876E-01
-0.791543722E-01-0.677002445E-01-0.550189540E-01-0.412760600E-01-0.266391076E-01
-0.112583078E-01 0.475982483E-02 0.213870648E-01 0.386861823E-01 0.566396192E-01
 0.748597756E-01 0.933903381E-01 0.112263046E+00 0.131517425E+00 0.151197687E+00
 0.171350777E+00 0.192024276E+00 0.213263124E+00 0.235104114E+00 0.257565856E+00
 0.280630291E+00 0.304206282E+00 0.328053623E+00 0.351615727E+00 0.373742610E+00
 0.149988398E+00 0.141278401E+00 0.134390011E+00 0.128495812E+00 0.122774802E+00
 0.116936445E+00 0.110874236E+00 0.104536720E+00 0.978945196E-01 0.909292996E-01
 0.836292803E-01 0.759870484E-01 0.679982156E-01 0.596600473E-01 0.509721749E-01
 0.420196466E-01 0.329090878E-01 0.237111375E-01 0.144642768E-01 0.518801901E-02
-0.410242332E-02-0.133823510E-01-0.226125736E-01-0.317358822E-01-0.406747572E-01
-0.493305512E-01-0.575844981E-01-0.653006807E-01-0.723308697E-01-0.785209239E-01
-0.837179646E-01-0.877777785E-01-0.905713812E-01-0.919904113E-01-0.919509977E-01
-0.903962553E-01-0.872977301E-01-0.826560333E-01-0.765008032E-01-0.688899085E-01
-0.599075444E-01-0.496606454E-01-0.382728986E-01-0.258752555E-01-0.125920186E-01
 0.147864199E-02 0.162907094E-01 0.318756811E-01 0.482615754E-01 0.652545467E-01
 0.826526210E-01 0.100506559E+00 0.118870996E+00 0.137808725E+00 0.157393023E+00
 0.177709609E+00 0.198858753E+00 0.220957652E+00 0.244143456E+00 0.268576562E+00
 0.294445306E+00 0.321973622E+00 0.351442099E+00 0.383281946E+00 0.417455763E+00
 0.165504709E+00 0.157687396E+00 0.150348455E+00 0.143451884E+00 0.136833116E+00
 0.130313590E+00 0.123765677E+00 0.117104843E+00 0.110275470E+00 0.103240632E+00
 0.959758386E-01 0.884653479E-01 0.807000101E-01 0.726761520E-01 0.643955246E-01
 0.558662601E-01 0.470829532E-01 0.381943360E-01 0.292869117E-01 0.204188395E-01
 0.116266198E-01 0.293779583E-02-0.561608328E-02-0.139906788E-01-0.221269187E-01
-0.299497526E-01-0.373683684E-01-0.442778543E-01-0.505622588E-01-0.560989119E-01
-0.607636422E-01-0.644364282E-01-0.670069382E-01-0.683795884E-01-0.684776604E-01
-0.672464743E-01-0.646554530E-01-0.606991388E-01-0.553972200E-01-0.487933718E-01
-0.409526937E-01-0.319573134E-01-0.218994785E-01-0.108713713E-01 0.104921078E-02
 0.138184438E-01 0.274495278E-01 0.419781096E-01 0.573309101E-01 0.731957480E-01
 0.896025896E-01 0.106599264E+00 0.124248482E+00 0.142628357E+00 0.161834762E+00
 0.181985274E+00 0.203224644E+00 0.225732833E+00 0.249736100E+00 0.275523245E+00
 0.303469867E+00 0.334075749E+00 0.368025184E+00 0.406277269E+00 0.448060155E+00
 0.178189859E+00 0.170925394E+00 0.163780347E+00 0.156806946E+00 0.149977997E+00
 0.143223733E+00 0.136476040E+00 0.129677013E+00 0.122781098E+00 0.115754135E+00
 0.108571634E+00 0.101217039E+00 0.936804339E-01 0.859575793E-01 0.780492425E-01
 0.699604750E-01 0.616993718E-01 0.532801002E-01 0.447553173E-01 0.362548195E-01
 0.278588273E-01 0.196253136E-01 0.115971854E-01 0.381344603E-02-0.368113886E-02
-0.108300773E-01-0.175653286E-01-0.238080099E-01-0.294701420E-01-0.344574936E-01
-0.386732221E-01-0.420219861E-01-0.444142893E-01-0.457706451E-01-0.460252985E-01
-0.451292135E-01-0.430522151E-01-0.397840962E-01-0.353346169E-01-0.297321826E-01
-0.230209809E-01-0.152561571E-01-0.649656588E-02 0.320559856E-02 0.138190519E-01
 0.253502838E-01 0.378248692E-01 0.512120128E-01 0.652878582E-01 0.799346343E-01
 0.951988101E-01 0.111136824E+00 0.127818376E+00 0.145329401E+00 0.163775980E+00
 0.183289334E+00 0.204033181E+00 0.226213843E+00 0.250094593E+00 0.276015997E+00
 0.304423571E+00 0.335904032E+00 0.371224403E+00 0.411353976E+00 0.455132216E+00
 0.189330384E+00 0.182535425E+00 0.175715744E+00 0.168930754E+00 0.162193775E+00
 0.155477762E+00 0.148750857E+00 0.141981617E+00 0.135142148E+00 0.128209546E+00
 0.121166401E+00 0.114000738E+00 0.106705710E+00 0.992792547E-01 0.917238295E-01
 0.840462074E-01 0.762574449E-01 0.683733672E-01 0.604149289E-01 0.523994789E-01
 0.444015563E-01 0.365427546E-01 0.289003998E-01 0.215361621E-01 0.144998953E-01
 0.783894863E-02 0.160371431E-02-0.414803717E-02-0.935135596E-02-0.139362840E-01
-0.178301781E-01-0.209604707E-01-0.232578199E-01-0.246593151E-01-0.251114275E-01
-0.245724935E-01-0.230144802E-01-0.204238761E-01-0.168015081E-01-0.121610854E-01
-0.652615586E-02 0.748055536E-04 0.761558348E-02 0.160826501E-01 0.254839845E-01
 0.358358063E-01 0.471204072E-01 0.592022277E-01 0.718693137E-01 0.851534829E-01
 0.990975574E-01 0.113755651E+00 0.129194543E+00 0.145495862E+00 0.162759081E+00
 0.181105718E+00 0.200685218E+00 0.221683204E+00 0.244333252E+00 0.268933892E+00
 0.295873880E+00 0.325671226E+00 0.359039217E+00 0.397016764E+00 0.437381893E+00
 0.199511841E+00 0.193148866E+00 0.186682492E+00 0.180179149E+00 0.173662812E+00
 0.167123288E+00 0.160546899E+00 0.153918892E+00 0.147225261E+00 0.140454113E+00
 0.133596480E+00 0.126646757E+00 0.119602866E+00 0.112466402E+00 0.105242573E+00
 0.979402363E-01 0.905720070E-01 0.831542984E-01 0.757074654E-01 0.682556927E-01
 0.608292408E-01 0.534528196E-01 0.461847037E-01 0.391489230E-01 0.324200131E-01
 0.260642059E-01 0.201364812E-01 0.146858776E-01 0.976114441E-02 0.541243609E-02
 0.169179565E-02-0.134777185E-02-0.365471211E-02-0.518130884E-02-0.588582642E-02
-0.573427044E-02-0.470157946E-02-0.277208560E-02 0.609574199E-04 0.379698654E-02
 0.843124371E-02 0.139600271E-01 0.203861836E-01 0.277201012E-01 0.359725058E-01
 0.451310314E-01 0.551123135E-01 0.656831190E-01 0.768496543E-01 0.886420235E-01
 0.101098880E+00 0.114267744E+00 0.128205702E+00 0.142980337E+00 0.158670977E+00
 0.175370365E+00 0.193186894E+00 0.212247387E+00 0.232700780E+00 0.254723132E+00
 0.278524578E+00 0.304361165E+00 0.332558393E+00 0.363551080E+00 0.395858705E+00
 0.209040850E+00 0.203087837E+00 0.196984366E+00 0.190799788E+00 0.184560776E+00
 0.178264216E+00 0.171905771E+00 0.165480733E+00 0.158984765E+00 0.152414665E+00
 0.145768926E+00 0.139048085E+00 0.132255122E+00 0.125395522E+00 0.118477508E+00
 0.111512117E+00 0.104513317E+00 0.974981114E-01 0.904866681E-01 0.835024491E-01
 0.765724480E-01 0.697269887E-01 0.630022436E-01 0.564359277E-01 0.500240624E-01
 0.439076312E-01 0.381695218E-01 0.328659900E-01 0.280514695E-01 0.237732660E-01
 0.200732220E-01 0.169904344E-01 0.145623749E-01 0.128239868E-01 0.118065719E-01
 0.115369074E-01 0.120367799E-01 0.133231282E-01 0.154088885E-01 0.183044560E-01
 0.220195875E-01 0.265649799E-01 0.319517069E-01 0.381855927E-01 0.452527888E-01
 0.530914962E-01 0.615444370E-01 0.705487356E-01 0.801297426E-01 0.903162062E-01
 0.101141758E+00 0.112645440E+00 0.124871731E+00 0.137870178E+00 0.151694641E+00
 0.166402057E+00 0.182050467E+00 0.198695853E+00 0.216386810E+00 0.235155359E+00
 0.255000234E+00 0.275854647E+00 0.297515959E+00 0.319449306E+00 0.340240628E+00
 0.218118116E+00 0.212555140E+00 0.206822440E+00 0.200974822E+00 0.195037484E+00
 0.189011499E+00 0.182898939E+00 0.176702246E+00 0.170424297E+00 0.164068773E+00
 0.157640412E+00 0.151145220E+00 0.144590721E+00 0.137986153E+00 0.131342560E+00
 0.124672957E+00 0.117992461E+00 0.111318424E+00 0.104670517E+00 0.980708376E-01
 0.915440023E-01 0.851171315E-01 0.788198560E-01 0.726835206E-01 0.667405576E-01
 0.610356629E-01 0.556023344E-01 0.504538640E-01 0.457034968E-01 0.414186530E-01
 0.376437679E-01 0.344160609E-01 0.317721553E-01 0.297435801E-01 0.283565614E-01
 0.276328959E-01 0.275909640E-01 0.282467324E-01 0.296148714E-01 0.317089632E-01
 0.345413014E-01 0.381214879E-01 0.424516946E-01 0.475162491E-01 0.532643497E-01
 0.595863052E-01 0.664257109E-01 0.737941265E-01 0.817087740E-01 0.901919082E-01
 0.992703736E-01 0.108974800E+00 0.119338468E+00 0.130395532E+00 0.142178521E+00
 0.154714987E+00 0.168022767E+00 0.182103530E+00 0.196933582E+00 0.212450579E+00
 0.228533596E+00 0.244973704E+00 0.261432439E+00 0.277397960E+00 0.292185366E+00
 0.226927310E+00 0.221733674E+00 0.216373622E+00 0.210868120E+00 0.205233261E+00
 0.199477896E+00 0.193610445E+00 0.187639505E+00 0.181574151E+00 0.175423980E+00
 0.169199184E+00 0.162910640E+00 0.156569973E+00 0.150189713E+00 0.143783361E+00
 0.137365609E+00 0.130952418E+00 0.124561213E+00 0.118210919E+00 0.111922145E+00
 0.105717197E+00 0.996201262E-01 0.936567634E-01 0.878546014E-01 0.822429508E-01
 0.768533871E-01 0.717177764E-01 0.668693259E-01 0.623498969E-01 0.581937321E-01
 0.544197522E-01 0.510641783E-01 0.481982753E-01 0.458656512E-01 0.440948643E-01
 0.429060012E-01 0.423141755E-01 0.423310660E-01 0.429695807E-01 0.442396179E-01
 0.461461581E-01 0.486883745E-01 0.518536679E-01 0.556007288E-01 0.598339662E-01
 0.645558536E-01 0.697606429E-01 0.754520223E-01 0.816412941E-01 0.883460715E-01
 0.955890939E-01 0.103396773E+00 0.111797251E+00 0.120817743E+00 0.130481020E+00
 0.140800819E+00 0.151776150E+00 0.163384289E+00 0.175572395E+00 0.188247785E+00
 0.201266900E+00 0.214424655E+00 0.227447182E+00 0.239995003E+00 0.251685172E+00
 0.235683173E+00 0.230860457E+00 0.225842208E+00 0.220646232E+00 0.215288013E+00
 0.209778473E+00 0.204130590E+00 0.198358670E+00 0.192477778E+00 0.186503306E+00
 0.180450678E+00 0.174335316E+00 0.168172523E+00 0.161977679E+00 0.155766308E+00
 0.149554312E+00 0.143358082E+00 0.137194723E+00 0.131082147E+00 0.125039279E+00
 0.119086042E+00 0.113243528E+00 0.107533962E+00 0.101980709E+00 0.966082811E-01
 0.914422870E-01 0.865091607E-01 0.818362460E-01 0.774518475E-01 0.733833984E-01
 0.696572885E-01 0.663026646E-01 0.633519143E-01 0.608332790E-01 0.587694421E-01
 0.571781285E-01 0.560732745E-01 0.554490723E-01 0.553299226E-01 0.557212345E-01
 0.566093139E-01 0.579804964E-01 0.598326549E-01 0.621431284E-01 0.648859292E-01
 0.680480450E-01 0.716242641E-01 0.756172016E-01 0.800370201E-01 0.849010274E-01
 0.902329609E-01 0.960618034E-01 0.102419786E+00 0.109339446E+00 0.116849519E+00
 0.124969609E+00 0.133703783E+00 0.143033519E+00 0.152910426E+00 0.163249746E+00
 0.173925519E+00 0.184768751E+00 0.195570424E+00 0.206090912E+00 0.216076523E+00
 0.244528249E+00 0.240074128E+00 0.235379547E+00 0.230461821E+00 0.225339696E+00
 0.220029652E+00 0.214551792E+00 0.208928183E+00 0.203181311E+00 0.197333202E+00
 0.191404834E+00 0.185415998E+00 0.179385290E+00 0.173330337E+00 0.167268038E+00
 0.161214814E+00 0.155186877E+00 0.149200484E+00 0.143272132E+00 0.137418702E+00
 0.131657630E+00 0.126006901E+00 0.120485201E+00 0.115111805E+00 0.109906666E+00
 0.104890242E+00 0.100083441E+00 0.955074281E-01 0.911834911E-01 0.871326178E-01
 0.833754092E-01 0.799322501E-01 0.768227726E-01 0.740645081E-01 0.716718957E-01
 0.696558952E-01 0.680237487E-01 0.667785481E-01 0.659230053E-01 0.654551089E-01
 0.653674975E-01 0.656500012E-01 0.662913918E-01 0.672777146E-01 0.685951635E-01
 0.702338815E-01 0.721895844E-01 0.744648874E-01 0.770704374E-01 0.800257400E-01
 0.833597928E-01 0.871109590E-01 0.913258865E-01 0.960568935E-01 0.101357497E+00
 0.107275747E+00 0.113845952E+00 0.121079348E+00 0.128955305E+00 0.137414515E+00
 0.146355554E+00 0.155636042E+00 0.165078774E+00 0.174482822E+00 0.183638453E+00
 0.253662735E+00 0.249578193E+00 0.245181367E+00 0.240493566E+00 0.235541329E+00
 0.230353802E+00 0.224965051E+00 0.219409958E+00 0.213721648E+00 0.207930282E+00
 0.202062637E+00 0.196142405E+00 0.190190539E+00 0.184225813E+00 0.178265393E+00
 0.172325209E+00 0.166420385E+00 0.160565615E+00 0.154775336E+00 0.149064019E+00
 0.143446237E+00 0.137936816E+00 0.132550821E+00 0.127303615E+00 0.122210816E+00
 0.117288187E+00 0.112551548E+00 0.108016632E+00 0.103698902E+00 0.996132940E-01
 0.957740396E-01 0.921943635E-01 0.888861418E-01 0.858593136E-01 0.831214041E-01
 0.806772113E-01 0.785285458E-01 0.766742006E-01 0.751101673E-01 0.738292858E-01
 0.728212371E-01 0.720732138E-01 0.715706646E-01 0.712981597E-01 0.712408274E-01
 0.713863522E-01 0.717269331E-01 0.722614974E-01 0.729980543E-01 0.739563778E-01
 0.751707852E-01 0.766926259E-01 0.785918608E-01 0.809564516E-01 0.838882625E-01
 0.874942616E-01 0.918729007E-01 0.970975161E-01 0.103199951E+00 0.110158227E+00
 0.117890708E+00 0.126258135E+00 0.135073453E+00 0.144118503E+00 0.153164640E+00
 0.263365746E+00 0.259666443E+00 0.255528003E+00 0.250979602E+00 0.246075317E+00
 0.240876749E+00 0.235446617E+00 0.229840994E+00 0.224106908E+00 0.218282759E+00
 0.212399632E+00 0.206482902E+00 0.200553641E+00 0.194629714E+00 0.188726649E+00
 0.182858393E+00 0.177037761E+00 0.171276867E+00 0.165587395E+00 0.159980863E+00
 0.154468670E+00 0.149062276E+00 0.143773153E+00 0.138612866E+00 0.133592933E+00
 0.128724828E+00 0.124019809E+00 0.119488776E+00 0.115142122E+00 0.110989504E+00
 0.107039586E+00 0.103299819E+00 0.997760817E-01 0.964723527E-01 0.933903828E-01
 0.905293897E-01 0.878858492E-01 0.854533017E-01 0.832222849E-01 0.811802670E-01
 0.793116689E-01 0.775981843E-01 0.760192201E-01 0.745526180E-01 0.731757358E-01
 0.718669519E-01 0.706076324E-01 0.693848133E-01 0.681947544E-01 0.670477077E-01
 0.659740642E-01 0.650319159E-01 0.643152818E-01 0.639610961E-01 0.641508400E-01
 0.651008338E-01 0.670369044E-01 0.701562166E-01 0.745884478E-01 0.803685337E-01
 0.874252096E-01 0.955839679E-01 0.104583994E+00 0.114110135E+00 0.123835772E+00
 0.274124026E+00 0.270866185E+00 0.266882479E+00 0.262256145E+00 0.257142782E+00
 0.251690388E+00 0.246013209E+00 0.240191802E+00 0.234282181E+00 0.228323981E+00
 0.222345993E+00 0.216369823E+00 0.210412264E+00 0.204486892E+00 0.198605120E+00
 0.192776918E+00 0.187011316E+00 0.181316838E+00 0.175701648E+00 0.170173779E+00
 0.164741203E+00 0.159411833E+00 0.154193625E+00 0.149094462E+00 0.144122079E+00
 0.139284030E+00 0.134587511E+00 0.130039200E+00 0.125645146E+00 0.121410474E+00
 0.117339216E+00 0.113434047E+00 0.109695993E+00 0.106124178E+00 0.102715462E+00
 0.994642228E-01 0.963620245E-01 0.933973938E-01 0.905555785E-01 0.878183767E-01
 0.851639435E-01 0.825667828E-01 0.799977705E-01 0.774243847E-01 0.748111531E-01
 0.721204877E-01 0.693140477E-01 0.663550720E-01 0.632120371E-01 0.598645769E-01
 0.563127398E-01 0.525910556E-01 0.487892367E-01 0.450804457E-01 0.417531319E-01
 0.392267741E-01 0.380093120E-01 0.385778137E-01 0.412561782E-01 0.461669303E-01
 0.532338992E-01 0.621880442E-01 0.725752562E-01 0.838096291E-01 0.952998623E-01
 0.286979228E+00 0.284396321E+00 0.280126363E+00 0.274722368E+00 0.268819124E+00
 0.262708187E+00 0.256512463E+00 0.250292629E+00 0.244082779E+00 0.237903893E+00
 0.231769651E+00 0.225689575E+00 0.219670653E+00 0.213718355E+00 0.207837343E+00
 0.202031791E+00 0.196305752E+00 0.190663248E+00 0.185108349E+00 0.179645315E+00
 0.174278498E+00 0.169012353E+00 0.163851395E+00 0.158800066E+00 0.153862700E+00
 0.149043351E+00 0.144345641E+00 0.139772668E+00 0.135326773E+00 0.131009340E+00
 0.126820579E+00 0.122759312E+00 0.118822671E+00 0.115005851E+00 0.111301772E+00
 0.107700810E+00 0.104190417E+00 0.100754783E+00 0.973744616E-01 0.940259695E-01
 0.906813219E-01 0.873075947E-01 0.838663727E-01 0.803132206E-01 0.765971467E-01
 0.726600960E-01 0.684366897E-01 0.638544038E-01 0.588348173E-01 0.532969162E-01
 0.471640602E-01 0.403778404E-01 0.329242870E-01 0.248841718E-01 0.165364314E-01
 0.858229399E-02 0.238247355E-02-0.705030747E-03-0.993348876E-04 0.430905167E-02
 0.124137709E-01 0.238869172E-01 0.379803702E-01 0.532534756E-01 0.681923702E-01
 0.303365439E+00 0.302514434E+00 0.295802861E+00 0.287850022E+00 0.280453742E+00
 0.273360252E+00 0.266479582E+00 0.259770542E+00 0.253209978E+00 0.246782705E+00
 0.240477979E+00 0.234287649E+00 0.228205487E+00 0.222226769E+00 0.216348007E+00
 0.210566714E+00 0.204881415E+00 0.199291319E+00 0.193796396E+00 0.188397110E+00
 0.183094352E+00 0.177889332E+00 0.172783419E+00 0.167778015E+00 0.162874445E+00
 0.158073768E+00 0.153376624E+00 0.148783103E+00 0.144292504E+00 0.139903203E+00
 0.135612413E+00 0.131415933E+00 0.127307907E+00 0.123280592E+00 0.119323991E+00
 0.115425527E+00 0.111569665E+00 0.107737467E+00 0.103906073E+00 0.100048117E+00
 0.961309820E-01 0.921159387E-01 0.879570544E-01 0.835998058E-01 0.789793655E-01
 0.740183368E-01 0.686239600E-01 0.626845658E-01 0.560652986E-01 0.486033298E-01
 0.401033647E-01 0.303349812E-01 0.190341454E-01 0.590910576E-02-0.936507806E-02
-0.272748414E-01-0.425251313E-01-0.501607209E-01-0.514981747E-01-0.472252332E-01
-0.367872231E-01-0.206856243E-01 0.193635852E-02 0.261406284E-01 0.457470380E-01
 0.315235585E+00 0.315144688E+00 0.307785749E+00 0.298776239E+00 0.290446341E+00
 0.282633841E+00 0.275220454E+00 0.268124849E+00 0.261290461E+00 0.254676431E+00
 0.248252302E+00 0.241994843E+00 0.235886127E+00 0.229912147E+00 0.224061996E+00
 0.218327239E+00 0.212701350E+00 0.207179353E+00 0.201757506E+00 0.196433052E+00
 0.191203892E+00 0.186068475E+00 0.181025550E+00 0.176073998E+00 0.171212658E+00
 0.166440159E+00 0.161754727E+00 0.157154053E+00 0.152635098E+00 0.148193881E+00
 0.143825382E+00 0.139523223E+00 0.135279477E+00 0.131084442E+00 0.126926288E+00
 0.122790761E+00 0.118660755E+00 0.114515834E+00 0.110331669E+00 0.106079333E+00
 0.101724416E+00 0.972259194E-01 0.925348476E-01 0.875922665E-01 0.823268145E-01
 0.766511187E-01 0.704569146E-01 0.636079535E-01 0.559297763E-01 0.471947417E-01
 0.371005982E-01 0.252413340E-01 0.110727726E-01-0.611674041E-02-0.272156764E-01
-0.507890172E-01-0.669994056E-01-0.757755190E-01-0.776368380E-01-0.722568333E-01
-0.598043501E-01-0.390191711E-01-0.112748872E-01 0.130700488E-01 0.334065482E-01
 0.322856545E+00 0.323134422E+00 0.315655649E+00 0.306472063E+00 0.297884375E+00
 0.289814711E+00 0.282188922E+00 0.274938583E+00 0.268005103E+00 0.261340201E+00
 0.254904807E+00 0.248667672E+00 0.242603809E+00 0.236693382E+00 0.230920628E+00
 0.225273013E+00 0.219740614E+00 0.214315519E+00 0.208991379E+00 0.203763112E+00
 0.198626474E+00 0.193577915E+00 0.188614234E+00 0.183732435E+00 0.178929508E+00
 0.174202204E+00 0.169546977E+00 0.164959699E+00 0.160435587E+00 0.155969024E+00
 0.151553378E+00 0.147180855E+00 0.142842308E+00 0.138527066E+00 0.134222567E+00
 0.129914179E+00 0.125584766E+00 0.121214278E+00 0.116779163E+00 0.112251781E+00
 0.107599497E+00 0.102783717E+00 0.977584720E-01 0.924686939E-01 0.868478194E-01
 0.808144435E-01 0.742675439E-01 0.670794249E-01 0.590846390E-01 0.500620231E-01
 0.397036448E-01 0.275583491E-01 0.129285008E-01-0.528430333E-02-0.284066983E-01
-0.481541455E-01-0.615105741E-01-0.687292367E-01-0.696774200E-01-0.642797500E-01
-0.510192774E-01-0.288081411E-01-0.535743404E-02 0.147654004E-01 0.322402492E-01
 0.326783240E+00 0.327215135E+00 0.320200354E+00 0.311155200E+00 0.302662104E+00
 0.294680387E+00 0.287146777E+00 0.279997885E+00 0.273176283E+00 0.266632706E+00
 0.260326326E+00 0.254223853E+00 0.248298436E+00 0.242528498E+00 0.236896753E+00
 0.231389299E+00 0.225994930E+00 0.220704556E+00 0.215510696E+00 0.210407153E+00
 0.205388620E+00 0.200450405E+00 0.195588186E+00 0.190797806E+00 0.186075047E+00
 0.181415483E+00 0.176814273E+00 0.172266066E+00 0.167764828E+00 0.163303807E+00
 0.158875361E+00 0.154470891E+00 0.150080726E+00 0.145693988E+00 0.141298443E+00
 0.136880234E+00 0.132423654E+00 0.127910763E+00 0.123320989E+00 0.118630648E+00
 0.113812283E+00 0.108834028E+00 0.103658706E+00 0.982428193E-01 0.925352648E-01
 0.864758044E-01 0.799931213E-01 0.730023533E-01 0.654021055E-01 0.570706464E-01
 0.478609800E-01 0.375930332E-01 0.260296874E-01 0.126992576E-01-0.154897931E-02
-0.128862727E-01-0.210382082E-01-0.255962983E-01-0.264861304E-01-0.230389237E-01
-0.150047317E-01-0.134497357E-02 0.126931584E-01 0.263133794E-01 0.391854309E-01
 0.328096449E+00 0.328653872E+00 0.321653217E+00 0.312914222E+00 0.304801971E+00
 0.297215760E+00 0.290064842E+00 0.283273190E+00 0.276780128E+00 0.270537734E+00
 0.264508277E+00 0.258661777E+00 0.252974451E+00 0.247427180E+00 0.242004648E+00
 0.236694410E+00 0.231486320E+00 0.226371944E+00 0.221344277E+00 0.216397271E+00
 0.211525634E+00 0.206724510E+00 0.201989293E+00 0.197315425E+00 0.192698136E+00
 0.188132361E+00 0.183612511E+00 0.179132402E+00 0.174685180E+00 0.170263216E+00
 0.165858194E+00 0.161461055E+00 0.157062024E+00 0.152650625E+00 0.148215577E+00
 0.143744782E+00 0.139225081E+00 0.134642065E+00 0.129979759E+00 0.125220418E+00
 0.120344110E+00 0.115328483E+00 0.110148534E+00 0.104776450E+00 0.991817415E-01
 0.933317170E-01 0.871927068E-01 0.807327479E-01 0.739269927E-01 0.667686462E-01
 0.592918471E-01 0.516212583E-01 0.440840684E-01 0.374297425E-01 0.323414691E-01
 0.274425782E-01 0.232597329E-01 0.205784086E-01 0.197040420E-01 0.204731356E-01
 0.223022494E-01 0.264351629E-01 0.331810042E-01 0.412610918E-01 0.498578809E-01
 0.325726300E+00 0.326189756E+00 0.319586992E+00 0.311594814E+00 0.304319888E+00
 0.297526330E+00 0.291080356E+00 0.284902871E+00 0.278943241E+00 0.273166448E+00
 0.267546773E+00 0.262064546E+00 0.256704241E+00 0.251453459E+00 0.246301919E+00
 0.241241202E+00 0.236264154E+00 0.231364712E+00 0.226537585E+00 0.221778050E+00
 0.217081785E+00 0.212444693E+00 0.207862660E+00 0.203331426E+00 0.198846355E+00
 0.194402233E+00 0.189993158E+00 0.185612425E+00 0.181252405E+00 0.176904708E+00
 0.172560185E+00 0.168209240E+00 0.163841993E+00 0.159448475E+00 0.155018806E+00
 0.150543123E+00 0.146011636E+00 0.141414389E+00 0.136741102E+00 0.131981000E+00
 0.127122656E+00 0.122154094E+00 0.117062926E+00 0.111836828E+00 0.106464513E+00
 0.100937165E+00 0.952509865E-01 0.894110799E-01 0.834376365E-01 0.773750469E-01
 0.713046342E-01 0.653586313E-01 0.597237647E-01 0.546052381E-01 0.501431003E-01
 0.464059114E-01 0.435077287E-01 0.416144654E-01 0.408547819E-01 0.412874520E-01
 0.429510996E-01 0.458918177E-01 0.500407964E-01 0.551509559E-01 0.609062389E-01
 0.317872167E+00 0.317399114E+00 0.312915087E+00 0.307201684E+00 0.301575661E+00
 0.296038330E+00 0.290589154E+00 0.285226494E+00 0.279948026E+00 0.274751067E+00
 0.269632667E+00 0.264589757E+00 0.259619296E+00 0.254718214E+00 0.249883488E+00
 0.245112166E+00 0.240401357E+00 0.235748276E+00 0.231150225E+00 0.226604551E+00
 0.222108632E+00 0.217659786E+00 0.213255122E+00 0.208891407E+00 0.204564780E+00
 0.200270519E+00 0.196002841E+00 0.191754609E+00 0.187517300E+00 0.183281168E+00
 0.179035559E+00 0.174769476E+00 0.170472160E+00 0.166133761E+00 0.161745593E+00
 0.157300472E+00 0.152792528E+00 0.148217037E+00 0.143570110E+00 0.138848379E+00
 0.134048969E+00 0.129169613E+00 0.124209009E+00 0.119167477E+00 0.114048004E+00
 0.108857691E+00 0.103609860E+00 0.983267799E-01 0.930430666E-01 0.878094509E-01
 0.826958343E-01 0.777916834E-01 0.732011050E-01 0.690319538E-01 0.653845817E-01
 0.623495057E-01 0.600121804E-01 0.584520921E-01 0.577334128E-01 0.578965098E-01
 0.589537583E-01 0.608827621E-01 0.636154115E-01 0.670364425E-01 0.709997043E-01
 0.309269756E+00 0.307852179E+00 0.305333048E+00 0.301922441E+00 0.297960281E+00
 0.293705612E+00 0.289282024E+00 0.284763753E+00 0.280196041E+00 0.275607973E+00
 0.271019042E+00 0.266442686E+00 0.261888206E+00 0.257361919E+00 0.252867997E+00
 0.248409003E+00 0.243986294E+00 0.239600405E+00 0.235251352E+00 0.230938733E+00
 0.226661965E+00 0.222420275E+00 0.218212619E+00 0.214037582E+00 0.209893048E+00
 0.205775738E+00 0.201680690E+00 0.197600707E+00 0.193525910E+00 0.189443842E+00
 0.185340166E+00 0.181200147E+00 0.177010134E+00 0.172758877E+00 0.168438435E+00
 0.164044559E+00 0.159576461E+00 0.155036047E+00 0.150426880E+00 0.145753384E+00
 0.141020849E+00 0.136235461E+00 0.131404847E+00 0.126538575E+00 0.121648982E+00
 0.116752125E+00 0.111869030E+00 0.107027136E+00 0.102261707E+00 0.976169929E-01
 0.931465849E-01 0.889124423E-01 0.849823579E-01 0.814262629E-01 0.783124492E-01
 0.757047161E-01 0.736602023E-01 0.722268224E-01 0.714398697E-01 0.713183358E-01
 0.718615800E-01 0.730467215E-01 0.748276189E-01 0.771369264E-01 0.798918456E-01
 0.304279357E+00 0.302727759E+00 0.300625920E+00 0.297990978E+00 0.294901669E+00
 0.291489869E+00 0.287850589E+00 0.284037650E+00 0.280093551E+00 0.276059091E+00
 0.271965027E+00 0.267834634E+00 0.263685524E+00 0.259530753E+00 0.255379736E+00
 0.251238912E+00 0.247112602E+00 0.243003696E+00 0.238914147E+00 0.234845445E+00
 0.230798826E+00 0.226775587E+00 0.222777113E+00 0.218804866E+00 0.214860022E+00
 0.210942701E+00 0.207050920E+00 0.203179136E+00 0.199316248E+00 0.195444226E+00
 0.191539243E+00 0.187576652E+00 0.183535412E+00 0.179400012E+00 0.175161660E+00
 0.170819923E+00 0.166382909E+00 0.161863834E+00 0.157276362E+00 0.152633116E+00
 0.147946462E+00 0.143229634E+00 0.138497189E+00 0.133765444E+00 0.129052699E+00
 0.124379672E+00 0.119770080E+00 0.115251273E+00 0.110854805E+00 0.106616758E+00
 0.102577627E+00 0.987816006E-01 0.952752158E-01 0.921055824E-01 0.893183649E-01
 0.869557634E-01 0.850545391E-01 0.836439952E-01 0.827440172E-01 0.823631585E-01
 0.824972242E-01 0.831284374E-01 0.842256919E-01 0.857460275E-01 0.876373500E-01
 0.300969303E+00 0.299481183E+00 0.297632605E+00 0.295401007E+00 0.292797297E+00
 0.289891124E+00 0.286743045E+00 0.283408672E+00 0.279938936E+00 0.276355684E+00
 0.272681206E+00 0.268941969E+00 0.265160173E+00 0.261352509E+00 0.257530451E+00
 0.253701329E+00 0.249869868E+00 0.246039212E+00 0.242211834E+00 0.238390103E+00
 0.234576404E+00 0.230773479E+00 0.226985231E+00 0.223217368E+00 0.219476789E+00
 0.215770647E+00 0.212105006E+00 0.208482981E+00 0.204900846E+00 0.201334938E+00
 0.197723880E+00 0.194013998E+00 0.190176129E+00 0.186188236E+00 0.182033122E+00
 0.177706897E+00 0.173243940E+00 0.168696508E+00 0.164088339E+00 0.159433693E+00
 0.154748246E+00 0.150050595E+00 0.145361632E+00 0.140703559E+00 0.136099264E+00
 0.131572112E+00 0.127146125E+00 0.122846395E+00 0.118699506E+00 0.114733793E+00
 0.110979311E+00 0.107467443E+00 0.104230225E+00 0.101299316E+00 0.987048298E-01
 0.964740366E-01 0.946300253E-01 0.931904092E-01 0.921661630E-01 0.915605798E-01
 0.913686380E-01 0.915767625E-01 0.921631232E-01 0.930985510E-01 0.943479910E-01
 0.298630863E+00 0.297378182E+00 0.295825094E+00 0.293918073E+00 0.291648239E+00
 0.289046049E+00 0.286175281E+00 0.283115923E+00 0.279926687E+00 0.276655853E+00
 0.273302734E+00 0.269878864E+00 0.266410172E+00 0.262916595E+00 0.259405315E+00
 0.255879104E+00 0.252338588E+00 0.248784095E+00 0.245216668E+00 0.241639271E+00
 0.238056362E+00 0.234466657E+00 0.230873302E+00 0.227289870E+00 0.223733023E+00
 0.220221058E+00 0.216773346E+00 0.213410482E+00 0.210156411E+00 0.207040146E+00
 0.203835145E+00 0.200453863E+00 0.196892798E+00 0.193109572E+00 0.189068019E+00
 0.184717998E+00 0.180123568E+00 0.175503775E+00 0.170832872E+00 0.166113213E+00
 0.161363870E+00 0.156612962E+00 0.151891857E+00 0.147231162E+00 0.142658874E+00
 0.138199985E+00 0.133877099E+00 0.129711390E+00 0.125723436E+00 0.121933907E+00
 0.118363753E+00 0.115034193E+00 0.111966386E+00 0.109180816E+00 0.106696606E+00
 0.104530692E+00 0.102696948E+00 0.101205401E+00 0.100061484E+00 0.992654860E-01
 0.988122225E-01 0.986909121E-01 0.988854617E-01 0.993749574E-01 0.100134514E+00
 0.296943843E+00 0.296246439E+00 0.295155436E+00 0.293561757E+00 0.291468233E+00
 0.288962305E+00 0.286163688E+00 0.283180416E+00 0.280104578E+00 0.277005255E+00
 0.273872703E+00 0.270701081E+00 0.267508715E+00 0.264315665E+00 0.261114180E+00
 0.257896066E+00 0.254653215E+00 0.251378357E+00 0.248066992E+00 0.244720235E+00
 0.241347879E+00 0.237937808E+00 0.234492019E+00 0.231038079E+00 0.227605730E+00
 0.224226639E+00 0.220933944E+00 0.217762247E+00 0.214748487E+00 0.211924538E+00
 0.209054768E+00 0.206029668E+00 0.202824280E+00 0.199373037E+00 0.195601419E+00
 0.191427439E+00 0.186915055E+00 0.182287529E+00 0.177532285E+00 0.172671288E+00
 0.167752847E+00 0.162836164E+00 0.157977283E+00 0.153221339E+00 0.148601294E+00
 0.144140571E+00 0.139856353E+00 0.135762498E+00 0.131871372E+00 0.128194973E+00
 0.124745429E+00 0.121535070E+00 0.118576236E+00 0.115880862E+00 0.113459989E+00
 0.111323163E+00 0.109477885E+00 0.107929029E+00 0.106678411E+00 0.105724394E+00
 0.105061710E+00 0.104681402E+00 0.104570955E+00 0.104714639E+00 0.105093941E+00
 0.955465853E+00 0.953097701E+00 0.941416621E+00 0.934309840E+00 0.929110885E+00
 0.925808191E+00 0.924177766E+00 0.924414754E+00 0.926284730E+00 0.930885732E+00
 0.934733927E+00 0.941077352E+00 0.947661877E+00 0.956555009E+00 0.967083633E+00
 0.978641152E+00 0.991381466E+00 0.100572741E+01 0.102141404E+01 0.103851533E+01
 0.105721200E+01 0.107706153E+01 0.109827542E+01 0.112078357E+01 0.114471221E+01
 0.117002606E+01 0.119676912E+01 0.122511208E+01 0.125491953E+01 0.128625786E+01
 0.131930912E+01 0.135396814E+01 0.139021790E+01 0.142869473E+01 0.146904325E+01
 0.151112270E+01 0.155543911E+01 0.160169113E+01 0.164988339E+01 0.170086014E+01
 0.175411701E+01 0.180946743E+01 0.186738789E+01 0.192732668E+01 0.199001002E+01
 0.205581903E+01 0.212365627E+01 0.219391775E+01 0.226653910E+01 0.234181738E+01
 0.241979122E+01 0.249969172E+01 0.258143592E+01 0.266516876E+01 0.275099206E+01
 0.283953714E+01 0.292992210E+01 0.302436113E+01 0.312394094E+01 0.323136926E+01
 0.334887433E+01 0.348264933E+01 0.364111090E+01 0.383670020E+01 0.408239460E+01
   76  117
 0.101923168E+01-0.500000007E-01 0.102195752E+01 0.500000007E-01 0.103634584E+01
 0.100000001E+00 0.105901885E+01 0.150000006E+00 0.108764434E+01 0.200000003E+00
 0.112043214E+01 0.250000000E+00 0.115636289E+01 0.300000012E+00 0.118531251E+01
 0.337756813E+00 0.121187496E+01 0.371003896E+00 0.123843753E+01 0.402642101E+00
 0.128105354E+01 0.449999988E+00 0.131812501E+01 0.487854421E+00 0.134468746E+01
 0.513280451E+00 0.138643980E+01 0.550000012E+00 0.142437506E+01 0.580998361E+00
 0.145093751E+01 0.600538850E+00 0.150406253E+01 0.637083650E+00 0.153062499E+01
 0.653129578E+00 0.158375001E+01 0.682762444E+00 0.162145209E+01 0.699999988E+00
 0.166343749E+01 0.718200147E+00 0.171656251E+01 0.735895395E+00 0.176968753E+01
 0.748013258E+00 0.179624999E+01 0.752249897E+00 0.184937501E+01 0.756046891E+00
 0.190250003E+01 0.750009775E+00 0.192906249E+01 0.742631018E+00 0.198218751E+01
 0.707721114E+00 0.200874996E+01 0.675470889E+00 0.203531241E+01 0.627094924E+00
 0.206187510E+01 0.561650217E+00 0.208274055E+01 0.500000000E+00 0.209862590E+01
 0.449999988E+00 0.211500001E+01 0.396031201E+00 0.214152026E+01 0.300000012E+00
 0.215391564E+01 0.250000000E+00 0.216812491E+01 0.181420490E+00 0.218037391E+01
 0.100000001E+00 0.218519354E+01 0.000000000E+00 0.217813230E+01-0.100000001E+00
 0.216812491E+01-0.161964878E+00 0.214900947E+01-0.250000000E+00 0.213593984E+01
-0.300000012E+00 0.211500001E+01-0.374025166E+00 0.209119034E+01-0.449999988E+00
 0.207459545E+01-0.500000000E+00 0.205676341E+01-0.550000012E+00 0.203531241E+01
-0.603202343E+00 0.200874996E+01-0.655436158E+00 0.197483492E+01-0.699999988E+00
 0.192906249E+01-0.735229433E+00 0.188093650E+01-0.750000000E+00 0.184937501E+01
-0.754639149E+00 0.179624999E+01-0.754036307E+00 0.176519632E+01-0.750000000E+00
 0.171656251E+01-0.740939379E+00 0.166343749E+01-0.725534379E+00 0.161031246E+01
-0.704325259E+00 0.158375001E+01-0.692365825E+00 0.153062499E+01-0.664902747E+00
 0.150406253E+01-0.648817778E+00 0.145093751E+01-0.614219010E+00 0.142437506E+01
-0.594569921E+00 0.137125003E+01-0.551588058E+00 0.134468746E+01-0.528259575E+00
 0.131505060E+01-0.500000000E+00 0.126660061E+01-0.449999988E+00 0.123843753E+01
-0.418388993E+00 0.121187496E+01-0.386733413E+00 0.118247771E+01-0.349999994E+00
 0.114497960E+01-0.300000012E+00 0.111040592E+01-0.250000000E+00 0.107908201E+01
-0.200000003E+00 0.105250001E+01-0.150674313E+00 0.103137243E+01-0.100000001E+00
 0.101923168E+01-0.500000007E-01
 0.101600003E+01 0.000000000E+00 0.101600003E+01 0.963999987E+00 0.101600003E+01
 0.967999995E+00 0.101600003E+01 0.100100005E+01 0.101600003E+01 0.101900005E+01
 0.101600003E+01 0.107700002E+01 0.101600003E+01 0.107000005E+01 0.101600003E+01
 0.109599996E+01 0.101600003E+01 0.111300004E+01 0.101600003E+01 0.113800001E+01
 0.101600003E+01 0.114699996E+01 0.101199996E+01 0.116499996E+01 0.100100005E+01
 0.121700001E+01 0.102900004E+01 0.121700001E+01 0.104200006E+01 0.116240001E+01
 0.104600000E+01 0.116237998E+01 0.105599999E+01 0.116260004E+01 0.109700000E+01
 0.116450000E+01 0.110800004E+01 0.116594005E+01 0.111600006E+01 0.116591001E+01
 0.113399994E+01 0.116895998E+01 0.114800000E+01 0.117174995E+01 0.116199994E+01
 0.117556000E+01 0.118099999E+01 0.118299997E+01 0.118200004E+01 0.118350005E+01
 0.118499994E+01 0.118499994E+01 0.119000006E+01 0.118799996E+01 0.119500005E+01
 0.119099998E+01 0.120099998E+01 0.119599998E+01 0.120899999E+01 0.120200002E+01
 0.121500003E+01 0.120799994E+01 0.122200000E+01 0.121399999E+01 0.122800004E+01
 0.122099996E+01 0.123399997E+01 0.123099995E+01 0.123899996E+01 0.123800004E+01
 0.124199998E+01 0.124399996E+01 0.124800003E+01 0.125399995E+01 0.125800002E+01
 0.127800000E+01 0.126300001E+01 0.128999996E+01 0.127999997E+01 0.133099997E+01
 0.127999997E+01 0.134700000E+01 0.127999997E+01 0.134800005E+01 0.130999994E+01
 0.134800005E+01 0.132799995E+01 0.134800005E+01 0.136099994E+01 0.134800005E+01
 0.138000000E+01 0.134800005E+01 0.141900003E+01 0.134800005E+01 0.141900003E+01
 0.130999994E+01 0.137199998E+01 0.130999994E+01 0.137167001E+01 0.129237998E+01
 0.137003005E+01 0.128268003E+01 0.136688006E+01 0.125644004E+01 0.136719000E+01
 0.122955000E+01 0.137178004E+01 0.119576001E+01 0.137223995E+01 0.119402003E+01
 0.138662004E+01 0.116487002E+01 0.138707995E+01 0.116420996E+01 0.140382004E+01
 0.115696001E+01 0.141127002E+01 0.115730000E+01 0.141857004E+01 0.116131997E+01
 0.142100000E+01 0.116400003E+01 0.148662996E+01 0.124049997E+01 0.149730003E+01
 0.123458004E+01 0.149761999E+01 0.123427999E+01 0.149744999E+01 0.123174000E+01
 0.149275005E+01 0.121329999E+01 0.149259996E+01 0.121061003E+01 0.149260998E+01
 0.120485997E+01 0.149278998E+01 0.120213997E+01 0.149339998E+01 0.119641995E+01
 0.149469995E+01 0.118510997E+01 0.149621999E+01 0.116069996E+01 0.147981000E+01
 0.112425995E+01 0.148081994E+01 0.112256002E+01 0.148149002E+01 0.112137997E+01
 0.148645997E+01 0.111691999E+01 0.149094999E+01 0.111439002E+01 0.150304997E+01
 0.111243999E+01 0.159696996E+01 0.109489000E+01 0.162549996E+01 0.108529997E+01
 0.163751996E+01 0.107988000E+01 0.164699996E+01 0.107700002E+01 0.178499997E+01
 0.107700002E+01 0.206999993E+01 0.103999996E+01 0.212800002E+01 0.992999971E+00
 0.224499989E+01 0.708999991E+00 0.233956003E+01 0.461430013E+00 0.234707999E+01
 0.415829986E+00 0.234912992E+01 0.272179991E+00 0.235103011E+01 0.170179993E+00
 0.235157990E+01 0.701199993E-01 0.235124993E+01-0.317899995E-01 0.235050988E+01
-0.144350007E+00 0.234964991E+01-0.214829996E+00 0.234870005E+01-0.326689988E+00
 0.234759998E+01-0.386770010E+00 0.234019995E+01-0.453040004E+00 0.232942009E+01
-0.477569997E+00 0.213400006E+01-0.972999990E+00 0.178600001E+01-0.117400002E+01
 0.176800001E+01-0.121099997E+01 0.176800001E+01-0.125000000E+01 0.168200004E+01
-0.125000000E+01 0.137199998E+01-0.125000000E+01 0.137199998E+01-0.132900000E+01
 0.141999996E+01-0.132900000E+01 0.141999996E+01-0.136300004E+01 0.127300000E+01
-0.136300004E+01 0.115300000E+01-0.136300004E+01 0.101600003E+01-0.122300005E+01
 0.101600003E+01-0.122300005E+01 0.101600003E+01-0.829999983E+00 0.101600003E+01
-0.800000012E+00 0.101600003E+01-0.414999992E+00 0.101600003E+01-0.400000006E+00
 0.101600003E+01-0.100000005E-02 0.101600003E+01 0.000000000E+00
    0 0.000000000E+00    1
 0.000000000E+00 0.000000000E+00 0.000000000E+00 0.000000000E+00 0.000000000E+00
 0.000000000E+00 0.000000000E+00 0.000000000E+00 0.000000000E+00 0.000000000E+00
 0.000000000E+00 0.000000000E+00 0.000000000E+00 0.000000000E+00 0.000000000E+00
 0.000000000E+00 0.000000000E+00 0.000000000E+00 0.000000000E+00 0.000000000E+00
 0.000000000E+00 0.000000000E+00 0.000000000E+00 0.000000000E+00 0.000000000E+00
 0.000000000E+00 0.000000000E+00 0.000000000E+00 0.000000000E+00 0.000000000E+00
 0.000000000E+00 0.000000000E+00 0.000000000E+00 0.000000000E+00 0.000000000E+00
 0.000000000E+00 0.000000000E+00 0.000000000E+00 0.000000000E+00 0.000000000E+00
 0.000000000E+00 0.000000000E+00 0.000000000E+00 0.000000000E+00 0.000000000E+00
 0.000000000E+00 0.000000000E+00 0.000000000E+00 0.000000000E+00 0.000000000E+00
 0.000000000E+00 0.000000000E+00 0.000000000E+00 0.000000000E+00 0.000000000E+00
 0.000000000E+00 0.000000000E+00 0.000000000E+00 0.000000000E+00 0.000000000E+00
 0.000000000E+00 0.000000000E+00 0.000000000E+00 0.000000000E+00 0.000000000E+00
 0.000000000E+00 0.923974141E-01 0.130737633E+00 0.159842551E+00 0.184338391E+00
 0.205873966E+00 0.225325242E+00 0.243191317E+00 0.259855330E+00 0.274082929E+00
 0.289174139E+00 0.303458005E+00 0.317267060E+00 0.330637574E+00 0.343698561E+00
 0.356417477E+00 0.368771106E+00 0.380866855E+00 0.392804205E+00 0.404584825E+00
 0.416258782E+00 0.427822590E+00 0.439233959E+00 0.450584978E+00 0.461915672E+00
 0.473196030E+00 0.484464854E+00 0.495740891E+00 0.507010877E+00 0.518297136E+00
 0.529662728E+00 0.541034102E+00 0.552400768E+00 0.563949823E+00 0.575565100E+00
 0.587214708E+00 0.599010170E+00 0.610889316E+00 0.622837603E+00 0.634994864E+00
 0.647290170E+00 0.659694254E+00 0.672276914E+00 0.684943736E+00 0.697818220E+00
 0.710951269E+00 0.724194050E+00 0.737615705E+00 0.751215100E+00 0.765031755E+00
 0.779078901E+00 0.793307245E+00 0.807721436E+00 0.822331429E+00 0.837164462E+00
 0.852242768E+00 0.867461085E+00 0.882918358E+00 0.898630738E+00 0.914592743E+00
 0.930805147E+00 0.947375953E+00 0.964370668E+00 0.981883347E+00 0.100000000E+01
    1
 0.000000000E+00 0.000000000E+00 0.000000000E+00 0.000000000E+00 0.000000000E+00
 0.000000000E+00 0.000000000E+00 0.000000000E+00 0.000000000E+00 0.000000000E+00
 0.000000000E+00 0.000000000E+00 0.000000000E+00 0.000000000E+00 0.000000000E+00
 0.000000000E+00 0.000000000E+00 0.000000000E+00 0.000000000E+00 0.000000000E+00
 0.000000000E+00 0.000000000E+00 0.000000000E+00 0.000000000E+00 0.000000000E+00
 0.000000000E+00 0.000000000E+00 0.000000000E+00 0.000000000E+00 0.000000000E+00
 0.000000000E+00 0.000000000E+00 0.000000000E+00 0.000000000E+00 0.000000000E+00
 0.000000000E+00 0.000000000E+00 0.000000000E+00 0.000000000E+00 0.000000000E+00
 0.000000000E+00 0.000000000E+00 0.000000000E+00 0.000000000E+00 0.000000000E+00
 0.000000000E+00 0.000000000E+00 0.000000000E+00 0.000000000E+00 0.000000000E+00
 0.000000000E+00 0.000000000E+00 0.000000000E+00 0.000000000E+00 0.000000000E+00
 0.000000000E+00 0.000000000E+00 0.000000000E+00 0.000000000E+00 0.000000000E+00
 0.000000000E+00 0.000000000E+00 0.000000000E+00 0.000000000E+00 0.000000000E+00
