  EFITD    01/21/2000    #172480  2400ms           7  65  65
 0.170000005E+01 0.320000005E+01 0.169550002E+01 0.839999974E+00 0.000000000E+00
 0.181043053E+01 0.237044459E-02-0.184431210E+00 0.245673452E-01 0.191570365E+01
 0.974561375E+06-0.184431210E+00 0.000000000E+00 0.181043053E+01 0.000000000E+00
 0.237044459E-02 0.000000000E+00 0.245673452E-01 0.000000000E+00 0.000000000E+00
 0.319047880E+01 0.319145703E+01 0.319244504E+01 0.319344211E+01 0.319444776E+01
 0.319546151E+01 0.319648266E+01 0.319751024E+01 0.319854426E+01 0.319958377E+01
 0.320062828E+01 0.320167708E+01 0.320272970E+01 0.320378542E+01 0.320484376E+01
 0.320590401E+01 0.320696568E+01 0.320802808E+01 0.320909071E+01 0.321015286E+01
 0.321121430E+01 0.321227384E+01 0.321333146E+01 0.321438622E+01 0.321543741E+01
 0.321648502E+01 0.321752787E+01 0.321856570E+01 0.321959782E+01 0.322062373E+01
 0.322164273E+01 0.322265434E+01 0.322365785E+01 0.322465277E+01 0.322563839E+01
 0.322661448E+01 0.322758007E+01 0.322853470E+01 0.322947788E+01 0.323040891E+01
 0.323132730E+01 0.323223257E+01 0.323312378E+01 0.323400092E+01 0.323486280E+01
 0.323570919E+01 0.323653960E+01 0.323735332E+01 0.323814964E+01 0.323892808E+01
 0.323968840E+01 0.324042940E+01 0.324115109E+01 0.324185252E+01 0.324253321E+01
 0.324319267E+01 0.324383020E+01 0.324444532E+01 0.324503756E+01 0.324560618E+01
 0.324615049E+01 0.324667025E+01 0.324716473E+01 0.324763346E+01 0.324807549E+01
 0.133326812E+06 0.130339734E+06 0.127381344E+06 0.124451656E+06 0.121550656E+06
 0.118678352E+06 0.115834734E+06 0.113019820E+06 0.110233594E+06 0.107476062E+06
 0.104747227E+06 0.102047086E+06 0.993756328E+05 0.967328750E+05 0.941188125E+05
 0.915334453E+05 0.889767656E+05 0.864487891E+05 0.839495000E+05 0.814789062E+05
 0.790370000E+05 0.766237969E+05 0.742392812E+05 0.718834609E+05 0.695563359E+05
 0.672578984E+05 0.649881602E+05 0.627471133E+05 0.605347617E+05 0.583511016E+05
 0.561961367E+05 0.540698633E+05 0.519722852E+05 0.499034023E+05 0.478632109E+05
 0.458517109E+05 0.438689102E+05 0.419147969E+05 0.399893828E+05 0.380926602E+05
 0.362246289E+05 0.343852930E+05 0.325746504E+05 0.307927031E+05 0.290394473E+05
 0.273148867E+05 0.256190176E+05 0.239518438E+05 0.223133633E+05 0.207035762E+05
 0.191224824E+05 0.175700820E+05 0.160463760E+05 0.145513633E+05 0.130850439E+05
 0.116474180E+05 0.102384863E+05 0.885824805E+04 0.750670312E+04 0.618385205E+04
 0.488969434E+04 0.362423047E+04 0.238745996E+04 0.117938318E+04 0.000000000E+00
 0.950788915E+00 0.960924029E+00 0.970477402E+00 0.979448855E+00 0.987838566E+00
 0.995646417E+00 0.100287247E+01 0.100951660E+01 0.101557899E+01 0.102105951E+01
 0.102595830E+01 0.103027523E+01 0.103401029E+01 0.103716350E+01 0.103973496E+01
 0.104172456E+01 0.104313242E+01 0.104395831E+01 0.104420245E+01 0.104386485E+01
 0.104294527E+01 0.104144394E+01 0.103936076E+01 0.103669584E+01 0.103344905E+01
 0.102962041E+01 0.102520990E+01 0.102021766E+01 0.101464355E+01 0.100848758E+01
 0.100174987E+01 0.994430304E+00 0.986528873E+00 0.978045642E+00 0.968980610E+00
 0.959333718E+00 0.949105024E+00 0.938294530E+00 0.926902175E+00 0.914928019E+00
 0.902372003E+00 0.889234185E+00 0.875514567E+00 0.861213088E+00 0.846329808E+00
 0.830864668E+00 0.814817727E+00 0.798188984E+00 0.780978382E+00 0.763185978E+00
 0.744811773E+00 0.725855708E+00 0.706317842E+00 0.686198115E+00 0.665496588E+00
 0.644213259E+00 0.622348070E+00 0.599901080E+00 0.576872230E+00 0.553261578E+00
 0.529069126E+00 0.504294813E+00 0.478938699E+00 0.453000724E+00 0.426480979E+00
-0.919103438E+06-0.910316812E+06-0.901530188E+06-0.892743562E+06-0.883956938E+06
-0.875170375E+06-0.866383750E+06-0.857597125E+06-0.848810500E+06-0.840023875E+06
-0.831237250E+06-0.822450625E+06-0.813664062E+06-0.804877438E+06-0.796090812E+06
-0.787304188E+06-0.778517562E+06-0.769730938E+06-0.760944312E+06-0.752157750E+06
-0.743371125E+06-0.734584500E+06-0.725797875E+06-0.717011250E+06-0.708224625E+06
-0.699438062E+06-0.690651438E+06-0.681864812E+06-0.673078188E+06-0.664291562E+06
-0.655504938E+06-0.646718312E+06-0.637931750E+06-0.629145125E+06-0.620358500E+06
-0.611571875E+06-0.602785250E+06-0.593998625E+06-0.585212000E+06-0.576425438E+06
-0.567638812E+06-0.558852188E+06-0.550065562E+06-0.541278938E+06-0.532492312E+06
-0.523705719E+06-0.514919094E+06-0.506132500E+06-0.497345875E+06-0.488559250E+06
-0.479772656E+06-0.470986031E+06-0.462199406E+06-0.453412812E+06-0.444626188E+06
-0.435839562E+06-0.427052938E+06-0.418266344E+06-0.409479719E+06-0.400693094E+06
-0.391906500E+06-0.383119875E+06-0.374333250E+06-0.365546656E+06-0.356760031E+06
 0.270596631E-01 0.226739105E-01 0.178929679E-01 0.126833580E-01 0.706316717E-02
 0.110003178E-02-0.510735530E-02-0.114616519E-01-0.166016109E-01-0.191944074E-01
-0.228000190E-01-0.293589961E-01-0.367730111E-01-0.410171002E-01-0.427928232E-01
-0.423580855E-01-0.397271700E-01-0.347674266E-01-0.271452237E-01-0.161885992E-01
-0.628916488E-03 0.156512223E-01 0.297131725E-01 0.426393040E-01 0.550754778E-01
 0.674714744E-01 0.802159160E-01 0.937245190E-01 0.108528599E+00 0.125272378E+00
 0.139905170E+00 0.151109830E+00 0.159330711E+00 0.164335221E+00 0.165988371E+00
 0.163841978E+00 0.159473956E+00 0.157102838E+00 0.156098709E+00 0.156071723E+00
 0.156779468E+00 0.158065021E+00 0.159820303E+00 0.161964804E+00 0.164433956E+00
 0.167172745E+00 0.170132011E+00 0.173266351E+00 0.176532656E+00 0.179889306E+00
 0.183295652E+00 0.186711892E+00 0.190099180E+00 0.193420112E+00 0.196639255E+00
 0.199723989E+00 0.202645212E+00 0.205378219E+00 0.207903236E+00 0.210205913E+00
 0.212277398E+00 0.214114279E+00 0.215718135E+00 0.217094958E+00 0.218254343E+00
 0.243624039E-01 0.193130020E-01 0.137289735E-01 0.751928566E-02 0.661989499E-03
-0.674763881E-02-0.136591401E-01-0.185532402E-01-0.211802404E-01-0.215509646E-01
-0.228204392E-01-0.258725155E-01-0.293182936E-01-0.314742066E-01-0.320237465E-01
-0.308755748E-01-0.279303771E-01-0.230404530E-01-0.159992259E-01-0.656151166E-02
 0.533121871E-02 0.181643553E-01 0.305735692E-01 0.426144525E-01 0.545325018E-01
 0.665993616E-01 0.791122541E-01 0.924302116E-01 0.107044354E+00 0.123543561E+00
 0.138047159E+00 0.149201423E+00 0.157394841E+00 0.162532091E+00 0.164416596E+00
 0.162551701E+00 0.158640996E+00 0.156686366E+00 0.156103835E+00 0.156513602E+00
 0.157677934E+00 0.159439325E+00 0.161687315E+00 0.164339632E+00 0.167330801E+00
 0.170605272E+00 0.174113080E+00 0.177807122E+00 0.181641415E+00 0.185569942E+00
 0.189546153E+00 0.193522856E+00 0.197452560E+00 0.201288253E+00 0.204984590E+00
 0.208499208E+00 0.211794287E+00 0.214837998E+00 0.217605740E+00 0.220080838E+00
 0.222254947E+00 0.224127665E+00 0.225705832E+00 0.227002338E+00 0.228034735E+00
 0.226485971E-01 0.172767229E-01 0.112371771E-01 0.422960194E-02-0.387991732E-02
-0.104330657E-01-0.148319323E-01-0.169970915E-01-0.168645643E-01-0.164256059E-01
-0.165324267E-01-0.170660075E-01-0.176022276E-01-0.176616982E-01-0.168725811E-01
-0.149897346E-01-0.118507128E-01-0.734606944E-02-0.142099126E-02 0.588809932E-02
 0.143928053E-01 0.237512849E-01 0.336195491E-01 0.437994823E-01 0.542389788E-01
 0.649752170E-01 0.760907233E-01 0.876819715E-01 0.998105556E-01 0.112245388E+00
 0.123685941E+00 0.133265838E+00 0.140826061E+00 0.146299735E+00 0.149641395E+00
 0.150932744E+00 0.151154086E+00 0.151679248E+00 0.152772635E+00 0.154428169E+00
 0.156597510E+00 0.159226477E+00 0.162263855E+00 0.165662810E+00 0.169379860E+00
 0.173373312E+00 0.177601665E+00 0.182022199E+00 0.186589763E+00 0.191255957E+00
 0.195968628E+00 0.200671956E+00 0.205307052E+00 0.209813297E+00 0.214130327E+00
 0.218200684E+00 0.221972674E+00 0.225403219E+00 0.228460193E+00 0.231124043E+00
 0.233388186E+00 0.235258475E+00 0.236751571E+00 0.237892613E+00 0.238712624E+00
 0.220325328E-01 0.168603286E-01 0.112190032E-01 0.486850878E-02-0.201160251E-02
-0.641667284E-02-0.802065339E-02-0.837892294E-02-0.849417318E-02-0.849091168E-02
-0.842495821E-02-0.825473107E-02-0.784830004E-02-0.702542486E-02-0.560420193E-02
-0.343061145E-02-0.390451256E-03 0.358630111E-02 0.852074753E-02 0.143790338E-01
 0.210717935E-01 0.284692571E-01 0.364325121E-01 0.448442101E-01 0.536213070E-01
 0.627080426E-01 0.720556453E-01 0.815914497E-01 0.911758319E-01 0.100559302E+00
 0.109401025E+00 0.117382698E+00 0.124300055E+00 0.130072996E+00 0.134742871E+00
 0.138491884E+00 0.141641051E+00 0.144549921E+00 0.147490039E+00 0.150619045E+00
 0.154015675E+00 0.157713473E+00 0.161720917E+00 0.166032121E+00 0.170632109E+00
 0.175499097E+00 0.180605158E+00 0.185916141E+00 0.191390812E+00 0.196980074E+00
 0.202626184E+00 0.208262473E+00 0.213813916E+00 0.219199002E+00 0.224333003E+00
 0.229132801E+00 0.233522579E+00 0.237439513E+00 0.240838751E+00 0.243696541E+00
 0.246011034E+00 0.247800812E+00 0.249101371E+00 0.249960169E+00 0.250431389E+00
 0.219770242E-01 0.173692796E-01 0.129168052E-01 0.851262175E-02 0.445161061E-02
 0.225165556E-02 0.862947898E-03 0.151193863E-04-0.451155094E-03-0.626735680E-03
-0.547897362E-03-0.202199866E-03 0.462940545E-03 0.152615842E-02 0.307550561E-02
 0.519355526E-02 0.794643071E-02 0.113766221E-01 0.154987853E-01 0.202984102E-01
 0.257341638E-01 0.317444317E-01 0.382566676E-01 0.451961644E-01 0.524906106E-01
 0.600687191E-01 0.678534955E-01 0.757523626E-01 0.836483315E-01 0.913990662E-01
 0.988502577E-01 0.105861641E+00 0.112333596E+00 0.118224487E+00 0.123557813E+00
 0.128419802E+00 0.132944375E+00 0.137285650E+00 0.141588151E+00 0.145968586E+00
 0.150511637E+00 0.155274168E+00 0.160291359E+00 0.165582269E+00 0.171153486E+00
 0.177001327E+00 0.183112577E+00 0.189464211E+00 0.196022183E+00 0.202739537E+00
 0.209554166E+00 0.216386780E+00 0.223139837E+00 0.229698926E+00 0.235937431E+00
 0.241725534E+00 0.246941864E+00 0.251486212E+00 0.255289912E+00 0.258322716E+00
 0.260594279E+00 0.262150377E+00 0.263064444E+00 0.263426244E+00 0.263330877E+00
 0.209760573E-01 0.164329242E-01 0.140426615E-01 0.122232037E-01 0.104493182E-01
 0.897674356E-02 0.786564127E-02 0.708908075E-02 0.660875347E-02 0.639948528E-02
 0.645573204E-02 0.679212762E-02 0.744065642E-02 0.844533369E-02 0.985544175E-02
 0.117185945E-01 0.140746580E-01 0.169511233E-01 0.203601941E-01 0.242977366E-01
 0.287440512E-01 0.336662419E-01 0.390214175E-01 0.447597280E-01 0.508262664E-01
 0.571613535E-01 0.636994541E-01 0.703678280E-01 0.770863965E-01 0.837706178E-01
 0.903381035E-01 0.967179909E-01 0.102860719E+00 0.108745389E+00 0.114383005E+00
 0.119814768E+00 0.125105619E+00 0.130334184E+00 0.135582194E+00 0.140925765E+00
 0.146430463E+00 0.152149469E+00 0.158123910E+00 0.164384067E+00 0.170950502E+00
 0.177834779E+00 0.185039356E+00 0.192556486E+00 0.200365812E+00 0.208430633E+00
 0.216692373E+00 0.225063711E+00 0.233421251E+00 0.241600990E+00 0.249401703E+00
 0.256601423E+00 0.262985796E+00 0.268378228E+00 0.272663027E+00 0.275798798E+00
 0.277822375E+00 0.278841227E+00 0.279011428E+00 0.278508157E+00 0.277499497E+00
 0.214090385E-01 0.170412790E-01 0.157724079E-01 0.154470718E-01 0.148739656E-01
 0.142188203E-01 0.135980071E-01 0.130802253E-01 0.127065228E-01 0.125061469E-01
 0.125060789E-01 0.127356555E-01 0.132278819E-01 0.140185775E-01 0.151441963E-01
 0.166390296E-01 0.185323413E-01 0.208458509E-01 0.235918798E-01 0.267724227E-01
 0.303792022E-01 0.343945473E-01 0.387926921E-01 0.435411111E-01 0.486016646E-01
 0.539314337E-01 0.594833679E-01 0.652071610E-01 0.710506961E-01 0.769625604E-01
 0.828955397E-01 0.888108611E-01 0.946822613E-01 0.100499064E+00 0.106267549E+00
 0.112010278E+00 0.117763445E+00 0.123572856E+00 0.129489437E+00 0.135565147E+00
 0.141849875E+00 0.148389533E+00 0.155225262E+00 0.162393197E+00 0.169924676E+00
 0.177846178E+00 0.186179101E+00 0.194938451E+00 0.204130292E+00 0.213746801E+00
 0.223757714E+00 0.234095737E+00 0.244633928E+00 0.255154580E+00 0.265322208E+00
 0.274704307E+00 0.282871515E+00 0.289492458E+00 0.294362754E+00 0.297413707E+00
 0.298733354E+00 0.298579514E+00 0.297319263E+00 0.295314103E+00 0.292854846E+00
 0.239131395E-01 0.198239386E-01 0.191706922E-01 0.194474887E-01 0.194262713E-01
 0.192057546E-01 0.188732836E-01 0.185042135E-01 0.181611627E-01 0.178965628E-01
 0.177558977E-01 0.177803133E-01 0.180082396E-01 0.184760410E-01 0.192178767E-01
 0.202650335E-01 0.216448419E-01 0.233792607E-01 0.254832432E-01 0.279637836E-01
 0.308199041E-01 0.340435952E-01 0.376206748E-01 0.415315293E-01 0.457518622E-01
 0.502535403E-01 0.550056361E-01 0.599756129E-01 0.651307479E-01 0.704398826E-01
 0.758754909E-01 0.814158395E-01 0.870469436E-01 0.927640274E-01 0.985722616E-01
 0.104486480E+00 0.110530227E+00 0.116734006E+00 0.123133391E+00 0.129767105E+00
 0.136675417E+00 0.143899187E+00 0.151479229E+00 0.159456372E+00 0.167871714E+00
 0.176767305E+00 0.186186641E+00 0.196175337E+00 0.206780955E+00 0.218051687E+00
 0.230031967E+00 0.242750838E+00 0.256193012E+00 0.270230293E+00 0.284458935E+00
 0.297647685E+00 0.308714747E+00 0.317217469E+00 0.322871476E+00 0.325498909E+00
 0.325064838E+00 0.322152823E+00 0.318082124E+00 0.313527495E+00 0.308876574E+00
 0.282265060E-01 0.244352389E-01 0.239906367E-01 0.244976003E-01 0.246556140E-01
 0.245374348E-01 0.242217127E-01 0.237851925E-01 0.232978594E-01 0.228213500E-01
 0.224093255E-01 0.221087113E-01 0.219610836E-01 0.220039170E-01 0.222715773E-01
 0.227961224E-01 0.236077439E-01 0.247341041E-01 0.261955727E-01 0.280035697E-01
 0.301605072E-01 0.326644480E-01 0.355097204E-01 0.386867374E-01 0.421819352E-01
 0.459783562E-01 0.500571243E-01 0.543985814E-01 0.589832552E-01 0.637929887E-01
 0.688122064E-01 0.740292370E-01 0.794373676E-01 0.850357339E-01 0.908296853E-01
 0.968308970E-01 0.103056960E+00 0.109530792E+00 0.116279833E+00 0.123335339E+00
 0.130731747E+00 0.138506472E+00 0.146699920E+00 0.155356139E+00 0.164523780E+00
 0.174257740E+00 0.184621587E+00 0.195690766E+00 0.207557291E+00 0.220336512E+00
 0.234177381E+00 0.249279320E+00 0.265923768E+00 0.284549505E+00 0.305524319E+00
 0.324554235E+00 0.339710534E+00 0.350887477E+00 0.357860416E+00 0.360109746E+00
 0.357462794E+00 0.349206328E+00 0.340045929E+00 0.331674308E+00 0.324163318E+00
 0.342338905E-01 0.307249501E-01 0.303467214E-01 0.308330283E-01 0.308666229E-01
 0.305373035E-01 0.299464930E-01 0.291867256E-01 0.283375699E-01 0.274657067E-01
 0.266266875E-01 0.258670915E-01 0.252265912E-01 0.247398559E-01 0.244384892E-01
 0.243536141E-01 0.245205499E-01 0.249891970E-01 0.257906243E-01 0.269402470E-01
 0.284269154E-01 0.302522723E-01 0.324196555E-01 0.349294469E-01 0.377766080E-01
 0.409501158E-01 0.444391258E-01 0.482334420E-01 0.523230061E-01 0.566980764E-01
 0.613506101E-01 0.662752017E-01 0.714697242E-01 0.769359022E-01 0.826796070E-01
 0.887110010E-01 0.950444788E-01 0.101698503E+00 0.108695440E+00 0.116061360E+00
 0.123826057E+00 0.132023290E+00 0.140691310E+00 0.149873838E+00 0.159621596E+00
 0.169994652E+00 0.181065679E+00 0.192924917E+00 0.205687225E+00 0.219503105E+00
 0.234575599E+00 0.251187801E+00 0.269747406E+00 0.290851772E+00 0.315320820E+00
 0.340372235E+00 0.360004157E+00 0.374123275E+00 0.382834703E+00 0.386047393E+00
 0.382978201E+00 0.373187065E+00 0.358609647E+00 0.346367955E+00 0.336196840E+00
 0.422325283E-01 0.389932767E-01 0.387166403E-01 0.388516299E-01 0.383397266E-01
 0.373964123E-01 0.361807309E-01 0.348077305E-01 0.333610214E-01 0.319030061E-01
 0.304816421E-01 0.291347466E-01 0.278927125E-01 0.267801583E-01 0.258166380E-01
 0.250159521E-01 0.243824199E-01 0.241064020E-01 0.242170598E-01 0.247710235E-01
 0.256036539E-01 0.267600995E-01 0.282691699E-01 0.301496480E-01 0.324068218E-01
 0.350134745E-01 0.379653797E-01 0.412635803E-01 0.449067913E-01 0.488889366E-01
 0.532062203E-01 0.578573532E-01 0.628430471E-01 0.681666583E-01 0.738344416E-01
 0.798554942E-01 0.862418860E-01 0.930086598E-01 0.100173883E+00 0.107758760E+00
 0.115787916E+00 0.124289773E+00 0.133297279E+00 0.142848834E+00 0.152989835E+00
 0.163774580E+00 0.175269246E+00 0.187555760E+00 0.200737357E+00 0.214946300E+00
 0.230354279E+00 0.247186229E+00 0.265736550E+00 0.286384642E+00 0.309605032E+00
 0.335818529E+00 0.358267307E+00 0.374658734E+00 0.385195285E+00 0.389938891E+00
 0.389037251E+00 0.381695718E+00 0.367762238E+00 0.353441566E+00 0.342094898E+00
 0.539347604E-01 0.514122061E-01 0.503019728E-01 0.490478873E-01 0.471777432E-01
 0.450456142E-01 0.428024419E-01 0.405281261E-01 0.382721946E-01 0.360687599E-01
 0.339429602E-01 0.319140479E-01 0.299970806E-01 0.282039065E-01 0.265441481E-01
 0.250270069E-01 0.236660205E-01 0.226451140E-01 0.219734777E-01 0.216603037E-01
 0.216991808E-01 0.221066419E-01 0.229137111E-01 0.241689812E-01 0.259540081E-01
 0.280284770E-01 0.304585770E-01 0.332835093E-01 0.365193896E-01 0.401386060E-01
 0.441410318E-01 0.485313460E-01 0.533109494E-01 0.584842525E-01 0.640580058E-01
 0.700402632E-01 0.764408112E-01 0.832713321E-01 0.905453861E-01 0.982786715E-01
 0.106489323E+00 0.115198374E+00 0.124430224E+00 0.134213343E+00 0.144581050E+00
 0.155572698E+00 0.167234883E+00 0.179623172E+00 0.192803875E+00 0.206855953E+00
 0.221872389E+00 0.237960547E+00 0.255240113E+00 0.273838848E+00 0.293892056E+00
 0.315588593E+00 0.337714732E+00 0.353958011E+00 0.365079820E+00 0.371479034E+00
 0.372971714E+00 0.369940639E+00 0.361728519E+00 0.349548101E+00 0.339910656E+00
 0.702406466E-01 0.697086602E-01 0.653584301E-01 0.606221855E-01 0.565380678E-01
 0.527950078E-01 0.492832065E-01 0.459545515E-01 0.427851230E-01 0.397620462E-01
 0.368779115E-01 0.341279469E-01 0.315083042E-01 0.290146060E-01 0.266401526E-01
 0.243729148E-01 0.223754514E-01 0.206748787E-01 0.192904938E-01 0.182382856E-01
 0.175329708E-01 0.171932019E-01 0.172418114E-01 0.177036542E-01 0.185991041E-01
 0.199253652E-01 0.217158850E-01 0.240324885E-01 0.269798916E-01 0.302560460E-01
 0.339459479E-01 0.380888656E-01 0.426646546E-01 0.476813093E-01 0.531499237E-01
 0.590759479E-01 0.654666424E-01 0.723303631E-01 0.796754882E-01 0.875111520E-01
 0.958477408E-01 0.104697213E+00 0.114073336E+00 0.123991825E+00 0.134470433E+00
 0.145528987E+00 0.157189101E+00 0.169473633E+00 0.182405278E+00 0.196004003E+00
 0.210282147E+00 0.225235656E+00 0.240828589E+00 0.256964743E+00 0.273432136E+00
 0.289781630E+00 0.305114239E+00 0.318248630E+00 0.328474402E+00 0.335560888E+00
 0.339490116E+00 0.340398550E+00 0.338665783E+00 0.335133672E+00 0.330991536E+00
 0.818657801E-01 0.820421800E-01 0.764856040E-01 0.700976327E-01 0.644856691E-01
 0.594414584E-01 0.548223592E-01 0.505332425E-01 0.465103686E-01 0.427098013E-01
 0.391001776E-01 0.356583074E-01 0.323663242E-01 0.292097460E-01 0.261759423E-01
 0.232525114E-01 0.206081495E-01 0.182520300E-01 0.161965899E-01 0.144565683E-01
 0.130488640E-01 0.119929314E-01 0.113105904E-01 0.110252211E-01 0.111605870E-01
 0.117405858E-01 0.127951326E-01 0.143586230E-01 0.164624155E-01 0.191132408E-01
 0.223733094E-01 0.263618361E-01 0.307260919E-01 0.355671905E-01 0.409315154E-01
 0.467955023E-01 0.531663969E-01 0.600531586E-01 0.674563870E-01 0.753770396E-01
 0.838165656E-01 0.927771702E-01 0.102261484E+00 0.112272181E+00 0.122811437E+00
 0.133880138E+00 0.145476714E+00 0.157595411E+00 0.170223430E+00 0.183336884E+00
 0.196894467E+00 0.210828364E+00 0.225030825E+00 0.239335880E+00 0.253496855E+00
 0.267168641E+00 0.279920489E+00 0.291306585E+00 0.300966471E+00 0.308684438E+00
 0.314397484E+00 0.318190098E+00 0.320291579E+00 0.321054667E+00 0.320881516E+00
 0.884264931E-01 0.887410790E-01 0.832548365E-01 0.763274506E-01 0.699953809E-01
 0.641870871E-01 0.588191301E-01 0.538166836E-01 0.491173267E-01 0.446707234E-01
 0.404368341E-01 0.363839641E-01 0.324871577E-01 0.287272967E-01 0.250916015E-01
 0.215771869E-01 0.183364637E-01 0.153707387E-01 0.126885734E-01 0.103034191E-01
 0.823246222E-02 0.649603549E-02 0.511718169E-02 0.412121974E-02 0.353538711E-02
 0.338877062E-02 0.371263456E-02 0.453974586E-02 0.590286730E-02 0.783384684E-02
 0.103690699E-01 0.135417264E-01 0.173562430E-01 0.218808874E-01 0.272477623E-01
 0.330461636E-01 0.393873863E-01 0.463164598E-01 0.537952222E-01 0.618158802E-01
 0.703701600E-01 0.794515908E-01 0.890530497E-01 0.991659835E-01 0.109779492E+00
 0.120879352E+00 0.132446662E+00 0.144455940E+00 0.156872496E+00 0.169648901E+00
 0.182720512E+00 0.195999876E+00 0.209370539E+00 0.222681195E+00 0.235742614E+00
 0.248331308E+00 0.260204196E+00 0.271124363E+00 0.280891448E+00 0.289366513E+00
 0.296485841E+00 0.302263856E+00 0.306786448E+00 0.310193688E+00 0.312653124E+00
 0.922305062E-01 0.925922021E-01 0.868857726E-01 0.797145665E-01 0.730534419E-01
 0.668535456E-01 0.610563867E-01 0.556025356E-01 0.504373498E-01 0.455132872E-01
 0.407901965E-01 0.362345614E-01 0.318181664E-01 0.275161639E-01 0.233035926E-01
 0.193102732E-01 0.155494045E-01 0.120321363E-01 0.877135433E-02 0.578290597E-02
 0.308586005E-02 0.702424149E-03-0.134227122E-02-0.302044442E-02-0.430194102E-02
-0.515449513E-02-0.554400776E-02-0.543499365E-02-0.479114149E-02-0.357574341E-02
-0.175183767E-02 0.716448354E-03 0.386293489E-02 0.772564998E-02 0.123376576E-01
 0.176973827E-01 0.238740481E-01 0.310046580E-01 0.386086628E-01 0.467795692E-01
 0.554913916E-01 0.647376329E-01 0.745041296E-01 0.847741589E-01 0.955270603E-01
 0.106737956E+00 0.118376948E+00 0.130407646E+00 0.142785251E+00 0.155454218E+00
 0.168345675E+00 0.181374952E+00 0.194439366E+00 0.207417309E+00 0.220169514E+00
 0.232543454E+00 0.244381472E+00 0.255531877E+00 0.265861154E+00 0.275264412E+00
 0.283672601E+00 0.291054666E+00 0.297415525E+00 0.302789360E+00 0.307230681E+00
 0.933708772E-01 0.936702564E-01 0.877935886E-01 0.805636570E-01 0.738304183E-01
 0.675188750E-01 0.615602098E-01 0.558931679E-01 0.504659005E-01 0.452352464E-01
 0.401654765E-01 0.352271348E-01 0.303963739E-01 0.256553385E-01 0.209953226E-01
 0.165447444E-01 0.123022972E-01 0.827489141E-02 0.447496865E-02 0.919392274E-03
-0.237109745E-02-0.537223229E-02-0.805650745E-02-0.103934621E-01-0.123499725E-01
-0.138905663E-01-0.149777774E-01-0.155725572E-01-0.156347249E-01-0.151234372E-01
-0.139976535E-01-0.122166825E-01-0.974057149E-02-0.653012004E-02-0.254815700E-02
 0.223996001E-02 0.787488185E-02 0.143958665E-01 0.218143929E-01 0.302492306E-01
 0.391616113E-01 0.486416630E-01 0.586497076E-01 0.691656992E-01 0.801599398E-01
 0.915995389E-01 0.103448562E+00 0.115666375E+00 0.128206000E+00 0.141012639E+00
 0.154022411E+00 0.167161226E+00 0.180344269E+00 0.193476140E+00 0.206452116E+00
 0.219160795E+00 0.231487781E+00 0.243320435E+00 0.254552692E+00 0.265089303E+00
 0.274848849E+00 0.283765346E+00 0.291788578E+00 0.298883557E+00 0.305029869E+00
 0.914492086E-01 0.915017799E-01 0.859232172E-01 0.789474919E-01 0.724746659E-01
 0.663585961E-01 0.605015121E-01 0.548411570E-01 0.493343771E-01 0.439486317E-01
 0.386577435E-01 0.334394760E-01 0.282735471E-01 0.231387205E-01 0.181482583E-01
 0.133125661E-01 0.864130259E-02 0.414665183E-02-0.155665693E-03-0.424616458E-02
-0.810163002E-02-0.116952574E-01-0.149968378E-01-0.179729927E-01-0.205874369E-01
-0.228012875E-01-0.245734323E-01-0.258609261E-01-0.266194530E-01-0.268038139E-01
-0.263684466E-01-0.252679624E-01-0.234576650E-01-0.208940525E-01-0.175353680E-01
-0.133419698E-01-0.827633124E-02-0.230492186E-02 0.459937938E-02 0.124607254E-01
 0.212734956E-01 0.311476793E-01 0.414859056E-01 0.523688346E-01 0.637346283E-01
 0.755417570E-01 0.877540633E-01 0.100332394E+00 0.113232702E+00 0.126405537E+00
 0.139795706E+00 0.153341919E+00 0.166976660E+00 0.180626199E+00 0.194211066E+00
 0.207646817E+00 0.220844954E+00 0.233713910E+00 0.246159717E+00 0.258086234E+00
 0.269395083E+00 0.279985577E+00 0.289755702E+00 0.298605025E+00 0.306440353E+00
 0.861940831E-01 0.855774507E-01 0.807303563E-01 0.749538839E-01 0.693202391E-01
 0.637511536E-01 0.582305752E-01 0.527488999E-01 0.472975224E-01 0.418678038E-01
 0.364510939E-01 0.310392212E-01 0.256258212E-01 0.202098321E-01 0.149062015E-01
 0.971668400E-02 0.465000002E-02-0.280143024E-03-0.505577121E-02-0.965492614E-02
-0.140518136E-01-0.182169322E-01-0.221172199E-01-0.257162396E-01-0.289744064E-01
-0.318492949E-01-0.342959687E-01-0.362674184E-01-0.377150029E-01-0.385889970E-01
-0.388391539E-01-0.384153090E-01-0.372680314E-01-0.353492610E-01-0.326130018E-01
-0.290160123E-01-0.245185439E-01-0.190853439E-01-0.126866708E-01-0.529906480E-02
 0.309288828E-02 0.125003010E-01 0.228998512E-01 0.343856514E-01 0.462839976E-01
 0.585984290E-01 0.713222921E-01 0.844246447E-01 0.978661254E-01 0.111603796E+00
 0.125592262E+00 0.139783651E+00 0.154127315E+00 0.168569520E+00 0.183053017E+00
 0.197516516E+00 0.211893648E+00 0.226111278E+00 0.240086779E+00 0.253724158E+00
 0.266909182E+00 0.279504716E+00 0.291347891E+00 0.302253097E+00 0.312024236E+00
 0.792615414E-01 0.776670575E-01 0.743575394E-01 0.701026171E-01 0.654050857E-01
 0.604408979E-01 0.553052090E-01 0.500484072E-01 0.446979254E-01 0.392685197E-01
 0.337671973E-01 0.281953253E-01 0.225483831E-01 0.169324186E-01 0.113630872E-01
 0.585402269E-02 0.420293014E-03-0.492025260E-02-0.101464195E-01-0.152334068E-01
-0.201526955E-01-0.248720273E-01-0.293554533E-01-0.335634500E-01-0.374531113E-01
-0.409784056E-01-0.440905243E-01-0.467382856E-01-0.488686152E-01-0.504271314E-01
-0.513587445E-01-0.516083427E-01-0.511215217E-01-0.498453453E-01-0.477291122E-01
-0.447251834E-01-0.407897346E-01-0.358835571E-01-0.299726781E-01-0.230287500E-01
-0.150289694E-01-0.595482346E-02 0.421011308E-02 0.154934265E-01 0.279234108E-01
 0.407799669E-01 0.541350991E-01 0.679092333E-01 0.820503533E-01 0.965179950E-01
 0.111276612E+00 0.126292720E+00 0.141533583E+00 0.156966537E+00 0.172558233E+00
 0.188273594E+00 0.204073921E+00 0.219913617E+00 0.235734954E+00 0.251459777E+00
 0.266977221E+00 0.282127112E+00 0.296680242E+00 0.310324252E+00 0.322674632E+00
 0.751979575E-01 0.733191445E-01 0.701023936E-01 0.661646649E-01 0.618376732E-01
 0.571924113E-01 0.522899479E-01 0.471767858E-01 0.418861844E-01 0.364412740E-01
 0.308580846E-01 0.251486041E-01 0.193250533E-01 0.134933256E-01 0.766224274E-02
 0.184516713E-02-0.394108985E-02-0.967641082E-02-0.153372372E-01-0.208963919E-01
-0.263229273E-01-0.315820388E-01-0.366350487E-01-0.414394774E-01-0.459491871E-01
-0.501146019E-01-0.538830571E-01-0.571991950E-01-0.600054711E-01-0.622427575E-01
-0.638509989E-01-0.647699684E-01-0.649400428E-01-0.643030778E-01-0.628032535E-01
-0.603879653E-01-0.570086464E-01-0.526216030E-01-0.471886918E-01-0.406779386E-01
-0.330640078E-01-0.243287198E-01-0.144620473E-01-0.346471788E-02 0.864240620E-02
 0.217995141E-01 0.360808894E-01 0.507209785E-01 0.657126158E-01 0.810418949E-01
 0.966933891E-01 0.112652533E+00 0.128907010E+00 0.145447418E+00 0.162267715E+00
 0.179365039E+00 0.196738735E+00 0.214388102E+00 0.232307658E+00 0.250478357E+00
 0.268851459E+00 0.287319124E+00 0.305660337E+00 0.323442787E+00 0.339866132E+00
 0.724836588E-01 0.704267696E-01 0.670978948E-01 0.631812438E-01 0.589288436E-01
 0.543675944E-01 0.495285690E-01 0.444410481E-01 0.391299501E-01 0.336149149E-01
 0.279099382E-01 0.220224205E-01 0.160490591E-01 0.100098215E-01 0.392185291E-02
-0.219727121E-02-0.832805224E-02-0.144482600E-01-0.205324143E-01-0.265514199E-01
-0.324723162E-01-0.382581092E-01-0.438676961E-01-0.492558777E-01-0.543734804E-01
-0.591675527E-01-0.635816827E-01-0.675564185E-01-0.710297823E-01-0.739378780E-01
-0.762156472E-01-0.777976140E-01-0.786188096E-01-0.786156580E-01-0.777269304E-01
-0.758947209E-01-0.730653554E-01-0.691903010E-01-0.642269477E-01-0.581392832E-01
-0.508985184E-01-0.424835235E-01-0.328812376E-01-0.220868457E-01-0.101032397E-01
 0.306301424E-02 0.174162630E-01 0.329556242E-01 0.488544218E-01 0.651066676E-01
 0.817083791E-01 0.986593664E-01 0.115964942E+00 0.133637637E+00 0.151698902E+00
 0.170180857E+00 0.189128041E+00 0.208598986E+00 0.228667468E+00 0.249422848E+00
 0.270967960E+00 0.293411583E+00 0.316842645E+00 0.341208488E+00 0.365129024E+00
 0.705831349E-01 0.683781803E-01 0.649750829E-01 0.609841831E-01 0.566765331E-01
 0.520663820E-01 0.471717641E-01 0.420117490E-01 0.366043337E-01 0.309655108E-01
 0.251096189E-01 0.190517176E-01 0.128828082E-01 0.661373092E-02 0.258801243E-03
-0.616495358E-02-0.126377111E-01-0.191365220E-01-0.256349351E-01-0.321026593E-01
-0.385052934E-01-0.448041186E-01-0.509560071E-01-0.569133796E-01-0.626243129E-01
-0.680327117E-01-0.730786175E-01-0.776986405E-01-0.818264782E-01-0.853935778E-01
-0.883298740E-01-0.905646905E-01-0.920276195E-01-0.926495865E-01-0.923638195E-01
-0.911069661E-01-0.888200626E-01-0.854495317E-01-0.809480324E-01-0.752752125E-01
-0.683982745E-01-0.602923371E-01-0.509404987E-01-0.403335318E-01-0.284689702E-01
-0.153494412E-01-0.980588491E-03 0.146280583E-01 0.314630643E-01 0.486600064E-01
 0.662202314E-01 0.841519982E-01 0.102472521E+00 0.121210434E+00 0.140408859E+00
 0.160129040E+00 0.180455118E+00 0.201500311E+00 0.223415837E+00 0.246403515E+00
 0.270735711E+00 0.296788901E+00 0.325110823E+00 0.356573492E+00 0.389651239E+00
 0.694433153E-01 0.671239123E-01 0.636075884E-01 0.594927259E-01 0.550561622E-01
 0.503125489E-01 0.452783220E-01 0.399694070E-01 0.343994871E-01 0.285789017E-01
 0.225134660E-01 0.162835773E-01 0.990588125E-02 0.339487894E-02-0.323436386E-02
-0.996488892E-02-0.167770330E-01-0.236478392E-01-0.305505972E-01-0.374544561E-01
-0.443241335E-01-0.511196889E-01-0.577963777E-01-0.643046275E-01-0.705900937E-01
-0.765938386E-01-0.822526291E-01-0.874993652E-01-0.922636092E-01-0.964723229E-01
-0.100050591E+00-0.102922626E+00-0.105012685E+00-0.106246226E+00-0.106551006E+00
-0.105858222E+00-0.104103640E+00-0.101228677E+00-0.971813276E-01-0.919170082E-01
-0.853991956E-01-0.775997937E-01-0.684992746E-01-0.580864958E-01-0.463581420E-01
-0.333179049E-01-0.189754907E-01-0.334579637E-02 0.135522401E-01 0.316972546E-01
 0.501953103E-01 0.690564364E-01 0.883014724E-01 0.107965253E+00 0.128100529E+00
 0.148782387E+00 0.170114204E+00 0.192235738E+00 0.215335116E+00 0.239665985E+00
 0.265572190E+00 0.293521464E+00 0.324144542E+00 0.358261794E+00 0.395058811E+00
 0.691083446E-01 0.667155981E-01 0.630030334E-01 0.587085746E-01 0.540685207E-01
 0.491129011E-01 0.438669138E-01 0.383482575E-01 0.325690247E-01 0.265373681E-01
 0.202583224E-01 0.138087897E-01 0.719570648E-02 0.428435247E-03-0.648107985E-02
-0.135179413E-01-0.206638686E-01-0.278967824E-01-0.351904035E-01-0.425139219E-01
-0.498316735E-01-0.571029447E-01-0.642817989E-01-0.713170543E-01-0.781522840E-01
-0.847260505E-01-0.909721479E-01-0.968200415E-01-0.102195479E+00-0.107021146E+00
-0.111217558E+00-0.114704005E+00-0.117399648E+00-0.119224675E+00-0.120101526E+00
-0.119956173E+00-0.118719295E+00-0.116327532E+00-0.112724498E+00-0.107861742E+00
-0.101699509E+00-0.942072123E-01-0.853637233E-01-0.751573443E-01-0.635855049E-01
-0.506541878E-01-0.363771431E-01-0.207748991E-01-0.387348817E-02 0.142972032E-01
 0.337055326E-01 0.534314178E-01 0.734888464E-01 0.939059556E-01 0.114730686E+00
 0.136033237E+00 0.157909632E+00 0.180487722E+00 0.203936383E+00 0.228479326E+00
 0.254415751E+00 0.282151729E+00 0.312249452E+00 0.345498204E+00 0.381341726E+00
 0.695752725E-01 0.671453699E-01 0.633188263E-01 0.586954653E-01 0.537070520E-01
 0.484362170E-01 0.429062620E-01 0.371262878E-01 0.311005786E-01 0.248321369E-01
 0.183256529E-01 0.116439937E-01 0.478782691E-02-0.223799236E-02-0.942484196E-02
-0.167603064E-01-0.242279526E-01-0.318070240E-01-0.394721031E-01-0.471928082E-01
-0.549334958E-01-0.626530349E-01-0.703046620E-01-0.778359100E-01-0.851886496E-01
-0.922992527E-01-0.990988910E-01-0.105513960E+00-0.111466683E+00-0.116875865E+00
-0.121657729E+00-0.125727013E+00-0.128998071E+00-0.131386176E+00-0.132808775E+00
-0.133186907E+00-0.132446557E+00-0.130519912E+00-0.127346590E+00-0.122874722E+00
-0.117061816E+00-0.109875388E+00-0.101293378E+00-0.913042575E-01-0.799068958E-01
-0.671101511E-01-0.529322140E-01-0.373997912E-01-0.205471739E-01-0.241519790E-02
 0.169497933E-01 0.374971069E-01 0.582751669E-01 0.792862475E-01 0.100566134E+00
 0.122169085E+00 0.144164771E+00 0.166639388E+00 0.189698264E+00 0.213469297E+00
 0.238107324E+00 0.263800740E+00 0.290788203E+00 0.319431216E+00 0.349727869E+00
 0.714477077E-01 0.692988038E-01 0.646697283E-01 0.592776984E-01 0.537915193E-01
 0.481405109E-01 0.422926843E-01 0.362302214E-01 0.299403984E-01 0.234116502E-01
 0.166953504E-01 0.979166664E-02 0.270135328E-02-0.457240688E-02-0.120231025E-01
-0.196403470E-01-0.274094492E-01-0.353110470E-01-0.433207415E-01-0.514087863E-01
-0.595397837E-01-0.676724613E-01-0.757595003E-01-0.837474614E-01-0.915768221E-01
-0.991820991E-01-0.106492214E+00-0.113430843E+00-0.119917110E+00-0.125866294E+00
-0.131190777E+00-0.135801166E+00-0.139607444E+00-0.142520383E+00-0.144452885E+00
-0.145321533E+00-0.145047978E+00-0.143560454E+00-0.140795037E+00-0.136696890E+00
-0.131221205E+00-0.124334075E+00-0.116012909E+00-0.106246717E+00-0.950360522E-01
-0.823926330E-01-0.683388039E-01-0.529067442E-01-0.361377262E-01-0.180816948E-01
 0.120188366E-02 0.216397606E-01 0.431314521E-01 0.646119565E-01 0.861593485E-01
 0.107823350E+00 0.129644051E+00 0.151657283E+00 0.173893556E+00 0.196371600E+00
 0.219084591E+00 0.241971865E+00 0.264859110E+00 0.287326843E+00 0.308492422E+00
 0.725543573E-01 0.704370067E-01 0.654753521E-01 0.597599894E-01 0.539497472E-01
 0.480022505E-01 0.418859571E-01 0.355767012E-01 0.290555134E-01 0.223067403E-01
 0.153787229E-01 0.826236419E-02 0.953089329E-03-0.654952182E-02-0.142416824E-01
-0.221151803E-01-0.301570874E-01-0.383494385E-01-0.466688909E-01-0.550864153E-01
-0.635669902E-01-0.720693618E-01-0.805458724E-01-0.889423564E-01-0.971981734E-01
-0.105246358E+00-0.113013893E+00-0.120422177E+00-0.127387628E+00-0.133822501E+00
-0.139635801E+00-0.144734502E+00-0.149024755E+00-0.152413353E+00-0.154809207E+00
-0.156124935E+00-0.156278446E+00-0.155194476E+00-0.152806044E+00-0.149055809E+00
-0.143897131E+00-0.137294963E+00-0.129226565E+00-0.119681649E+00-0.108662508E+00
-0.961835682E-01-0.822706893E-01-0.669599921E-01-0.502961241E-01-0.323294885E-01
-0.131113958E-01 0.731583685E-02 0.289411843E-01 0.506045818E-01 0.722355023E-01
 0.938114226E-01 0.115322463E+00 0.136755854E+00 0.158085778E+00 0.179262474E+00
 0.200197622E+00 0.220743686E+00 0.240667596E+00 0.259626597E+00 0.277171880E+00
 0.729314685E-01 0.707699656E-01 0.658623651E-01 0.600095317E-01 0.540249720E-01
 0.478910170E-01 0.415864214E-01 0.350911953E-01 0.283873361E-01 0.214587394E-01
 0.143500529E-01 0.704947347E-02-0.450259075E-03-0.815193541E-02-0.160538070E-01
-0.241494030E-01-0.324272588E-01-0.408706069E-01-0.494570546E-01-0.581582449E-01
-0.669395551E-01-0.757598504E-01-0.845712647E-01-0.933191329E-01-0.101941951E+00
-0.110371567E+00-0.118533425E+00-0.126347035E+00-0.133726597E+00-0.140581816E+00
-0.146818906E+00-0.152341768E+00-0.157053307E+00-0.160856977E+00-0.163658276E+00
-0.165366516E+00-0.165896416E+00-0.165169805E+00-0.163117200E+00-0.159679160E+00
-0.154807612E+00-0.148466825E+00-0.140634075E+00-0.131300062E+00-0.120469026E+00
-0.108158417E+00-0.943983272E-01-0.792306066E-01-0.627077520E-01-0.448918901E-01
-0.258544572E-01-0.567853358E-02 0.155309532E-01 0.376145169E-01 0.593933202E-01
 0.808986872E-01 0.102124967E+00 0.123045295E+00 0.143613279E+00 0.163758993E+00
 0.183382690E+00 0.202347890E+00 0.220476821E+00 0.237552434E+00 0.253332049E+00
 0.732152164E-01 0.710297748E-01 0.660365969E-01 0.601062775E-01 0.540283322E-01
 0.477866642E-01 0.413639732E-01 0.347433873E-01 0.279090032E-01 0.208458975E-01
 0.135972081E-01 0.615057908E-02-0.150218047E-02-0.936496165E-02-0.174371544E-01
-0.257133823E-01-0.341831893E-01-0.428306945E-01-0.516342297E-01-0.605659932E-01
-0.695917234E-01-0.786704198E-01-0.877541304E-01-0.967878252E-01-0.105709419E+00
-0.114449844E+00-0.122933388E+00-0.131078094E+00-0.138796449E+00-0.145996168E+00
-0.152581230E+00-0.158453107E+00-0.163512155E+00-0.167659119E+00-0.170796826E+00
-0.172831893E+00-0.173676550E+00-0.173250303E+00-0.171481669E+00-0.168309659E+00
-0.163685143E+00-0.157571897E+00-0.149947479E+00-0.140803620E+00-0.130146474E+00
-0.117996357E+00-0.104387306E+00-0.893661901E-01-0.729916245E-01-0.553324297E-01
-0.364654399E-01-0.164716970E-01 0.457200082E-02 0.266147684E-01 0.484046638E-01
 0.698336512E-01 0.908429623E-01 0.111384682E+00 0.131405175E+00 0.150837079E+00
 0.169595137E+00 0.187574595E+00 0.204652384E+00 0.220692053E+00 0.235553101E+00
 0.733558908E-01 0.711494461E-01 0.660628006E-01 0.601079054E-01 0.539997369E-01
 0.477134585E-01 0.412312746E-01 0.345384702E-01 0.276218057E-01 0.204685740E-01
 0.131222242E-01 0.557102589E-02-0.219309796E-02-0.101742726E-01-0.183723308E-01
-0.267824475E-01-0.353947468E-01-0.441939123E-01-0.531587712E-01-0.622619279E-01
-0.714694038E-01-0.807403401E-01-0.900267661E-01-0.992734581E-01-0.108417936E+00
-0.117390543E+00-0.126114756E+00-0.134507626E+00-0.142480403E+00-0.149939388E+00
-0.156786993E+00-0.162922934E+00-0.168245673E+00-0.172654048E+00-0.176048905E+00
-0.178334936E+00-0.179422513E+00-0.179229483E+00-0.177682936E+00-0.174720779E+00
-0.170293137E+00-0.164363563E+00-0.156909883E+00-0.147924781E+00-0.137415975E+00
-0.125406250E+00-0.111932933E+00-0.970473364E-01-0.808139518E-01-0.633096620E-01
-0.446233340E-01-0.248564743E-01-0.412685703E-02 0.174200181E-01 0.395781808E-01
 0.611101314E-01 0.820414647E-01 0.102362394E+00 0.122040607E+00 0.141026497E+00
 0.159255952E+00 0.176652715E+00 0.193131626E+00 0.208603203E+00 0.222979873E+00
 0.731229633E-01 0.708515197E-01 0.659224764E-01 0.600526184E-01 0.539943017E-01
 0.477220304E-01 0.412273072E-01 0.345040150E-01 0.275447052E-01 0.203402769E-01
 0.129359318E-01 0.532108406E-02-0.251179188E-02-0.105666481E-01-0.188433826E-01
-0.273373798E-01-0.360390507E-01-0.449333824E-01-0.539995171E-01-0.632103235E-01
-0.725320354E-01-0.819239318E-01-0.913380757E-01-0.100719199E+00-0.110004634E+00
-0.119124427E+00-0.128001645E+00-0.136552751E+00-0.144688323E+00-0.152313843E+00
-0.159330770E+00-0.165637791E+00-0.171132281E+00-0.175711870E+00-0.179276228E+00
-0.181728870E+00-0.182979032E+00-0.182943568E+00-0.181548685E+00-0.178731591E+00
-0.174442038E+00-0.168643430E+00-0.161313802E+00-0.152446479E+00-0.142050236E+00
-0.130149335E+00-0.116783135E+00-0.102005430E+00-0.858835950E-01-0.684976131E-01
-0.499389991E-01-0.303097237E-01-0.972090568E-02 0.117097013E-01 0.338651687E-01
 0.553726181E-01 0.762251765E-01 0.964048505E-01 0.115881480E+00 0.134613469E+00
 0.152549356E+00 0.169630006E+00 0.185791612E+00 0.200969338E+00 0.215101719E+00
 0.726949275E-01 0.702331737E-01 0.657188818E-01 0.601265803E-01 0.541492179E-01
 0.479014590E-01 0.414089039E-01 0.346766487E-01 0.277018249E-01 0.204775445E-01
 0.130505450E-01 0.541081605E-02-0.244886754E-02-0.105323326E-01-0.188394673E-01
-0.273657199E-01-0.361016132E-01-0.450322814E-01-0.541370213E-01-0.633888692E-01
-0.727541968E-01-0.821924359E-01-0.916557461E-01-0.101088941E+00-0.110429376E+00
-0.119607121E+00-0.128545165E+00-0.137159869E+00-0.145361647E+00-0.153055787E+00
-0.160143480E+00-0.166523114E+00-0.172091708E+00-0.176746503E+00-0.180386797E+00
-0.182915702E+00-0.184242055E+00-0.184282362E+00-0.182962492E+00-0.180219457E+00
-0.176002830E+00-0.170275986E+00-0.163017079E+00-0.154219642E+00-0.143892869E+00
-0.132061571E+00-0.118765771E+00-0.104059964E+00-0.880121589E-01-0.707025751E-01
-0.522220582E-01-0.326701887E-01-0.121528255E-01 0.922110677E-02 0.313437507E-01
 0.528135262E-01 0.736142769E-01 0.937232226E-01 0.113109462E+00 0.131733716E+00
 0.149549156E+00 0.166503131E+00 0.182539761E+00 0.197603032E+00 0.211640611E+00
 0.737627596E-01 0.715276524E-01 0.665549934E-01 0.606639646E-01 0.545930117E-01
 0.483116210E-01 0.418083817E-01 0.350757428E-01 0.281056799E-01 0.208889488E-01
 0.134722851E-01 0.584507128E-02-0.200019707E-02-0.100674536E-01-0.183566101E-01
-0.268631093E-01-0.355774723E-01-0.444848463E-01-0.535645597E-01-0.627897233E-01
-0.721268132E-01-0.815353915E-01-0.909678042E-01-0.100369073E+00-0.109676808E+00
-0.118821353E+00-0.127726018E+00-0.136307538E+00-0.144476682E+00-0.152139127E+00
-0.159196511E+00-0.165547639E+00-0.171089947E+00-0.175721124E+00-0.179340869E+00
-0.181852654E+00-0.183165714E+00-0.183196828E+00-0.181872129E+00-0.179128811E+00
-0.174916580E+00-0.169198871E+00-0.161953777E+00-0.153174743E+00-0.142870754E+00
-0.131066322E+00-0.117801026E+00-0.103128865E+00-0.871171579E-01-0.698452815E-01
-0.514030755E-01-0.318888798E-01-0.114071602E-01 0.993468519E-02 0.320303217E-01
 0.534820706E-01 0.742745623E-01 0.943854898E-01 0.113783881E+00 0.132429659E+00
 0.150274277E+00 0.167262405E+00 0.183334455E+00 0.198429957E+00 0.212491736E+00
 0.743954554E-01 0.722138807E-01 0.672451109E-01 0.612985827E-01 0.551868342E-01
 0.488919429E-01 0.423966460E-01 0.356864631E-01 0.287484024E-01 0.215700436E-01
 0.141982054E-01 0.662131608E-02-0.116849248E-02-0.917520374E-02-0.173986293E-01
-0.258340500E-01-0.344718173E-01-0.432969444E-01-0.522886701E-01-0.614200756E-01
-0.706577003E-01-0.799612477E-01-0.892833173E-01-0.985692739E-01-0.107757196E+00
-0.116778001E+00-0.125555679E+00-0.134007782E+00-0.142045990E+00-0.149576992E+00
-0.156503484E+00-0.162725449E+00-0.168141514E+00-0.172650605E+00-0.176153615E+00
-0.178555191E+00-0.179765627E+00-0.179702684E+00-0.178293318E+00-0.175475359E+00
-0.171198890E+00-0.165427491E+00-0.158139154E+00-0.149326846E+00-0.138998792E+00
-0.127178416E+00-0.113903925E+00-0.992276147E-01-0.832149908E-01-0.659436435E-01
-0.475021228E-01-0.279887337E-01-0.751022203E-02 0.138205979E-01 0.358918607E-01
 0.573426150E-01 0.781689510E-01 0.983549580E-01 0.117871016E+00 0.136673808E+00
 0.154707149E+00 0.171903700E+00 0.188187853E+00 0.203479975E+00 0.217702031E+00
 0.750198960E-01 0.729033798E-01 0.678176805E-01 0.618966967E-01 0.558199324E-01
 0.495687760E-01 0.431273803E-01 0.364801884E-01 0.296123084E-01 0.225094315E-01
 0.152196642E-01 0.773153873E-02 0.376679782E-04-0.786539819E-02-0.159769598E-01
-0.242918357E-01-0.327999741E-01-0.414860509E-01-0.503290780E-01-0.593020134E-01
-0.683714151E-01-0.774971396E-01-0.866320953E-01-0.957221538E-01-0.104706071E+00
-0.113515615E+00-0.122075863E+00-0.130305588E+00-0.138117895E+00-0.145421073E+00
-0.152119592E+00-0.158115253E+00-0.163308680E+00-0.167600736E+00-0.170894340E+00
-0.173096031E+00-0.174117938E+00-0.173879430E+00-0.172308818E+00-0.169345006E+00
-0.164938778E+00-0.159053981E+00-0.151668370E+00-0.142774180E+00-0.132378340E+00
-0.120502412E+00-0.107182108E+00-0.924666524E-01-0.764178783E-01-0.591093004E-01
-0.406253561E-01-0.210617445E-01-0.528631848E-03 0.208381172E-01 0.428439565E-01
 0.642706901E-01 0.851509199E-01 0.105481006E+00 0.125232443E+00 0.144355595E+00
 0.162780568E+00 0.180417895E+00 0.197160706E+00 0.212889642E+00 0.227481410E+00
 0.752348229E-01 0.731558949E-01 0.682787523E-01 0.624434538E-01 0.564585626E-01
 0.503079221E-01 0.439734459E-01 0.374381095E-01 0.306859054E-01 0.237007756E-01
 0.165295079E-01 0.916622486E-02 0.160600897E-02-0.615324080E-02-0.141098900E-01
-0.222579986E-01-0.305868797E-01-0.390806980E-01-0.477180928E-01-0.564718097E-01
-0.653083771E-01-0.741878301E-01-0.830634981E-01-0.918818712E-01-0.100582607E+00
-0.109098643E+00-0.117356449E+00-0.125276491E+00-0.132773817E+00-0.139758870E+00
-0.146138474E+00-0.151816979E+00-0.156697676E+00-0.160684168E+00-0.163682058E+00
-0.165600583E+00-0.166354328E+00-0.165864915E+00-0.164062619E+00-0.160887808E+00
-0.156292275E+00-0.150240287E+00-0.142709345E+00-0.133690745E+00-0.123189688E+00
-0.111225143E+00-0.978293866E-01-0.830471590E-01-0.669345260E-01-0.495571382E-01
-0.309875663E-01-0.113005321E-01 0.943707488E-02 0.311891828E-01 0.527368933E-01
 0.739884079E-01 0.949009061E-01 0.115441516E+00 0.135569394E+00 0.155225381E+00
 0.174324110E+00 0.192747355E+00 0.210339978E+00 0.226911828E+00 0.242249921E+00
 0.754052773E-01 0.733756572E-01 0.686011985E-01 0.629072264E-01 0.570829771E-01
 0.510980971E-01 0.449287668E-01 0.385578796E-01 0.319727696E-01 0.251642130E-01
 0.181273110E-01 0.109154601E-01 0.352088851E-02-0.405898318E-02-0.118220747E-01
-0.197616965E-01-0.278663840E-01-0.361196287E-01-0.444995686E-01-0.529786646E-01
-0.615234002E-01-0.700940266E-01-0.786443800E-01-0.871217549E-01-0.954669267E-01
-0.103614278E+00-0.111492053E+00-0.119022816E+00-0.126124009E+00-0.132708803E+00
-0.138686955E+00-0.143966004E+00-0.148452535E+00-0.152053580E+00-0.154678166E+00
-0.156238854E+00-0.156653374E+00-0.155846238E+00-0.153750151E+00-0.150307432E+00
-0.145471245E+00-0.139206439E+00-0.131490365E+00-0.122313216E+00-0.111678205E+00
-0.996013358E-01-0.861109793E-01-0.712472424E-01-0.550611131E-01-0.376137719E-01
-0.189762823E-01 0.769328733E-03 0.215253010E-01 0.431639962E-01 0.645551905E-01
 0.857563391E-01 0.106788494E+00 0.127652884E+00 0.148332700E+00 0.168787360E+00
 0.188941061E+00 0.208665088E+00 0.227754965E+00 0.245909318E+00 0.262733251E+00
 0.753623322E-01 0.733581483E-01 0.686504319E-01 0.632498190E-01 0.577044412E-01
 0.519640073E-01 0.460137241E-01 0.398458913E-01 0.334545448E-01 0.268341247E-01
 0.199788790E-01 0.129549783E-01 0.575896958E-02-0.160887034E-02-0.914433878E-02
-0.168390926E-01-0.246803798E-01-0.326507241E-01-0.407276079E-01-0.488831401E-01
-0.570837706E-01-0.652900413E-01-0.734564215E-01-0.815311968E-01-0.894564986E-01
-0.971684605E-01-0.104597427E+00-0.111668460E+00-0.118301876E+00-0.124414004E+00
-0.129918113E+00-0.134725496E+00-0.138746664E+00-0.141892672E+00-0.144076586E+00
-0.145214960E+00-0.145229280E+00-0.144047469E+00-0.141605258E+00-0.137847379E+00
-0.132728681E+00-0.126214921E+00-0.118283406E+00-0.108923227E+00-0.981353596E-01
-0.859323591E-01-0.723378882E-01-0.573859699E-01-0.411200970E-01-0.235922430E-01
-0.486190151E-02 0.150047345E-01 0.359357297E-01 0.569129065E-01 0.779218003E-01
 0.989763364E-01 0.120100655E+00 0.141321853E+00 0.162664801E+00 0.184145078E+00
 0.205756038E+00 0.227443770E+00 0.249054313E+00 0.270217657E+00 0.290155798E+00
 0.746357441E-01 0.724857971E-01 0.685257390E-01 0.636763200E-01 0.584809333E-01
 0.530140474E-01 0.473006777E-01 0.413503461E-01 0.351662636E-01 0.287482515E-01
 0.220938884E-01 0.152785312E-01 0.830286928E-02 0.117069669E-02-0.611105049E-02
-0.135319652E-01-0.210777707E-01-0.287299156E-01-0.364652015E-01-0.442554243E-01
-0.520671047E-01-0.598612092E-01-0.675930232E-01-0.752120465E-01-0.826620311E-01
-0.898811296E-01-0.968021527E-01-0.103353024E+00-0.109457314E+00-0.115035012E+00
-0.120003343E+00-0.124277845E+00-0.127773479E+00-0.130405903E+00-0.132092789E+00
-0.132755175E+00-0.132318929E+00-0.130715922E+00-0.127885416E+00-0.123775065E+00
-0.118341871E+00-0.111552864E+00-0.103385560E+00-0.938281268E-01-0.828792900E-01
-0.705479607E-01-0.568525903E-01-0.418202877E-01-0.254856516E-01-0.788931735E-02
 0.109237684E-01 0.309066121E-01 0.510734245E-01 0.714311972E-01 0.919988081E-01
 0.112811528E+00 0.133921489E+00 0.155398265E+00 0.177330315E+00 0.199827239E+00
 0.223023161E+00 0.247082204E+00 0.272212923E+00 0.298732460E+00 0.326637775E+00
 0.753356963E-01 0.733445510E-01 0.693972036E-01 0.646503195E-01 0.596431457E-01
 0.543802828E-01 0.488707758E-01 0.431225896E-01 0.371409580E-01 0.309279654E-01
 0.244817641E-01 0.178802237E-01 0.111331791E-01 0.424908334E-02-0.276233675E-02
-0.988880359E-02-0.171147455E-01-0.244207606E-01-0.317831784E-01-0.391737185E-01
-0.465591624E-01-0.539011545E-01-0.611560307E-01-0.682747662E-01-0.752029940E-01
-0.818812102E-01-0.882449970E-01-0.942254812E-01-0.997498706E-01-0.104742154E+00
-0.109123953E+00-0.112815447E+00-0.115736499E+00-0.117807806E+00-0.118952096E+00
-0.119095452E+00-0.118168518E+00-0.116107710E+00-0.112856314E+00-0.108365454E+00
-0.102594823E+00-0.955132619E-01-0.870990232E-01-0.773397759E-01-0.662323907E-01
-0.537823848E-01-0.400032327E-01-0.249153897E-01-0.854501966E-02 0.907760579E-02
 0.279203150E-01 0.470250361E-01 0.664022043E-01 0.860738829E-01 0.106076993E+00
 0.126467139E+00 0.147323057E+00 0.168752402E+00 0.190899923E+00 0.213959396E+00
 0.238191649E+00 0.263951868E+00 0.291732818E+00 0.322227150E+00 0.354941756E+00
 0.764373466E-01 0.745760649E-01 0.706921071E-01 0.660689622E-01 0.612034276E-01
 0.560959093E-01 0.507524684E-01 0.451804958E-01 0.393872932E-01 0.333794430E-01
 0.271633044E-01 0.207474232E-01 0.142197274E-01 0.758476416E-02 0.851570047E-03
-0.596731668E-02-0.128559070E-01-0.197945200E-01-0.267594643E-01-0.337227248E-01
-0.406517088E-01-0.475090258E-01-0.542523675E-01-0.608344674E-01-0.672031641E-01
-0.733015537E-01-0.790682957E-01-0.844380111E-01-0.893418416E-01-0.937081128E-01
-0.974631086E-01-0.100532003E+00-0.102839887E+00-0.104312800E+00-0.104878932E+00
-0.104469731E+00-0.103021070E+00-0.100474335E+00-0.967773721E-01-0.918853432E-01
-0.857613310E-01-0.783767179E-01-0.697113201E-01-0.597531423E-01-0.484979525E-01
-0.359485447E-01-0.221139416E-01-0.700872857E-02 0.934789609E-02 0.269336943E-01
 0.448208638E-01 0.630143732E-01 0.815288574E-01 0.100391105E+00 0.119643278E+00
 0.139347121E+00 0.159589455E+00 0.180489689E+00 0.202210397E+00 0.224972472E+00
 0.249076650E+00 0.274932683E+00 0.303093374E+00 0.334277242E+00 0.367760628E+00
 0.777910426E-01 0.760544911E-01 0.723736063E-01 0.678761899E-01 0.631290302E-01
 0.581428371E-01 0.529287383E-01 0.474986918E-01 0.418637842E-01 0.360330231E-01
 0.300122630E-01 0.238025412E-01 0.174985826E-01 0.111153228E-01 0.466559222E-02
-0.183668209E-02-0.837508123E-02-0.149299772E-01-0.214780644E-01-0.279920232E-01
-0.344402529E-01-0.407866985E-01-0.469907373E-01-0.530071706E-01-0.587863065E-01
-0.642741323E-01-0.694126263E-01-0.741401613E-01-0.783920214E-01-0.821010843E-01
-0.851985142E-01-0.876146927E-01-0.892800987E-01-0.901263505E-01-0.900872573E-01
-0.890998915E-01-0.871056244E-01-0.840511322E-01-0.798892826E-01-0.745798722E-01
-0.680901557E-01-0.603951216E-01-0.514774024E-01-0.413268209E-01-0.299394336E-01
-0.173161924E-01-0.346132810E-02 0.116164405E-01 0.279037543E-01 0.445089713E-01
 0.614287369E-01 0.786658600E-01 0.962311253E-01 0.114145450E+00 0.132442638E+00
 0.151172712E+00 0.170406252E+00 0.190240160E+00 0.210805461E+00 0.232278749E+00
 0.254899561E+00 0.278999954E+00 0.305062324E+00 0.333851218E+00 0.364008605E+00
 0.796605870E-01 0.780870244E-01 0.744984597E-01 0.700924248E-01 0.654204935E-01
 0.605038740E-01 0.553667843E-01 0.500318073E-01 0.445177630E-01 0.388391651E-01
 0.330067351E-01 0.270289313E-01 0.209154710E-01 0.147721535E-01 0.860474259E-02
 0.242430158E-02-0.375420647E-02-0.991222914E-02-0.160275437E-01-0.220740605E-01
-0.280216374E-01-0.338359363E-01-0.394783653E-01-0.449060909E-01-0.500721447E-01
-0.549256392E-01-0.594120696E-01-0.634737164E-01-0.670501664E-01-0.700789541E-01
-0.724962428E-01-0.742376447E-01-0.752390996E-01-0.754378140E-01-0.747732595E-01
-0.731881186E-01-0.706293061E-01-0.670489073E-01-0.624050237E-01-0.566625483E-01
-0.497937128E-01-0.417783894E-01-0.326040499E-01-0.222652256E-01-0.107617890E-01
 0.190329307E-02 0.157374665E-01 0.307418238E-01 0.460702367E-01 0.617130622E-01
 0.776619688E-01 0.939117372E-01 0.110462040E+00 0.127319038E+00 0.144497097E+00
 0.162020445E+00 0.179924905E+00 0.198259488E+00 0.217087671E+00 0.236488029E+00
 0.256552905E+00 0.277382791E+00 0.299066544E+00 0.321583927E+00 0.343734443E+00
 0.820706636E-01 0.806928203E-01 0.771817416E-01 0.727972984E-01 0.681027994E-01
 0.631548911E-01 0.580057129E-01 0.526943915E-01 0.472477339E-01 0.416827947E-01
 0.360091068E-01 0.302298311E-01 0.243410990E-01 0.184513852E-01 0.125746243E-01
 0.672467053E-02 0.916748540E-03-0.483146869E-02-0.104991542E-01-0.160618909E-01
-0.214914102E-01-0.267554708E-01-0.318178125E-01-0.366382226E-01-0.411726758E-01
-0.453735664E-01-0.491900258E-01-0.525683425E-01-0.554524586E-01-0.577845685E-01
-0.595057905E-01-0.605569296E-01-0.608792715E-01-0.604154617E-01-0.591103919E-01
-0.569121279E-01-0.537728108E-01-0.496495999E-01-0.445055850E-01-0.383106545E-01
-0.310422368E-01-0.226860009E-01-0.132362647E-01-0.269769714E-02 0.891928282E-02
 0.215642788E-01 0.353183039E-01 0.494051166E-01 0.638152733E-01 0.785313547E-01
 0.935337245E-01 0.108803242E+00 0.124322794E+00 0.140078172E+00 0.156058609E+00
 0.172256798E+00 0.188668281E+00 0.205289468E+00 0.222113788E+00 0.239124015E+00
 0.256278336E+00 0.273484528E+00 0.290552437E+00 0.307103336E+00 0.322414130E+00
 0.852784365E-01 0.841724053E-01 0.807344243E-01 0.761512220E-01 0.711849704E-01
 0.660075992E-01 0.607075579E-01 0.553290769E-01 0.498945341E-01 0.444146097E-01
 0.388931707E-01 0.333300866E-01 0.277232863E-01 0.220714863E-01 0.164831020E-01
 0.109699946E-01 0.554413395E-02 0.220097878E-03-0.498402305E-02-0.100463014E-01
-0.149408728E-01-0.196379367E-01-0.241038240E-01-0.283011217E-01-0.321888700E-01
-0.357228220E-01-0.388557911E-01-0.415380634E-01-0.437178873E-01-0.453420430E-01
-0.463564731E-01-0.467069782E-01-0.463399589E-01-0.452031940E-01-0.432466231E-01
-0.404231474E-01-0.366894267E-01-0.320067182E-01-0.263419580E-01-0.196688436E-01
-0.119685996E-01-0.323167886E-02 0.654681493E-02 0.173367392E-01 0.292390734E-01
 0.415527821E-01 0.543557219E-01 0.675655529E-01 0.811255351E-01 0.949899927E-01
 0.109118216E+00 0.123471841E+00 0.138013735E+00 0.152707413E+00 0.167516589E+00
 0.182404354E+00 0.197331667E+00 0.212254569E+00 0.227119640E+00 0.241856620E+00
 0.256367445E+00 0.270510942E+00 0.284084648E+00 0.296810538E+00 0.308343917E+00
 0.909507945E-01 0.909773484E-01 0.861710161E-01 0.801616162E-01 0.743929744E-01
 0.687331632E-01 0.631570145E-01 0.576514266E-01 0.522054732E-01 0.468084961E-01
 0.414498225E-01 0.361190401E-01 0.308065731E-01 0.255047865E-01 0.202099252E-01
 0.150510278E-01 0.100280773E-01 0.514949020E-02 0.429561740E-03-0.411264412E-02
-0.845381990E-02-0.125666969E-01-0.164202470E-01-0.199798942E-01-0.232077390E-01
-0.260628704E-01-0.285017136E-01-0.304784570E-01-0.319455303E-01-0.328541175E-01
-0.331547596E-01-0.327979922E-01-0.317350365E-01-0.299184825E-01-0.273028966E-01
-0.238454957E-01-0.195065662E-01-0.142495083E-01-0.804277975E-02-0.862380781E-03
 0.731197279E-02 0.164688379E-01 0.267197993E-01 0.374237411E-01 0.486670248E-01
 0.603869036E-01 0.725434870E-01 0.850869417E-01 0.979656801E-01 0.111127898E+00
 0.124521203E+00 0.138092011E+00 0.151785091E+00 0.165543213E+00 0.179307058E+00
 0.193014875E+00 0.206601828E+00 0.219998658E+00 0.233129367E+00 0.245907709E+00
 0.258232683E+00 0.269983888E+00 0.281018585E+00 0.291173846E+00 0.300277025E+00
 0.946252272E-01 0.952532142E-01 0.900301561E-01 0.831163228E-01 0.766925588E-01
 0.706286505E-01 0.648374334E-01 0.592612587E-01 0.538589321E-01 0.485985279E-01
 0.434537567E-01 0.384018719E-01 0.334221534E-01 0.284940209E-01 0.235936865E-01
 0.188494101E-01 0.142712342E-01 0.987070519E-02 0.566233927E-02 0.166409789E-02
-0.210249820E-02-0.561237521E-02-0.883698929E-02-0.117444750E-01-0.142998742E-01
-0.164654460E-01-0.182010587E-01-0.194646288E-01-0.202125777E-01-0.204002727E-01
-0.199824981E-01-0.189141389E-01-0.171509627E-01-0.146502201E-01-0.113707697E-01
-0.727450382E-02-0.232690433E-02 0.351196271E-02 0.102796499E-01 0.179836340E-01
 0.267440472E-01 0.359825119E-01 0.457897484E-01 0.561180674E-01 0.669411123E-01
 0.782222077E-01 0.899203494E-01 0.101989001E+00 0.114376508E+00 0.127026215E+00
 0.139876336E+00 0.152859703E+00 0.165903851E+00 0.178931281E+00 0.191860318E+00
 0.204606295E+00 0.217082843E+00 0.229203254E+00 0.240881190E+00 0.252030969E+00
 0.262567222E+00 0.272404283E+00 0.281456620E+00 0.289640576E+00 0.296878874E+00
 0.951146334E-01 0.959094465E-01 0.907647610E-01 0.837349445E-01 0.771703720E-01
 0.710273087E-01 0.652446970E-01 0.597661175E-01 0.545425117E-01 0.495322160E-01
 0.447001085E-01 0.400165431E-01 0.354562737E-01 0.309976470E-01 0.266223457E-01
 0.223168489E-01 0.182132758E-01 0.143209128E-01 0.106526203E-01 0.722458120E-02
 0.405622041E-02 0.117024069E-02-0.140735472E-02-0.364734186E-02-0.551748555E-02
-0.698289834E-02-0.800653826E-02-0.854979455E-02-0.857301895E-02-0.803570449E-02
-0.689618662E-02-0.511262473E-02-0.264503364E-02 0.543424976E-03 0.449295528E-02
 0.923744403E-02 0.147732543E-01 0.211703964E-01 0.285690986E-01 0.364562236E-01
 0.449255072E-01 0.539429709E-01 0.634946898E-01 0.735576749E-01 0.841052979E-01
 0.951055065E-01 0.106520370E+00 0.118305191E+00 0.130407646E+00 0.142766818E+00
 0.155312240E+00 0.167963237E+00 0.180628657E+00 0.193207726E+00 0.205591962E+00
 0.217668518E+00 0.229324743E+00 0.240453273E+00 0.250956923E+00 0.260752559E+00
 0.269773364E+00 0.277969331E+00 0.285306394E+00 0.291764647E+00 0.297336757E+00
 0.933256447E-01 0.942628756E-01 0.888929963E-01 0.819417685E-01 0.755270943E-01
 0.695856661E-01 0.640598089E-01 0.588908531E-01 0.540249534E-01 0.494155288E-01
 0.450235829E-01 0.408170223E-01 0.367696024E-01 0.328598656E-01 0.290702675E-01
 0.253863465E-01 0.217955448E-01 0.184466131E-01 0.153513765E-01 0.125241922E-01
 0.998183154E-02 0.774405384E-02 0.583399739E-02 0.427828124E-02 0.310684228E-02
 0.235250662E-02 0.205019931E-02 0.223568804E-02 0.294401473E-02 0.420912262E-02
 0.607118197E-02 0.857444294E-02 0.117576690E-01 0.156274457E-01 0.202560667E-01
 0.257816203E-01 0.317686312E-01 0.383321233E-01 0.455159172E-01 0.532748811E-01
 0.615949966E-01 0.704605058E-01 0.798561722E-01 0.897644609E-01 0.100164369E+00
 0.111030117E+00 0.122329704E+00 0.134023279E+00 0.146061137E+00 0.158381417E+00
 0.170907632E+00 0.183546245E+00 0.196184963E+00 0.208692610E+00 0.220921621E+00
 0.232714325E+00 0.243912622E+00 0.254370391E+00 0.263965756E+00 0.272610724E+00
 0.280256361E+00 0.286893219E+00 0.292546511E+00 0.297267705E+00 0.301123798E+00
 0.883936808E-01 0.892183185E-01 0.842396468E-01 0.775959045E-01 0.715846941E-01
 0.661227852E-01 0.611195751E-01 0.564962700E-01 0.521890670E-01 0.481479801E-01
 0.443344451E-01 0.407188572E-01 0.372785255E-01 0.339959934E-01 0.308576915E-01
 0.278527439E-01 0.249717496E-01 0.222054720E-01 0.197219308E-01 0.175336804E-01
 0.156522952E-01 0.140926903E-01 0.128742233E-01 0.120208245E-01 0.115609104E-01
 0.115271714E-01 0.119558563E-01 0.128842900E-01 0.143429795E-01 0.163323078E-01
 0.188976415E-01 0.221182704E-01 0.261241514E-01 0.305447038E-01 0.354864895E-01
 0.409972928E-01 0.470503457E-01 0.536507107E-01 0.608043596E-01 0.685074255E-01
 0.767552257E-01 0.855422094E-01 0.948618725E-01 0.104706027E+00 0.115063846E+00
 0.125920549E+00 0.137255713E+00 0.149041072E+00 0.161237434E+00 0.173790812E+00
 0.186627299E+00 0.199647158E+00 0.212718278E+00 0.225670874E+00 0.238296479E+00
 0.250355721E+00 0.261598259E+00 0.271792859E+00 0.280757636E+00 0.288381964E+00
 0.294636190E+00 0.299570411E+00 0.303303361E+00 0.305999845E+00 0.307840347E+00
 0.804078802E-01 0.809977800E-01 0.763055459E-01 0.703144893E-01 0.651383027E-01
 0.605549589E-01 0.564072914E-01 0.525954776E-01 0.490556881E-01 0.457461067E-01
 0.426387861E-01 0.397148617E-01 0.369616859E-01 0.343710072E-01 0.319377556E-01
 0.296591092E-01 0.275335833E-01 0.255597029E-01 0.237333272E-01 0.222397074E-01
 0.210692622E-01 0.202277582E-01 0.197298434E-01 0.195965674E-01 0.198550001E-01
 0.205395464E-01 0.216957610E-01 0.233892780E-01 0.257265717E-01 0.284078307E-01
 0.315241367E-01 0.351317152E-01 0.392572992E-01 0.438730307E-01 0.489840917E-01
 0.546001494E-01 0.607251190E-01 0.673644990E-01 0.745242834E-01 0.822096318E-01
 0.904253870E-01 0.991763398E-01 0.108467244E+00 0.118302554E+00 0.128685877E+00
 0.139619067E+00 0.151100799E+00 0.163124412E+00 0.175674617E+00 0.188722387E+00
 0.202217579E+00 0.216077834E+00 0.230172843E+00 0.244303152E+00 0.258176863E+00
 0.271398962E+00 0.283505827E+00 0.294058770E+00 0.302739441E+00 0.309387922E+00
 0.314001292E+00 0.316729337E+00 0.317868561E+00 0.317821562E+00 0.317000329E+00
 0.677922964E-01 0.675632432E-01 0.637168363E-01 0.596655570E-01 0.562357493E-01
 0.531057306E-01 0.501814410E-01 0.474250726E-01 0.448203348E-01 0.423608646E-01
 0.400454849E-01 0.378760472E-01 0.358563736E-01 0.339918286E-01 0.322892256E-01
 0.307571273E-01 0.294067115E-01 0.282536373E-01 0.273221768E-01 0.266545396E-01
 0.262761097E-01 0.262066051E-01 0.264645666E-01 0.270692389E-01 0.280413609E-01
 0.294033345E-01 0.311784837E-01 0.333880633E-01 0.360420421E-01 0.391129404E-01
 0.426049754E-01 0.465303659E-01 0.508990288E-01 0.557148568E-01 0.609838478E-01
 0.667138323E-01 0.729133487E-01 0.795921311E-01 0.867611170E-01 0.944324210E-01
 0.102619514E+00 0.111337446E+00 0.120603085E+00 0.130435303E+00 0.140855089E+00
 0.151885524E+00 0.163551450E+00 0.175878614E+00 0.188891903E+00 0.202611879E+00
 0.217048392E+00 0.232189357E+00 0.247980490E+00 0.264287531E+00 0.280818969E+00
 0.296957195E+00 0.311580151E+00 0.323574424E+00 0.332433373E+00 0.338023633E+00
 0.340388358E+00 0.339749753E+00 0.336659402E+00 0.332204968E+00 0.327532500E+00
 0.502910763E-01 0.478633493E-01 0.475880057E-01 0.472050980E-01 0.461148731E-01
 0.446940437E-01 0.431183726E-01 0.414836146E-01 0.398501009E-01 0.382601805E-01
 0.367459655E-01 0.353332907E-01 0.340439640E-01 0.328971855E-01 0.319106579E-01
 0.311014690E-01 0.304870214E-01 0.300859213E-01 0.299187321E-01 0.300077200E-01
 0.303728152E-01 0.310315043E-01 0.319995396E-01 0.332915634E-01 0.349214673E-01
 0.369023085E-01 0.392457470E-01 0.419608131E-01 0.450522192E-01 0.485197753E-01
 0.523658916E-01 0.565955080E-01 0.612147115E-01 0.662301555E-01 0.716499016E-01
 0.774838030E-01 0.837436020E-01 0.904431269E-01 0.975984856E-01 0.105228230E+00
 0.113353692E+00 0.121999405E+00 0.131193697E+00 0.140969470E+00 0.151365116E+00
 0.162425876E+00 0.174205273E+00 0.186766952E+00 0.200186670E+00 0.214554101E+00
 0.229974136E+00 0.246566311E+00 0.264461786E+00 0.283798724E+00 0.304730117E+00
 0.327529758E+00 0.348033428E+00 0.362354130E+00 0.371448398E+00 0.375814170E+00
 0.375016809E+00 0.369449943E+00 0.358470440E+00 0.345889181E+00 0.336465985E+00
 0.383133218E-01 0.352378227E-01 0.356552340E-01 0.365667418E-01 0.368113816E-01
 0.365908816E-01 0.360675454E-01 0.353625305E-01 0.345657989E-01 0.337455012E-01
 0.329546444E-01 0.322355889E-01 0.316230990E-01 0.311464481E-01 0.308309607E-01
 0.306991115E-01 0.307713710E-01 0.310667697E-01 0.316031761E-01 0.323971584E-01
 0.334633887E-01 0.348144546E-01 0.364609435E-01 0.384116359E-01 0.406737141E-01
 0.432528555E-01 0.461532325E-01 0.493774936E-01 0.529268421E-01 0.568017028E-01
 0.610031784E-01 0.655338690E-01 0.703981891E-01 0.756026134E-01 0.811560526E-01
 0.870700702E-01 0.933591202E-01 0.100040667E+00 0.107135370E+00 0.114667304E+00
 0.122664303E+00 0.131158531E+00 0.140187263E+00 0.149794161E+00 0.160030946E+00
 0.170959860E+00 0.182656959E+00 0.195216894E+00 0.208759382E+00 0.223438337E+00
 0.239454016E+00 0.257068694E+00 0.276623905E+00 0.298555017E+00 0.323399663E+00
 0.349893600E+00 0.370326966E+00 0.384535491E+00 0.392859966E+00 0.395045668E+00
 0.391270071E+00 0.380646676E+00 0.364319563E+00 0.350319415E+00 0.339152217E+00
 0.299057402E-01 0.264965743E-01 0.270489734E-01 0.283079743E-01 0.290756505E-01
 0.294562727E-01 0.295535680E-01 0.294633340E-01 0.292685181E-01 0.290387068E-01
 0.288315825E-01 0.286949668E-01 0.286688153E-01 0.287868697E-01 0.290779322E-01
 0.295668058E-01 0.302749053E-01 0.312206428E-01 0.324196219E-01 0.338846706E-01
 0.356257968E-01 0.376502238E-01 0.399625227E-01 0.425648317E-01 0.454571545E-01
 0.486376733E-01 0.521031506E-01 0.558493584E-01 0.598716773E-01 0.641658753E-01
 0.687290132E-01 0.735602453E-01 0.786615312E-01 0.840381160E-01 0.896989331E-01
 0.956567973E-01 0.101928502E+00 0.108534791E+00 0.115500316E+00 0.122853652E+00
 0.130627453E+00 0.138858870E+00 0.147590250E+00 0.156870440E+00 0.166756585E+00
 0.177316904E+00 0.188634679E+00 0.200814068E+00 0.213988870E+00 0.228335857E+00
 0.244096056E+00 0.261609226E+00 0.281369388E+00 0.304093301E+00 0.330535084E+00
 0.353969127E+00 0.371778369E+00 0.383986026E+00 0.390419930E+00 0.391047120E+00
 0.384861439E+00 0.371315479E+00 0.356613994E+00 0.344413608E+00 0.334224999E+00
 0.240800250E-01 0.204260647E-01 0.206676833E-01 0.218988899E-01 0.227616113E-01
 0.233268756E-01 0.236784872E-01 0.238971524E-01 0.240552705E-01 0.242152922E-01
 0.244302358E-01 0.247450732E-01 0.251982566E-01 0.258229338E-01 0.266477875E-01
 0.276974775E-01 0.289928224E-01 0.305507816E-01 0.323843956E-01 0.345027037E-01
 0.369107835E-01 0.396098346E-01 0.425974652E-01 0.458680205E-01 0.494130552E-01
 0.532218628E-01 0.572821051E-01 0.615805872E-01 0.661041364E-01 0.708406791E-01
 0.757803395E-01 0.809166133E-01 0.862473026E-01 0.917752907E-01 0.975090042E-01
 0.103462487E+00 0.109655224E+00 0.116111659E+00 0.122860707E+00 0.129935145E+00
 0.137371331E+00 0.145209029E+00 0.153491765E+00 0.162267506E+00 0.171589956E+00
 0.181520417E+00 0.192130536E+00 0.203506187E+00 0.215752944E+00 0.229004234E+00
 0.243434057E+00 0.259278744E+00 0.276880831E+00 0.296817750E+00 0.318085402E+00
 0.336015642E+00 0.349875510E+00 0.359426171E+00 0.364575416E+00 0.364622086E+00
 0.359318763E+00 0.349314749E+00 0.339754373E+00 0.331081390E+00 0.323319703E+00
 0.199109148E-01 0.159437507E-01 0.159916133E-01 0.169441663E-01 0.175724793E-01
 0.179859847E-01 0.182827134E-01 0.185435321E-01 0.188322384E-01 0.191992484E-01
 0.196858067E-01 0.203273632E-01 0.211557243E-01 0.222000666E-01 0.234870650E-01
 0.250404421E-01 0.268802270E-01 0.290219765E-01 0.314761437E-01 0.342477001E-01
 0.373360515E-01 0.407352671E-01 0.444344878E-01 0.484185107E-01 0.526684448E-01
 0.571623854E-01 0.618762262E-01 0.667846054E-01 0.718621314E-01 0.770848766E-01
 0.824321806E-01 0.878884494E-01 0.934448689E-01 0.991006494E-01 0.104863673E+00
 0.110750347E+00 0.116784811E+00 0.122997604E+00 0.129424080E+00 0.136102811E+00
 0.143074393E+00 0.150380418E+00 0.158063203E+00 0.166165680E+00 0.174731791E+00
 0.183806941E+00 0.193438604E+00 0.203676537E+00 0.214572325E+00 0.226176932E+00
 0.238533854E+00 0.251661867E+00 0.265512288E+00 0.279872119E+00 0.294067711E+00
 0.306640834E+00 0.316817075E+00 0.324213088E+00 0.328576654E+00 0.329770327E+00
 0.327886909E+00 0.323986620E+00 0.319214642E+00 0.314128667E+00 0.309059381E+00
 0.177957509E-01 0.134981060E-01 0.129710734E-01 0.132121332E-01 0.131707424E-01
 0.130602112E-01 0.130110485E-01 0.130941859E-01 0.133459186E-01 0.137868682E-01
 0.144334398E-01 0.153036145E-01 0.164190102E-01 0.178045277E-01 0.194865670E-01
 0.214905441E-01 0.238383412E-01 0.265461076E-01 0.296226908E-01 0.330688246E-01
 0.368770696E-01 0.410323925E-01 0.455131046E-01 0.502919480E-01 0.553370230E-01
 0.606124885E-01 0.660791844E-01 0.716953799E-01 0.774181634E-01 0.832055211E-01
 0.890194178E-01 0.948292539E-01 0.100615300E+00 0.106371239E+00 0.112105355E+00
 0.117839970E+00 0.123609342E+00 0.129456341E+00 0.135428756E+00 0.141575798E+00
 0.147945374E+00 0.154582366E+00 0.161527649E+00 0.168817818E+00 0.176484913E+00
 0.184556261E+00 0.193053588E+00 0.201991200E+00 0.211372510E+00 0.221183464E+00
 0.231381640E+00 0.241878152E+00 0.252510428E+00 0.263008952E+00 0.272981226E+00
 0.281966299E+00 0.289550841E+00 0.295440584E+00 0.299475968E+00 0.301644832E+00
 0.302106947E+00 0.301185906E+00 0.299273908E+00 0.296723396E+00 0.293806225E+00
 0.186635796E-01 0.143044339E-01 0.119859185E-01 0.103382003E-01 0.887832977E-02
 0.782226678E-02 0.722535560E-02 0.704302266E-02 0.721538672E-02 0.769571308E-02
 0.845782924E-02 0.949701201E-02 0.108274817E-01 0.124774016E-01 0.144824265E-01
 0.168790352E-01 0.196986664E-01 0.229632370E-01 0.266822614E-01 0.308516864E-01
 0.354543664E-01 0.404619426E-01 0.458374880E-01 0.515380427E-01 0.575162061E-01
 0.637204051E-01 0.700941458E-01 0.765750781E-01 0.830952227E-01 0.895836502E-01
 0.959720314E-01 0.102202304E+00 0.108234681E+00 0.114053667E+00 0.119670786E+00
 0.125123203E+00 0.130468413E+00 0.135776207E+00 0.141119823E+00 0.146568745E+00
 0.152184084E+00 0.158016503E+00 0.164106026E+00 0.170482650E+00 0.177166805E+00
 0.184169710E+00 0.191492602E+00 0.199125201E+00 0.207042590E+00 0.215200678E+00
 0.223529875E+00 0.231927574E+00 0.240251228E+00 0.248316094E+00 0.255903453E+00
 0.262783200E+00 0.268745333E+00 0.273629218E+00 0.277343661E+00 0.279877245E+00
 0.281298488E+00 0.281742066E+00 0.281381875E+00 0.280400425E+00 0.278965592E+00
 0.202036090E-01 0.155790709E-01 0.111242794E-01 0.672860444E-02 0.264754216E-02
 0.785203767E-03-0.626282781E-04-0.238471286E-03 0.549641045E-04 0.691419700E-03
 0.160330650E-02 0.277481065E-02 0.423339149E-02 0.603600824E-02 0.825279579E-02
 0.109524149E-01 0.141912391E-01 0.180062428E-01 0.224107727E-01 0.273930207E-01
 0.329178423E-01 0.389323197E-01 0.453737788E-01 0.521772690E-01 0.592792816E-01
 0.666164607E-01 0.741199255E-01 0.817075521E-01 0.892777443E-01 0.967098698E-01
 0.103875563E+00 0.110659070E+00 0.116978414E+00 0.122800112E+00 0.128145427E+00
 0.133087903E+00 0.137740895E+00 0.142235667E+00 0.146698162E+00 0.151233539E+00
 0.155921087E+00 0.160816133E+00 0.165954262E+00 0.171355501E+00 0.177027255E+00
 0.182965949E+00 0.189157516E+00 0.195576727E+00 0.202185854E+00 0.208932519E+00
 0.215747491E+00 0.222542822E+00 0.229211658E+00 0.235630840E+00 0.241667524E+00
 0.247189760E+00 0.252079368E+00 0.256244510E+00 0.259629309E+00 0.262218893E+00
 0.264038950E+00 0.265149802E+00 0.265636235E+00 0.265595436E+00 0.265126348E+00
 0.206494536E-01 0.153922597E-01 0.964050088E-02 0.312495697E-02-0.408244040E-02
-0.854009483E-02-0.961976964E-02-0.907356758E-02-0.819667801E-02-0.714765908E-02
-0.602242397E-02-0.481748162E-02-0.343426061E-02-0.172072568E-02 0.482271338E-03
 0.331189856E-02 0.687143905E-02 0.112257814E-01 0.163968448E-01 0.223579872E-01
 0.290334113E-01 0.363115594E-01 0.440726541E-01 0.522151925E-01 0.606661215E-01
 0.693734959E-01 0.782878846E-01 0.873358920E-01 0.963873640E-01 0.105229594E+00
 0.113587350E+00 0.121201925E+00 0.127900004E+00 0.133612558E+00 0.138378382E+00
 0.142353356E+00 0.145798117E+00 0.149004534E+00 0.152207226E+00 0.155555665E+00
 0.159132570E+00 0.162978232E+00 0.167107359E+00 0.171518803E+00 0.176200762E+00
 0.181133121E+00 0.186288312E+00 0.191631168E+00 0.197118342E+00 0.202697530E+00
 0.208306968E+00 0.213875473E+00 0.219323590E+00 0.224566087E+00 0.229516029E+00
 0.234090209E+00 0.238215238E+00 0.241833270E+00 0.244906500E+00 0.247419596E+00
 0.249379680E+00 0.250813842E+00 0.251764834E+00 0.252285808E+00 0.252434909E+00
 0.216610432E-01 0.161998067E-01 0.100331381E-01 0.283036428E-02-0.567090744E-02
-0.124469995E-01-0.166267734E-01-0.181059856E-01-0.168752484E-01-0.150072109E-01
-0.136925383E-01-0.128712729E-01-0.121549210E-01-0.111007765E-01-0.936700404E-02
-0.672694482E-02-0.302836183E-02 0.183328288E-02 0.791348703E-02 0.151861235E-01
 0.234891120E-01 0.325243473E-01 0.419948772E-01 0.517336838E-01 0.616990589E-01
 0.719218478E-01 0.824636221E-01 0.933814123E-01 0.104664505E+00 0.116014786E+00
 0.126540795E+00 0.135543823E+00 0.142798185E+00 0.148223549E+00 0.151811242E+00
 0.153735280E+00 0.154751003E+00 0.155816481E+00 0.157274276E+00 0.159186855E+00
 0.161543190E+00 0.164311126E+00 0.167452872E+00 0.170929909E+00 0.174703717E+00
 0.178735361E+00 0.182984442E+00 0.187408105E+00 0.191960186E+00 0.196590558E+00
 0.201244980E+00 0.205865324E+00 0.210390612E+00 0.214758694E+00 0.218908563E+00
 0.222783282E+00 0.226332977E+00 0.229517683E+00 0.232309505E+00 0.234693855E+00
 0.236669526E+00 0.238247603E+00 0.239449561E+00 0.240304604E+00 0.240847006E+00
 0.238212273E-01 0.187370516E-01 0.131015675E-01 0.681785727E-02-0.135144379E-03
-0.763845025E-02-0.146024050E-01-0.190993156E-01-0.208737068E-01-0.197423119E-01
-0.191804226E-01-0.204632580E-01-0.222314578E-01-0.229574330E-01-0.223580915E-01
-0.203363318E-01-0.167899206E-01-0.115764150E-01-0.450249948E-02 0.466092443E-02
 0.159813259E-01 0.280745439E-01 0.397790298E-01 0.511778556E-01 0.624985136E-01
 0.739861429E-01 0.859054327E-01 0.985722542E-01 0.112421535E+00 0.128067672E+00
 0.141793206E+00 0.152423963E+00 0.160361275E+00 0.165399164E+00 0.167438284E+00
 0.166050851E+00 0.162634984E+00 0.161071166E+00 0.160749197E+00 0.161334366E+00
 0.162619621E+00 0.164465502E+00 0.166772023E+00 0.169462860E+00 0.172475845E+00
 0.175757080E+00 0.179257140E+00 0.182928726E+00 0.186725080E+00 0.190599084E+00
 0.194502965E+00 0.198388249E+00 0.202206463E+00 0.205909953E+00 0.209453255E+00
 0.212794617E+00 0.215897575E+00 0.218732342E+00 0.221276954E+00 0.223517910E+00
 0.225450188E+00 0.227076828E+00 0.228407875E+00 0.229459152E+00 0.230250716E+00
 0.269975532E-01 0.226521231E-01 0.179205611E-01 0.127758319E-01 0.724975578E-02
 0.143321359E-02-0.454139616E-02-0.105268545E-01-0.150947962E-01-0.163610168E-01
-0.181278121E-01-0.226384923E-01-0.278535988E-01-0.304257013E-01-0.309348758E-01
-0.295885764E-01-0.263657514E-01-0.211211219E-01-0.135610588E-01-0.309374812E-02
 0.113988202E-01 0.263597798E-01 0.394574963E-01 0.516285263E-01 0.634407178E-01
 0.753007829E-01 0.875728279E-01 0.100659169E+00 0.115079515E+00 0.131405085E+00
 0.145763353E+00 0.156751260E+00 0.164736643E+00 0.169613197E+00 0.171179131E+00
 0.168940797E+00 0.164602965E+00 0.162197217E+00 0.161173314E+00 0.161137715E+00
 0.161841303E+00 0.163122565E+00 0.164870471E+00 0.167002529E+00 0.169452697E+00
 0.172164693E+00 0.175088227E+00 0.178176761E+00 0.181386068E+00 0.184673458E+00
 0.187997252E+00 0.191316754E+00 0.194592521E+00 0.197786793E+00 0.200864196E+00
 0.203792572E+00 0.206543803E+00 0.209094524E+00 0.211426705E+00 0.213528037E+00
 0.215391889E+00 0.217017129E+00 0.218407571E+00 0.219571307E+00 0.220519766E+00
 0.131489396E+01 0.133893645E+01 0.135587978E+01 0.137584341E+01 0.139669681E+01
 0.141829169E+01 0.144287586E+01 0.146417058E+01 0.148787546E+01 0.151224220E+01
 0.153672922E+01 0.156216550E+01 0.158910441E+01 0.161606622E+01 0.164408767E+01
 0.167305195E+01 0.170342231E+01 0.173413682E+01 0.176606774E+01 0.179912448E+01
 0.183359754E+01 0.186882782E+01 0.190532470E+01 0.194324994E+01 0.198260891E+01
 0.202331233E+01 0.206541657E+01 0.210914922E+01 0.215466547E+01 0.220190239E+01
 0.225093722E+01 0.230190086E+01 0.235507369E+01 0.241043186E+01 0.246810198E+01
 0.252819633E+01 0.259098864E+01 0.265657973E+01 0.272522235E+01 0.279699159E+01
 0.287222219E+01 0.295112109E+01 0.303398657E+01 0.312103653E+01 0.321266079E+01
 0.330916739E+01 0.341096807E+01 0.351852536E+01 0.363220334E+01 0.375299072E+01
 0.388121223E+01 0.401822853E+01 0.416410542E+01 0.432104397E+01 0.448948050E+01
 0.467124414E+01 0.486943674E+01 0.508523512E+01 0.532270908E+01 0.558948183E+01
 0.589474249E+01 0.625555611E+01 0.670768070E+01 0.734120607E+01 0.105724430E+02
   89  117
 0.106375647E+01-0.500000007E-01 0.106580198E+01 0.500000007E-01 0.107164955E+01
 0.150000006E+00 0.107906246E+01 0.227021739E+00 0.108813894E+01 0.300000012E+00
 0.110558414E+01 0.400000006E+00 0.111668587E+01 0.449999988E+00 0.113218749E+01
 0.510679543E+00 0.115807080E+01 0.600000024E+00 0.117393804E+01 0.649999976E+00
 0.119039500E+01 0.699999988E+00 0.121187496E+01 0.764824748E+00 0.123843753E+01
 0.835426331E+00 0.126499999E+01 0.892442524E+00 0.129156256E+01 0.934079289E+00
 0.131812501E+01 0.960565269E+00 0.137125003E+01 0.982864499E+00 0.142437506E+01
 0.985352814E+00 0.147749996E+01 0.978319466E+00 0.153062499E+01 0.964742124E+00
 0.156971574E+01 0.949999988E+00 0.161031246E+01 0.933784723E+00 0.166343749E+01
 0.909119010E+00 0.169000006E+01 0.894318402E+00 0.174312496E+01 0.863905072E+00
 0.176968753E+01 0.846101522E+00 0.182281256E+01 0.809676409E+00 0.184937501E+01
 0.788853049E+00 0.189567053E+01 0.750000000E+00 0.192906249E+01 0.720556974E+00
 0.195562506E+01 0.694477439E+00 0.199815524E+01 0.649999976E+00 0.203531241E+01
 0.607322693E+00 0.206187510E+01 0.572354019E+00 0.208843756E+01 0.533660054E+00
 0.211500001E+01 0.490805894E+00 0.214156246E+01 0.443161935E+00 0.216812491E+01
 0.389913708E+00 0.219468760E+01 0.329829603E+00 0.222125006E+01 0.260292441E+00
 0.223963380E+01 0.200000003E+00 0.225222254E+01 0.150000006E+00 0.226531243E+01
 0.500000007E-01 0.226313686E+01-0.500000007E-01 0.224781251E+01-0.138454825E+00
 0.223202801E+01-0.200000003E+00 0.221578455E+01-0.250000000E+00 0.219468760E+01
-0.308992386E+00 0.216812491E+01-0.372505337E+00 0.214156246E+01-0.429294348E+00
 0.211500001E+01-0.480538607E+00 0.208843756E+01-0.526909232E+00 0.206187510E+01
-0.568954051E+00 0.203531241E+01-0.607091904E+00 0.200141644E+01-0.649999976E+00
 0.195930636E+01-0.699999988E+00 0.192906249E+01-0.732152939E+00 0.190250003E+01
-0.758995295E+00 0.185780609E+01-0.800000012E+00 0.182281256E+01-0.830392957E+00
 0.179624999E+01-0.851990640E+00 0.174312496E+01-0.890757620E+00 0.171656251E+01
-0.909537911E+00 0.166343749E+01-0.942706108E+00 0.163687503E+01-0.959152460E+00
 0.158375001E+01-0.988170981E+00 0.155718756E+01-0.100248182E+01 0.150406253E+01
-0.102817619E+01 0.145573938E+01-0.104999995E+01 0.142437506E+01-0.106473219E+01
 0.137125003E+01-0.108576012E+01 0.133129251E+01-0.110000002E+01 0.129052353E+01
-0.112006187E+01 0.126292217E+01-0.113139820E+01 0.124888575E+01-0.104999995E+01
 0.123704624E+01-0.100000000E+01 0.121640933E+01-0.899999976E+00 0.120438361E+01
-0.850000024E+00 0.118531251E+01-0.776880264E+00 0.116431236E+01-0.699999988E+00
 0.114960909E+01-0.649999976E+00 0.113218749E+01-0.589492977E+00 0.110833454E+01
-0.500000000E+00 0.109696186E+01-0.449999988E+00 0.108045244E+01-0.349999994E+00
 0.107466841E+01-0.300000012E+00 0.106743503E+01-0.200000003E+00 0.106412327E+01
-0.100000001E+00 0.106375647E+01-0.500000007E-01
 0.101600003E+01 0.000000000E+00 0.101600003E+01 0.963999987E+00 0.101600003E+01
 0.967999995E+00 0.101600003E+01 0.100100005E+01 0.101600003E+01 0.101900005E+01
 0.101600003E+01 0.107700002E+01 0.101600003E+01 0.107000005E+01 0.101600003E+01
 0.109599996E+01 0.101600003E+01 0.111300004E+01 0.101600003E+01 0.113800001E+01
 0.101600003E+01 0.114699996E+01 0.101199996E+01 0.116499996E+01 0.100100005E+01
 0.121700001E+01 0.102900004E+01 0.121700001E+01 0.104200006E+01 0.116240001E+01
 0.104600000E+01 0.116237998E+01 0.105599999E+01 0.116260004E+01 0.109700000E+01
 0.116450000E+01 0.110800004E+01 0.116594005E+01 0.111600006E+01 0.116591001E+01
 0.113399994E+01 0.116895998E+01 0.114800000E+01 0.117174995E+01 0.116199994E+01
 0.117556000E+01 0.118099999E+01 0.118299997E+01 0.118200004E+01 0.118350005E+01
 0.118499994E+01 0.118499994E+01 0.119000006E+01 0.118799996E+01 0.119500005E+01
 0.119099998E+01 0.120099998E+01 0.119599998E+01 0.120899999E+01 0.120200002E+01
 0.121500003E+01 0.120799994E+01 0.122200000E+01 0.121399999E+01 0.122800004E+01
 0.122099996E+01 0.123399997E+01 0.123099995E+01 0.123899996E+01 0.123800004E+01
 0.124199998E+01 0.124399996E+01 0.124800003E+01 0.125399995E+01 0.125800002E+01
 0.127800000E+01 0.126300001E+01 0.128999996E+01 0.127999997E+01 0.133099997E+01
 0.127999997E+01 0.134700000E+01 0.127999997E+01 0.134800005E+01 0.130999994E+01
 0.134800005E+01 0.132799995E+01 0.134800005E+01 0.136099994E+01 0.134800005E+01
 0.138000000E+01 0.134800005E+01 0.141900003E+01 0.134800005E+01 0.141900003E+01
 0.130999994E+01 0.137199998E+01 0.130999994E+01 0.137167001E+01 0.129237998E+01
 0.137003005E+01 0.128268003E+01 0.136688006E+01 0.125644004E+01 0.136719000E+01
 0.122955000E+01 0.137178004E+01 0.119576001E+01 0.137223995E+01 0.119402003E+01
 0.138662004E+01 0.116487002E+01 0.138707995E+01 0.116420996E+01 0.140382004E+01
 0.115696001E+01 0.141127002E+01 0.115730000E+01 0.141857004E+01 0.116131997E+01
 0.142100000E+01 0.116400003E+01 0.148662996E+01 0.124049997E+01 0.149730003E+01
 0.123458004E+01 0.149761999E+01 0.123427999E+01 0.149744999E+01 0.123174000E+01
 0.149275005E+01 0.121329999E+01 0.149259996E+01 0.121061003E+01 0.149260998E+01
 0.120485997E+01 0.149278998E+01 0.120213997E+01 0.149339998E+01 0.119641995E+01
 0.149469995E+01 0.118510997E+01 0.149621999E+01 0.116069996E+01 0.147981000E+01
 0.112425995E+01 0.148081994E+01 0.112256002E+01 0.148149002E+01 0.112137997E+01
 0.148645997E+01 0.111691999E+01 0.149094999E+01 0.111439002E+01 0.150304997E+01
 0.111243999E+01 0.159696996E+01 0.109489000E+01 0.162549996E+01 0.108529997E+01
 0.163751996E+01 0.107988000E+01 0.164699996E+01 0.107700002E+01 0.178499997E+01
 0.107700002E+01 0.206999993E+01 0.103999996E+01 0.212800002E+01 0.992999971E+00
 0.224499989E+01 0.708999991E+00 0.233956003E+01 0.461430013E+00 0.234707999E+01
 0.415829986E+00 0.234912992E+01 0.272179991E+00 0.235103011E+01 0.170179993E+00
 0.235157990E+01 0.701199993E-01 0.235124993E+01-0.317899995E-01 0.235050988E+01
-0.144350007E+00 0.234964991E+01-0.214829996E+00 0.234870005E+01-0.326689988E+00
 0.234759998E+01-0.386770010E+00 0.234019995E+01-0.453040004E+00 0.232942009E+01
-0.477569997E+00 0.213400006E+01-0.972999990E+00 0.178600001E+01-0.117400002E+01
 0.176800001E+01-0.121099997E+01 0.176800001E+01-0.125000000E+01 0.168200004E+01
-0.125000000E+01 0.137199998E+01-0.125000000E+01 0.137199998E+01-0.132900000E+01
 0.141999996E+01-0.132900000E+01 0.141999996E+01-0.136300004E+01 0.127300000E+01
-0.136300004E+01 0.115300000E+01-0.136300004E+01 0.101600003E+01-0.122300005E+01
 0.101600003E+01-0.122300005E+01 0.101600003E+01-0.829999983E+00 0.101600003E+01
-0.800000012E+00 0.101600003E+01-0.414999992E+00 0.101600003E+01-0.400000006E+00
 0.101600003E+01-0.100000005E-02 0.101600003E+01 0.000000000E+00
    0 0.170000005E+01    1
 0.000000000E+00 0.000000000E+00 0.000000000E+00 0.000000000E+00 0.000000000E+00
 0.000000000E+00 0.000000000E+00 0.000000000E+00 0.000000000E+00 0.000000000E+00
 0.000000000E+00 0.000000000E+00 0.000000000E+00 0.000000000E+00 0.000000000E+00
 0.000000000E+00 0.000000000E+00 0.000000000E+00 0.000000000E+00 0.000000000E+00
 0.000000000E+00 0.000000000E+00 0.000000000E+00 0.000000000E+00 0.000000000E+00
 0.000000000E+00 0.000000000E+00 0.000000000E+00 0.000000000E+00 0.000000000E+00
 0.000000000E+00 0.000000000E+00 0.000000000E+00 0.000000000E+00 0.000000000E+00
 0.000000000E+00 0.000000000E+00 0.000000000E+00 0.000000000E+00 0.000000000E+00
 0.000000000E+00 0.000000000E+00 0.000000000E+00 0.000000000E+00 0.000000000E+00
 0.000000000E+00 0.000000000E+00 0.000000000E+00 0.000000000E+00 0.000000000E+00
 0.000000000E+00 0.000000000E+00 0.000000000E+00 0.000000000E+00 0.000000000E+00
 0.000000000E+00 0.000000000E+00 0.000000000E+00 0.000000000E+00 0.000000000E+00
 0.000000000E+00 0.000000000E+00 0.000000000E+00 0.000000000E+00 0.000000000E+00
 0.000000000E+00 0.842509121E-01 0.119866617E+00 0.147439376E+00 0.170933828E+00
 0.191870525E+00 0.209813908E+00 0.227644816E+00 0.244523406E+00 0.260677278E+00
 0.275978327E+00 0.290727198E+00 0.305102438E+00 0.319011629E+00 0.332467884E+00
 0.345724255E+00 0.358743489E+00 0.371477902E+00 0.383958101E+00 0.396342546E+00
 0.408588380E+00 0.420677751E+00 0.432609320E+00 0.444491625E+00 0.456298053E+00
 0.468043566E+00 0.479705870E+00 0.491328239E+00 0.502946913E+00 0.514536500E+00
 0.526135385E+00 0.537699103E+00 0.549302876E+00 0.560915291E+00 0.572566271E+00
 0.584258795E+00 0.596001148E+00 0.607788503E+00 0.619662344E+00 0.631605506E+00
 0.643634140E+00 0.655771673E+00 0.668007135E+00 0.680350780E+00 0.692839622E+00
 0.705461204E+00 0.718235612E+00 0.731184483E+00 0.744284689E+00 0.757602394E+00
 0.771107495E+00 0.784857392E+00 0.798825324E+00 0.813086689E+00 0.827605724E+00
 0.842431605E+00 0.857630312E+00 0.873180985E+00 0.889139831E+00 0.905606329E+00
 0.922601938E+00 0.940242410E+00 0.958692253E+00 0.978311300E+00 0.100000000E+01
    1
 0.000000000E+00 0.000000000E+00 0.000000000E+00 0.000000000E+00 0.000000000E+00
 0.000000000E+00 0.000000000E+00 0.000000000E+00 0.000000000E+00 0.000000000E+00
 0.000000000E+00 0.000000000E+00 0.000000000E+00 0.000000000E+00 0.000000000E+00
 0.000000000E+00 0.000000000E+00 0.000000000E+00 0.000000000E+00 0.000000000E+00
 0.000000000E+00 0.000000000E+00 0.000000000E+00 0.000000000E+00 0.000000000E+00
 0.000000000E+00 0.000000000E+00 0.000000000E+00 0.000000000E+00 0.000000000E+00
 0.000000000E+00 0.000000000E+00 0.000000000E+00 0.000000000E+00 0.000000000E+00
 0.000000000E+00 0.000000000E+00 0.000000000E+00 0.000000000E+00 0.000000000E+00
 0.000000000E+00 0.000000000E+00 0.000000000E+00 0.000000000E+00 0.000000000E+00
 0.000000000E+00 0.000000000E+00 0.000000000E+00 0.000000000E+00 0.000000000E+00
 0.000000000E+00 0.000000000E+00 0.000000000E+00 0.000000000E+00 0.000000000E+00
 0.000000000E+00 0.000000000E+00 0.000000000E+00 0.000000000E+00 0.000000000E+00
 0.000000000E+00 0.000000000E+00 0.000000000E+00 0.000000000E+00 0.000000000E+00
&BASIS
 EE2BDRY= 32*0.00000000      ,
 EEBDRY= 32*0.00000000      ,
 EEKNT= 32*0.00000000      ,
 EETENS=  5.00000000    ,
 FF2BDRY= 64*0.00000000      ,
 FFBDRY=-0.950788915    ,-0.667267799    ,  1.19157577    , 61*0.00000000      ,
 FFKNT= 64*0.00000000      ,
 FFTENS=  0.00000000    ,
 KEE2BDRY= 32*0          ,
 KEEBDRY= 32*0          ,
 KEEFNC=          0,
 KEEKNT=          0,
 KFF2BDRY= 64*0          ,
 KFFBDRY= 64*0          ,
 KFFFNC=          0,
 KFFKNT=          0,
 KPP2BDRY= 64*0          ,
 KPPBDRY= 64*0          ,
 KPPFNC=          0,
 KPPKNT=          0,
 KWW2BDRY= 64*0          ,
 KWWBDRY= 64*0          ,
 KWWFNC=          0,
 KWWKNT=          0,
 PP2BDRY= 64*0.00000000      ,
 PPBDRY=  919103.438    , -562343.375    , 62*0.00000000      ,
 PPKNT= 64*0.00000000      ,
 PPTENS=  0.00000000    ,
 WW2BDRY= 64*0.00000000      ,
 WWBDRY= -3259.40137    , -50547.7500    , 62*0.00000000      ,
 WWKNT= 64*0.00000000      ,
 WWTENS=  0.00000000    ,
 /
