  EFITD    01/21/2000    #180528  4550ms           7  65  65
 0.170000005E+01 0.320000005E+01 0.169550002E+01 0.839999974E+00 0.000000000E+00
 0.180976462E+01-0.193756875E-01-0.307376087E+00-0.413086712E-01-0.197007239E+01
 0.882808938E+06-0.307376087E+00 0.000000000E+00 0.180976462E+01 0.000000000E+00
-0.193756875E-01 0.000000000E+00-0.413086712E-01 0.000000000E+00 0.000000000E+00
-0.336140275E+01-0.335782695E+01-0.335444427E+01-0.335125065E+01-0.334824204E+01
-0.334541464E+01-0.334276390E+01-0.334028602E+01-0.333797669E+01-0.333583164E+01
-0.333384705E+01-0.333201814E+01-0.333034110E+01-0.332881117E+01-0.332742405E+01
-0.332617545E+01-0.332506108E+01-0.332407641E+01-0.332321692E+01-0.332247806E+01
-0.332185555E+01-0.332134485E+01-0.332094121E+01-0.332064033E+01-0.332043767E+01
-0.332032847E+01-0.332030845E+01-0.332037282E+01-0.332051706E+01-0.332073641E+01
-0.332102656E+01-0.332138300E+01-0.332180071E+01-0.332227540E+01-0.332280254E+01
-0.332337737E+01-0.332399535E+01-0.332465172E+01-0.332534218E+01-0.332606196E+01
-0.332680655E+01-0.332757115E+01-0.332835150E+01-0.332914305E+01-0.332994103E+01
-0.333074069E+01-0.333153796E+01-0.333232784E+01-0.333310604E+01-0.333386803E+01
-0.333460927E+01-0.333532476E+01-0.333601069E+01-0.333666205E+01-0.333727431E+01
-0.333784318E+01-0.333836412E+01-0.333883214E+01-0.333924341E+01-0.333959293E+01
-0.333987641E+01-0.334008908E+01-0.334022665E+01-0.334028435E+01-0.334025788E+01
 0.114599359E+06 0.111856508E+06 0.109143898E+06 0.106461508E+06 0.103809352E+06
 0.101187422E+06 0.985957266E+05 0.960342578E+05 0.935030234E+05 0.910020078E+05
 0.885312344E+05 0.860906797E+05 0.836803594E+05 0.813002656E+05 0.789504062E+05
 0.766307734E+05 0.743413750E+05 0.720822031E+05 0.698532578E+05 0.676545469E+05
 0.654860586E+05 0.633478047E+05 0.612397812E+05 0.591619844E+05 0.571144180E+05
 0.550970820E+05 0.531099727E+05 0.511530977E+05 0.492264492E+05 0.473300312E+05
 0.454638438E+05 0.436278828E+05 0.418221523E+05 0.400466523E+05 0.383013828E+05
 0.365863398E+05 0.349015312E+05 0.332469492E+05 0.316225957E+05 0.300284727E+05
 0.284645781E+05 0.269309141E+05 0.254274805E+05 0.239542754E+05 0.225113008E+05
 0.210985547E+05 0.197160391E+05 0.183637520E+05 0.170416953E+05 0.157498672E+05
 0.144882695E+05 0.132569014E+05 0.120557627E+05 0.108848525E+05 0.974417285E+04
 0.863372266E+04 0.755350244E+04 0.650351123E+04 0.548374951E+04 0.449421729E+04
 0.353491479E+04 0.260584180E+04 0.170699829E+04 0.838384399E+03 0.000000000E+00
-0.296985531E+01-0.280924988E+01-0.265229774E+01-0.249899888E+01-0.234935331E+01
-0.220336103E+01-0.206102204E+01-0.192233622E+01-0.178730369E+01-0.165592444E+01
-0.152819836E+01-0.140412569E+01-0.128370619E+01-0.116693997E+01-0.105382705E+01
-0.944367349E+00-0.838560879E+00-0.736407757E+00-0.637907863E+00-0.543061197E+00
-0.451867819E+00-0.364327729E+00-0.280440867E+00-0.200207293E+00-0.123626977E+00
-0.506999195E-01 0.185738727E-01 0.841944069E-01 0.146161675E+00 0.204475671E+00
 0.259136409E+00 0.310143888E+00 0.357498109E+00 0.401199073E+00 0.441246748E+00
 0.477641165E+00 0.510382354E+00 0.539470255E+00 0.564904869E+00 0.586686254E+00
 0.604814351E+00 0.619289219E+00 0.630110800E+00 0.637279093E+00 0.640794158E+00
 0.640655935E+00 0.636864483E+00 0.629419744E+00 0.618321776E+00 0.603570521E+00
 0.585165977E+00 0.563108206E+00 0.537397146E+00 0.508032858E+00 0.475015253E+00
 0.438344419E+00 0.398020327E+00 0.354042977E+00 0.306412339E+00 0.255128443E+00
 0.200191304E+00 0.141600892E+00 0.793572068E-01 0.134602655E-01-0.560899377E-01
-0.663401250E+06-0.656129812E+06-0.648858438E+06-0.641587000E+06-0.634315562E+06
-0.627044125E+06-0.619772688E+06-0.612501250E+06-0.605229812E+06-0.597958375E+06
-0.590686938E+06-0.583415562E+06-0.576144125E+06-0.568872688E+06-0.561601250E+06
-0.554329812E+06-0.547058375E+06-0.539786938E+06-0.532515500E+06-0.525244062E+06
-0.517972656E+06-0.510701219E+06-0.503429812E+06-0.496158375E+06-0.488886938E+06
-0.481615500E+06-0.474344062E+06-0.467072656E+06-0.459801219E+06-0.452529781E+06
-0.445258344E+06-0.437986938E+06-0.430715500E+06-0.423444062E+06-0.416172625E+06
-0.408901219E+06-0.401629781E+06-0.394358344E+06-0.387086906E+06-0.379815469E+06
-0.372544062E+06-0.365272625E+06-0.358001188E+06-0.350729750E+06-0.343458344E+06
-0.336186906E+06-0.328915469E+06-0.321644031E+06-0.314372594E+06-0.307101188E+06
-0.299829750E+06-0.292558312E+06-0.285286875E+06-0.278015469E+06-0.270744031E+06
-0.263472594E+06-0.256201172E+06-0.248929734E+06-0.241658297E+06-0.234386875E+06
-0.227115438E+06-0.219844016E+06-0.212572578E+06-0.205301156E+06-0.198029719E+06
-0.608337345E-02-0.155822681E-01-0.259944946E-01-0.373139381E-01-0.494078659E-01
-0.620055869E-01-0.747173950E-01-0.870843083E-01-0.951391608E-01-0.947858691E-01
-0.946531892E-01-0.982538909E-01-0.103517689E+00-0.106882349E+00-0.108809896E+00
-0.109433845E+00-0.108712777E+00-0.106503420E+00-0.102510951E+00-0.961717218E-01
-0.864363834E-01-0.765813366E-01-0.691101998E-01-0.631835982E-01-0.583583303E-01
-0.544005781E-01-0.511975288E-01-0.487267263E-01-0.470578559E-01-0.463360213E-01
-0.450168513E-01-0.425761007E-01-0.391512737E-01-0.346467756E-01-0.290112402E-01
-0.220810715E-01-0.144300293E-01-0.759063708E-02-0.131674798E-02 0.455687148E-02
 0.101455953E-01 0.155326910E-01 0.207777899E-01 0.259217154E-01 0.309903659E-01
 0.359981209E-01 0.409506001E-01 0.458466932E-01 0.506800599E-01 0.554402024E-01
 0.601133592E-01 0.646832660E-01 0.691319779E-01 0.734406412E-01 0.775903761E-01
 0.815631673E-01 0.853426978E-01 0.889151618E-01 0.922698826E-01 0.953997672E-01
 0.983014926E-01 0.100975484E+00 0.103425644E+00 0.105658941E+00 0.107684799E+00
-0.865173806E-02-0.196290370E-01-0.320643112E-01-0.461331569E-01-0.618070289E-01
-0.787222907E-01-0.939289629E-01-0.103185698E+00-0.105608396E+00-0.100957356E+00
-0.973879248E-01-0.971719176E-01-0.985750854E-01-0.998574197E-01-0.100551404E+00
-0.100452155E+00-0.993945152E-01-0.972040743E-01-0.936798900E-01-0.886069238E-01
-0.819425508E-01-0.749769285E-01-0.688926727E-01-0.637066215E-01-0.593070313E-01
-0.556038879E-01-0.525521226E-01-0.501622222E-01-0.485196486E-01-0.477669425E-01
-0.464309305E-01-0.439759418E-01-0.405144170E-01-0.359909534E-01-0.303191785E-01
-0.233063176E-01-0.155642433E-01-0.854366925E-02-0.201819930E-02 0.416532997E-02
 0.101083620E-01 0.158814527E-01 0.215344727E-01 0.271020178E-01 0.326066464E-01
 0.380610675E-01 0.434697755E-01 0.488302596E-01 0.541339889E-01 0.593672097E-01
 0.645116940E-01 0.695455596E-01 0.744441599E-01 0.791812241E-01 0.837301090E-01
 0.880652070E-01 0.921633467E-01 0.960051715E-01 0.995762199E-01 0.102867626E+00
 0.105876461E+00 0.108605541E+00 0.111062884E+00 0.113260813E+00 0.115214914E+00
-0.800856389E-02-0.197400134E-01-0.335181504E-01-0.501019731E-01-0.697633028E-01
-0.852668956E-01-0.948966742E-01-0.983396545E-01-0.953572094E-01-0.912873149E-01
-0.885505378E-01-0.872027576E-01-0.867593512E-01-0.866711438E-01-0.865093991E-01
-0.859825984E-01-0.848939866E-01-0.831114054E-01-0.805646479E-01-0.772734433E-01
-0.733967200E-01-0.692332610E-01-0.650951788E-01-0.611848310E-01-0.575957112E-01
-0.543604679E-01-0.514856540E-01-0.489670262E-01-0.467844568E-01-0.448134765E-01
-0.425438099E-01-0.396293923E-01-0.359879509E-01-0.315754451E-01-0.263592154E-01
-0.203554705E-01-0.139101595E-01-0.751371030E-02-0.125163712E-02 0.488880044E-02
 0.109346583E-01 0.169131197E-01 0.228472669E-01 0.287545919E-01 0.346464552E-01
 0.405279435E-01 0.463978387E-01 0.522486717E-01 0.580667742E-01 0.638323948E-01
 0.695199594E-01 0.750986189E-01 0.805331022E-01 0.857851207E-01 0.908152163E-01
 0.955850258E-01 0.100059785E+00 0.104210742E+00 0.108017154E+00 0.111467585E+00
 0.114560358E+00 0.117303036E+00 0.119711205E+00 0.121806614E+00 0.123615138E+00
-0.314703444E-02-0.142523507E-01-0.272991434E-01-0.428612679E-01-0.602878742E-01
-0.713409707E-01-0.750035271E-01-0.753631443E-01-0.750947893E-01-0.745969415E-01
-0.741732195E-01-0.739604756E-01-0.739296451E-01-0.739513934E-01-0.738663003E-01
-0.735282972E-01-0.728238076E-01-0.716793835E-01-0.700670779E-01-0.680097267E-01
-0.655811280E-01-0.628927127E-01-0.600661933E-01-0.572058186E-01-0.543838888E-01
-0.516393892E-01-0.489811711E-01-0.463881046E-01-0.438022278E-01-0.411190987E-01
-0.381983258E-01-0.349073522E-01-0.311560240E-01-0.269007254E-01-0.221434627E-01
-0.169387758E-01-0.113927806E-01-0.562639255E-02 0.270870689E-03 0.625018030E-02
 0.122901658E-01 0.183840096E-01 0.245313328E-01 0.307334382E-01 0.369904488E-01
 0.432994328E-01 0.496530533E-01 0.560384318E-01 0.624361821E-01 0.688195229E-01
 0.751536712E-01 0.813955814E-01 0.874944404E-01 0.933931917E-01 0.990312472E-01
 0.104348406E+00 0.109289534E+00 0.113809325E+00 0.117876247E+00 0.121475160E+00
 0.124607883E+00 0.127291933E+00 0.129557550E+00 0.131443769E+00 0.132994235E+00
 0.587649969E-02-0.335807540E-02-0.139851412E-01-0.258768965E-01-0.375669971E-01
-0.445565246E-01-0.494636521E-01-0.529505126E-01-0.554636121E-01-0.573273562E-01
-0.587717518E-01-0.599393807E-01-0.608949438E-01-0.616442002E-01-0.621576086E-01
-0.623919852E-01-0.623066276E-01-0.618739240E-01-0.610856451E-01-0.599554367E-01
-0.585172921E-01-0.568196662E-01-0.549163893E-01-0.528570525E-01-0.506795160E-01
-0.484054796E-01-0.460384041E-01-0.435625874E-01-0.409432985E-01-0.381294973E-01
-0.350611955E-01-0.316807218E-01-0.279436372E-01-0.238258634E-01-0.193267036E-01
-0.144682182E-01-0.928990915E-02-0.383876404E-02 0.184140773E-02 0.771640660E-02
 0.137627833E-01 0.199658368E-01 0.263166856E-01 0.328094661E-01 0.394389667E-01
 0.461985618E-01 0.530783534E-01 0.600632951E-01 0.671311691E-01 0.742504373E-01
 0.813779458E-01 0.884568915E-01 0.954156592E-01 0.102168553E+00 0.108619429E+00
 0.114668794E+00 0.120223537E+00 0.125207201E+00 0.129568622E+00 0.133287206E+00
 0.136374071E+00 0.138868615E+00 0.140831292E+00 0.142334342E+00 0.143452793E+00
 0.185334291E-01 0.119194286E-01 0.277246116E-02-0.679232972E-02-0.154856024E-01
-0.229296647E-01-0.290749762E-01-0.340913571E-01-0.381882973E-01-0.415556319E-01
-0.443469323E-01-0.466753691E-01-0.486154556E-01-0.502091311E-01-0.514744855E-01
-0.524151884E-01-0.530289710E-01-0.533142537E-01-0.532745197E-01-0.529203750E-01
-0.522694215E-01-0.513441525E-01-0.501686148E-01-0.487646386E-01-0.471485667E-01
-0.453289635E-01-0.433054529E-01-0.410684384E-01-0.385997705E-01-0.358747579E-01
-0.328655653E-01-0.295455530E-01-0.258935411E-01-0.218970552E-01-0.175539181E-01
-0.128719360E-01-0.786674302E-02-0.255836546E-02 0.303249317E-02 0.888736919E-02
 0.149916001E-01 0.213346109E-01 0.279093180E-01 0.347110517E-01 0.417362303E-01
 0.489808470E-01 0.564387441E-01 0.640994459E-01 0.719454065E-01 0.799483135E-01
 0.880642459E-01 0.962275788E-01 0.104344450E+00 0.112288006E+00 0.119900122E+00
 0.127004579E+00 0.133430913E+00 0.139039904E+00 0.143742248E+00 0.147508875E+00
 0.150374040E+00 0.152428344E+00 0.153799713E+00 0.154627994E+00 0.155044049E+00
 0.303752441E-01 0.255780555E-01 0.174974538E-01 0.863980036E-02 0.532706908E-03
-0.675685005E-02-0.132088298E-01-0.188557003E-01-0.237671584E-01-0.280277040E-01
-0.317201503E-01-0.349162668E-01-0.376728214E-01-0.400313213E-01-0.420201235E-01
-0.436577275E-01-0.449563749E-01-0.459252298E-01-0.465727150E-01-0.469078086E-01
-0.469402596E-01-0.466798991E-01-0.461353660E-01-0.453127287E-01-0.442145206E-01
-0.428396687E-01-0.411844291E-01-0.392426476E-01-0.370052755E-01-0.344608985E-01
-0.315970108E-01-0.284016561E-01-0.248651039E-01-0.209811889E-01-0.167480409E-01
-0.121680237E-01-0.724696275E-02-0.199280772E-02 0.358588644E-02 0.948136114E-02
 0.156876855E-01 0.222013276E-01 0.290213116E-01 0.361490436E-01 0.435878485E-01
 0.513422675E-01 0.594170243E-01 0.678154305E-01 0.765369162E-01 0.855729356E-01
 0.949001610E-01 0.104469158E+00 0.114185847E+00 0.123884007E+00 0.133296847E+00
 0.142069668E+00 0.149850637E+00 0.156375602E+00 0.161486283E+00 0.165132403E+00
 0.167391151E+00 0.168482572E+00 0.168713599E+00 0.168372199E+00 0.167677879E+00
 0.398648866E-01 0.361502059E-01 0.287821442E-01 0.205270760E-01 0.128221335E-01
 0.570347207E-02-0.809243997E-03-0.671963021E-02-0.120504256E-01-0.168367233E-01
-0.211189538E-01-0.249372683E-01-0.283278860E-01-0.313213058E-01-0.339419246E-01
-0.362086482E-01-0.381359421E-01-0.397349484E-01-0.410143882E-01-0.419810042E-01
-0.426394828E-01-0.429918654E-01-0.430366099E-01-0.427675731E-01-0.421736464E-01
-0.412407778E-01-0.399607942E-01-0.383324027E-01-0.363535546E-01-0.340210572E-01
-0.313314088E-01-0.282809902E-01-0.248665567E-01-0.210857727E-01-0.169375595E-01
-0.124221705E-01-0.754092075E-02-0.229564239E-02 0.331202336E-02 0.928138942E-02
 0.156134367E-01 0.223114211E-01 0.293813758E-01 0.368325114E-01 0.446775705E-01
 0.529331341E-01 0.616199113E-01 0.707629099E-01 0.803913325E-01 0.905377120E-01
 0.101235278E+00 0.112510860E+00 0.124366999E+00 0.136738569E+00 0.149364173E+00
 0.161148876E+00 0.171157584E+00 0.179093897E+00 0.184757769E+00 0.188001901E+00
 0.188757747E+00 0.187531978E+00 0.185539320E+00 0.183252558E+00 0.180915967E+00
 0.472079255E-01 0.441495143E-01 0.374269560E-01 0.296420380E-01 0.222638585E-01
 0.153257651E-01 0.884714443E-02 0.283412379E-02-0.271812128E-02-0.782254338E-02
-0.124972155E-01-0.167625621E-01-0.206391513E-01-0.241461806E-01-0.273006260E-01
-0.301168989E-01-0.326068588E-01-0.347799361E-01-0.366432071E-01-0.382012688E-01
-0.394557267E-01-0.404041633E-01-0.410383120E-01-0.413409323E-01-0.412801243E-01
-0.407976508E-01-0.398778804E-01-0.385514572E-01-0.368246362E-01-0.346990973E-01
-0.321795344E-01-0.292686373E-01-0.259676594E-01-0.222767759E-01-0.181955770E-01
-0.137232989E-01-0.885886699E-02-0.360068167E-02 0.205374765E-02 0.810829829E-02
 0.145688131E-01 0.214437563E-01 0.287449323E-01 0.364883393E-01 0.446951762E-01
 0.533931889E-01 0.626184046E-01 0.724175796E-01 0.828517079E-01 0.940011442E-01
 0.105973676E+00 0.118917927E+00 0.133048445E+00 0.148702547E+00 0.166149467E+00
 0.182115972E+00 0.195076674E+00 0.204954505E+00 0.211586580E+00 0.214579284E+00
 0.213784486E+00 0.208761334E+00 0.203109577E+00 0.198072121E+00 0.193674609E+00
 0.528378896E-01 0.502006114E-01 0.439450182E-01 0.365199409E-01 0.294134561E-01
 0.226534735E-01 0.162519254E-01 0.102155302E-01 0.454622367E-02-0.758405076E-03
-0.570431026E-02-0.102999359E-01-0.145551339E-01-0.184802152E-01-0.220852271E-01
-0.253794640E-01-0.283711590E-01-0.310672950E-01-0.334734470E-01-0.355935581E-01
-0.374295525E-01-0.389807038E-01-0.402426869E-01-0.412066542E-01-0.418600440E-01
-0.418568812E-01-0.411638692E-01-0.400945209E-01-0.385921746E-01-0.366363525E-01
-0.342575684E-01-0.314625986E-01-0.282557216E-01-0.246378221E-01-0.206081979E-01
-0.161650106E-01-0.113055035E-01-0.602596626E-02-0.321505358E-03 0.581434090E-02
 0.123901200E-01 0.194171295E-01 0.269102342E-01 0.348889232E-01 0.433786474E-01
 0.524126552E-01 0.620344765E-01 0.723015219E-01 0.832902491E-01 0.951040238E-01
 0.107885219E+00 0.121834479E+00 0.137241438E+00 0.154527664E+00 0.174264595E+00
 0.194387928E+00 0.210489601E+00 0.222476155E+00 0.230410755E+00 0.234223366E+00
 0.233352512E+00 0.227501914E+00 0.218110740E+00 0.210383937E+00 0.204134345E+00
 0.570546724E-01 0.547324754E-01 0.486123152E-01 0.414783470E-01 0.346377082E-01
 0.280682370E-01 0.217713788E-01 0.157542583E-01 0.100240121E-01 0.458548358E-02
-0.559295993E-03-0.541082909E-02-0.997158326E-02-0.142453676E-01-0.182367750E-01
-0.219507422E-01-0.253922399E-01-0.285660867E-01-0.314768814E-01-0.341290385E-01
-0.365268588E-01-0.386743955E-01-0.405742638E-01-0.422229245E-01-0.433017462E-01
-0.438031889E-01-0.437269956E-01-0.430921838E-01-0.418621562E-01-0.399443246E-01
-0.376605056E-01-0.349454880E-01-0.318093970E-01-0.282473005E-01-0.242565088E-01
-0.198331997E-01-0.149730509E-01-0.967098866E-02-0.392098911E-02 0.228426536E-02
 0.895385072E-02 0.160992015E-01 0.237348583E-01 0.318794139E-01 0.405567177E-01
 0.497974493E-01 0.596412271E-01 0.701394677E-01 0.813592970E-01 0.933888853E-01
 0.106344745E+00 0.120381005E+00 0.135700405E+00 0.152564526E+00 0.171300814E+00
 0.192195311E+00 0.210307702E+00 0.223952159E+00 0.233264700E+00 0.238284871E+00
 0.239120454E+00 0.235197797E+00 0.226413131E+00 0.217290193E+00 0.210279614E+00
 0.593052320E-01 0.569476262E-01 0.513732247E-01 0.447496474E-01 0.382554010E-01
 0.319009349E-01 0.257189032E-01 0.197343547E-01 0.139652435E-01 0.842408929E-02
 0.311921514E-02-0.194431236E-02-0.676392019E-02-0.113388924E-01-0.156698506E-01
-0.197583474E-01-0.236065965E-01-0.272173304E-01-0.305939279E-01-0.337409265E-01
-0.366654061E-01-0.393802114E-01-0.419114493E-01-0.439214930E-01-0.453976877E-01
-0.463316254E-01-0.467156060E-01-0.465398654E-01-0.457848534E-01-0.444250554E-01
-0.424464494E-01-0.397537760E-01-0.366849825E-01-0.331676230E-01-0.292089432E-01
-0.248008836E-01-0.199383628E-01-0.146155842E-01-0.882654358E-02-0.256460486E-02
 0.417785952E-02 0.114099514E-01 0.191428028E-01 0.273901913E-01 0.361692198E-01
 0.455011465E-01 0.554123558E-01 0.659354851E-01 0.771106482E-01 0.889866576E-01
 0.101621829E+00 0.115083925E+00 0.129448459E+00 0.144795462E+00 0.161209270E+00
 0.178812712E+00 0.196707696E+00 0.210285246E+00 0.220089078E+00 0.226401702E+00
 0.229083911E+00 0.228411362E+00 0.223903790E+00 0.216443062E+00 0.210768804E+00
 0.611177497E-01 0.586338118E-01 0.532763936E-01 0.470078625E-01 0.407277271E-01
 0.345024131E-01 0.283835903E-01 0.224044453E-01 0.165874287E-01 0.109483032E-01
 0.549825095E-02 0.245097268E-03-0.480585871E-02-0.965123903E-02-0.142891090E-01
-0.187185835E-01-0.229394902E-01-0.269520450E-01-0.307565071E-01-0.343527086E-01
-0.377392583E-01-0.409118198E-01-0.438584015E-01-0.462508537E-01-0.481109843E-01
-0.494439751E-01-0.502456017E-01-0.505050793E-01-0.502059124E-01-0.493272580E-01
-0.478453599E-01-0.457307063E-01-0.429655351E-01-0.394455828E-01-0.355265737E-01
-0.311309658E-01-0.262660608E-01-0.209235344E-01-0.150988447E-01-0.878724270E-02
-0.198419392E-02 0.531521626E-02 0.131166941E-01 0.214269012E-01 0.302534923E-01
 0.396050587E-01 0.494909286E-01 0.599207021E-01 0.709031969E-01 0.824444965E-01
 0.945443064E-01 0.107189544E+00 0.120342977E+00 0.133922726E+00 0.147761837E+00
 0.161520496E+00 0.174531296E+00 0.185921937E+00 0.195163801E+00 0.202078789E+00
 0.206644982E+00 0.208954051E+00 0.209275678E+00 0.208216995E+00 0.206638798E+00
 0.630119368E-01 0.606666766E-01 0.550626963E-01 0.486575589E-01 0.423383042E-01
 0.361042172E-01 0.299692862E-01 0.239498559E-01 0.180607978E-01 0.123144845E-01
 0.672080182E-02 0.128744589E-02-0.397973042E-02-0.907639507E-02-0.139994463E-01
-0.187467430E-01-0.233168304E-01-0.277085826E-01-0.319207124E-01-0.359510332E-01
-0.397956334E-01-0.434492603E-01-0.466178991E-01-0.492984019E-01-0.514888242E-01
-0.531837903E-01-0.543735102E-01-0.550438613E-01-0.551767834E-01-0.547508188E-01
-0.537416339E-01-0.521222837E-01-0.498639494E-01-0.469326191E-01-0.433074869E-01
-0.388765894E-01-0.340175331E-01-0.286503676E-01-0.227862094E-01-0.164207146E-01
-0.955452584E-02-0.218836055E-02 0.567750260E-02 0.140424827E-01 0.229049213E-01
 0.322613120E-01 0.421053953E-01 0.524268523E-01 0.632093400E-01 0.744274780E-01
 0.860423520E-01 0.979947895E-01 0.110195726E+00 0.122512907E+00 0.134754613E+00
 0.146656975E+00 0.157893404E+00 0.168126300E+00 0.177080318E+00 0.184585810E+00
 0.190584794E+00 0.195127279E+00 0.198369473E+00 0.200558230E+00 0.201977506E+00
 0.636488795E-01 0.613044761E-01 0.558336824E-01 0.493979715E-01 0.430353470E-01
 0.367567986E-01 0.305699017E-01 0.244829711E-01 0.185044333E-01 0.126422253E-01
 0.690346444E-02 0.129430217E-02-0.418009842E-02-0.951553229E-02-0.147087108E-01
-0.197572317E-01-0.246595610E-01-0.294149667E-01-0.340231247E-01-0.384825766E-01
-0.427854881E-01-0.466420427E-01-0.500543192E-01-0.530192554E-01-0.555300377E-01
-0.575761087E-01-0.591431819E-01-0.602134466E-01-0.607659183E-01-0.607768595E-01
-0.602202453E-01-0.590681434E-01-0.572910383E-01-0.548578911E-01-0.517368503E-01
-0.478915833E-01-0.433008559E-01-0.378476307E-01-0.319382362E-01-0.254959632E-01
-0.185441766E-01-0.110910442E-01-0.314024254E-02 0.530306110E-02 0.142304394E-01
 0.236292537E-01 0.334818289E-01 0.437643230E-01 0.544450060E-01 0.654818118E-01
 0.768191442E-01 0.883838534E-01 0.100080691E+00 0.111788116E+00 0.123356089E+00
 0.134608760E+00 0.145355254E+00 0.155408502E+00 0.164607510E+00 0.172835574E+00
 0.180030525E+00 0.186187208E+00 0.191352844E+00 0.195614889E+00 0.199082032E+00
 0.635979399E-01 0.612386130E-01 0.556836538E-01 0.492090359E-01 0.428074114E-01
 0.364826620E-01 0.302382074E-01 0.240776557E-01 0.180051439E-01 0.120252240E-01
 0.614258414E-02 0.361799524E-03-0.531284651E-02-0.108774863E-01-0.163287912E-01
-0.216641854E-01-0.268823300E-01-0.319842584E-01-0.369760431E-01-0.418751873E-01
-0.463693514E-01-0.504570752E-01-0.541366450E-01-0.574027821E-01-0.602458641E-01
-0.626519397E-01-0.646030381E-01-0.660776496E-01-0.670512244E-01-0.674967468E-01
-0.673852712E-01-0.666864663E-01-0.653690249E-01-0.634010062E-01-0.607500523E-01
-0.573832989E-01-0.532680266E-01-0.483678617E-01-0.426643007E-01-0.360410288E-01
-0.289547928E-01-0.213827509E-01-0.133107202E-01-0.474235602E-02 0.431029638E-02
 0.138280652E-01 0.237855650E-01 0.341510847E-01 0.448856391E-01 0.559414327E-01
 0.672600493E-01 0.787705258E-01 0.903877467E-01 0.102011725E+00 0.113528408E+00
 0.124812856E+00 0.135735095E+00 0.146168128E+00 0.155996859E+00 0.165125757E+00
 0.173484236E+00 0.181028739E+00 0.187741548E+00 0.193626806E+00 0.198704794E+00
 0.626849011E-01 0.602648892E-01 0.546084270E-01 0.481006503E-01 0.416733809E-01
 0.353167020E-01 0.290260371E-01 0.227998421E-01 0.166390073E-01 0.105459476E-01
 0.452390686E-02-0.142347172E-02-0.729236566E-02-0.130788423E-01-0.187788103E-01
-0.243878625E-01-0.299009439E-01-0.353116132E-01-0.406102426E-01-0.457794182E-01
-0.505305715E-01-0.548909977E-01-0.588697493E-01-0.624644645E-01-0.656647161E-01
-0.684538707E-01-0.708102956E-01-0.727083161E-01-0.741190165E-01-0.750110522E-01
-0.753513575E-01-0.751058385E-01-0.742399916E-01-0.727193356E-01-0.705097094E-01
-0.675771832E-01-0.638875663E-01-0.594048277E-01-0.540886633E-01-0.478835702E-01
-0.407256261E-01-0.330664739E-01-0.248422306E-01-0.160891861E-01-0.682785176E-02
 0.291253719E-02 0.130990203E-01 0.236951597E-01 0.346598886E-01 0.459460765E-01
 0.574992411E-01 0.692565292E-01 0.811461061E-01 0.930871889E-01 0.104990736E+00
 0.116761155E+00 0.128298849E+00 0.139503285E+00 0.150276378E+00 0.160525322E+00
 0.170164898E+00 0.179118872E+00 0.187320918E+00 0.194715440E+00 0.201258555E+00
 0.606676377E-01 0.581052899E-01 0.525318719E-01 0.460562482E-01 0.396583416E-01
 0.333101451E-01 0.269995574E-01 0.207242668E-01 0.144857811E-01 0.828696880E-02
 0.213114824E-02-0.397822168E-02-0.100375609E-01-0.160430409E-01-0.219903532E-01
-0.278743822E-01-0.336888768E-01-0.394261517E-01-0.450767577E-01-0.503830947E-01
-0.553512126E-01-0.599851012E-01-0.642824993E-01-0.682341382E-01-0.718241334E-01
-0.750306472E-01-0.778267607E-01-0.801812857E-01-0.820596814E-01-0.834249258E-01
-0.842384323E-01-0.844609588E-01-0.840534419E-01-0.829777047E-01-0.811970532E-01
-0.786766484E-01-0.753836557E-01-0.712871999E-01-0.663584173E-01-0.605712384E-01
-0.539074652E-01-0.463671051E-01-0.378416553E-01-0.288128927E-01-0.192227326E-01
-0.912843365E-02 0.142852589E-02 0.124110198E-01 0.237809066E-01 0.354962610E-01
 0.475101061E-01 0.597698539E-01 0.722170547E-01 0.847873688E-01 0.974106640E-01
 0.110011265E+00 0.122508161E+00 0.134815067E+00 0.146840304E+00 0.158486173E+00
 0.169648409E+00 0.180216029E+00 0.190072477E+00 0.199099377E+00 0.207183361E+00
 0.575580671E-01 0.546997078E-01 0.492907204E-01 0.431132503E-01 0.368618183E-01
 0.305693615E-01 0.242594983E-01 0.179456137E-01 0.116361054E-01 0.533666601E-02
-0.948576373E-03-0.721637206E-02-0.134638604E-01-0.196881294E-01-0.258856993E-01
-0.320518874E-01-0.381801724E-01-0.442626439E-01-0.500483736E-01-0.555508286E-01
-0.607751943E-01-0.657196939E-01-0.703756735E-01-0.747276247E-01-0.787535310E-01
-0.824253261E-01-0.857095718E-01-0.885682926E-01-0.909598693E-01-0.928401053E-01
-0.941632912E-01-0.948833823E-01-0.949550793E-01-0.943349004E-01-0.929821059E-01
-0.908594355E-01-0.879336894E-01-0.841760412E-01-0.795622021E-01-0.740724877E-01
-0.676916614E-01-0.604074150E-01-0.522042960E-01-0.430865474E-01-0.329461880E-01
-0.223353505E-01-0.112629738E-01 0.252355036E-03 0.121852420E-01 0.245034136E-01
 0.371693373E-01 0.501414277E-01 0.633746162E-01 0.768204257E-01 0.904265642E-01
 0.104136094E+00 0.117885955E+00 0.131604612E+00 0.145208746E+00 0.158598602E+00
 0.171652615E+00 0.184222087E+00 0.196128234E+00 0.207165569E+00 0.217115253E+00
 0.543743744E-01 0.512966700E-01 0.459071659E-01 0.397805311E-01 0.335590430E-01
 0.272680223E-01 0.209327601E-01 0.145686930E-01 0.818469562E-02 0.178577006E-02
-0.462534931E-02-0.110472515E-01-0.174792856E-01-0.239211619E-01-0.303724036E-01
-0.368308462E-01-0.432879627E-01-0.494949445E-01-0.554702543E-01-0.612239838E-01
-0.667581335E-01-0.720668584E-01-0.771366358E-01-0.819464624E-01-0.864681751E-01
-0.906669348E-01-0.945018828E-01-0.979270041E-01-0.100892171E+00-0.103344314E+00
-0.105228782E+00-0.106490754E+00-0.107076682E+00-0.106935725E+00-0.106021017E+00
-0.104290739E+00-0.101708978E+00-0.982461125E-01-0.938788727E-01-0.885897726E-01
-0.823658854E-01-0.751965195E-01-0.670696124E-01-0.579673164E-01-0.478526987E-01
-0.366787873E-01-0.250113271E-01-0.128607228E-01-0.239620902E-03 0.128234206E-01
 0.262958612E-01 0.401449353E-01 0.543385632E-01 0.688451976E-01 0.836330429E-01
 0.986686423E-01 0.113914527E+00 0.129325390E+00 0.144842193E+00 0.160383046E+00
 0.175830022E+00 0.191011176E+00 0.205679238E+00 0.219495744E+00 0.232042477E+00
 0.512344502E-01 0.480214730E-01 0.424797833E-01 0.361876227E-01 0.298599582E-01
 0.234973989E-01 0.171010997E-01 0.106724203E-01 0.421159435E-02-0.228231843E-02
-0.881107245E-02-0.153769488E-01-0.219828151E-01-0.286328588E-01-0.353347510E-01
-0.421050638E-01-0.486758649E-01-0.550652295E-01-0.612877272E-01-0.673510134E-01
-0.732545704E-01-0.789893270E-01-0.845375806E-01-0.898731276E-01-0.949615762E-01
-0.997607708E-01-0.104221538E+00-0.108288579E+00-0.111901671E+00-0.114997052E+00
-0.117509037E+00-0.119371824E+00-0.120521285E+00-0.120896883E+00-0.120443322E+00
-0.119112097E+00-0.116862580E+00-0.113662735E+00-0.109489188E+00-0.104326680E+00
-0.981667414E-01-0.910055563E-01-0.828409120E-01-0.736684278E-01-0.634767637E-01
-0.522437729E-01-0.399289541E-01-0.270837173E-01-0.136599671E-01 0.274787482E-03
 0.146795791E-01 0.295271873E-01 0.447989888E-01 0.604828633E-01 0.765720829E-01
 0.930643305E-01 0.109960087E+00 0.127259791E+00 0.144958645E+00 0.163037166E+00
 0.181444123E+00 0.200065598E+00 0.218667865E+00 0.236791119E+00 0.253571928E+00
 0.476553068E-01 0.442900807E-01 0.384920388E-01 0.320754237E-01 0.256576929E-01
 0.192284770E-01 0.127782878E-01 0.629716692E-02-0.224457515E-03-0.679523777E-02
-0.134225357E-01-0.201121047E-01-0.268677007E-01-0.336904339E-01-0.405773036E-01
-0.475173853E-01-0.542822406E-01-0.609154701E-01-0.674416721E-01-0.738717094E-01
-0.802049339E-01-0.864301100E-01-0.925258100E-01-0.984607339E-01-0.104193948E+00
-0.109675407E+00-0.114846639E+00-0.119641721E+00-0.123988666E+00-0.127811000E+00
-0.131029755E+00-0.133565649E+00-0.135341436E+00-0.136284292E+00-0.136328027E+00
-0.135415241E+00-0.133498788E+00-0.130542904E+00-0.126523584E+00-0.121428214E+00
-0.115254357E+00-0.108007908E+00-0.997004956E-01-0.903467014E-01-0.799613222E-01
-0.685580298E-01-0.561508425E-01-0.427634083E-01-0.282806102E-01-0.133145675E-01
 0.213160738E-02 0.180549268E-01 0.344579034E-01 0.513517000E-01 0.687580630E-01
 0.867108405E-01 0.105257437E+00 0.124460243E+00 0.144397736E+00 0.165164873E+00
 0.186871111E+00 0.209633172E+00 0.233549714E+00 0.258579612E+00 0.283271253E+00
 0.432221964E-01 0.396573432E-01 0.338124409E-01 0.273159146E-01 0.208558366E-01
 0.144112222E-01 0.795743242E-02 0.147071306E-02-0.506984163E-02-0.116816200E-01
-0.183784384E-01-0.251706075E-01-0.320648178E-01-0.390638970E-01-0.461673029E-01
-0.531724058E-01-0.601083003E-01-0.669998676E-01-0.738635361E-01-0.807058364E-01
-0.875228420E-01-0.942998379E-01-0.101011105E+00-0.107619800E+00-0.114078015E+00
-0.120327100E+00-0.126298264E+00-0.131913647E+00-0.137087733E+00-0.141729251E+00
-0.145743549E+00-0.149035260E+00-0.151511163E+00-0.153083384E+00-0.153672203E+00
-0.153208882E+00-0.151637852E+00-0.148918226E+00-0.145024627E+00-0.139946938E+00
-0.133689240E+00-0.126267686E+00-0.117707610E+00-0.108039983E+00-0.972971842E-01
-0.855083093E-01-0.726931766E-01-0.588533394E-01-0.439541601E-01-0.279317219E-01
-0.114197312E-01 0.558414636E-02 0.230927207E-01 0.411339551E-01 0.597530790E-01
 0.790153146E-01 0.990101770E-01 0.119857773E+00 0.141718015E+00 0.164804012E+00
 0.189403087E+00 0.215912104E+00 0.244907781E+00 0.277306169E+00 0.311482757E+00
 0.379719958E-01 0.341835618E-01 0.282506738E-01 0.217525139E-01 0.153563321E-01
 0.900639221E-02 0.264975266E-02-0.375652430E-02-0.102455737E-01-0.168426502E-01
-0.235670898E-01-0.304336324E-01-0.374524370E-01-0.446259081E-01-0.517532304E-01
-0.588718168E-01-0.660111159E-01-0.731929392E-01-0.804305822E-01-0.877277777E-01
-0.950778052E-01-0.102462672E+00-0.109852418E+00-0.117204636E+00-0.124464206E+00
-0.131563351E+00-0.138422146E+00-0.144949540E+00-0.151044860E+00-0.156600058E+00
-0.161502346E+00-0.165637553E+00-0.168893665E+00-0.171164781E+00-0.172354817E+00
-0.172381207E+00-0.171177745E+00-0.168696940E+00-0.164911106E+00-0.159812436E+00
-0.153411806E+00-0.145736441E+00-0.136826411E+00-0.126730189E+00-0.115499437E+00
-0.103183046E+00-0.898205861E-01-0.754349902E-01-0.600251667E-01-0.435609333E-01
-0.259768162E-01-0.792256370E-02 0.106090559E-01 0.296563152E-01 0.492793508E-01
 0.695610866E-01 0.906127691E-01 0.112582877E+00 0.135669976E+00 0.160141125E+00
 0.186358005E+00 0.214812204E+00 0.246166512E+00 0.281282425E+00 0.319292605E+00
 0.315655842E-01 0.275043845E-01 0.214238036E-01 0.151564581E-01 0.907406304E-02
 0.302949804E-02-0.306666200E-02-0.926941819E-02-0.156144518E-01-0.221267585E-01
-0.288259685E-01-0.357308872E-01-0.428659357E-01-0.500087216E-01-0.571960211E-01
-0.644621849E-01-0.718358159E-01-0.793380961E-01-0.869815648E-01-0.947688967E-01
-0.102691814E+00-0.110729888E+00-0.118849561E+00-0.127003223E+00-0.135128662E+00
-0.143148854E+00-0.150972202E+00-0.158493564E+00-0.165595815E+00-0.172152266E+00
-0.178029880E+00-0.183093116E+00-0.187208384E+00-0.190248862E+00-0.192099318E+00
-0.192660674E+00-0.191854015E+00-0.189623520E+00-0.185938269E+00-0.180792525E+00
-0.174204499E+00-0.166213691E+00-0.156876698E+00-0.146262065E+00-0.134444043E+00
-0.121495821E+00-0.107482485E+00-0.924538225E-01-0.764377117E-01-0.594347157E-01
-0.414151214E-01-0.223219916E-01-0.288706762E-02 0.169722699E-01 0.373293199E-01
 0.582670495E-01 0.798895657E-01 0.102331884E+00 0.125771135E+00 0.150441751E+00
 0.176657319E+00 0.204843938E+00 0.235592037E+00 0.269731402E+00 0.306669712E+00
 0.224297512E-01 0.176490042E-01 0.125662833E-01 0.740217324E-02 0.213900208E-02
-0.330407685E-02-0.895765983E-02-0.148380678E-01-0.209559500E-01-0.273187421E-01
-0.339310504E-01-0.407936536E-01-0.479010567E-01-0.550663248E-01-0.623465851E-01
-0.697846413E-01-0.774129108E-01-0.852544829E-01-0.933228582E-01-0.101621062E+00
-0.110140353E+00-0.118858896E+00-0.127740353E+00-0.136732623E+00-0.145766899E+00
-0.154757112E+00-0.163599998E+00-0.172175854E+00-0.180350274E+00-0.187976688E+00
-0.194900110E+00-0.200961560E+00-0.206003502E+00-0.209875658E+00-0.212441012E+00
-0.213581651E+00-0.213203773E+00-0.211241707E+00-0.207660273E+00-0.202455550E+00
-0.195653543E+00-0.187307194E+00-0.177491531E+00-0.166297585E+00-0.153825119E+00
-0.140174776E+00-0.125439852E+00-0.109697841E+00-0.930014029E-01-0.753682405E-01
-0.567670204E-01-0.370935984E-01-0.170381460E-01 0.338783837E-02 0.242039226E-01
 0.454537459E-01 0.672017708E-01 0.895328969E-01 0.112553947E+00 0.136396483E+00
 0.161220789E+00 0.187222794E+00 0.214651242E+00 0.243884757E+00 0.274917781E+00
 0.126886256E-01 0.696267420E-02 0.327711063E-02-0.363022496E-03-0.464775134E-02
-0.941364095E-02-0.145815592E-01-0.201123636E-01-0.259858947E-01-0.321914479E-01
-0.387222283E-01-0.455693640E-01-0.525509343E-01-0.597038530E-01-0.670666918E-01
-0.746748596E-01-0.825582296E-01-0.907395184E-01-0.992327034E-01-0.108041443E+00
-0.117157266E+00-0.126557752E+00-0.136204690E+00-0.146042362E+00-0.155996203E+00
-0.165971786E+00-0.175854608E+00-0.185510710E+00-0.194788218E+00-0.203520283E+00
-0.211529061E+00-0.218630925E+00-0.224642828E+00-0.229389191E+00-0.232709348E+00
-0.234464526E+00-0.234544381E+00-0.232871890E+00-0.229406714E+00-0.224146277E+00
-0.217124552E+00-0.208408669E+00-0.198093429E+00-0.186294183E+00-0.173138648E+00
-0.158757940E+00-0.143277675E+00-0.126809165E+00-0.109441414E+00-0.912338048E-01
-0.722105503E-01-0.523584746E-01-0.316340625E-01-0.107026491E-01 0.104275867E-01
 0.317734033E-01 0.533617884E-01 0.752230138E-01 0.973847359E-01 0.119863391E+00
 0.142648771E+00 0.165673926E+00 0.188751817E+00 0.211436301E+00 0.232791916E+00
 0.615269272E-02 0.970008550E-04-0.327765197E-02-0.648122048E-02-0.102885533E-01
-0.146288313E-01-0.194481350E-01-0.247088429E-01-0.303873848E-01-0.364722125E-01
-0.429651961E-01-0.496494211E-01-0.565542504E-01-0.637140200E-01-0.711641759E-01
-0.789383501E-01-0.870660618E-01-0.955707207E-01-0.104467563E+00-0.113761626E+00
-0.123445518E+00-0.133497149E+00-0.143877417E+00-0.154528111E+00-0.165369973E+00
-0.176301390E+00-0.187197715E+00-0.197911650E+00-0.208274767E+00-0.218100473E+00
-0.227188379E+00-0.235330254E+00-0.242317155E+00-0.247947648E+00-0.252036482E+00
-0.254423112E+00-0.254979461E+00-0.253616154E+00-0.250286728E+00-0.244989321E+00
-0.237765417E+00-0.228696242E+00-0.217896506E+00-0.205506325E+00-0.191681862E+00
-0.176585451E+00-0.160375595E+00-0.143197805E+00-0.125176325E+00-0.106407464E+00
-0.869547799E-01-0.668467209E-01-0.460777953E-01-0.246142782E-01-0.323209888E-02
 0.181108527E-01 0.394278690E-01 0.607135408E-01 0.819426030E-01 0.103062034E+00
 0.123976953E+00 0.144529417E+00 0.164470732E+00 0.183436260E+00 0.200949222E+00
 0.203981390E-02-0.416338118E-02-0.773168821E-02-0.108405156E-01-0.144742234E-01
-0.186167117E-01-0.232457425E-01-0.283410139E-01-0.338853411E-01-0.398623794E-01
-0.462490432E-01-0.528543890E-01-0.597286858E-01-0.669154450E-01-0.744543821E-01
-0.823816806E-01-0.907290131E-01-0.995219499E-01-0.108778030E+00-0.118504487E+00
-0.128695816E+00-0.139331132E+00-0.150371462E+00-0.161757246E+00-0.173405930E+00
-0.185210198E+00-0.197036967E+00-0.208727449E+00-0.220098481E+00-0.230945602E+00
-0.241047680E+00-0.250173390E+00-0.258089304E+00-0.264569134E+00-0.269403696E+00
-0.272410929E+00-0.273444951E+00-0.272403598E+00-0.269233614E+00-0.263932765E+00
-0.256549001E+00-0.247176290E+00-0.235947788E+00-0.223026872E+00-0.208596513E+00
-0.192848310E+00-0.175971344E+00-0.158142105E+00-0.139515266E+00-0.120215945E+00
-0.100332811E+00-0.799110085E-01-0.589422695E-01-0.373456702E-01-0.158769116E-01
 0.539956335E-02 0.264455192E-01 0.472217537E-01 0.676750392E-01 0.877290890E-01
 0.107276343E+00 0.126170322E+00 0.144220769E+00 0.161195830E+00 0.176836476E+00
-0.688303786E-03-0.699637225E-02-0.105667384E-01-0.136612821E-01-0.172439236E-01
-0.213113613E-01-0.258577261E-01-0.308783073E-01-0.363722891E-01-0.423461013E-01
-0.485830717E-01-0.551079698E-01-0.619563051E-01-0.691671520E-01-0.767798051E-01
-0.848316774E-01-0.933564454E-01-0.102382101E+00-0.111928783E+00-0.122006319E+00
-0.132611543E+00-0.143725410E+00-0.155309945E+00-0.167305335E+00-0.179627195E+00
-0.192164361E+00-0.204777569E+00-0.217299059E+00-0.229533911E+00-0.241262972E+00
-0.252247691E+00-0.262237102E+00-0.270976514E+00-0.278217733E+00-0.283730179E+00
-0.287312150E+00-0.288801223E+00-0.288082927E+00-0.285096705E+00-0.279838890E+00
-0.272361845E+00-0.262769699E+00-0.251211017E+00-0.237868741E+00-0.222948849E+00
-0.206668049E+00-0.189241916E+00-0.170873776E+00-0.151745230E+00-0.132008329E+00
-0.111779809E+00-0.911374241E-01-0.701195598E-01-0.487313867E-01-0.269681290E-01
-0.564591493E-02 0.152420281E-01 0.356685109E-01 0.555837974E-01 0.749176517E-01
 0.935786590E-01 0.111453831E+00 0.128410414E+00 0.144301340E+00 0.158975229E+00
-0.208940683E-02-0.844761636E-02-0.119685121E-01-0.150846904E-01-0.186740514E-01
-0.227274075E-01-0.272434130E-01-0.322245434E-01-0.376757756E-01-0.436034240E-01
-0.497892722E-01-0.562789775E-01-0.631165802E-01-0.703453943E-01-0.780075565E-01
-0.861428976E-01-0.947875157E-01-0.103971899E+00-0.113718763E+00-0.124040522E+00
-0.134936437E+00-0.146389589E+00-0.158363581E+00-0.170799345E+00-0.183612093E+00
-0.196688831E+00-0.209886640E+00-0.223032147E+00-0.235922471E+00-0.248328194E+00
-0.259998232E+00-0.270667076E+00-0.280063957E+00-0.287923694E+00-0.293998897E+00
-0.298071891E+00-0.299966335E+00-0.299556881E+00-0.296775877E+00-0.291616827E+00
-0.284133971E+00-0.274437845E+00-0.262687445E+00-0.249079883E+00-0.233837962E+00
-0.217197224E+00-0.199393228E+00-0.180649817E+00-0.161169082E+00-0.141123235E+00
-0.120648235E+00-0.998390093E-01-0.787447467E-01-0.573618636E-01-0.356173739E-01
-0.143043222E-01 0.649095559E-02 0.267119687E-01 0.463050567E-01 0.652086958E-01
 0.833497941E-01 0.100643665E+00 0.116996422E+00 0.132309675E+00 0.146486998E+00
-0.194178289E-02-0.824017078E-02-0.119635435E-01-0.151916333E-01-0.188477449E-01
-0.229234491E-01-0.274308305E-01-0.323853157E-01-0.378014632E-01-0.436924249E-01
-0.498463362E-01-0.563122146E-01-0.631367341E-01-0.703654140E-01-0.780423284E-01
-0.862092078E-01-0.949040353E-01-0.104159273E+00-0.113999680E+00-0.124439791E+00
-0.135481015E+00-0.147108465E+00-0.159287617E+00-0.171960905E+00-0.185044467E+00
-0.198425531E+00-0.211960346E+00-0.225473523E+00-0.238758817E+00-0.251581848E+00
-0.263685048E+00-0.274794936E+00-0.284631431E+00-0.292919129E+00-0.299399853E+00
-0.303845346E+00-0.306069463E+00-0.305938333E+00-0.303377897E+00-0.298377723E+00
-0.290990800E+00-0.281329274E+00-0.269556642E+00-0.255876809E+00-0.240521535E+00
-0.223736972E+00-0.205770373E+00-0.186858118E+00-0.167215422E+00-0.147028193E+00
-0.126447290E+00-0.105585001E+00-0.845140442E-01-0.632696822E-01-0.418579057E-01
-0.202790499E-01 0.590788899E-03 0.207626056E-01 0.402170569E-01 0.589145869E-01
 0.768008381E-01 0.938107595E-01 0.109872736E+00 0.124913208E+00 0.138861880E+00
-0.479393435E-03-0.650471030E-02-0.106902681E-01-0.142181646E-01-0.179359894E-01
-0.220039636E-01-0.264762919E-01-0.313835256E-01-0.367489420E-01-0.425962023E-01
-0.487251654E-01-0.551694520E-01-0.619714335E-01-0.691759363E-01-0.768275037E-01
-0.849686414E-01-0.936382711E-01-0.102869876E+00-0.112689398E+00-0.123112716E+00
-0.134142771E+00-0.145766422E+00-0.157951012E+00-0.170641020E+00-0.183754757E+00
-0.197181553E+00-0.210779682E+00-0.224375576E+00-0.237764403E+00-0.250712693E+00
-0.262963057E+00-0.274241418E+00-0.284266084E+00-0.292759240E+00-0.299459308E+00
-0.304133803E+00-0.306591719E+00-0.306694090E+00-0.304361582E+00-0.299578846E+00
-0.292394519E+00-0.282917261E+00-0.271308035E+00-0.257769525E+00-0.242533326E+00
-0.225846604E+00-0.207958728E+00-0.189109042E+00-0.169516593E+00-0.149371803E+00
-0.128830656E+00-0.108010992E+00-0.869908556E-01-0.658077970E-01-0.444572717E-01
-0.228835158E-01-0.201641652E-02 0.181377456E-01 0.375573151E-01 0.562050268E-01
 0.740304142E-01 0.909731835E-01 0.106967181E+00 0.121944875E+00 0.135842204E+00
 0.264035712E-03-0.592653174E-02-0.948111899E-02-0.125720426E-01-0.160954762E-01
-0.200387929E-01-0.244107209E-01-0.292235054E-01-0.344873704E-01-0.402074382E-01
-0.463771448E-01-0.528210700E-01-0.595972426E-01-0.667561218E-01-0.743441060E-01
-0.824041963E-01-0.909753963E-01-0.100091234E+00-0.109777853E+00-0.120051600E+00
-0.130916253E+00-0.142359912E+00-0.154351786E+00-0.166838780E+00-0.179742381E+00
-0.192955852E+00-0.206342235E+00-0.219733387E+00-0.232930630E+00-0.245707139E+00
-0.257812411E+00-0.268979102E+00-0.278932005E+00-0.287398696E+00-0.294121832E+00
-0.298871517E+00-0.301457375E+00-0.301738948E+00-0.299633324E+00-0.295119613E+00
-0.288239241E+00-0.279092342E+00-0.267830670E+00-0.254647315E+00-0.239764526E+00
-0.223420709E+00-0.205857292E+00-0.187306702E+00-0.167982012E+00-0.148068547E+00
-0.127717748E+00-0.107043415E+00-0.861204043E-01-0.649868697E-01-0.436530635E-01
-0.221257862E-01-0.127749587E-02 0.188984238E-01 0.383783691E-01 0.571184568E-01
 0.750597641E-01 0.921323374E-01 0.108259298E+00 0.123361647E+00 0.137363732E+00
 0.258508534E-02-0.351221999E-02-0.692488533E-02-0.981290359E-02-0.131574739E-01
-0.169578921E-01-0.212131254E-01-0.259252563E-01-0.310991611E-01-0.367435105E-01
-0.428748131E-01-0.492896587E-01-0.560232326E-01-0.631156042E-01-0.706079975E-01
-0.785405263E-01-0.869503692E-01-0.958698615E-01-0.105324373E+00-0.115329929E+00
-0.125890508E+00-0.136995122E+00-0.148614764E+00-0.160699189E+00-0.173173964E+00
-0.185937941E+00-0.198861241E+00-0.211784557E+00-0.224519536E+00-0.236851126E+00
-0.248541743E+00-0.259337544E+00-0.268976867E+00-0.277200043E+00-0.283761024E+00
-0.288438737E+00-0.291048676E+00-0.291452557E+00-0.289565712E+00-0.285361528E+00
-0.278871864E+00-0.270184278E+00-0.259435207E+00-0.246800870E+00-0.232485861E+00
-0.216710865E+00-0.199700162E+00-0.181670129E+00-0.162818834E+00-0.143317461E+00
-0.123303242E+00-0.102873661E+00-0.820807517E-01-0.609234869E-01-0.393336639E-01
-0.181065053E-01 0.266222004E-02 0.229074191E-01 0.425675474E-01 0.615731254E-01
 0.798423365E-01 0.972806066E-01 0.113783024E+00 0.129239306E+00 0.143541008E+00
 0.603065221E-02 0.721076067E-04-0.300615188E-02-0.574522931E-02-0.896527711E-02
-0.126591688E-01-0.168212298E-01-0.214458611E-01-0.265291017E-01-0.320690498E-01
-0.380650908E-01-0.445144624E-01-0.512361787E-01-0.582702495E-01-0.656567290E-01
-0.734343380E-01-0.816388875E-01-0.903014988E-01-0.994465873E-01-0.109089568E+00
-0.119234398E+00-0.129870906E+00-0.140971944E+00-0.152490571E+00-0.164357364E+00
-0.176478088E+00-0.188732073E+00-0.200971439E+00-0.213021651E+00-0.224683598E+00
-0.235737413E+00-0.245948166E+00-0.255073398E+00-0.262872219E+00-0.269115388E+00
-0.273596048E+00-0.276139736E+00-0.276613623E+00-0.274933010E+00-0.271065772E+00
-0.265032858E+00-0.256905973E+00-0.246802002E+00-0.234874517E+00-0.221303850E+00
-0.206285730E+00-0.190019980E+00-0.172699556E+00-0.154500827E+00-0.135575250E+00
-0.116042621E+00-0.959858596E-01-0.754467174E-01-0.544216856E-01-0.328555591E-01
-0.116177863E-01 0.927106477E-02 0.297713615E-01 0.498248190E-01 0.693521351E-01
 0.882504061E-01 0.106391929E+00 0.123625882E+00 0.139784425E+00 0.154694006E+00
 0.111667654E-01 0.543904817E-02 0.235199160E-02-0.285161601E-03-0.343558611E-02
-0.708302809E-02-0.112072174E-01-0.157904401E-01-0.208193064E-01-0.262847934E-01
-0.321815312E-01-0.385069773E-01-0.452615581E-01-0.522636250E-01-0.595534258E-01
-0.671695024E-01-0.751472488E-01-0.835172236E-01-0.923032165E-01-0.101520233E+00
-0.111172341E+00-0.121250339E+00-0.131729305E+00-0.142566115E+00-0.153697148E+00
-0.165036321E+00-0.176473647E+00-0.187874749E+00-0.199081346E+00-0.209913194E+00
-0.220171496E+00-0.229643911E+00-0.238111183E+00-0.245355085E+00-0.251167268E+00
-0.255358547E+00-0.257767797E+00-0.258269936E+00-0.256781876E+00-0.253266424E+00
-0.247733071E+00-0.240236118E+00-0.230869964E+00-0.219762012E+00-0.207063794E+00
-0.192941159E+00-0.177563891E+00-0.161095843E+00-0.143685818E+00-0.125459686E+00
-0.106514186E+00-0.869126469E-01-0.666841790E-01-0.458293706E-01-0.243425611E-01
-0.304865045E-02 0.180723779E-01 0.390044525E-01 0.597008951E-01 0.800821483E-01
 0.100029476E+00 0.119377404E+00 0.137908533E+00 0.155356243E+00 0.171421438E+00
 0.177269503E-01 0.122842481E-01 0.933364406E-02 0.671493215E-02 0.351626240E-02
-0.200131486E-03-0.438478077E-02-0.900437403E-02-0.140379332E-01-0.194730237E-01
-0.253030751E-01-0.315257050E-01-0.381418169E-01-0.451551229E-01-0.523759648E-01
-0.598443225E-01-0.675967857E-01-0.756647512E-01-0.840720981E-01-0.928338394E-01
-0.101954468E+00-0.111426160E+00-0.121226676E+00-0.131317332E+00-0.141641051E+00
-0.152120769E+00-0.162658304E+00-0.173134044E+00-0.183407411E+00-0.193318665E+00
-0.202691883E+00-0.211339265E+00-0.219066799E+00-0.225681022E+00-0.230996504E+00
-0.234843776E+00-0.237076819E+00-0.237579867E+00-0.236272633E+00-0.233113617E+00
-0.228101075E+00-0.221271545E+00-0.212696075E+00-0.202474251E+00-0.190726727E+00
-0.177586585E+00-0.163190365E+00-0.147668824E+00-0.131138369E+00-0.113692880E+00
-0.953960121E-01-0.762731507E-01-0.563006289E-01-0.353855453E-01-0.142753525E-01
 0.698086061E-02 0.283668749E-01 0.498691499E-01 0.714596957E-01 0.930809379E-01
 0.114627130E+00 0.135918841E+00 0.156670496E+00 0.176460922E+00 0.194737703E+00
 0.262443349E-01 0.212255921E-01 0.183969308E-01 0.154665476E-01 0.119279604E-01
 0.793339871E-02 0.354557391E-02-0.120688754E-02-0.631040474E-02-0.117589440E-01
-0.175507553E-01-0.236868728E-01-0.301704779E-01-0.370066948E-01-0.442026816E-01
-0.515548028E-01-0.591040179E-01-0.668864399E-01-0.749260336E-01-0.832375288E-01
-0.918261185E-01-0.100685820E+00-0.109797716E+00-0.119128205E+00-0.128627419E+00
-0.138227969E+00-0.147844061E+00-0.157371402E+00-0.166687667E+00-0.175654113E+00
-0.184118077E+00-0.191916719E+00-0.198881611E+00-0.204844445E+00-0.209643170E+00
-0.213128492E+00-0.215170130E+00-0.215662420E+00-0.214528650E+00-0.211723968E+00
-0.207236275E+00-0.201085165E+00-0.193318918E+00-0.184009671E+00-0.173247188E+00
-0.161131486E+00-0.147764996E+00-0.133244425E+00-0.117652677E+00-0.101051427E+00
-0.834743753E-01-0.649226829E-01-0.453660041E-01-0.247594882E-01-0.385900633E-02
 0.174066033E-01 0.390914939E-01 0.612435192E-01 0.839036256E-01 0.107097864E+00
 0.130820096E+00 0.154997140E+00 0.179415226E+00 0.203558549E+00 0.226341680E+00
 0.381749161E-01 0.342216603E-01 0.299977046E-01 0.257708095E-01 0.214837343E-01
 0.170147773E-01 0.123186987E-01 0.737253949E-02 0.216217758E-02-0.332227559E-02
-0.908849202E-02-0.151430024E-01-0.214919187E-01-0.281415954E-01-0.350995772E-01
-0.423764773E-01-0.497535802E-01-0.572947636E-01-0.650095642E-01-0.729094893E-01
-0.810010582E-01-0.892813280E-01-0.977357328E-01-0.106336556E+00-0.115041725E+00
-0.123793855E+00-0.132519782E+00-0.141130462E+00-0.149521619E+00-0.157574981E+00
-0.165160567E+00-0.172139585E+00-0.178368345E+00-0.183702737E+00-0.188003242E+00
-0.191140190E+00-0.192998707E+00-0.193483323E+00-0.192521483E+00-0.190065950E+00
-0.186095610E+00-0.180614799E+00-0.173650846E+00-0.165250301E+00-0.155473769E+00
-0.144389734E+00-0.132067740E+00-0.118571050E+00-0.103948876E+00-0.882279351E-01
-0.714023709E-01-0.534193963E-01-0.341542251E-01-0.143036479E-01 0.613703486E-02
 0.272231586E-01 0.490395278E-01 0.716949105E-01 0.953224823E-01 0.120082766E+00
 0.146168351E+00 0.173811808E+00 0.203305855E+00 0.235092700E+00 0.269167036E+00
 0.488391295E-01 0.455478765E-01 0.409754030E-01 0.361094996E-01 0.313151702E-01
 0.264815260E-01 0.215346366E-01 0.164277479E-01 0.111308070E-01 0.562384306E-02
-0.106865569E-03-0.607099058E-02-0.122753372E-01-0.187242646E-01-0.254192408E-01
-0.323568657E-01-0.395235196E-01-0.469492972E-01-0.544257909E-01-0.619833283E-01
-0.696423948E-01-0.774070024E-01-0.852687135E-01-0.932064280E-01-0.101186164E+00
-0.109160632E+00-0.117069021E+00-0.124837086E+00-0.132377729E+00-0.139592141E+00
-0.146371514E+00-0.152599573E+00-0.158155560E+00-0.162917808E+00-0.166767731E+00
-0.169593915E+00-0.171296060E+00-0.171788573E+00-0.171003371E+00-0.168891847E+00
-0.165425554E+00-0.160595730E+00-0.154411405E+00-0.146896422E+00-0.138085216E+00
-0.128017783E+00-0.116733924E+00-0.104267091E+00-0.906381309E-01-0.758493245E-01
-0.598793589E-01-0.426801816E-01-0.241768006E-01-0.508150039E-02 0.147220977E-01
 0.353501774E-01 0.569386743E-01 0.796567053E-01 0.103720278E+00 0.129410133E+00
 0.157097340E+00 0.187282145E+00 0.220654279E+00 0.258180350E+00 0.299173892E+00
 0.579995885E-01 0.551181473E-01 0.506559126E-01 0.457675606E-01 0.408691280E-01
 0.359154716E-01 0.308673065E-01 0.256930776E-01 0.203690641E-01 0.148779796E-01
 0.920740888E-02 0.334855379E-02-0.270464411E-02-0.895608589E-02-0.154079469E-01
-0.220613163E-01-0.289179403E-01-0.359856673E-01-0.432755053E-01-0.505447648E-01
-0.578493588E-01-0.651834309E-01-0.725428239E-01-0.799114555E-01-0.872629359E-01
-0.945596024E-01-0.101752482E+00-0.108781323E+00-0.115575127E+00-0.122053042E+00
-0.128125757E+00-0.133697450E+00-0.138668105E+00-0.142936364E+00-0.146402538E+00
-0.148971811E+00-0.150557265E+00-0.151082695E+00-0.150484741E+00-0.148714438E+00
-0.145737797E+00-0.141535416E+00-0.136101082E+00-0.129439309E+00-0.121561974E+00
-0.112484016E+00-0.102218419E+00-0.907705203E-01-0.781318769E-01-0.642743185E-01
-0.491460748E-01-0.326753221E-01-0.154823614E-01 0.246843346E-02 0.212528091E-01
 0.409782752E-01 0.617865548E-01 0.838620812E-01 0.107445993E+00 0.132857099E+00
 0.160522059E+00 0.191016689E+00 0.225114495E+00 0.263819307E+00 0.306126863E+00
 0.663809031E-01 0.638478026E-01 0.597018674E-01 0.549651086E-01 0.501394048E-01
 0.452146456E-01 0.401778705E-01 0.350172110E-01 0.297226440E-01 0.242861118E-01
 0.187013783E-01 0.129638333E-01 0.707030855E-02 0.101896282E-02-0.519079901E-02
-0.115583790E-01-0.180819444E-01-0.247578435E-01-0.315777212E-01-0.385225788E-01
-0.456235595E-01-0.526374169E-01-0.596115366E-01-0.665276498E-01-0.733691603E-01
-0.801077411E-01-0.867059231E-01-0.931167379E-01-0.992842540E-01-0.105144173E+00
-0.110624865E+00-0.115648836E+00-0.120134607E+00-0.123998821E+00-0.127158627E+00
-0.129534051E+00-0.131050363E+00-0.131640181E+00-0.131245121E+00-0.129816920E+00
-0.127317861E+00-0.123720504E+00-0.119006559E+00-0.113164999E+00-0.106189296E+00
-0.980738774E-01-0.888094828E-01-0.783772841E-01-0.667405948E-01-0.538320765E-01
-0.395307466E-01-0.244922806E-01-0.870876107E-02 0.785987452E-02 0.252805706E-01
 0.436458923E-01 0.630764365E-01 0.837266743E-01 0.105794631E+00 0.129536971E+00
 0.155292913E+00 0.183525592E+00 0.214904591E+00 0.250495136E+00 0.288419306E+00
 0.746052340E-01 0.724315867E-01 0.685266629E-01 0.639770553E-01 0.592761822E-01
 0.544313714E-01 0.494503453E-01 0.443391874E-01 0.391018838E-01 0.337406211E-01
 0.282563698E-01 0.226494875E-01 0.169202480E-01 0.110692428E-01 0.509772589E-02
-0.992101850E-03-0.719677983E-02-0.135111986E-01-0.199281424E-01-0.264383871E-01
-0.330331102E-01-0.396926887E-01-0.464478321E-01-0.530375503E-01-0.595024861E-01
-0.658143088E-01-0.719486028E-01-0.778708160E-01-0.835395679E-01-0.889062360E-01
-0.939151049E-01-0.985050052E-01-0.102610841E+00-0.106165178E+00-0.109099917E+00
-0.111348294E+00-0.112846665E+00-0.113536090E+00-0.113363467E+00-0.112282343E+00
-0.110253103E+00-0.107242741E+00-0.103224002E+00-0.981739685E-01-0.920721740E-01
-0.848981217E-01-0.766285285E-01-0.672342256E-01-0.566773564E-01-0.449102819E-01
-0.318800844E-01-0.182753969E-01-0.401537353E-02 0.109646721E-01 0.267289169E-01
 0.433482081E-01 0.609037206E-01 0.794891194E-01 0.992117375E-01 0.120192543E+00
 0.142563358E+00 0.166457057E+00 0.191975445E+00 0.219037384E+00 0.245931402E+00
 0.829082951E-01 0.811055601E-01 0.774415433E-01 0.730556473E-01 0.684468299E-01
 0.636519343E-01 0.587048940E-01 0.536303148E-01 0.484442525E-01 0.431565456E-01
 0.377730317E-01 0.322971866E-01 0.267313030E-01 0.210773107E-01 0.153373629E-01
 0.951428059E-02 0.361187896E-02-0.236475677E-02-0.840908475E-02-0.145130716E-01
-0.206672922E-01-0.268605351E-01-0.330819264E-01-0.393093489E-01-0.455748849E-01
-0.515908785E-01-0.573968105E-01-0.629597530E-01-0.682558715E-01-0.732537732E-01
-0.779104531E-01-0.821788535E-01-0.860087425E-01-0.893467739E-01-0.921374783E-01
-0.943256021E-01-0.958577320E-01-0.966832936E-01-0.967551619E-01-0.960299596E-01
-0.944680125E-01-0.920329839E-01-0.886911377E-01-0.844102055E-01-0.791580454E-01
-0.729009584E-01-0.656019822E-01-0.572187603E-01-0.477008596E-01-0.369860865E-01
-0.256802011E-01-0.137754325E-01-0.124502415E-02 0.119445063E-01 0.258291308E-01
 0.404451266E-01 0.558266751E-01 0.720019639E-01 0.889865458E-01 0.106771834E+00
 0.125304848E+00 0.144451901E+00 0.163932815E+00 0.183201790E+00 0.201261207E+00
 0.916240364E-01 0.902349874E-01 0.868374705E-01 0.824763551E-01 0.777958110E-01
 0.729234815E-01 0.679258779E-01 0.628363937E-01 0.576723255E-01 0.524427481E-01
 0.471523888E-01 0.418037474E-01 0.363983177E-01 0.309374146E-01 0.254226699E-01
 0.198564325E-01 0.142420279E-01 0.858397223E-02 0.288811349E-02-0.283827679E-02
-0.858644303E-02-0.143460855E-01-0.201054104E-01-0.258507468E-01-0.315689035E-01
-0.372350849E-01-0.428861529E-01-0.482018404E-01-0.532367006E-01-0.579927228E-01
-0.624145791E-01-0.664688498E-01-0.701227337E-01-0.733365566E-01-0.760627016E-01
-0.782551169E-01-0.798704475E-01-0.808674395E-01-0.812064484E-01-0.808490589E-01
-0.797576830E-01-0.778949559E-01-0.752229020E-01-0.717017502E-01-0.672886223E-01
-0.619364232E-01-0.555932783E-01-0.482025668E-01-0.397008061E-01-0.306694973E-01
-0.210960284E-01-0.109666102E-01-0.264736562E-03 0.110268109E-01 0.229231026E-01
 0.354335941E-01 0.485577025E-01 0.622788668E-01 0.765563324E-01 0.913137048E-01
 0.106423244E+00 0.121685363E+00 0.136805341E+00 0.151377305E+00 0.164899781E+00
 0.102217220E+00 0.101896688E+00 0.976752564E-01 0.924137384E-01 0.872604400E-01
 0.821197256E-01 0.769767165E-01 0.718254074E-01 0.666617006E-01 0.614821203E-01
 0.562836118E-01 0.510636345E-01 0.458203182E-01 0.405526087E-01 0.352604389E-01
 0.299448241E-01 0.246079993E-01 0.192535017E-01 0.138862599E-01 0.851267669E-02
 0.314071542E-02-0.221998850E-02-0.755797047E-02-0.128596695E-01-0.181090534E-01
-0.232863203E-01-0.283684395E-01-0.333110616E-01-0.381204262E-01-0.428479873E-01
-0.471460037E-01-0.510730818E-01-0.546426773E-01-0.578346997E-01-0.605779178E-01
-0.628344491E-01-0.645754859E-01-0.657733455E-01-0.663991421E-01-0.664222315E-01
-0.658099055E-01-0.645267740E-01-0.625335798E-01-0.597853176E-01-0.562288053E-01
-0.518002808E-01-0.464258306E-01-0.400330499E-01-0.331852771E-01-0.258643702E-01
-0.180547778E-01-0.974220131E-02-0.913424068E-03 0.844237581E-02 0.183310993E-01
 0.287501570E-01 0.396839343E-01 0.510982648E-01 0.629340112E-01 0.750998929E-01
 0.874652117E-01 0.998537540E-01 0.112041645E+00 0.123763084E+00 0.134728223E+00
 0.111526079E+00 0.111890368E+00 0.107538953E+00 0.101737104E+00 0.962006226E-01
 0.908332393E-01 0.855739713E-01 0.803858414E-01 0.752453059E-01 0.701364577E-01
 0.650480613E-01 0.599720217E-01 0.549026132E-01 0.498360246E-01 0.447701365E-01
 0.397043638E-01 0.346396118E-01 0.295782499E-01 0.245241020E-01 0.194824934E-01
 0.144602992E-01 0.946604088E-02 0.451001013E-02-0.395549112E-03-0.523620285E-02
-0.999503955E-02-0.146525512E-01-0.191864762E-01-0.235766564E-01-0.277972147E-01
-0.317931920E-01-0.355546400E-01-0.391008072E-01-0.424933359E-01-0.453390889E-01
-0.476975292E-01-0.495850258E-01-0.509974770E-01-0.519202873E-01-0.523327701E-01
-0.522098728E-01-0.515223145E-01-0.502353534E-01-0.483057164E-01-0.456752591E-01
-0.422577746E-01-0.379101932E-01-0.331751704E-01-0.280295685E-01-0.224582385E-01
-0.164476614E-01-0.998383947E-02-0.305240555E-02 0.435975287E-02 0.122616393E-01
 0.206542574E-01 0.295259040E-01 0.388470106E-01 0.485650115E-01 0.585999265E-01
 0.688414425E-01 0.791485757E-01 0.893529058E-01 0.992663577E-01 0.108693689E+00
 0.118734583E+00 0.119459346E+00 0.115357138E+00 0.109607399E+00 0.104058258E+00
 0.986831859E-01 0.934455916E-01 0.883144066E-01 0.832649097E-01 0.782780275E-01
 0.733392388E-01 0.684376210E-01 0.635651723E-01 0.587162748E-01 0.538873188E-01
 0.490764789E-01 0.442835316E-01 0.395097621E-01 0.347578898E-01 0.300320592E-01
 0.253378414E-01 0.206822846E-01 0.160739720E-01 0.115231071E-01 0.704161404E-02
 0.264322199E-02-0.165651017E-02-0.584024331E-02-0.988906436E-02-0.137815829E-01
-0.174936168E-01-0.210049227E-01-0.242956690E-01-0.273352824E-01-0.300538708E-01
-0.324213095E-01-0.344200283E-01-0.360353999E-01-0.372525603E-01-0.380555131E-01
-0.384268984E-01-0.383480191E-01-0.377989374E-01-0.367590934E-01-0.352092944E-01
-0.331377387E-01-0.305565931E-01-0.275461487E-01-0.241411459E-01-0.203523971E-01
-0.161761213E-01-0.115984110E-01-0.659814570E-02-0.114993146E-02 0.477207033E-02
 0.111891143E-01 0.181117617E-01 0.255332850E-01 0.334235243E-01 0.417243131E-01
 0.503474362E-01 0.591759272E-01 0.680689514E-01 0.768701211E-01 0.854183510E-01
 0.124719650E+00 0.125809565E+00 0.121714540E+00 0.116141722E+00 0.110762522E+00
 0.105544232E+00 0.100463092E+00 0.954956263E-01 0.906209871E-01 0.858217701E-01
 0.810840204E-01 0.763968676E-01 0.717520714E-01 0.671436787E-01 0.625676438E-01
 0.580216274E-01 0.535047725E-01 0.490175970E-01 0.445618927E-01 0.401406884E-01
 0.357582085E-01 0.314198844E-01 0.271323714E-01 0.229035858E-01 0.187427290E-01
 0.146603379E-01 0.106682843E-01 0.677978201E-02 0.300937495E-02-0.627021946E-03
-0.411225623E-02-0.742840068E-02-0.105558820E-01-0.134717571E-01-0.161493160E-01
-0.185667500E-01-0.207070205E-01-0.225562807E-01-0.241026208E-01-0.253353678E-01
-0.262448192E-01-0.268223155E-01-0.270606242E-01-0.269547645E-01-0.265034474E-01
-0.257112831E-01-0.245913155E-01-0.231648125E-01-0.214462932E-01-0.194388423E-01
-0.171323922E-01-0.145029007E-01-0.115121873E-01-0.810908526E-02-0.423287833E-02
 0.180153802E-03 0.518701272E-02 0.108262980E-01 0.171068758E-01 0.239994209E-01
 0.314326510E-01 0.392950624E-01 0.474421717E-01 0.557084829E-01 0.639221966E-01
 0.129067674E+00 0.130358890E+00 0.126740351E+00 0.121464990E+00 0.116367020E+00
 0.111424372E+00 0.106610514E+00 0.101902828E+00 0.972830430E-01 0.927366763E-01
 0.882523730E-01 0.838213116E-01 0.794367716E-01 0.750938207E-01 0.707890615E-01
 0.665204227E-01 0.622870028E-01 0.580889843E-01 0.539275147E-01 0.498046763E-01
 0.457234196E-01 0.416875780E-01 0.377018377E-01 0.337717533E-01 0.299037695E-01
 0.261052344E-01 0.223844070E-01 0.187504608E-01 0.152134709E-01 0.117844045E-01
 0.847505312E-02 0.529796584E-02 0.226647709E-02-0.605356297E-03-0.330336881E-02
-0.581480330E-02-0.812898576E-02-0.102374200E-01-0.121337045E-01-0.138134714E-01
-0.152744520E-01-0.165166631E-01-0.175427198E-01-0.183582138E-01-0.189720672E-01
-0.193966124E-01-0.196468551E-01-0.197380707E-01-0.196809284E-01-0.194765944E-01
-0.191117395E-01-0.185531955E-01-0.177424457E-01-0.165911578E-01-0.149804940E-01
-0.127681978E-01-0.980647653E-02-0.596855115E-02-0.117557310E-02 0.458463002E-02
 0.112498859E-01 0.186860580E-01 0.266991854E-01 0.350580327E-01 0.435241088E-01
 0.132293642E+00 0.133763745E+00 0.130475521E+00 0.125604734E+00 0.120927103E+00
 0.116384588E+00 0.111941136E+00 0.107577026E+00 0.103280090E+00 0.990418196E-01
 0.948558003E-01 0.907170326E-01 0.866217017E-01 0.825669765E-01 0.785509199E-01
 0.745724067E-01 0.706310123E-01 0.667269602E-01 0.628610700E-01 0.590346642E-01
 0.552495681E-01 0.515080690E-01 0.478129163E-01 0.441673100E-01 0.405749306E-01
 0.370399430E-01 0.335670225E-01 0.301613640E-01 0.268287007E-01 0.235752724E-01
 0.204077866E-01 0.173333362E-01 0.143592637E-01 0.114929164E-01 0.874124188E-02
 0.611022534E-02 0.360441161E-02 0.122653297E-02-0.102279522E-02-0.314537436E-02
-0.514575234E-02-0.703158835E-02-0.881402567E-02-0.105080074E-01-0.121324100E-01
-0.137098040E-01-0.152655337E-01-0.168257691E-01-0.184141882E-01-0.200471580E-01
-0.217268169E-01-0.234310851E-01-0.250994079E-01-0.266135205E-01-0.277759917E-01
-0.282999910E-01-0.278392602E-01-0.260708332E-01-0.227795932E-01-0.178915355E-01
-0.114716180E-01-0.371922390E-02 0.503797550E-02 0.143814804E-01 0.238897428E-01
 0.134082615E+00 0.135512039E+00 0.132644013E+00 0.128611565E+00 0.124595068E+00
 0.120580181E+00 0.116585568E+00 0.112620912E+00 0.108690687E+00 0.104796633E+00
 0.100939140E+00 0.971180126E-01 0.933329239E-01 0.895836279E-01 0.858700946E-01
 0.821925029E-01 0.785512701E-01 0.749469697E-01 0.713803023E-01 0.678520575E-01
 0.643630475E-01 0.609140955E-01 0.575060323E-01 0.541396961E-01 0.508159585E-01
 0.475357659E-01 0.443001837E-01 0.411104411E-01 0.379679911E-01 0.348745249E-01
 0.318319760E-01 0.288424604E-01 0.259081796E-01 0.230312087E-01 0.202132035E-01
 0.174550265E-01 0.147563247E-01 0.121150604E-01 0.952703599E-02 0.698535983E-02
 0.447986647E-02 0.199649250E-02-0.483384996E-03-0.298360293E-02-0.553380325E-02
-0.816985685E-02-0.109339617E-01-0.138741946E-01-0.170431528E-01-0.204951204E-01
-0.242806450E-01-0.284365993E-01-0.329679437E-01-0.378133543E-01-0.427747406E-01
-0.473641418E-01-0.506418012E-01-0.516734459E-01-0.500643589E-01-0.457490943E-01
-0.388149954E-01-0.295049716E-01-0.183527637E-01-0.636889646E-02 0.538699841E-02
 0.135509402E+00 0.136772126E+00 0.134633362E+00 0.131299540E+00 0.127837062E+00
 0.124303631E+00 0.120742351E+00 0.117177248E+00 0.113621615E+00 0.110083155E+00
 0.106566623E+00 0.103075251E+00 0.996115059E-01 0.961774662E-01 0.927749798E-01
 0.894056857E-01 0.860710293E-01 0.827721655E-01 0.795098916E-01 0.762846023E-01
 0.730962232E-01 0.699441582E-01 0.668273047E-01 0.637440681E-01 0.606923886E-01
 0.576698333E-01 0.546736754E-01 0.517010391E-01 0.487489961E-01 0.458147116E-01
 0.428955145E-01 0.399889611E-01 0.370927900E-01 0.342048295E-01 0.313227549E-01
 0.284437705E-01 0.255641676E-01 0.226787943E-01 0.197804123E-01 0.168589670E-01
 0.139007634E-01 0.108875148E-01 0.779528776E-02 0.459330110E-02 0.124255568E-02
-0.230573933E-02-0.611199485E-02-0.102503570E-01-0.148110911E-01-0.199030749E-01
-0.256558917E-01-0.322205462E-01-0.397675298E-01-0.484826230E-01-0.585718080E-01
-0.703522936E-01-0.801640674E-01-0.845880434E-01-0.845326632E-01-0.804831684E-01
-0.720779449E-01-0.596884042E-01-0.427527949E-01-0.246978886E-01-0.980181154E-02
 0.137796879E+00 0.139315709E+00 0.137255654E+00 0.134101897E+00 0.130936682E+00
 0.127755567E+00 0.124563053E+00 0.121365964E+00 0.118170574E+00 0.114982210E+00
 0.111805528E+00 0.108644836E+00 0.105504237E+00 0.102387659E+00 0.992987752E-01
 0.962408334E-01 0.932165459E-01 0.902279019E-01 0.872760341E-01 0.843611434E-01
 0.814823508E-01 0.786376819E-01 0.758240446E-01 0.730372146E-01 0.702719390E-01
 0.675220415E-01 0.647805929E-01 0.620401315E-01 0.592929460E-01 0.565313250E-01
 0.537478440E-01 0.509355739E-01 0.480882190E-01 0.452001281E-01 0.422661640E-01
 0.392813832E-01 0.362405889E-01 0.331376828E-01 0.299648698E-01 0.267117452E-01
 0.233642142E-01 0.199032761E-01 0.163036361E-01 0.125320423E-01 0.854529254E-02
 0.428767689E-02-0.312402350E-03-0.534705585E-02-0.109354258E-01-0.172329526E-01
-0.244443975E-01-0.328411423E-01-0.427812114E-01-0.547262207E-01-0.692480952E-01
-0.853141621E-01-0.961124972E-01-0.101570830E+00-0.102043629E+00-0.973240137E-01
-0.875657499E-01-0.719515085E-01-0.514790192E-01-0.333237723E-01-0.179356765E-01
 0.139671519E+00 0.141425952E+00 0.139533788E+00 0.136647627E+00 0.133787930E+00
 0.130940408E+00 0.128097191E+00 0.125253573E+00 0.122407995E+00 0.119561560E+00
 0.116717547E+00 0.113880798E+00 0.111057088E+00 0.108252570E+00 0.105473228E+00
 0.102724478E+00 0.100010790E+00 0.973354504E-01 0.947002843E-01 0.921055377E-01
 0.895497054E-01 0.870294645E-01 0.845395997E-01 0.820729956E-01 0.796207488E-01
 0.771722943E-01 0.747156739E-01 0.722379088E-01 0.697254837E-01 0.671648681E-01
 0.645430908E-01 0.618482940E-01 0.590701066E-01 0.561999157E-01 0.532308556E-01
 0.501575395E-01 0.469755270E-01 0.436805300E-01 0.402674153E-01 0.367290527E-01
 0.330550335E-01 0.292302743E-01 0.252334960E-01 0.210355036E-01 0.165971220E-01
 0.118665909E-01 0.677604042E-02 0.123644294E-02-0.486999890E-02-0.117019322E-01
-0.194790401E-01-0.285173338E-01-0.392909013E-01-0.525188223E-01-0.690260157E-01
-0.829859301E-01-0.922228843E-01-0.968614444E-01-0.967994854E-01-0.920109600E-01
-0.815286711E-01-0.647297800E-01-0.470448807E-01-0.316890925E-01-0.182207022E-01
 0.140877873E+00 0.142846763E+00 0.141373664E+00 0.138821781E+00 0.136316821E+00
 0.133839756E+00 0.131369412E+00 0.128890902E+00 0.126396701E+00 0.123885944E+00
 0.121362910E+00 0.118835315E+00 0.116312750E+00 0.113805391E+00 0.111323044E+00
 0.108874403E+00 0.106466629E+00 0.104104906E+00 0.101792298E+00 0.995294452E-01
 0.973144695E-01 0.951427817E-01 0.930069685E-01 0.908967182E-01 0.887988433E-01
 0.866974071E-01 0.845740661E-01 0.824086145E-01 0.801797733E-01 0.778661594E-01
 0.754473656E-01 0.729051158E-01 0.702241883E-01 0.673930794E-01 0.644042641E-01
 0.612539239E-01 0.579412729E-01 0.544674173E-01 0.508339703E-01 0.470415205E-01
 0.430880673E-01 0.389675125E-01 0.346682295E-01 0.301717110E-01 0.254511461E-01
 0.204699188E-01 0.151797961E-01 0.951861031E-02 0.340717332E-02-0.325507880E-02
-0.105965976E-01-0.187848564E-01-0.280522443E-01-0.388150960E-01-0.503654778E-01
-0.594208203E-01-0.656057745E-01-0.686812252E-01-0.685964450E-01-0.648335889E-01
-0.572134815E-01-0.455873273E-01-0.340053178E-01-0.229642224E-01-0.126156751E-01
 0.141653165E+00 0.143895417E+00 0.142685682E+00 0.140551433E+00 0.138505846E+00
 0.136486813E+00 0.134448722E+00 0.132365122E+00 0.130227044E+00 0.128038377E+00
 0.125811249E+00 0.123562135E+00 0.121309012E+00 0.119069435E+00 0.116859287E+00
 0.114692099E+00 0.112578675E+00 0.110526830E+00 0.108541310E+00 0.106623627E+00
 0.104771897E+00 0.102980599E+00 0.101240270E+00 0.995372608E-01 0.978535116E-01
 0.961664915E-01 0.944494754E-01 0.926722214E-01 0.908021182E-01 0.888059288E-01
 0.866518542E-01 0.843117833E-01 0.817633718E-01 0.789915472E-01 0.759892091E-01
 0.727569610E-01 0.693019032E-01 0.656357333E-01 0.617723837E-01 0.577256978E-01
 0.535072871E-01 0.491248146E-01 0.445807874E-01 0.398718081E-01 0.349882506E-01
 0.299143605E-01 0.246288404E-01 0.191062186E-01 0.133196302E-01 0.724654598E-02
 0.880829350E-03-0.574063882E-02-0.124770654E-01-0.189596061E-01-0.246710405E-01
-0.296096150E-01-0.332832262E-01-0.352472514E-01-0.352971405E-01-0.334575735E-01
-0.300069936E-01-0.248708595E-01-0.183759909E-01-0.112519162E-01-0.395866949E-02
 0.141378418E+00 0.143896997E+00 0.143214047E+00 0.141768560E+00 0.140426144E+00
 0.139035851E+00 0.137520254E+00 0.135856017E+00 0.134053141E+00 0.132138863E+00
 0.130147442E+00 0.128114030E+00 0.126071438E+00 0.124048397E+00 0.122068912E+00
 0.120152242E+00 0.118313164E+00 0.116562255E+00 0.114906169E+00 0.113347657E+00
 0.111885481E+00 0.110513970E+00 0.109222531E+00 0.107994825E+00 0.106807992E+00
 0.105632007E+00 0.104429312E+00 0.103155330E+00 0.101759993E+00 0.100190528E+00
 0.983955339E-01 0.963296220E-01 0.939579681E-01 0.912597477E-01 0.882298052E-01
 0.848780945E-01 0.812271759E-01 0.773081779E-01 0.731561780E-01 0.688059255E-01
 0.642885417E-01 0.596294776E-01 0.548476279E-01 0.499555022E-01 0.449601039E-01
 0.398644917E-01 0.346700363E-01 0.293795969E-01 0.240021795E-01 0.185597297E-01
 0.130969994E-01 0.769448048E-02 0.248063076E-02-0.236930000E-02-0.665990217E-02
-0.101986472E-01-0.127937505E-01-0.142787779E-01-0.145535627E-01-0.136018805E-01
-0.114809815E-01-0.830742531E-02-0.426903740E-02 0.391563459E-03 0.543583417E-02
 0.139113829E+00 0.141682938E+00 0.142475784E+00 0.142609552E+00 0.142490268E+00
 0.141963914E+00 0.141010866E+00 0.139698252E+00 0.138113230E+00 0.136340335E+00
 0.134454995E+00 0.132521287E+00 0.130591422E+00 0.128706455E+00 0.126897722E+00
 0.125188589E+00 0.123596109E+00 0.122132368E+00 0.120805331E+00 0.119619220E+00
 0.118574500E+00 0.117667243E+00 0.116888136E+00 0.116220914E+00 0.115640372E+00
 0.115110055E+00 0.114580169E+00 0.113986388E+00 0.113250874E+00 0.112286478E+00
 0.111004703E+00 0.109326154E+00 0.107191078E+00 0.104567550E+00 0.101455249E+00
 0.978841484E-01 0.939083099E-01 0.895961747E-01 0.850200281E-01 0.802473500E-01
 0.753355473E-01 0.703301057E-01 0.652651265E-01 0.601653047E-01 0.550485775E-01
 0.499289930E-01 0.448198542E-01 0.397371054E-01 0.347031392E-01 0.297510289E-01
 0.249289069E-01 0.203035604E-01 0.159615688E-01 0.120061962E-01 0.855004787E-02
 0.570577011E-02 0.357606960E-02 0.224232464E-02 0.175337202E-02 0.211829459E-02
 0.330485217E-02 0.524209719E-02 0.782642886E-02 0.109328022E-01 0.144300777E-01
 0.136651352E+00 0.139421776E+00 0.141935930E+00 0.144284844E+00 0.146275327E+00
 0.146413356E+00 0.145674124E+00 0.144359052E+00 0.142669767E+00 0.140760139E+00
 0.138751343E+00 0.136736229E+00 0.134782195E+00 0.132935688E+00 0.131227732E+00
 0.129678980E+00 0.128303528E+00 0.127111509E+00 0.126110569E+00 0.125306427E+00
 0.124702953E+00 0.124301374E+00 0.124098852E+00 0.124086052E+00 0.124243461E+00
 0.124536149E+00 0.124907054E+00 0.125269726E+00 0.125503629E+00 0.125457436E+00
 0.124965236E+00 0.123873293E+00 0.122067377E+00 0.119491823E+00 0.116157793E+00
 0.112140834E+00 0.107565731E+00 0.102580018E+00 0.973256752E-01 0.919205025E-01
 0.864524543E-01 0.809827447E-01 0.755520985E-01 0.701872408E-01 0.649063513E-01
 0.597234294E-01 0.546518974E-01 0.497075878E-01 0.449113511E-01 0.402912982E-01
 0.358844884E-01 0.317376703E-01 0.279066972E-01 0.244542491E-01 0.214459840E-01
 0.189454854E-01 0.170085598E-01 0.156775229E-01 0.149762193E-01 0.149067109E-01
 0.154481754E-01 0.165581889E-01 0.181762539E-01 0.202292129E-01 0.226377174E-01
 0.135388419E+00 0.138657048E+00 0.142201126E+00 0.146225631E+00 0.150670648E+00
 0.152813077E+00 0.152166352E+00 0.150139928E+00 0.147795647E+00 0.145315394E+00
 0.142858833E+00 0.140538022E+00 0.138415143E+00 0.136518285E+00 0.134858251E+00
 0.133438826E+00 0.132262185E+00 0.131331459E+00 0.130651698E+00 0.130230293E+00
 0.130076751E+00 0.130202174E+00 0.130618080E+00 0.131334260E+00 0.132354543E+00
 0.133669347E+00 0.135242298E+00 0.136987671E+00 0.138737872E+00 0.140216812E+00
 0.141068026E+00 0.140954033E+00 0.139642507E+00 0.137030274E+00 0.133148029E+00
 0.128172219E+00 0.122409999E+00 0.116208911E+00 0.109848134E+00 0.103504598E+00
 0.972761065E-01 0.912120119E-01 0.853348896E-01 0.796536580E-01 0.741713047E-01
 0.688894540E-01 0.638112947E-01 0.589434728E-01 0.542974025E-01 0.498901308E-01
 0.457446650E-01 0.418897569E-01 0.383589417E-01 0.351888426E-01 0.324167944E-01
 0.300779324E-01 0.282020532E-01 0.268106181E-01 0.259142239E-01 0.255109333E-01
 0.255857147E-01 0.261110477E-01 0.270486865E-01 0.283522662E-01 0.299704373E-01
 0.133954808E+00 0.137419835E+00 0.141315624E+00 0.145882040E+00 0.151309952E+00
 0.155192554E+00 0.156833604E+00 0.156150118E+00 0.153143883E+00 0.149487659E+00
 0.146202832E+00 0.143407658E+00 0.141062796E+00 0.139113083E+00 0.137515679E+00
 0.136241689E+00 0.135274276E+00 0.134606704E+00 0.134241030E+00 0.134187058E+00
 0.134461865E+00 0.135089949E+00 0.136103943E+00 0.137545466E+00 0.139464870E+00
 0.141919270E+00 0.144965783E+00 0.148641318E+00 0.152895451E+00 0.157324463E+00
 0.160796314E+00 0.162419885E+00 0.161890522E+00 0.159086034E+00 0.153975785E+00
 0.146757305E+00 0.138347417E+00 0.129915819E+00 0.121876799E+00 0.114302836E+00
 0.107179642E+00 0.100471027E+00 0.941388533E-01 0.881496221E-01 0.824764520E-01
 0.770993829E-01 0.720051527E-01 0.671869144E-01 0.626438633E-01 0.583808236E-01
 0.544077083E-01 0.507387295E-01 0.473913476E-01 0.443849154E-01 0.417390428E-01
 0.394717939E-01 0.375978611E-01 0.361268297E-01 0.350618102E-01 0.343985036E-01
 0.341248475E-01 0.342213027E-01 0.346617065E-01 0.354145765E-01 0.364447236E-01
 0.131886005E+00 0.135171577E+00 0.138739079E+00 0.142621949E+00 0.146806121E+00
 0.151175544E+00 0.154845789E+00 0.156259090E+00 0.155163735E+00 0.151340500E+00
 0.147450164E+00 0.144480631E+00 0.142160252E+00 0.140340656E+00 0.138933644E+00
 0.137887701E+00 0.137175128E+00 0.136785120E+00 0.136720315E+00 0.136995405E+00
 0.137636319E+00 0.138676703E+00 0.140166596E+00 0.142180547E+00 0.144820124E+00
 0.148224652E+00 0.152589932E+00 0.158203289E+00 0.165520698E+00 0.175235912E+00
 0.182717174E+00 0.186476469E+00 0.186974928E+00 0.183931470E+00 0.177201658E+00
 0.166240707E+00 0.152757823E+00 0.141524822E+00 0.131783351E+00 0.123118132E+00
 0.115275092E+00 0.108087584E+00 0.101442166E+00 0.952596292E-01 0.894837454E-01
 0.840744302E-01 0.790035799E-01 0.742523223E-01 0.698092654E-01 0.656691119E-01
 0.618315414E-01 0.583001114E-01 0.550811738E-01 0.521827340E-01 0.496132262E-01
 0.473802947E-01 0.454896130E-01 0.439438224E-01 0.427416861E-01 0.418775119E-01
 0.413409062E-01 0.411168709E-01 0.411862172E-01 0.415262356E-01 0.421115644E-01
 0.129303366E+00 0.132310361E+00 0.135394514E+00 0.138503119E+00 0.141583622E+00
 0.144566983E+00 0.147350952E+00 0.149791047E+00 0.150672689E+00 0.148333013E+00
 0.145459279E+00 0.143205628E+00 0.141431853E+00 0.140063256E+00 0.139044851E+00
 0.138344631E+00 0.137946770E+00 0.137847930E+00 0.138056278E+00 0.138592109E+00
 0.139489964E+00 0.140781075E+00 0.142519057E+00 0.144792929E+00 0.147722021E+00
 0.151471436E+00 0.156277865E+00 0.162493691E+00 0.170657188E+00 0.181396574E+00
 0.189882234E+00 0.194340616E+00 0.195190102E+00 0.192272410E+00 0.185317576E+00
 0.173700899E+00 0.159510881E+00 0.147707045E+00 0.137606233E+00 0.128721848E+00
 0.120748729E+00 0.113493502E+00 0.106829070E+00 0.100667924E+00 0.949473530E-01
 0.896213874E-01 0.846562237E-01 0.800273269E-01 0.757175311E-01 0.717155263E-01
 0.680146590E-01 0.646118000E-01 0.615064166E-01 0.586995222E-01 0.561928153E-01
 0.539877489E-01 0.520847403E-01 0.504824482E-01 0.491772257E-01 0.481627174E-01
 0.474296585E-01 0.469659045E-01 0.467565991E-01 0.467845462E-01 0.470306650E-01
 0.665886998E+00 0.679855049E+00 0.689737022E+00 0.701847255E+00 0.714620948E+00
 0.727915585E+00 0.741831839E+00 0.756331801E+00 0.771405041E+00 0.787363350E+00
 0.802975893E+00 0.819904625E+00 0.837659299E+00 0.855852783E+00 0.874821424E+00
 0.894488513E+00 0.915055096E+00 0.936666191E+00 0.959105432E+00 0.982392132E+00
 0.100672352E+01 0.103216338E+01 0.105873859E+01 0.108654463E+01 0.111565149E+01
 0.114607859E+01 0.117787850E+01 0.121123838E+01 0.124625123E+01 0.128300416E+01
 0.132175255E+01 0.136232293E+01 0.140484512E+01 0.144980919E+01 0.149721301E+01
 0.154735422E+01 0.160011590E+01 0.165561271E+01 0.171465516E+01 0.177716756E+01
 0.184352624E+01 0.191345119E+01 0.198788595E+01 0.206727028E+01 0.215158200E+01
 0.224100590E+01 0.233683467E+01 0.243879390E+01 0.254751706E+01 0.266386080E+01
 0.278861690E+01 0.292126203E+01 0.306421733E+01 0.321735311E+01 0.338101602E+01
 0.355780935E+01 0.374739885E+01 0.395459819E+01 0.417808819E+01 0.442470551E+01
 0.469577694E+01 0.500188971E+01 0.536816216E+01 0.588391209E+01 0.782366514E+01
   86  117
 0.108516645E+01-0.200000003E+00 0.107454455E+01-0.150000006E+00 0.106841040E+01
-0.500000007E-01 0.107906246E+01 0.265028309E-01 0.109893250E+01 0.100000001E+00
 0.111907196E+01 0.150000006E+00 0.114328921E+01 0.200000003E+00 0.117082512E+01
 0.250000000E+00 0.120127118E+01 0.300000012E+00 0.123461771E+01 0.349999994E+00
 0.126499999E+01 0.391170621E+00 0.129156256E+01 0.425626904E+00 0.131812501E+01
 0.458315611E+00 0.135518920E+01 0.500000000E+00 0.139781249E+01 0.543675661E+00
 0.142437506E+01 0.569145024E+00 0.145950413E+01 0.600000024E+00 0.150406253E+01
 0.635737658E+00 0.153062499E+01 0.655359447E+00 0.158375001E+01 0.689383626E+00
 0.161031246E+01 0.705042779E+00 0.166343749E+01 0.731391847E+00 0.170745409E+01
 0.750000000E+00 0.174312496E+01 0.763114214E+00 0.179624999E+01 0.777217269E+00
 0.184937501E+01 0.786100566E+00 0.190250003E+01 0.789468467E+00 0.195562506E+01
 0.785803437E+00 0.200874996E+01 0.770758867E+00 0.204098082E+01 0.750000000E+00
 0.208304858E+01 0.699999988E+00 0.210990977E+01 0.649999976E+00 0.213079357E+01
 0.600000024E+00 0.214886093E+01 0.550000012E+00 0.216812491E+01 0.490643710E+00
 0.219468760E+01 0.406747520E+00 0.221135616E+01 0.349999994E+00 0.222645259E+01
 0.300000012E+00 0.224781251E+01 0.221540704E+00 0.226393723E+01 0.150000006E+00
 0.227437496E+01 0.768907666E-01 0.227822542E+01 0.000000000E+00 0.227437496E+01
-0.542294793E-01 0.225684595E+01-0.150000006E+00 0.224291205E+01-0.200000003E+00
 0.222125006E+01-0.266435415E+00 0.219468760E+01-0.336123616E+00 0.216824341E+01
-0.400000006E+00 0.214493251E+01-0.449999988E+00 0.211935043E+01-0.500000000E+00
 0.209106636E+01-0.550000012E+00 0.206187510E+01-0.595681548E+00 0.203531241E+01
-0.635058641E+00 0.200874996E+01-0.671878636E+00 0.198218751E+01-0.706153035E+00
 0.194475639E+01-0.750000000E+00 0.190250003E+01-0.797707438E+00 0.187593746E+01
-0.827669501E+00 0.184937501E+01-0.856219828E+00 0.180584991E+01-0.899999976E+00
 0.176968753E+01-0.936392486E+00 0.174312496E+01-0.962707162E+00 0.170234203E+01
-0.100000000E+01 0.166343749E+01-0.103681386E+01 0.163687503E+01-0.106166363E+01
 0.159112024E+01-0.110000002E+01 0.155718756E+01-0.112939227E+01 0.152425659E+01
-0.114999998E+01 0.146967900E+01-0.119004261E+01 0.145093751E+01-0.114393032E+01
 0.142437506E+01-0.107174075E+01 0.140158248E+01-0.100000000E+01 0.138240528E+01
-0.949999988E+00 0.136226523E+01-0.899999976E+00 0.134173167E+01-0.850000024E+00
 0.131812501E+01-0.791942477E+00 0.129156256E+01-0.730317652E+00 0.126499999E+01
-0.669166207E+00 0.123843753E+01-0.607347429E+00 0.121475601E+01-0.550000012E+00
 0.119378650E+01-0.500000000E+00 0.117310822E+01-0.449999988E+00 0.115303206E+01
-0.400000006E+00 0.113218749E+01-0.344384402E+00 0.110562503E+01-0.269269228E+00
 0.108516645E+01-0.200000003E+00
 0.101600003E+01 0.000000000E+00 0.101600003E+01 0.963999987E+00 0.101600003E+01
 0.967999995E+00 0.101600003E+01 0.100100005E+01 0.101600003E+01 0.101900005E+01
 0.101600003E+01 0.107700002E+01 0.101600003E+01 0.107000005E+01 0.101600003E+01
 0.109599996E+01 0.101600003E+01 0.111300004E+01 0.101600003E+01 0.113800001E+01
 0.101600003E+01 0.114699996E+01 0.101199996E+01 0.116499996E+01 0.100100005E+01
 0.121700001E+01 0.102900004E+01 0.121700001E+01 0.104200006E+01 0.116240001E+01
 0.104600000E+01 0.116237998E+01 0.105599999E+01 0.116260004E+01 0.109700000E+01
 0.116450000E+01 0.110800004E+01 0.116594005E+01 0.111600006E+01 0.116591001E+01
 0.113399994E+01 0.116895998E+01 0.114800000E+01 0.117174995E+01 0.116199994E+01
 0.117556000E+01 0.118099999E+01 0.118299997E+01 0.118200004E+01 0.118350005E+01
 0.118499994E+01 0.118499994E+01 0.119000006E+01 0.118799996E+01 0.119500005E+01
 0.119099998E+01 0.120099998E+01 0.119599998E+01 0.120899999E+01 0.120200002E+01
 0.121500003E+01 0.120799994E+01 0.122200000E+01 0.121399999E+01 0.122800004E+01
 0.122099996E+01 0.123399997E+01 0.123099995E+01 0.123899996E+01 0.123800004E+01
 0.124199998E+01 0.124399996E+01 0.124800003E+01 0.125399995E+01 0.125800002E+01
 0.127800000E+01 0.126300001E+01 0.128999996E+01 0.127999997E+01 0.133099997E+01
 0.127999997E+01 0.134700000E+01 0.127999997E+01 0.134800005E+01 0.130999994E+01
 0.134800005E+01 0.132799995E+01 0.134800005E+01 0.136099994E+01 0.134800005E+01
 0.138000000E+01 0.134800005E+01 0.141900003E+01 0.134800005E+01 0.141900003E+01
 0.130999994E+01 0.137199998E+01 0.130999994E+01 0.137167001E+01 0.129237998E+01
 0.137003005E+01 0.128268003E+01 0.136688006E+01 0.125644004E+01 0.136719000E+01
 0.122955000E+01 0.137178004E+01 0.119576001E+01 0.137223995E+01 0.119402003E+01
 0.138662004E+01 0.116487002E+01 0.138707995E+01 0.116420996E+01 0.140382004E+01
 0.115696001E+01 0.141127002E+01 0.115730000E+01 0.141857004E+01 0.116131997E+01
 0.142100000E+01 0.116400003E+01 0.148662996E+01 0.124049997E+01 0.149730003E+01
 0.123458004E+01 0.149761999E+01 0.123427999E+01 0.149744999E+01 0.123174000E+01
 0.149275005E+01 0.121329999E+01 0.149259996E+01 0.121061003E+01 0.149260998E+01
 0.120485997E+01 0.149278998E+01 0.120213997E+01 0.149339998E+01 0.119641995E+01
 0.149469995E+01 0.118510997E+01 0.149621999E+01 0.116069996E+01 0.147981000E+01
 0.112425995E+01 0.148081994E+01 0.112256002E+01 0.148149002E+01 0.112137997E+01
 0.148645997E+01 0.111691999E+01 0.149094999E+01 0.111439002E+01 0.150304997E+01
 0.111243999E+01 0.159696996E+01 0.109489000E+01 0.162549996E+01 0.108529997E+01
 0.163751996E+01 0.107988000E+01 0.164699996E+01 0.107700002E+01 0.178499997E+01
 0.107700002E+01 0.206999993E+01 0.103999996E+01 0.212800002E+01 0.992999971E+00
 0.224499989E+01 0.708999991E+00 0.233956003E+01 0.461430013E+00 0.234707999E+01
 0.415829986E+00 0.234912992E+01 0.272179991E+00 0.235103011E+01 0.170179993E+00
 0.235157990E+01 0.701199993E-01 0.235124993E+01-0.317899995E-01 0.235050988E+01
-0.144350007E+00 0.234964991E+01-0.214829996E+00 0.234870005E+01-0.326689988E+00
 0.234759998E+01-0.386770010E+00 0.234019995E+01-0.453040004E+00 0.232942009E+01
-0.477569997E+00 0.213400006E+01-0.972999990E+00 0.178600001E+01-0.117400002E+01
 0.176800001E+01-0.121099997E+01 0.176800001E+01-0.125000000E+01 0.168200004E+01
-0.125000000E+01 0.137199998E+01-0.125000000E+01 0.137199998E+01-0.132900000E+01
 0.141999996E+01-0.132900000E+01 0.141999996E+01-0.136300004E+01 0.127300000E+01
-0.136300004E+01 0.115300000E+01-0.136300004E+01 0.101600003E+01-0.122300005E+01
 0.101600003E+01-0.122300005E+01 0.101600003E+01-0.829999983E+00 0.101600003E+01
-0.800000012E+00 0.101600003E+01-0.414999992E+00 0.101600003E+01-0.400000006E+00
 0.101600003E+01-0.100000005E-02 0.101600003E+01 0.000000000E+00
    0 0.170000005E+01    1
 0.000000000E+00 0.000000000E+00 0.000000000E+00 0.000000000E+00 0.000000000E+00
 0.000000000E+00 0.000000000E+00 0.000000000E+00 0.000000000E+00 0.000000000E+00
 0.000000000E+00 0.000000000E+00 0.000000000E+00 0.000000000E+00 0.000000000E+00
 0.000000000E+00 0.000000000E+00 0.000000000E+00 0.000000000E+00 0.000000000E+00
 0.000000000E+00 0.000000000E+00 0.000000000E+00 0.000000000E+00 0.000000000E+00
 0.000000000E+00 0.000000000E+00 0.000000000E+00 0.000000000E+00 0.000000000E+00
 0.000000000E+00 0.000000000E+00 0.000000000E+00 0.000000000E+00 0.000000000E+00
 0.000000000E+00 0.000000000E+00 0.000000000E+00 0.000000000E+00 0.000000000E+00
 0.000000000E+00 0.000000000E+00 0.000000000E+00 0.000000000E+00 0.000000000E+00
 0.000000000E+00 0.000000000E+00 0.000000000E+00 0.000000000E+00 0.000000000E+00
 0.000000000E+00 0.000000000E+00 0.000000000E+00 0.000000000E+00 0.000000000E+00
 0.000000000E+00 0.000000000E+00 0.000000000E+00 0.000000000E+00 0.000000000E+00
 0.000000000E+00 0.000000000E+00 0.000000000E+00 0.000000000E+00 0.000000000E+00
 0.000000000E+00 0.728372484E-01 0.103821531E+00 0.127839729E+00 0.148383811E+00
 0.166757554E+00 0.183597863E+00 0.199312821E+00 0.214162707E+00 0.227033943E+00
 0.240662754E+00 0.253875494E+00 0.266777664E+00 0.279324442E+00 0.291508436E+00
 0.303476185E+00 0.315279156E+00 0.326939791E+00 0.338438123E+00 0.349808872E+00
 0.361100942E+00 0.372292250E+00 0.383472979E+00 0.394587040E+00 0.405696452E+00
 0.416800529E+00 0.427879602E+00 0.438990921E+00 0.450139672E+00 0.461323351E+00
 0.472602606E+00 0.483911097E+00 0.495272249E+00 0.506770968E+00 0.518351078E+00
 0.530079365E+00 0.541913927E+00 0.553858161E+00 0.565996647E+00 0.578291774E+00
 0.590794027E+00 0.603447556E+00 0.616315007E+00 0.629444659E+00 0.642808497E+00
 0.656402946E+00 0.670316458E+00 0.684498549E+00 0.699008524E+00 0.713851511E+00
 0.729082227E+00 0.744641066E+00 0.760657191E+00 0.777103484E+00 0.793993533E+00
 0.811383903E+00 0.829279721E+00 0.847789109E+00 0.866820276E+00 0.886565328E+00
 0.907003701E+00 0.928234100E+00 0.950408995E+00 0.973906636E+00 0.100000000E+01
    1
 0.000000000E+00 0.000000000E+00 0.000000000E+00 0.000000000E+00 0.000000000E+00
 0.000000000E+00 0.000000000E+00 0.000000000E+00 0.000000000E+00 0.000000000E+00
 0.000000000E+00 0.000000000E+00 0.000000000E+00 0.000000000E+00 0.000000000E+00
 0.000000000E+00 0.000000000E+00 0.000000000E+00 0.000000000E+00 0.000000000E+00
 0.000000000E+00 0.000000000E+00 0.000000000E+00 0.000000000E+00 0.000000000E+00
 0.000000000E+00 0.000000000E+00 0.000000000E+00 0.000000000E+00 0.000000000E+00
 0.000000000E+00 0.000000000E+00 0.000000000E+00 0.000000000E+00 0.000000000E+00
 0.000000000E+00 0.000000000E+00 0.000000000E+00 0.000000000E+00 0.000000000E+00
 0.000000000E+00 0.000000000E+00 0.000000000E+00 0.000000000E+00 0.000000000E+00
 0.000000000E+00 0.000000000E+00 0.000000000E+00 0.000000000E+00 0.000000000E+00
 0.000000000E+00 0.000000000E+00 0.000000000E+00 0.000000000E+00 0.000000000E+00
 0.000000000E+00 0.000000000E+00 0.000000000E+00 0.000000000E+00 0.000000000E+00
 0.000000000E+00 0.000000000E+00 0.000000000E+00 0.000000000E+00 0.000000000E+00
&BASIS
 EE2BDRY= 32*0.00000000      ,
 EEBDRY= 32*0.00000000      ,
 EEKNT= 32*0.00000000      ,
 EETENS=  5.00000000    ,
 FF2BDRY= 64*0.00000000      ,
 FFBDRY=  2.96985531    , -10.3956480    ,  7.48188257    , 61*0.00000000      ,
 FFKNT= 64*0.00000000      ,
 FFTENS=  0.00000000    ,
 KEE2BDRY= 32*0          ,
 KEEBDRY= 32*0          ,
 KEEFNC=          0,
 KEEKNT=          0,
 KFF2BDRY= 64*0          ,
 KFFBDRY= 64*0          ,
 KFFFNC=          0,
 KFFKNT=          0,
 KPP2BDRY= 64*0          ,
 KPPBDRY= 64*0          ,
 KPPFNC=          0,
 KPPKNT=          0,
 KWW2BDRY= 64*0          ,
 KWWBDRY= 64*0          ,
 KWWFNC=          0,
 KWWKNT=          0,
 PP2BDRY= 64*0.00000000      ,
 PPBDRY=  663401.250    , -465371.562    , 62*0.00000000      ,
 PPKNT= 64*0.00000000      ,
 PPTENS=  0.00000000    ,
 WW2BDRY= 64*0.00000000      ,
 WWBDRY= -1684.59656    ,  2306.85059    , 62*0.00000000      ,
 WWKNT= 64*0.00000000      ,
 WWTENS=  0.00000000    ,
 /
