  EFITD    01/21/2000    #180528  4100ms           7  65  65
 0.170000005E+01 0.320000005E+01 0.169550002E+01 0.839999974E+00 0.000000000E+00
 0.181977630E+01-0.288449209E-01-0.306836486E+00-0.463133156E-01-0.197154486E+01
 0.884145250E+06-0.306836486E+00 0.000000000E+00 0.181977630E+01 0.000000000E+00
-0.288449209E-01 0.000000000E+00-0.463133156E-01 0.000000000E+00 0.000000000E+00
-0.334586239E+01-0.334330010E+01-0.334089231E+01-0.333863544E+01-0.333652639E+01
-0.333456111E+01-0.333273673E+01-0.333104968E+01-0.332949615E+01-0.332807302E+01
-0.332677627E+01-0.332560277E+01-0.332454872E+01-0.332361078E+01-0.332278490E+01
-0.332206774E+01-0.332145548E+01-0.332094455E+01-0.332053137E+01-0.332021213E+01
-0.331998324E+01-0.331984091E+01-0.331978130E+01-0.331980085E+01-0.331989598E+01
-0.332006288E+01-0.332029748E+01-0.332059646E+01-0.332095599E+01-0.332137227E+01
-0.332184148E+01-0.332236004E+01-0.332292414E+01-0.332352996E+01-0.332417393E+01
-0.332485223E+01-0.332556105E+01-0.332629681E+01-0.332705569E+01-0.332783389E+01
-0.332862759E+01-0.332943344E+01-0.333024764E+01-0.333106613E+01-0.333188558E+01
-0.333270192E+01-0.333351183E+01-0.333431149E+01-0.333509684E+01-0.333586478E+01
-0.333661127E+01-0.333733273E+01-0.333802533E+01-0.333868551E+01-0.333930945E+01
-0.333989382E+01-0.334043455E+01-0.334092832E+01-0.334137106E+01-0.334175920E+01
-0.334208941E+01-0.334235764E+01-0.334256029E+01-0.334269381E+01-0.334275436E+01
 0.123021000E+06 0.119983773E+06 0.116981945E+06 0.114015516E+06 0.111084477E+06
 0.108188836E+06 0.105328602E+06 0.102503758E+06 0.997143125E+05 0.969602656E+05
 0.942416172E+05 0.915583672E+05 0.889105078E+05 0.862980547E+05 0.837209922E+05
 0.811793359E+05 0.786730703E+05 0.762022031E+05 0.737667344E+05 0.713666641E+05
 0.690019922E+05 0.666727109E+05 0.643788359E+05 0.621203555E+05 0.598972734E+05
 0.577095859E+05 0.555573008E+05 0.534404102E+05 0.513589180E+05 0.493128242E+05
 0.473021250E+05 0.453268242E+05 0.433869258E+05 0.414824180E+05 0.396133125E+05
 0.377796055E+05 0.359812930E+05 0.342183789E+05 0.324908613E+05 0.307987441E+05
 0.291420215E+05 0.275206992E+05 0.259347734E+05 0.243842441E+05 0.228691133E+05
 0.213893809E+05 0.199450449E+05 0.185361074E+05 0.171625684E+05 0.158244248E+05
 0.145216797E+05 0.132543330E+05 0.120223828E+05 0.108258311E+05 0.966467676E+04
 0.853891992E+04 0.744856006E+04 0.639359863E+04 0.537403467E+04 0.438986816E+04
 0.344109912E+04 0.252772803E+04 0.164975439E+04 0.807178406E+03 0.000000000E+00
-0.217003727E+01-0.204023886E+01-0.191347504E+01-0.178974593E+01-0.166905165E+01
-0.155139220E+01-0.143676734E+01-0.132517731E+01-0.121662188E+01-0.111110127E+01
-0.100861549E+01-0.909164369E+00-0.812747955E+00-0.719366312E+00-0.629019380E+00
-0.541707218E+00-0.457429796E+00-0.376187116E+00-0.297979146E+00-0.222805932E+00
-0.150667459E+00-0.815637112E-01-0.154947098E-01 0.475395583E-01 0.107539088E+00
 0.164503872E+00 0.218433931E+00 0.269329250E+00 0.317189813E+00 0.362015665E+00
 0.403806776E+00 0.442563117E+00 0.478284746E+00 0.510971665E+00 0.540623784E+00
 0.567241192E+00 0.590823889E+00 0.611371815E+00 0.628885031E+00 0.643363476E+00
 0.654807210E+00 0.663216174E+00 0.668590426E+00 0.670929909E+00 0.670234680E+00
 0.666504741E+00 0.659740031E+00 0.649940550E+00 0.637106419E+00 0.621237457E+00
 0.602333844E+00 0.580395401E+00 0.555422306E+00 0.527414441E+00 0.496371806E+00
 0.462294459E+00 0.425182372E+00 0.385035545E+00 0.341854006E+00 0.295637697E+00
 0.246386662E+00 0.194100887E+00 0.138780385E+00 0.804251283E-01 0.190351401E-01
-0.750471875E+06-0.741776125E+06-0.733080375E+06-0.724384625E+06-0.715688875E+06
-0.706993062E+06-0.698297312E+06-0.689601562E+06-0.680905812E+06-0.672210062E+06
-0.663514312E+06-0.654818500E+06-0.646122750E+06-0.637427000E+06-0.628731250E+06
-0.620035500E+06-0.611339688E+06-0.602643938E+06-0.593948188E+06-0.585252438E+06
-0.576556688E+06-0.567860938E+06-0.559165125E+06-0.550469375E+06-0.541773625E+06
-0.533077875E+06-0.524382125E+06-0.515686344E+06-0.506990594E+06-0.498294812E+06
-0.489599062E+06-0.480903312E+06-0.472207531E+06-0.463511781E+06-0.454816031E+06
-0.446120250E+06-0.437424500E+06-0.428728750E+06-0.420032969E+06-0.411337219E+06
-0.402641469E+06-0.393945688E+06-0.385249938E+06-0.376554156E+06-0.367858406E+06
-0.359162656E+06-0.350466875E+06-0.341771125E+06-0.333075375E+06-0.324379594E+06
-0.315683844E+06-0.306988094E+06-0.298292312E+06-0.289596562E+06-0.280900812E+06
-0.272205031E+06-0.263509281E+06-0.254813516E+06-0.246117750E+06-0.237422000E+06
-0.228726234E+06-0.220030469E+06-0.211334719E+06-0.202638953E+06-0.193943188E+06
 0.122069111E-01 0.328650582E-02-0.654503191E-02-0.172974225E-01-0.288634077E-01
-0.410117395E-01-0.534084365E-01-0.656646639E-01-0.743817165E-01-0.760651305E-01
-0.781988427E-01-0.839165598E-01-0.912047476E-01-0.965265334E-01-0.100377567E+00
-0.102916144E+00-0.104120746E+00-0.103865393E+00-0.101871058E+00-0.975888595E-01
-0.899831429E-01-0.823690817E-01-0.772893354E-01-0.739328191E-01-0.718967766E-01
-0.710045397E-01-0.712260231E-01-0.726629868E-01-0.755790174E-01-0.803758278E-01
-0.836780444E-01-0.843588561E-01-0.827462897E-01-0.786379799E-01-0.719223544E-01
-0.622364171E-01-0.508582257E-01-0.412016325E-01-0.327337980E-01-0.251074526E-01
-0.180895086E-01-0.115174428E-01-0.527621200E-02 0.714956550E-03 0.651153969E-02
 0.121503733E-01 0.176545363E-01 0.230368376E-01 0.283022504E-01 0.334496833E-01
 0.384733230E-01 0.433637239E-01 0.481088422E-01 0.526949801E-01 0.571077652E-01
 0.613330938E-01 0.653580353E-01 0.691716447E-01 0.727656111E-01 0.761347339E-01
 0.792771205E-01 0.821942091E-01 0.848905370E-01 0.873733088E-01 0.896519423E-01
 0.111405076E-01 0.937092991E-03-0.106541021E-01-0.237942617E-01-0.384639092E-01
-0.543516986E-01-0.689194128E-01-0.785190836E-01-0.823958069E-01-0.803545266E-01
-0.794291943E-01-0.815791935E-01-0.851815417E-01-0.885589421E-01-0.912882760E-01
-0.931969360E-01-0.941447169E-01-0.939780101E-01-0.925145969E-01-0.895577148E-01
-0.850848407E-01-0.804154798E-01-0.767649934E-01-0.741831362E-01-0.725999922E-01
-0.719822124E-01-0.723650679E-01-0.738784075E-01-0.767953098E-01-0.814969316E-01
-0.847585723E-01-0.854264349E-01-0.837769210E-01-0.797055662E-01-0.730337203E-01
-0.633434281E-01-0.520041436E-01-0.422502197E-01-0.335901715E-01-0.256963708E-01
-0.183562376E-01-0.114244251E-01-0.479850778E-02 0.159433542E-02 0.780528830E-02
 0.138690658E-01 0.198074766E-01 0.256319661E-01 0.313454941E-01 0.369439647E-01
 0.424174368E-01 0.477512181E-01 0.529270247E-01 0.579241961E-01 0.627210513E-01
 0.672963411E-01 0.716306865E-01 0.757079124E-01 0.795161277E-01 0.830484927E-01
 0.863034874E-01 0.892847851E-01 0.920007676E-01 0.944636688E-01 0.966885984E-01
 0.131841656E-01 0.236474397E-02-0.103773223E-01-0.257000439E-01-0.438338257E-01
-0.585433580E-01-0.683414936E-01-0.729490519E-01-0.721516982E-01-0.705333203E-01
-0.701615214E-01-0.710562393E-01-0.727567077E-01-0.747434944E-01-0.766139627E-01
-0.780988634E-01-0.790208206E-01-0.792651772E-01-0.787783414E-01-0.775967911E-01
-0.758973137E-01-0.739983916E-01-0.722337589E-01-0.708294287E-01-0.699052960E-01
-0.695239231E-01-0.697248504E-01-0.705361515E-01-0.719524622E-01-0.737336725E-01
-0.747775733E-01-0.743417591E-01-0.722651854E-01-0.684677064E-01-0.628912225E-01
-0.555841289E-01-0.473262742E-01-0.392179489E-01-0.314591713E-01-0.240310580E-01
-0.168819111E-01-0.995797571E-02-0.321197906E-02 0.339441723E-02 0.989019964E-02
 0.162953045E-01 0.226211101E-01 0.288709495E-01 0.350405574E-01 0.411185101E-01
 0.470867343E-01 0.529212020E-01 0.585929342E-01 0.640693977E-01 0.693164170E-01
 0.743003711E-01 0.789906383E-01 0.833619907E-01 0.873964652E-01 0.910846815E-01
 0.944262221E-01 0.974292085E-01 0.100109063E+00 0.102486797E+00 0.104587100E+00
 0.193179436E-01 0.910885911E-02-0.299912645E-02-0.174928829E-01-0.337843783E-01
-0.447507761E-01-0.494878553E-01-0.514906570E-01-0.530430228E-01-0.544714630E-01
-0.560200438E-01-0.577869117E-01-0.597252622E-01-0.617023557E-01-0.635630563E-01
-0.651693270E-01-0.664173663E-01-0.672442764E-01-0.676331446E-01-0.676181689E-01
-0.672847927E-01-0.667561665E-01-0.661653504E-01-0.656268075E-01-0.652204826E-01
-0.649878308E-01-0.649299994E-01-0.649985969E-01-0.650730878E-01-0.649344474E-01
-0.642854720E-01-0.628464073E-01-0.604309104E-01-0.569549315E-01-0.524346791E-01
-0.470021367E-01-0.409031548E-01-0.344158411E-01-0.277478769E-01-0.210157055E-01
-0.142735532E-01-0.754159875E-02-0.823352369E-03 0.588453375E-02 0.125867203E-01
 0.192859210E-01 0.259808432E-01 0.326647684E-01 0.393244326E-01 0.459391586E-01
 0.524802096E-01 0.589105934E-01 0.651855171E-01 0.712538064E-01 0.770605579E-01
 0.825508758E-01 0.876743719E-01 0.923897624E-01 0.966686532E-01 0.100497998E+00
 0.103880651E+00 0.106834091E+00 0.109387539E+00 0.111578174E+00 0.113447182E+00
 0.297340658E-01 0.212788191E-01 0.111918272E-01-0.337994890E-03-0.119171115E-01
-0.195864923E-01-0.255532917E-01-0.303617045E-01-0.343794860E-01-0.378731191E-01
-0.410290621E-01-0.439586639E-01-0.467062928E-01-0.492662787E-01-0.516043007E-01
-0.536769219E-01-0.554461218E-01-0.568888076E-01-0.580022968E-01-0.588062480E-01
-0.593405403E-01-0.596587770E-01-0.598183796E-01-0.598697662E-01-0.598472431E-01
-0.597622730E-01-0.595984273E-01-0.593071356E-01-0.588053390E-01-0.579792075E-01
-0.566986762E-01-0.548411123E-01-0.523146987E-01-0.490735993E-01-0.451243743E-01
-0.405243672E-01-0.353697427E-01-0.297732484E-01-0.238403585E-01-0.176547319E-01
-0.112753585E-01-0.474055391E-02 0.192609173E-02 0.871022046E-02 0.156023065E-01
 0.225942265E-01 0.296764895E-01 0.368358158E-01 0.440528281E-01 0.512997136E-01
 0.585378781E-01 0.657158270E-01 0.727679282E-01 0.796148926E-01 0.861672238E-01
 0.923319012E-01 0.980217829E-01 0.103165537E+00 0.107715875E+00 0.111654602E+00
 0.114993513E+00 0.117771037E+00 0.120045096E+00 0.121884130E+00 0.123358563E+00
 0.446387455E-01 0.389901847E-01 0.294817723E-01 0.191621855E-01 0.966596231E-02
 0.126630696E-02-0.600452488E-02-0.122962184E-01-0.177898649E-01-0.226479359E-01
-0.270004254E-01-0.309415702E-01-0.345317796E-01-0.378033668E-01-0.407686420E-01
-0.434285328E-01-0.457803048E-01-0.478234701E-01-0.495635420E-01-0.510135368E-01
-0.521932319E-01-0.531264208E-01-0.538367294E-01-0.543428212E-01-0.546538085E-01
-0.547655411E-01-0.546581484E-01-0.542952791E-01-0.536255799E-01-0.525870845E-01
-0.511144325E-01-0.491478667E-01-0.466421358E-01-0.435731784E-01-0.399412513E-01
-0.357699096E-01-0.311009958E-01-0.259867813E-01-0.204815213E-01-0.146347638E-01
-0.848760270E-02-0.207172846E-02 0.458969641E-02 0.114802141E-01 0.185879227E-01
 0.259032436E-01 0.334166139E-01 0.411159806E-01 0.489838198E-01 0.569934286E-01
 0.651040897E-01 0.732551217E-01 0.813592672E-01 0.892976448E-01 0.969209224E-01
 0.104061797E+00 0.110558324E+00 0.116278782E+00 0.121139526E+00 0.125114664E+00
 0.128238797E+00 0.130600095E+00 0.132321343E+00 0.133534983E+00 0.134363204E+00
 0.581088588E-01 0.543584004E-01 0.454684570E-01 0.351972990E-01 0.257765763E-01
 0.172004234E-01 0.944231637E-02 0.244826009E-02-0.385761587E-02-0.955791678E-02
-0.147299990E-01-0.194392074E-01-0.237363297E-01-0.276580211E-01-0.312291514E-01
-0.344660804E-01-0.373800620E-01-0.399801657E-01-0.422753282E-01-0.442753211E-01
-0.459906124E-01-0.474312417E-01-0.486049727E-01-0.495150872E-01-0.501582213E-01
-0.505226962E-01-0.505877733E-01-0.503242388E-01-0.496967509E-01-0.486678779E-01
-0.472019352E-01-0.452680252E-01-0.428431742E-01-0.399147980E-01-0.364819281E-01
-0.325547904E-01-0.281528346E-01-0.233016163E-01-0.180292726E-01-0.123632969E-01
-0.632814458E-02 0.561678826E-04 0.677455729E-02 0.138167040E-01 0.211764220E-01
 0.288507044E-01 0.368384682E-01 0.451388210E-01 0.537486002E-01 0.626584738E-01
 0.718466043E-01 0.812680125E-01 0.908368751E-01 0.100398995E+00 0.109701321E+00
 0.118401960E+00 0.126161948E+00 0.132730424E+00 0.137959376E+00 0.141803190E+00
 0.144338459E+00 0.145781159E+00 0.146429613E+00 0.146556601E+00 0.146363735E+00
 0.682040080E-01 0.655201972E-01 0.571225472E-01 0.472254269E-01 0.379857458E-01
 0.294017624E-01 0.214633588E-01 0.141446041E-01 0.740798656E-02 0.120969384E-02
-0.449514855E-02-0.974841323E-02-0.145864971E-01-0.190393329E-01-0.231305491E-01
-0.268783607E-01-0.302967746E-01-0.333967805E-01-0.361872315E-01-0.386753194E-01
-0.408664905E-01-0.427639261E-01-0.443675965E-01-0.456730761E-01-0.466703139E-01
-0.473425724E-01-0.476658642E-01-0.476095267E-01-0.471395366E-01-0.462287068E-01
-0.448594578E-01-0.430179872E-01-0.406945758E-01-0.378841273E-01-0.345866866E-01
-0.308074094E-01-0.265558083E-01-0.218444914E-01-0.166875422E-01-0.110988803E-01
-0.509077962E-02 0.132731220E-02 0.814962946E-02 0.153746642E-01 0.230055470E-01
 0.310503095E-01 0.395220742E-01 0.484391674E-01 0.578250326E-01 0.677075908E-01
 0.781171918E-01 0.890811011E-01 0.100609228E+00 0.112658896E+00 0.125013381E+00
 0.136575162E+00 0.146419406E+00 0.154294178E+00 0.160023421E+00 0.163464472E+00
 0.164531022E+00 0.163725033E+00 0.162283167E+00 0.160619885E+00 0.158933148E+00
 0.753220990E-01 0.732399896E-01 0.654550344E-01 0.559520088E-01 0.469620861E-01
 0.384981371E-01 0.305583552E-01 0.231295694E-01 0.161911715E-01 0.971829146E-02
 0.368444389E-02-0.193638064E-02-0.716821617E-02-0.120322304E-01-0.165463593E-01
-0.207253471E-01-0.245810002E-01-0.281225331E-01-0.313568264E-01-0.342885442E-01
-0.369199999E-01-0.392508097E-01-0.412772708E-01-0.429915264E-01-0.443804264E-01
-0.454238951E-01-0.460922942E-01-0.463415235E-01-0.461026691E-01-0.453492664E-01
-0.441023782E-01-0.423640758E-01-0.401358865E-01-0.374184139E-01-0.342132710E-01
-0.305235833E-01-0.263540242E-01-0.217103884E-01-0.165988430E-01-0.110250292E-01
-0.499306060E-02 0.149545050E-02 0.844236650E-02 0.158540048E-01 0.237421989E-01
 0.321255736E-01 0.410311744E-01 0.504967012E-01 0.605737418E-01 0.713325813E-01
 0.828697607E-01 0.953208283E-01 0.108884104E+00 0.123872943E+00 0.140530199E+00
 0.155829221E+00 0.168329522E+00 0.177961782E+00 0.184579879E+00 0.187821254E+00
 0.187539995E+00 0.183384269E+00 0.178689644E+00 0.174579635E+00 0.171062112E+00
 0.800708383E-01 0.783469379E-01 0.710335523E-01 0.618905500E-01 0.531866737E-01
 0.449311398E-01 0.371120311E-01 0.297152773E-01 0.227261037E-01 0.161293540E-01
 0.990974996E-02 0.405232189E-02-0.145711540E-02-0.663151965E-02-0.114823049E-01
-0.160191599E-01-0.202499665E-01-0.241807867E-01-0.278158393E-01-0.311574433E-01
-0.342058837E-01-0.369591899E-01-0.394128300E-01-0.415593460E-01-0.433879457E-01
-0.448841006E-01-0.460293107E-01-0.468014255E-01-0.468589440E-01-0.461606905E-01
-0.450026244E-01-0.433365628E-01-0.411763415E-01-0.385213606E-01-0.353730544E-01
-0.317325145E-01-0.276012886E-01-0.229811184E-01-0.178735852E-01-0.122795114E-01
-0.619822275E-02 0.373298913E-03 0.744138891E-02 0.150168184E-01 0.231161416E-01
 0.317634158E-01 0.409925133E-01 0.508503392E-01 0.614015348E-01 0.727354512E-01
 0.849769339E-01 0.983032361E-01 0.112970605E+00 0.129350543E+00 0.147942305E+00
 0.166867912E+00 0.182142287E+00 0.193667024E+00 0.201491416E+00 0.205550596E+00
 0.205344811E+00 0.200621605E+00 0.192692176E+00 0.186247766E+00 0.181123614E+00
 0.827787220E-01 0.813193843E-01 0.740638152E-01 0.652894452E-01 0.569745041E-01
 0.490407571E-01 0.414542146E-01 0.341984741E-01 0.272648409E-01 0.206473023E-01
 0.143404091E-01 0.833862089E-02 0.263627665E-02-0.277218735E-02-0.789195579E-02
-0.127275717E-01-0.172827281E-01-0.215600878E-01-0.255611632E-01-0.292861816E-01
-0.327339843E-01-0.359019227E-01-0.387857817E-01-0.413797833E-01-0.436766706E-01
-0.456680954E-01-0.473453775E-01-0.483973324E-01-0.488035902E-01-0.485471785E-01
-0.476222821E-01-0.459528118E-01-0.438369960E-01-0.412143543E-01-0.380944647E-01
-0.344736241E-01-0.303511508E-01-0.257260725E-01-0.205974635E-01-0.149638643E-01
-0.882270653E-02-0.216955785E-02 0.500273705E-02 0.127050439E-01 0.209531132E-01
 0.297690518E-01 0.391832292E-01 0.492368415E-01 0.599853657E-01 0.715032443E-01
 0.838901922E-01 0.972792208E-01 0.111845955E+00 0.127817288E+00 0.145477474E+00
 0.165072307E+00 0.182148546E+00 0.195181265E+00 0.204286590E+00 0.209497303E+00
 0.210910857E+00 0.208014622E+00 0.200719655E+00 0.193097308E+00 0.187353328E+00
 0.823443830E-01 0.806216300E-01 0.741879120E-01 0.662979186E-01 0.586516038E-01
 0.511934906E-01 0.439356416E-01 0.368934311E-01 0.300791282E-01 0.235015936E-01
 0.171667840E-01 0.110783735E-01 0.523838215E-02-0.352285977E-03-0.569336303E-02
-0.107848225E-01-0.156265590E-01-0.202181321E-01-0.245585777E-01-0.286462624E-01
-0.324787870E-01-0.360529460E-01-0.393647738E-01-0.424096361E-01-0.451825000E-01
-0.476783514E-01-0.496019013E-01-0.509384796E-01-0.516706146E-01-0.517794713E-01
-0.512451716E-01-0.500436947E-01-0.481618047E-01-0.455120020E-01-0.424088724E-01
-0.387858413E-01-0.346517861E-01-0.300018322E-01-0.248345509E-01-0.191481933E-01
-0.129408296E-01-0.620950852E-02 0.105049973E-02 0.884632301E-02 0.171881244E-01
 0.260898415E-01 0.355700403E-01 0.456528962E-01 0.563692674E-01 0.677576512E-01
 0.798648223E-01 0.927456096E-01 0.106461242E+00 0.121076338E+00 0.136658877E+00
 0.153311238E+00 0.170218125E+00 0.183228493E+00 0.192825720E+00 0.199259967E+00
 0.202403650E+00 0.202503607E+00 0.199127659E+00 0.193068698E+00 0.188588262E+00
 0.806810111E-01 0.783678070E-01 0.727519393E-01 0.659239814E-01 0.589337237E-01
 0.519220196E-01 0.449743345E-01 0.381404459E-01 0.314518847E-01 0.249299128E-01
 0.185893979E-01 0.124409655E-01 0.649233628E-02 0.749231025E-03-0.478396099E-02
-0.101036783E-01-0.152068036E-01-0.200903602E-01-0.247512963E-01-0.291863270E-01
-0.333918482E-01-0.373639204E-01-0.410982929E-01-0.445905663E-01-0.478363782E-01
-0.505525023E-01-0.527285561E-01-0.543497279E-01-0.553978831E-01-0.558524132E-01
-0.556907691E-01-0.548886657E-01-0.534207858E-01-0.512579903E-01-0.483834967E-01
-0.447019264E-01-0.405493826E-01-0.358559191E-01-0.306329764E-01-0.248780102E-01
-0.185926426E-01-0.117779756E-01-0.443378324E-02 0.344122993E-02 0.118492246E-01
 0.207931045E-01 0.302763171E-01 0.403024033E-01 0.508740433E-01 0.619912520E-01
 0.736480504E-01 0.858266726E-01 0.984873250E-01 0.111549743E+00 0.124857008E+00
 0.138096675E+00 0.150662035E+00 0.161762491E+00 0.170917124E+00 0.177960947E+00
 0.182870165E+00 0.185723811E+00 0.186761603E+00 0.186527014E+00 0.185791984E+00
 0.801164210E-01 0.778224319E-01 0.720425919E-01 0.652911216E-01 0.585009344E-01
 0.517029613E-01 0.449370742E-01 0.382383689E-01 0.316349156E-01 0.251484811E-01
 0.187958628E-01 0.125901103E-01 0.654148962E-02 0.658225734E-03-0.505291251E-02
-0.105861528E-01-0.159363523E-01-0.210987143E-01-0.260685682E-01-0.308412239E-01
-0.354118831E-01-0.397756286E-01-0.439274572E-01-0.478623770E-01-0.513071753E-01
-0.542547442E-01-0.566926412E-01-0.586040653E-01-0.599687137E-01-0.607635826E-01
-0.609636270E-01-0.605422668E-01-0.594718568E-01-0.577238873E-01-0.552698001E-01
-0.520780049E-01-0.481312536E-01-0.433293059E-01-0.380362011E-01-0.321839824E-01
-0.257945377E-01-0.188758057E-01-0.114311129E-01-0.346426619E-02 0.501930248E-02
 0.140120564E-01 0.235036928E-01 0.334800296E-01 0.439212508E-01 0.547991991E-01
 0.660733059E-01 0.776845589E-01 0.895468444E-01 0.101534985E+00 0.113470197E+00
 0.125108749E+00 0.136150524E+00 0.146285623E+00 0.155260324E+00 0.162916243E+00
 0.169195756E+00 0.174138740E+00 0.177880913E+00 0.180639982E+00 0.182667479E+00
 0.788416192E-01 0.764910206E-01 0.708580017E-01 0.641456246E-01 0.574194603E-01
 0.507026203E-01 0.440156199E-01 0.373787209E-01 0.308105294E-01 0.243273843E-01
 0.179432947E-01 0.116701433E-01 0.551800942E-02-0.504480617E-03-0.638982048E-02
-0.121313110E-01-0.177227799E-01-0.231583361E-01-0.284321792E-01-0.335384570E-01
-0.384712033E-01-0.432243459E-01-0.477917418E-01-0.519089438E-01-0.555715710E-01
-0.587691478E-01-0.614860021E-01-0.637021065E-01-0.653939247E-01-0.665351599E-01
-0.670975074E-01-0.670512766E-01-0.663660169E-01-0.650109202E-01-0.629552677E-01
-0.601685755E-01-0.566213615E-01-0.522821397E-01-0.471367203E-01-0.410862379E-01
-0.345426612E-01-0.274871010E-01-0.199083909E-01-0.118114324E-01-0.320775271E-02
 0.588678522E-02 0.154516827E-01 0.254607368E-01 0.358804464E-01 0.466678105E-01
 0.577674210E-01 0.691078901E-01 0.805977583E-01 0.921217054E-01 0.103538543E+00
 0.114683725E+00 0.125378966E+00 0.135449260E+00 0.144742936E+00 0.153148040E+00
 0.160601735E+00 0.167092457E+00 0.172656029E+00 0.177364767E+00 0.181310743E+00
 0.772007257E-01 0.747972652E-01 0.690741912E-01 0.623496883E-01 0.556374937E-01
 0.489462838E-01 0.422856323E-01 0.356657580E-01 0.290972609E-01 0.225906614E-01
 0.161559917E-01 0.980256032E-02 0.353887747E-02-0.262731989E-02-0.868894160E-02
-0.146393776E-01-0.204722881E-01-0.261813682E-01-0.317601301E-01-0.372017473E-01
-0.424990728E-01-0.476446971E-01-0.523822159E-01-0.567097776E-01-0.606187396E-01
-0.640944913E-01-0.671172217E-01-0.696627423E-01-0.717032924E-01-0.732083246E-01
-0.741453394E-01-0.744805932E-01-0.741798282E-01-0.732088387E-01-0.715338886E-01
-0.691218749E-01-0.659401044E-01-0.619551949E-01-0.571312122E-01-0.514203645E-01
-0.447694585E-01-0.375964902E-01-0.298468359E-01-0.215605721E-01-0.127636911E-01
-0.347962114E-02 0.626442861E-02 0.164355207E-01 0.269938316E-01 0.378913507E-01
 0.490702949E-01 0.604614429E-01 0.719826669E-01 0.835382193E-01 0.950194076E-01
 0.106307410E+00 0.117278412E+00 0.127810881E+00 0.137793377E+00 0.147131681E+00
 0.155753508E+00 0.163610607E+00 0.170677856E+00 0.176950052E+00 0.182437092E+00
 0.748985261E-01 0.724047497E-01 0.665699691E-01 0.598234124E-01 0.531150028E-01
 0.464364402E-01 0.397858620E-01 0.331651308E-01 0.265788548E-01 0.200332012E-01
 0.135349799E-01 0.709109614E-02 0.708240492E-03-0.560723478E-02-0.118493196E-01
-0.180122610E-01-0.240903664E-01-0.300776958E-01-0.359675810E-01-0.417521372E-01
-0.474227332E-01-0.527303778E-01-0.576757714E-01-0.622522496E-01-0.664464533E-01
-0.702390149E-01-0.736052617E-01-0.765159875E-01-0.789382532E-01-0.808363035E-01
-0.821723789E-01-0.829076990E-01-0.830032453E-01-0.824206173E-01-0.811226517E-01
-0.790739954E-01-0.762414113E-01-0.725940242E-01-0.681036413E-01-0.627459213E-01
-0.565055832E-01-0.493872017E-01-0.413034372E-01-0.327169448E-01-0.236269664E-01
-0.140419723E-01-0.398917589E-02 0.649564387E-02 0.173707828E-01 0.285886731E-01
 0.400951281E-01 0.518284850E-01 0.637189522E-01 0.756884664E-01 0.876511857E-01
 0.995148420E-01 0.111182839E+00 0.122556932E+00 0.133540019E+00 0.144038722E+00
 0.153965324E+00 0.163239256E+00 0.171788141E+00 0.179548979E+00 0.186469853E+00
 0.716163144E-01 0.689539090E-01 0.631947294E-01 0.564864613E-01 0.498270914E-01
 0.431883745E-01 0.365590379E-01 0.299383532E-01 0.233298279E-01 0.167385153E-01
 0.101699019E-01 0.362943765E-02-0.287765963E-02-0.934647862E-02-0.157724507E-01
-0.221513566E-01-0.284792781E-01-0.347522832E-01-0.409651585E-01-0.471072197E-01
-0.529352278E-01-0.584521182E-01-0.636534020E-01-0.685274825E-01-0.730560347E-01
-0.772144869E-01-0.809726790E-01-0.842955634E-01-0.871440917E-01-0.894761756E-01
-0.912476778E-01-0.924135298E-01-0.929287598E-01-0.927495807E-01-0.918343067E-01
-0.901442245E-01-0.876441896E-01-0.843031034E-01-0.800941288E-01-0.749945343E-01
-0.689847618E-01-0.620448068E-01-0.541427992E-01-0.452409685E-01-0.358108766E-01
-0.258129817E-01-0.153110819E-01-0.435339473E-02 0.701619964E-02 0.187531933E-01
 0.308100637E-01 0.431349985E-01 0.556711666E-01 0.683562979E-01 0.811224952E-01
 0.938961208E-01 0.106597759E+00 0.119141966E+00 0.131436765E+00 0.143382862E+00
 0.154872850E+00 0.165790915E+00 0.176014215E+00 0.185416818E+00 0.193877056E+00
 0.673136190E-01 0.643283278E-01 0.587292165E-01 0.523295552E-01 0.458346866E-01
 0.392774753E-01 0.326821767E-01 0.260630939E-01 0.194297452E-01 0.127890734E-01
 0.614651712E-02-0.493404223E-03-0.712675229E-02-0.137499915E-01-0.203599837E-01
-0.269542485E-01-0.335317552E-01-0.400949605E-01-0.466548018E-01-0.529558994E-01
-0.589991398E-01-0.647820830E-01-0.702960119E-01-0.755250081E-01-0.804459453E-01
-0.850288495E-01-0.892374739E-01-0.930301324E-01-0.963606238E-01-0.991792828E-01
-0.101434253E+00-0.103072710E+00-0.104042225E+00-0.104292080E+00-0.103774533E+00
-0.102445953E+00-0.100267693E+00-0.972068086E-01-0.932363793E-01-0.883355141E-01
-0.824889615E-01-0.756865442E-01-0.679233074E-01-0.592041574E-01-0.495547019E-01
-0.388996452E-01-0.277626701E-01-0.161640216E-01-0.413192483E-02 0.830069277E-02
 0.210974626E-01 0.342189558E-01 0.476226546E-01 0.612626188E-01 0.750888810E-01
 0.890463963E-01 0.103073366E+00 0.117098756E+00 0.131038621E+00 0.144791320E+00
 0.158231705E+00 0.171205565E+00 0.183526456E+00 0.194979161E+00 0.205333695E+00
 0.629860759E-01 0.597547330E-01 0.541753098E-01 0.478363074E-01 0.413867123E-01
 0.348529518E-01 0.282610226E-01 0.216268599E-01 0.149598252E-01 0.826551393E-02
 0.154744124E-02-0.519192405E-02-0.119504994E-01-0.187261235E-01-0.255161747E-01
-0.323171206E-01-0.391237736E-01-0.459276848E-01-0.527132936E-01-0.592572652E-01
-0.655819848E-01-0.716921017E-01-0.775795281E-01-0.832258314E-01-0.886034817E-01
-0.936768278E-01-0.984028876E-01-0.102732360E+00-0.106610671E+00-0.109979205E+00
-0.112776786E+00-0.114941142E+00-0.116410591E+00-0.117125697E+00-0.117030852E+00
-0.116075724E+00-0.114216521E+00-0.111416876E+00-0.107648365E+00-0.102890573E+00
-0.971306637E-01-0.903624445E-01-0.825849101E-01-0.737999454E-01-0.640073493E-01
-0.531923063E-01-0.413338542E-01-0.289810132E-01-0.161582567E-01-0.289149466E-02
 0.107925860E-01 0.248669349E-01 0.393042825E-01 0.540769510E-01 0.691561997E-01
 0.845109448E-01 0.100105375E+00 0.115895145E+00 0.131821245E+00 0.147800595E+00
 0.163712457E+00 0.179379493E+00 0.194545507E+00 0.208858073E+00 0.221880049E+00
 0.587477610E-01 0.553599820E-01 0.496186875E-01 0.431151316E-01 0.365701281E-01
 0.299840495E-01 0.233576465E-01 0.166917685E-01 0.998616219E-02 0.323954714E-02
-0.354986242E-02-0.103838183E-01-0.172636006E-01-0.241896734E-01-0.311613828E-01
-0.381766520E-01-0.452316180E-01-0.523201935E-01-0.592508875E-01-0.660317391E-01
-0.726661310E-01-0.791489482E-01-0.854655057E-01-0.915914625E-01-0.974930823E-01
-0.103127733E+00-0.108444557E+00-0.113385372E+00-0.117885821E+00-0.121876776E+00
-0.125285938E+00-0.128039733E+00-0.130065203E+00-0.131292149E+00-0.131655097E+00
-0.131095186E+00-0.129561737E+00-0.127013519E+00-0.123419426E+00-0.118758619E+00
-0.113020062E+00-0.106201299E+00-0.983064845E-01-0.893436149E-01-0.793208256E-01
-0.682421550E-01-0.561049804E-01-0.428966023E-01-0.291782226E-01-0.149711333E-01
-0.293858262E-03 0.148383584E-01 0.304140132E-01 0.464256741E-01 0.628700182E-01
 0.797473937E-01 0.970605388E-01 0.114811815E+00 0.132998019E+00 0.151600778E+00
 0.170569271E+00 0.189788327E+00 0.209019899E+00 0.227791026E+00 0.245199740E+00
 0.540694296E-01 0.505086258E-01 0.445002913E-01 0.378735438E-01 0.312501080E-01
 0.246181227E-01 0.179662574E-01 0.112825772E-01 0.455556810E-02-0.222523720E-02
-0.906888768E-02-0.159828141E-01-0.229727346E-01-0.300426334E-01-0.371947587E-01
-0.444296300E-01-0.517460257E-01-0.589649118E-01-0.661035255E-01-0.731697083E-01
-0.801624060E-01-0.870712027E-01-0.938758403E-01-0.100545973E+00-0.107041113E+00
-0.113310903E+00-0.119295634E+00-0.124927096E+00-0.130129755E+00-0.134822309E+00
-0.138919502E+00-0.142334387E+00-0.144980624E+00-0.146775082E+00-0.147640303E+00
-0.147506908E+00-0.146315649E+00-0.144019052E+00-0.140582427E+00-0.135984212E+00
-0.130215436E+00-0.123278528E+00-0.115185134E+00-0.105953224E+00-0.956035703E-01
-0.841556862E-01-0.716236010E-01-0.580111593E-01-0.433067232E-01-0.280799102E-01
-0.123427464E-01 0.389979105E-02 0.206508543E-01 0.379230082E-01 0.557396710E-01
 0.741366297E-01 0.931636393E-01 0.112885959E+00 0.133385628E+00 0.154761985E+00
 0.177129999E+00 0.200613409E+00 0.225320637E+00 0.251226008E+00 0.276844621E+00
 0.484929346E-01 0.447102971E-01 0.386478566E-01 0.319470875E-01 0.252994858E-01
 0.186804458E-01 0.120611936E-01 0.541390805E-02-0.128600956E-02-0.805918127E-02
-0.149223059E-01-0.218885224E-01-0.289678257E-01-0.361674875E-01-0.434924550E-01
-0.509457253E-01-0.583577380E-01-0.657534748E-01-0.731484741E-01-0.805486962E-01
-0.879502743E-01-0.953391120E-01-0.102690347E+00-0.109968066E+00-0.117125042E+00
-0.124102861E+00-0.130832300E+00-0.137234166E+00-0.143220454E+00-0.148696125E+00
-0.153561190E+00-0.157713234E+00-0.161050379E+00-0.163474292E+00-0.164893329E+00
-0.165225580E+00-0.164401516E+00-0.162366092E+00-0.159080252E+00-0.154521450E+00
-0.148683310E+00-0.141574264E+00-0.133215249E+00-0.123636559E+00-0.112873830E+00
-0.100963540E+00-0.879379734E-01-0.738197491E-01-0.586158782E-01-0.423112512E-01
-0.254815780E-01-0.812504906E-02 0.977198407E-02 0.282374006E-01 0.473163575E-01
 0.670748428E-01 0.876043588E-01 0.109028429E+00 0.131511956E+00 0.155275002E+00
 0.180614144E+00 0.207938910E+00 0.237843111E+00 0.271267086E+00 0.306529462E+00
 0.420058928E-01 0.379738435E-01 0.318205431E-01 0.251360759E-01 0.185866076E-01
 0.121075697E-01 0.563756097E-02-0.873440469E-03-0.746410247E-02-0.141638042E-01
-0.209948141E-01-0.279739685E-01-0.351137444E-01-0.424229540E-01-0.499078408E-01
-0.574054942E-01-0.649475306E-01-0.725568086E-01-0.802471042E-01-0.880225524E-01
-0.958770365E-01-0.103793457E+00-0.111743040E+00-0.119684704E+00-0.127564698E+00
-0.135316432E+00-0.142860800E+00-0.150106862E+00-0.156953156E+00-0.163289517E+00
-0.168999508E+00-0.173963413E+00-0.178061634E+00-0.181178465E+00-0.183205932E+00
-0.184047550E+00-0.183621749E+00-0.181864649E+00-0.178731933E+00-0.174199909E+00
-0.168265149E+00-0.160943180E+00-0.152265832E+00-0.142277688E+00-0.131031603E+00
-0.118583500E+00-0.104986660E+00-0.902856439E-01-0.745099112E-01-0.576670095E-01
-0.397352427E-01-0.212964658E-01-0.233429554E-02 0.171846300E-01 0.373157747E-01
 0.581403226E-01 0.797705650E-01 0.102358378E+00 0.126107857E+00 0.151293889E+00
 0.178288653E+00 0.207597688E+00 0.239901900E+00 0.276085436E+00 0.315251648E+00
 0.341877900E-01 0.298471469E-01 0.235584117E-01 0.171567500E-01 0.109930374E-01
 0.489793997E-02-0.123308692E-02-0.746480236E-02-0.138392420E-01-0.203854069E-01
-0.271245558E-01-0.340730324E-01-0.412431508E-01-0.486411229E-01-0.561057702E-01
-0.636727288E-01-0.713705644E-01-0.792201385E-01-0.872337297E-01-0.954141021E-01
-0.103753433E+00-0.112232283E+00-0.120818526E+00-0.129466474E+00-0.138116151E+00
-0.146692991E+00-0.155107826E+00-0.163257658E+00-0.171026781E+00-0.178288907E+00
-0.184909835E+00-0.190750882E+00-0.195672929E+00-0.199540928E+00-0.202228546E+00
-0.203622878E+00-0.203628644E+00-0.202171758E+00-0.199201927E+00-0.194693908E+00
-0.188647568E+00-0.181086317E+00-0.172054261E+00-0.161612153E+00-0.149832204E+00
-0.136792168E+00-0.122569069E+00-0.107232451E+00-0.908377022E-01-0.734193921E-01
-0.549845845E-01-0.355058424E-01-0.155791277E-01 0.481747650E-02 0.257385280E-01
 0.472633764E-01 0.694980100E-01 0.925816521E-01 0.116697147E+00 0.142086163E+00
 0.169071585E+00 0.198091701E+00 0.229753390E+00 0.264909446E+00 0.302948415E+00
 0.232862961E-01 0.181416664E-01 0.129577955E-01 0.783276558E-02 0.264329999E-02
-0.272006355E-02-0.829745363E-02-0.141100734E-01-0.201721974E-01-0.264953133E-01
-0.330904014E-01-0.399703942E-01-0.471546277E-01-0.544642881E-01-0.619316176E-01
-0.695875213E-01-0.774582773E-01-0.855635554E-01-0.939149410E-01-0.102514558E+00
-0.111353636E+00-0.120411098E+00-0.129652202E+00-0.139027283E+00-0.148470730E+00
-0.157900393E+00-0.167217344E+00-0.176306456E+00-0.185037613E+00-0.193267882E+00
-0.200844452E+00-0.207608610E+00-0.213400379E+00-0.218063846E+00-0.221452802E+00
-0.223436296E+00-0.223903954E+00-0.222770318E+00-0.219978243E+00-0.215500623E+00
-0.209340647E+00-0.201530159E+00-0.192126572E+00-0.181208089E+00-0.168867901E+00
-0.155207455E+00-0.140329316E+00-0.124329761E+00-0.107291654E+00-0.892778710E-01
-0.703258142E-01-0.504444875E-01-0.296178460E-01-0.852122251E-02 0.129285026E-01
 0.348040164E-01 0.571839437E-01 0.801612586E-01 0.103848599E+00 0.128382742E+00
 0.153929383E+00 0.180690378E+00 0.208921641E+00 0.239012435E+00 0.270956397E+00
 0.114701912E-01 0.520189758E-02 0.172751269E-02-0.155275315E-02-0.555660948E-02
-0.100888265E-01-0.150558734E-01-0.204115082E-01-0.261316784E-01-0.322034732E-01
-0.386194438E-01-0.453737974E-01-0.524588600E-01-0.597250797E-01-0.672189221E-01
-0.749765262E-01-0.830261260E-01-0.913882926E-01-0.100075126E+00-0.109088972E+00
-0.118420899E+00-0.128048986E+00-0.137936652E+00-0.148031056E+00-0.158261731E+00
-0.168539673E+00-0.178756833E+00-0.188786536E+00-0.198484600E+00-0.207691565E+00
-0.216235995E+00-0.223938838E+00-0.230618715E+00-0.236098155E+00-0.240210101E+00
-0.242804676E+00-0.243755385E+00-0.242964581E+00-0.240367532E+00-0.235934794E+00
-0.229672685E+00-0.221621633E+00-0.211852670E+00-0.200462148E+00-0.187565044E+00
-0.173287407E+00-0.157758161E+00-0.141100734E+00-0.123424679E+00-0.104817137E+00
-0.853333101E-01-0.649839416E-01-0.437143631E-01-0.222073253E-01-0.477909809E-03
 0.214817226E-01 0.436934009E-01 0.661855415E-01 0.889858007E-01 0.112111203E+00
 0.135551691E+00 0.159238771E+00 0.182980210E+00 0.206316948E+00 0.228285998E+00
 0.342475437E-02-0.322957989E-02-0.629667146E-02-0.903023873E-02-0.124385254E-01
-0.164345056E-01-0.209521707E-01-0.259448476E-01-0.313815810E-01-0.372424126E-01
-0.435138494E-01-0.501832627E-01-0.571044236E-01-0.643050894E-01-0.718161985E-01
-0.796672851E-01-0.878840014E-01-0.964861959E-01-0.105486140E+00-0.114886619E+00
-0.124679007E+00-0.134841189E+00-0.145335510E+00-0.156106830E+00-0.167080820E+00
-0.178162619E+00-0.189236194E+00-0.200164363E+00-0.210789979E+00-0.220938101E+00
-0.230419502E+00-0.239035517E+00-0.246583953E+00-0.252866060E+00-0.257694125E+00
-0.260899186E+00-0.262338430E+00-0.261901587E+00-0.259515882E+00-0.255149066E+00
-0.248810023E+00-0.240547299E+00-0.230445176E+00-0.218617767E+00-0.205201685E+00
-0.190347597E+00-0.174211249E+00-0.156944647E+00-0.138687670E+00-0.119560406E+00
-0.996568352E-01-0.790403336E-01-0.577428676E-01-0.357734635E-01-0.137945069E-01
 0.816877652E-02 0.301069636E-01 0.520080216E-01 0.738452524E-01 0.955651328E-01
 0.117071338E+00 0.138202444E+00 0.158703312E+00 0.178199202E+00 0.196199715E+00
-0.173024100E-02-0.855073798E-02-0.118548302E-01-0.144598363E-01-0.176405925E-01
-0.213759448E-01-0.256374963E-01-0.304002520E-01-0.356457867E-01-0.413639061E-01
-0.475548692E-01-0.540452190E-01-0.608554222E-01-0.680117309E-01-0.755427256E-01
-0.834764987E-01-0.918382481E-01-0.100648165E+00-0.109919332E+00-0.119655535E+00
-0.129849002E+00-0.140478060E+00-0.151504785E+00-0.162872642E+00-0.174504533E+00
-0.186301112E+00-0.198139802E+00-0.209874675E+00-0.221337408E+00-0.232339472E+00
-0.242675886E+00-0.252130300E+00-0.260481536E+00-0.267511189E+00-0.273012310E+00
-0.276797891E+00-0.278709501E+00-0.278624594E+00-0.276462197E+00-0.272186726E+00
-0.265808851E+00-0.257383972E+00-0.247008160E+00-0.234811634E+00-0.220950752E+00
-0.205598846E+00-0.188936472E+00-0.171142086E+00-0.152383283E+00-0.132809445E+00
-0.112545915E+00-0.916905627E-01-0.703131333E-01-0.484585688E-01-0.261548515E-01
-0.417098822E-02 0.175168663E-01 0.388971381E-01 0.599289313E-01 0.805408806E-01
 0.100626186E+00 0.120036334E+00 0.138576835E+00 0.156009838E+00 0.172069207E+00
-0.529834628E-02-0.122414622E-01-0.155378971E-01-0.181159787E-01-0.212217961E-01
-0.248476453E-01-0.289821066E-01-0.336139798E-01-0.387341268E-01-0.443362035E-01
-0.504170582E-01-0.568131432E-01-0.635600910E-01-0.706919953E-01-0.782415345E-01
-0.862392262E-01-0.947120711E-01-0.103681877E+00-0.113163292E+00-0.123161644E+00
-0.133670509E+00-0.144669190E+00-0.156120136E+00-0.167966396E+00-0.180129260E+00
-0.192506403E+00-0.204970568E+00-0.217369288E+00-0.229525611E+00-0.241240308E+00
-0.252295703E+00-0.262460977E+00-0.271499157E+00-0.279175341E+00-0.285266072E+00
-0.289568752E+00-0.291911066E+00-0.292159319E+00-0.290224820E+00-0.286068082E+00
-0.279700428E+00-0.271182179E+00-0.260618567E+00-0.248152733E+00-0.233957246E+00
-0.218224004E+00-0.201154009E+00-0.182947189E+00-0.163793012E+00-0.143862441E+00
-0.123301029E+00-0.102223493E+00-0.807090476E-01-0.587966293E-01-0.364781097E-01
-0.145858815E-01 0.686422316E-02 0.278379396E-01 0.482832156E-01 0.681283921E-01
 0.872802064E-01 0.105623052E+00 0.123020716E+00 0.139322072E+00 0.154371411E+00
-0.734097231E-02-0.143472590E-01-0.175777301E-01-0.201816093E-01-0.232927520E-01
-0.268948805E-01-0.309814438E-01-0.355498828E-01-0.405990295E-01-0.461258404E-01
-0.521187522E-01-0.584421568E-01-0.651379079E-01-0.722438768E-01-0.797953755E-01
-0.878249556E-01-0.963614210E-01-0.105428241E+00-0.115041733E+00-0.125208795E+00
-0.135924503E+00-0.147169411E+00-0.158906862E+00-0.171080247E+00-0.183610454E+00
-0.196393758E+00-0.209300354E+00-0.222173840E+00-0.234831795E+00-0.247067973E+00
-0.258656025E+00-0.269355059E+00-0.278916806E+00-0.287094355E+00-0.293651909E+00
-0.298374921E+00-0.301080197E+00-0.301624805E+00-0.299913257E+00-0.295902044E+00
-0.289601535E+00-0.281074494E+00-0.270431668E+00-0.257824808E+00-0.243437394E+00
-0.227474466E+00-0.210151523E+00-0.191683978E+00-0.172277287E+00-0.152118251E+00
-0.131367624E+00-0.110153891E+00-0.885669664E-01-0.666505545E-01-0.443888307E-01
-0.225632451E-01-0.126128993E-02 0.194574073E-01 0.395359844E-01 0.589098707E-01
 0.775029287E-01 0.952272639E-01 0.111985691E+00 0.127676398E+00 0.142199680E+00
-0.756956683E-02-0.145086162E-01-0.180097315E-01-0.207650661E-01-0.239680354E-01
-0.276038852E-01-0.316843018E-01-0.362258069E-01-0.412460938E-01-0.467681140E-01
-0.526461303E-01-0.588910617E-01-0.655298010E-01-0.725951195E-01-0.801210776E-01
-0.881404504E-01-0.966828391E-01-0.105772778E+00-0.115427740E+00-0.125655904E+00
-0.136453599E+00-0.147802681E+00-0.159667671E+00-0.171992898E+00-0.184699982E+00
-0.197685406E+00-0.210819066E+00-0.223943472E+00-0.236874312E+00-0.249402508E+00
-0.261297852E+00-0.272314608E+00-0.282198787E+00-0.290696919E+00-0.297566175E+00
-0.302584857E+00-0.305562705E+00-0.306350440E+00-0.304847062E+00-0.301005095E+00
-0.294832468E+00-0.286391318E+00-0.275793731E+00-0.263194472E+00-0.248781934E+00
-0.232767388E+00-0.215373918E+00-0.196825609E+00-0.177337468E+00-0.157107070E+00
-0.136307716E+00-0.115083724E+00-0.935482606E-01-0.717844814E-01-0.498532578E-01
-0.278157834E-01-0.648418488E-02 0.141464360E-01 0.340519622E-01 0.531887002E-01
 0.714984909E-01 0.889126360E-01 0.105355993E+00 0.120751664E+00 0.135026246E+00
-0.629579928E-02-0.129054589E-01-0.170203708E-01-0.201759432E-01-0.234712195E-01
-0.271094181E-01-0.311551485E-01-0.356406718E-01-0.405849069E-01-0.459976234E-01
-0.518759042E-01-0.580888800E-01-0.646819845E-01-0.716957152E-01-0.791674256E-01
-0.871314257E-01-0.956181511E-01-0.104652777E+00-0.114253409E+00-0.124428965E+00
-0.135176718E+00-0.146479577E+00-0.158303395E+00-0.170593992E+00-0.183274642E+00
-0.196243659E+00-0.209372818E+00-0.222506523E+00-0.235462293E+00-0.248032615E+00
-0.259988606E+00-0.271085352E+00-0.281069130E+00-0.289686114E+00-0.296692371E+00
-0.301864386E+00-0.305009395E+00-0.305974990E+00-0.304656625E+00-0.301002949E+00
-0.295018077E+00-0.286760360E+00-0.276338547E+00-0.263904691E+00-0.249645025E+00
-0.233769611E+00-0.216501147E+00-0.198064178E+00-0.178675190E+00-0.158534154E+00
-0.137817755E+00-0.116674721E+00-0.952229649E-01-0.735479966E-01-0.517010540E-01
-0.296907648E-01-0.838542636E-02 0.122051993E-01 0.320555307E-01 0.511242896E-01
 0.693570003E-01 0.866894126E-01 0.103051513E+00 0.118372105E+00 0.132583752E+00
-0.615188107E-02-0.130143706E-01-0.163317956E-01-0.189403407E-01-0.220066719E-01
-0.255090781E-01-0.294544343E-01-0.338551328E-01-0.387228765E-01-0.440679565E-01
-0.498999320E-01-0.560617335E-01-0.625943094E-01-0.695356950E-01-0.769216716E-01
-0.847854689E-01-0.931567401E-01-0.102060184E+00-0.111513682E+00-0.121526212E+00
-0.132095486E+00-0.143205270E+00-0.154822752E+00-0.166895717E+00-0.179349989E+00
-0.192087173E+00-0.204983041E+00-0.217886746E+00-0.230621204E+00-0.242984831E+00
-0.254755080E+00-0.265693456E+00-0.275552511E+00-0.284084201E+00-0.291049451E+00
-0.296228409E+00-0.299430490E+00-0.300503582E+00-0.299341679E+00-0.295890033E+00
-0.290147543E+00-0.282166004E+00-0.272046268E+00-0.259931833E+00-0.245999992E+00
-0.230451882E+00-0.213501677E+00-0.195365965E+00-0.176254034E+00-0.156359315E+00
-0.135852635E+00-0.114877410E+00-0.935472548E-01-0.719470233E-01-0.501403697E-01
-0.281921104E-01-0.691696163E-02 0.136866746E-01 0.335908681E-01 0.527475029E-01
 0.710933283E-01 0.885539129E-01 0.105047874E+00 0.120491803E+00 0.134805903E+00
-0.413761195E-02-0.109243449E-01-0.140982829E-01-0.164802447E-01-0.193494577E-01
-0.227011591E-01-0.265305713E-01-0.308372863E-01-0.356245749E-01-0.408998616E-01
-0.466772355E-01-0.527887493E-01-0.592592023E-01-0.661181584E-01-0.733966604E-01
-0.811250433E-01-0.893310755E-01-0.980381444E-01-0.107263274E+00-0.117015041E+00
-0.127291217E+00-0.138076290E+00-0.149338871E+00-0.161029145E+00-0.173076347E+00
-0.185386747E+00-0.197842032E+00-0.210298643E+00-0.222588107E+00-0.234518722E+00
-0.245878741E+00-0.256441146E+00-0.265970170E+00-0.274229050E+00-0.280989051E+00
-0.286038965E+00-0.289194643E+00-0.290307641E+00-0.289272428E+00-0.286031514E+00
-0.280577689E+00-0.272953629E+00-0.263248503E+00-0.251592040E+00-0.238146514E+00
-0.223097205E+00-0.206642330E+00-0.188982829E+00-0.170312822E+00-0.150810942E+00
-0.130632922E+00-0.109905012E+00-0.887176916E-01-0.671177208E-01-0.450947024E-01
-0.234358776E-01-0.223396090E-02 0.184453074E-01 0.385378264E-01 0.579703636E-01
 0.766565204E-01 0.944965035E-01 0.111379728E+00 0.127190068E+00 0.141813412E+00
-0.865467708E-03-0.752784684E-02-0.103162248E-01-0.125504266E-01-0.153001472E-01
-0.185537376E-01-0.223019700E-01-0.265359338E-01-0.312488228E-01-0.364363603E-01
-0.420959257E-01-0.482233874E-01-0.546680801E-01-0.614596382E-01-0.686281919E-01
-0.762029588E-01-0.842106119E-01-0.926735178E-01-0.101607852E+00-0.111021690E+00
-0.120912835E+00-0.131266534E+00-0.142053142E+00-0.153225660E+00-0.164717644E+00
-0.176441163E+00-0.188285545E+00-0.200116664E+00-0.211777359E+00-0.223088935E+00
-0.233854145E+00-0.243861571E+00-0.252891421E+00-0.260722756E+00-0.267141521E+00
-0.271949261E+00-0.274971843E+00-0.276067168E+00-0.275132149E+00-0.272107035E+00
-0.266978085E+00-0.259777039E+00-0.250578463E+00-0.239494339E+00-0.226666957E+00
-0.212260246E+00-0.196450561E+00-0.179417089E+00-0.161332980E+00-0.142357111E+00
-0.122627065E+00-0.102253310E+00-0.813144073E-01-0.598525330E-01-0.378676094E-01
-0.161985550E-01 0.513188401E-02 0.260814354E-01 0.465883575E-01 0.665688962E-01
 0.859145820E-01 0.104491018E+00 0.122139677E+00 0.138684228E+00 0.153942451E+00
 0.437979447E-02-0.204919069E-02-0.490808254E-02-0.705923652E-02-0.976161845E-02
-0.129944598E-01-0.167322196E-01-0.209525302E-01-0.256381854E-01-0.307771415E-01
-0.363616608E-01-0.423873626E-01-0.488531888E-01-0.556067601E-01-0.626787916E-01
-0.700989366E-01-0.778940171E-01-0.860859677E-01-0.946903825E-01-0.103714988E+00
-0.113157801E+00-0.123005137E+00-0.133229449E+00-0.143787250E+00-0.154617131E+00
-0.165638104E+00-0.176748440E+00-0.187825128E+00-0.198724315E+00-0.209282681E+00
-0.219320118E+00-0.228643656E+00-0.237052605E+00-0.244344920E+00-0.250324398E+00
-0.254808247E+00-0.257634789E+00-0.258670539E+00-0.257816017E+00-0.255010158E+00
-0.250232369E+00-0.243502557E+00-0.234878764E+00-0.224452615E+00-0.212343022E+00
-0.198688611E+00-0.183639392E+00-0.167348042E+00-0.149961695E+00-0.131614357E+00
-0.112420388E+00-0.924698263E-01-0.718267038E-01-0.505337231E-01-0.286329463E-01
-0.690029282E-02 0.146800559E-01 0.360886753E-01 0.572751872E-01 0.781552568E-01
 0.986037403E-01 0.118446723E+00 0.137456045E+00 0.155352071E+00 0.171821341E+00
 0.112084700E-01 0.507019321E-02 0.232850923E-02 0.157908828E-03-0.264008041E-02
-0.599128054E-02-0.983698666E-02-0.141376341E-01-0.188679975E-01-0.240126550E-01
-0.295628570E-01-0.355146006E-01-0.418676473E-01-0.486250743E-01-0.556274690E-01
-0.629075542E-01-0.704954267E-01-0.784125477E-01-0.866736770E-01-0.952862650E-01
-0.104248904E+00-0.113549486E+00-0.123163208E+00-0.133050770E+00-0.143156603E+00
-0.153407559E+00-0.163711846E+00-0.173958749E+00-0.184018999E+00-0.193746075E+00
-0.202978596E+00-0.211543679E+00-0.219261482E+00-0.225950658E+00-0.231434524E+00
-0.235547632E+00-0.238142371E+00-0.239095002E+00-0.238310844E+00-0.235728025E+00
-0.231319442E+00-0.225092903E+00-0.217089191E+00-0.207378298E+00-0.196053997E+00
-0.183227301E+00-0.169018969E+00-0.153551802E+00-0.136942759E+00-0.119295403E+00
-0.100692347E+00-0.811870247E-01-0.607924201E-01-0.394611694E-01-0.179148987E-01
 0.380286807E-02 0.256780423E-01 0.476972722E-01 0.698311552E-01 0.920189694E-01
 0.114149377E+00 0.136033922E+00 0.157373160E+00 0.177725866E+00 0.196513698E+00
 0.202364977E-01 0.145475203E-01 0.119200153E-01 0.933594164E-02 0.609878078E-02
 0.238494575E-02-0.173497107E-02-0.622884231E-02-0.110810930E-01-0.162842926E-01
-0.218355283E-01-0.277347714E-01-0.339842327E-01-0.405884497E-01-0.475553721E-01
-0.547174029E-01-0.621256568E-01-0.697900355E-01-0.777218938E-01-0.859286413E-01
-0.944104791E-01-0.103157930E+00-0.112149931E+00-0.121352181E+00-0.130715728E+00
-0.140175909E+00-0.149651557E+00-0.159044877E+00-0.168241799E+00-0.177113205E+00
-0.185516953E+00-0.193300858E+00-0.200306430E+00-0.206373528E+00-0.211345553E+00
-0.215074927E+00-0.217428669E+00-0.218293458E+00-0.217580006E+00-0.215226278E+00
-0.211199254E+00-0.205495119E+00-0.198137686E+00-0.189175382E+00-0.178676605E+00
-0.166724116E+00-0.153408542E+00-0.138821483E+00-0.123048604E+00-0.106163144E+00
-0.882202089E-01-0.692527071E-01-0.492698625E-01-0.282594077E-01-0.691992231E-02
 0.148231015E-01 0.370268337E-01 0.597413741E-01 0.830091238E-01 0.106856577E+00
 0.131276384E+00 0.156190977E+00 0.181375787E+00 0.206290528E+00 0.229799524E+00
 0.331556238E-01 0.286542810E-01 0.243264977E-01 0.202028137E-01 0.160700995E-01
 0.117764426E-01 0.726579363E-02 0.251035579E-02-0.250640744E-02-0.779554015E-02
-0.133650033E-01-0.192207657E-01-0.253671575E-01-0.318065062E-01-0.385375619E-01
-0.455512777E-01-0.528720804E-01-0.603427328E-01-0.679869130E-01-0.758197755E-01
-0.838474110E-01-0.920652896E-01-0.100457385E+00-0.108995207E+00-0.117636979E+00
-0.126326889E+00-0.134994715E+00-0.143555656E+00-0.151910901E+00-0.159948573E+00
-0.167545587E+00-0.174570009E+00-0.180884317E+00-0.186349094E+00-0.190827429E+00
-0.194189310E+00-0.196316227E+00-0.197105348E+00-0.196473181E+00-0.194358125E+00
-0.190722138E+00-0.185550824E+00-0.178852275E+00-0.170654550E+00-0.161001772E+00
-0.149949282E+00-0.137557879E+00-0.123887450E+00-0.108990289E+00-0.929044187E-01
-0.756475180E-01-0.572130978E-01-0.375741497E-01-0.173343960E-01 0.353758782E-02
 0.251075812E-01 0.474657081E-01 0.707250535E-01 0.950235873E-01 0.120527737E+00
 0.147437423E+00 0.175994337E+00 0.206502989E+00 0.239424124E+00 0.274750680E+00
 0.443603583E-01 0.405315869E-01 0.358325280E-01 0.310006309E-01 0.262770709E-01
 0.215412546E-01 0.167111512E-01 0.117342072E-01 0.657642353E-02 0.121517677E-02
-0.436503859E-02-0.101751089E-01-0.162227917E-01-0.225136578E-01-0.290519111E-01
-0.358418040E-01-0.428914502E-01-0.502092615E-01-0.576077588E-01-0.651088133E-01
-0.727268308E-01-0.804618970E-01-0.883028433E-01-0.962268785E-01-0.104199328E+00
-0.112173222E+00-0.120089054E+00-0.127874821E+00-0.135446429E+00-0.142708674E+00
-0.149556622E+00-0.155877665E+00-0.161554083E+00-0.166466132E+00-0.170495450E+00
-0.173528746E+00-0.175461352E+00-0.176200718E+00-0.175669253E+00-0.173806533E+00
-0.170570552E+00-0.165937930E+00-0.159902975E+00-0.152475610E+00-0.143678129E+00
-0.133540943E+00-0.122097470E+00-0.109378025E+00-0.954026580E-01-0.801723301E-01
-0.636563376E-01-0.457705036E-01-0.271507204E-01-0.777459843E-02 0.124174925E-01
 0.335192047E-01 0.556594841E-01 0.790084302E-01 0.103788093E+00 0.130289525E+00
 0.158898786E+00 0.190137073E+00 0.224723592E+00 0.263666749E+00 0.306246877E+00
 0.538824946E-01 0.504667759E-01 0.458762161E-01 0.409922414E-01 0.361230336E-01
 0.312203728E-01 0.262410194E-01 0.211497284E-01 0.159196127E-01 0.105307437E-01
 0.496850302E-02-0.777833804E-03-0.671618199E-02-0.128524862E-01-0.191914514E-01
-0.257373266E-01-0.324947685E-01-0.394693241E-01-0.466690175E-01-0.538818799E-01
-0.611527935E-01-0.684730858E-01-0.758352354E-01-0.832208246E-01-0.906018764E-01
-0.979399085E-01-0.105185822E+00-0.112279862E+00-0.119152024E+00-0.125722796E+00
-0.131904259E+00-0.137601763E+00-0.142715946E+00-0.147145212E+00-0.150788367E+00
-0.153547585E+00-0.155331254E+00-0.156056613E+00-0.155652151E+00-0.154059261E+00
-0.151233286E+00-0.147143766E+00-0.141773656E+00-0.135117665E+00-0.127179727E+00
-0.117969401E+00-0.107497722E+00-0.957721993E-01-0.827917904E-01-0.685426220E-01
-0.529979393E-01-0.361312665E-01-0.185836647E-01-0.253498671E-03 0.189605318E-01
 0.391777307E-01 0.605479032E-01 0.832637846E-01 0.107576944E+00 0.133819982E+00
 0.162438139E+00 0.194032297E+00 0.229409352E+00 0.269616097E+00 0.313599378E+00
 0.625478774E-01 0.594839007E-01 0.551849455E-01 0.504337624E-01 0.456122048E-01
 0.407082252E-01 0.357069448E-01 0.305943657E-01 0.253582764E-01 0.199885145E-01
 0.144768562E-01 0.881680194E-02 0.300335069E-02-0.296717137E-02-0.909721572E-02
-0.153879784E-01-0.218390822E-01-0.284476560E-01-0.352062248E-01-0.420978740E-01
-0.491492078E-01-0.561463498E-01-0.631267428E-01-0.700702444E-01-0.769576132E-01
-0.837587193E-01-0.904347152E-01-0.969377011E-01-0.103211090E+00-0.109190106E+00
-0.114802651E+00-0.119970530E+00-0.124611154E+00-0.128639400E+00-0.131969750E+00
-0.134518534E+00-0.136206225E+00-0.136959463E+00-0.136712864E+00-0.135410383E+00
-0.133006126E+00-0.129464462E+00-0.124759570E+00-0.118874066E+00-0.111797027E+00
-0.103521086E+00-0.940386727E-01-0.833369792E-01-0.713909790E-01-0.581523739E-01
-0.435295813E-01-0.281508043E-01-0.120086409E-01 0.494904909E-02 0.228012837E-01
 0.416508429E-01 0.616274625E-01 0.828948170E-01 0.105661333E+00 0.130196318E+00
 0.156855255E+00 0.186122984E+00 0.218699560E+00 0.255696297E+00 0.295143217E+00
 0.709662884E-01 0.682593808E-01 0.642008483E-01 0.596243851E-01 0.549097471E-01
 0.500641093E-01 0.450943522E-01 0.400052555E-01 0.347992480E-01 0.294768605E-01
 0.240373891E-01 0.184795614E-01 0.128020542E-01 0.700392900E-02 0.108496891E-02
-0.495398650E-02-0.111106811E-01-0.173810273E-01-0.237587504E-01-0.302355345E-01
-0.368031487E-01-0.434436947E-01-0.501831956E-01-0.567904934E-01-0.632964894E-01
-0.696713477E-01-0.758879632E-01-0.819096640E-01-0.876930356E-01-0.931875333E-01
-0.983355716E-01-0.103073947E+00-0.107335255E+00-0.111049265E+00-0.114144541E+00
-0.116550319E+00-0.118198231E+00-0.119023949E+00-0.118968494E+00-0.117979161E+00
-0.116010152E+00-0.113022625E+00-0.108984359E+00-0.103868812E+00-0.976538137E-01
-0.903196633E-01-0.818469673E-01-0.722142085E-01-0.613955855E-01-0.493604392E-01
-0.360778272E-01-0.221858658E-01-0.760498922E-02 0.773256971E-02 0.238961112E-01
 0.409623273E-01 0.590185039E-01 0.781646073E-01 0.985147059E-01 0.120197065E+00
 0.143351629E+00 0.168120444E+00 0.194615498E+00 0.222765177E+00 0.250788122E+00
 0.794169679E-01 0.770784244E-01 0.732575953E-01 0.688320324E-01 0.641938150E-01
 0.593810230E-01 0.544270091E-01 0.493550934E-01 0.441798456E-01 0.389096066E-01
 0.335487388E-01 0.280993246E-01 0.225623120E-01 0.169383660E-01 0.112284487E-01
 0.543427281E-02-0.441353448E-03-0.639424799E-02-0.124186827E-01-0.185073502E-01
-0.246514473E-01-0.308403336E-01-0.370633602E-01-0.432996675E-01-0.495758206E-01
-0.556360781E-01-0.615094416E-01-0.671612099E-01-0.725638419E-01-0.776825547E-01
-0.824716613E-01-0.868811980E-01-0.908577889E-01-0.943446904E-01-0.972828120E-01
-0.996128768E-01-0.101277001E+00-0.102219820E+00-0.102389224E+00-0.101736896E+00
-0.100218534E+00-0.977938250E-01-0.944260880E-01-0.900815725E-01-0.847285241E-01
-0.783360675E-01-0.708728731E-01-0.623056516E-01-0.525970608E-01-0.417027995E-01
-0.301883258E-01-0.180434287E-01-0.523946667E-02 0.825942587E-02 0.224921331E-01
 0.374981202E-01 0.533147231E-01 0.699729994E-01 0.874907449E-01 0.105860569E+00
 0.125028849E+00 0.144857898E+00 0.165057227E+00 0.185057193E+00 0.203805357E+00
 0.882706791E-01 0.863508210E-01 0.827628449E-01 0.783370882E-01 0.736111403E-01
 0.687084571E-01 0.636917204E-01 0.585917830E-01 0.534240939E-01 0.481962562E-01
 0.429117158E-01 0.375718065E-01 0.321769603E-01 0.267274696E-01 0.212240312E-01
 0.156681091E-01 0.100622242E-01 0.441015512E-02-0.128291221E-02-0.701028761E-02
-0.127637135E-01-0.185332932E-01-0.243075136E-01-0.300728790E-01-0.358159505E-01
-0.415126458E-01-0.471927375E-01-0.525718369E-01-0.576911904E-01-0.625460595E-01
-0.670808405E-01-0.712584853E-01-0.750419870E-01-0.783878490E-01-0.812451765E-01
-0.835641772E-01-0.852973238E-01-0.863990039E-01-0.868252963E-01-0.865337998E-01
-0.854835287E-01-0.836345851E-01-0.809476450E-01-0.773831531E-01-0.729004443E-01
-0.674569905E-01-0.610082187E-01-0.535078943E-01-0.449066199E-01-0.357471816E-01
-0.260164104E-01-0.156994555E-01-0.477848295E-02 0.676527899E-02 0.189485457E-01
 0.317822993E-01 0.452670902E-01 0.593867302E-01 0.740996599E-01 0.893269181E-01
 0.104935624E+00 0.120717332E+00 0.136363283E+00 0.151446968E+00 0.165439948E+00
 0.988642424E-01 0.979852602E-01 0.935912728E-01 0.882821232E-01 0.830902606E-01
 0.779203549E-01 0.727551728E-01 0.675871149E-01 0.624109432E-01 0.572222173E-01
 0.520170368E-01 0.467920713E-01 0.415446796E-01 0.362730920E-01 0.309765395E-01
 0.256553832E-01 0.203112438E-01 0.149470884E-01 0.956733618E-02 0.417793170E-02
-0.121355464E-02-0.659781648E-02-0.119636524E-01-0.172977094E-01-0.225841217E-01
-0.278033428E-01-0.329325944E-01-0.379299000E-01-0.427971482E-01-0.475760885E-01
-0.519558787E-01-0.559806712E-01-0.596552491E-01-0.629547760E-01-0.658087879E-01
-0.681760013E-01-0.700231493E-01-0.713181198E-01-0.720280558E-01-0.721189603E-01
-0.715556070E-01-0.703011379E-01-0.683161691E-01-0.655573308E-01-0.619752780E-01
-0.575128458E-01-0.521056987E-01-0.456931256E-01-0.387969241E-01-0.314000435E-01
-0.234870538E-01-0.150431199E-01-0.605406798E-02 0.349207525E-02 0.136023322E-01
 0.242749527E-01 0.354945734E-01 0.472263619E-01 0.594092198E-01 0.719481930E-01
 0.847067535E-01 0.975003317E-01 0.110093929E+00 0.122208081E+00 0.133537605E+00
 0.108105078E+00 0.107883789E+00 0.103376493E+00 0.975641683E-01 0.920103416E-01
 0.866234079E-01 0.813445821E-01 0.761377215E-01 0.709794834E-01 0.658538416E-01
 0.607492626E-01 0.556572936E-01 0.505717807E-01 0.454884693E-01 0.404047780E-01
 0.353196785E-01 0.302336384E-01 0.251486134E-01 0.200680587E-01 0.149969570E-01
 0.994189177E-02 0.491113123E-02-0.852433004E-04-0.503515732E-02-0.992432050E-02
-0.147359464E-01-0.194506310E-01-0.240461845E-01-0.285018682E-01-0.327915289E-01
-0.368628986E-01-0.407028012E-01-0.443237796E-01-0.477762222E-01-0.507066064E-01
-0.531602316E-01-0.551450066E-01-0.566512011E-01-0.576602109E-01-0.581484661E-01
-0.580890588E-01-0.574519485E-01-0.562029667E-01-0.543012023E-01-0.516935065E-01
-0.483029187E-01-0.440033451E-01-0.392897502E-01-0.341417529E-01-0.285450481E-01
-0.224858504E-01-0.159492213E-01-0.891943835E-02-0.138183986E-02 0.667407410E-02
 0.152504835E-01 0.243362337E-01 0.339013487E-01 0.438915640E-01 0.542236418E-01
 0.647822469E-01 0.754195452E-01 0.859586149E-01 0.962015763E-01 0.105942816E+00
 0.115298264E+00 0.115430161E+00 0.111166358E+00 0.105410703E+00 0.998502299E-01
 0.944593102E-01 0.892028511E-01 0.840508193E-01 0.789791197E-01 0.739689767E-01
 0.690059289E-01 0.640790090E-01 0.591800325E-01 0.543031543E-01 0.494445153E-01
 0.446019992E-01 0.397751071E-01 0.349648520E-01 0.301736984E-01 0.254055616E-01
 0.206658188E-01 0.159613453E-01 0.113005918E-01 0.669366075E-02 0.215241080E-02
-0.230946019E-02-0.667637773E-02-0.109309228E-01-0.150540033E-01-0.190240480E-01
-0.228167307E-01-0.264108982E-01-0.297855400E-01-0.329099149E-01-0.357181169E-01
-0.381790996E-01-0.402729735E-01-0.419826619E-01-0.432911851E-01-0.441809334E-01
-0.446335636E-01-0.446300432E-01-0.441508442E-01-0.431765057E-01-0.416894853E-01
-0.396795422E-01-0.371585414E-01-0.341998003E-01-0.308344550E-01-0.270709042E-01
-0.229032133E-01-0.183151830E-01-0.132831307E-01-0.777888019E-02-0.177374855E-02
 0.475613307E-02 0.118233422E-01 0.194221456E-01 0.275219716E-01 0.360625125E-01
 0.449515544E-01 0.540663116E-01 0.632585883E-01 0.723635629E-01 0.812113211E-01
 0.121274985E+00 0.121761173E+00 0.117521808E+00 0.111942925E+00 0.106550716E+00
 0.101314515E+00 0.962115154E-01 0.912190005E-01 0.863166824E-01 0.814875141E-01
 0.767177120E-01 0.719964653E-01 0.673154965E-01 0.626687557E-01 0.580520630E-01
 0.534629188E-01 0.489003025E-01 0.443645753E-01 0.398573764E-01 0.353816003E-01
 0.309413616E-01 0.265420079E-01 0.221901387E-01 0.178936347E-01 0.136617096E-01
 0.950492825E-02 0.543523626E-02 0.146595319E-02-0.238822913E-02-0.611121627E-02
-0.968563743E-02-0.130932666E-01-0.163142812E-01-0.193257518E-01-0.221013241E-01
-0.246189404E-01-0.268608537E-01-0.288123228E-01-0.304605961E-01-0.317943655E-01
-0.328035876E-01-0.334795825E-01-0.338154174E-01-0.338066109E-01-0.334523693E-01
-0.327574424E-01-0.317341536E-01-0.304018538E-01-0.287729315E-01-0.268481877E-01
-0.246149376E-01-0.220459662E-01-0.190992095E-01-0.157188848E-01-0.118390685E-01
-0.739062764E-02-0.231155078E-02 0.344061875E-02 0.987671036E-02 0.169669092E-01
 0.246367212E-01 0.327688009E-01 0.412106514E-01 0.497873053E-01 0.583169796E-01
 0.125670105E+00 0.126358211E+00 0.122572497E+00 0.117283978E+00 0.112167120E+00
 0.107200600E+00 0.102358796E+00 0.976197198E-01 0.929654613E-01 0.883817673E-01
 0.838573724E-01 0.793834925E-01 0.749533996E-01 0.705621168E-01 0.662061796E-01
 0.618834235E-01 0.575928800E-01 0.533346459E-01 0.491097979E-01 0.449203700E-01
 0.407692827E-01 0.366603509E-01 0.325982869E-01 0.285886843E-01 0.246380586E-01
 0.207538474E-01 0.169444252E-01 0.132190948E-01 0.958808418E-02 0.606250996E-02
 0.265431497E-02-0.623813132E-03-0.375844538E-02-0.673550088E-02-0.954083260E-02
-0.121616265E-01-0.145870671E-01-0.168085005E-01-0.188194253E-01-0.206155013E-01
-0.221946631E-01-0.235573184E-01-0.247066244E-01-0.256488137E-01-0.263934191E-01
-0.269531906E-01-0.273432005E-01-0.275783148E-01-0.276683234E-01-0.276129320E-01
-0.273965243E-01-0.269824676E-01-0.263072141E-01-0.252754968E-01-0.237595644E-01
-0.216066930E-01-0.186582282E-01-0.147778736E-01-0.988038350E-02-0.395154720E-02
 0.294362195E-02 0.106634013E-01 0.190022737E-01 0.277149323E-01 0.365482569E-01
 0.128954470E+00 0.129820779E+00 0.126356781E+00 0.121461652E+00 0.116754130E+00
 0.112178132E+00 0.107698351E+00 0.103295088E+00 0.989560410E-01 0.946725607E-01
 0.904381499E-01 0.862477720E-01 0.820975453E-01 0.779846162E-01 0.739070103E-01
 0.698635578E-01 0.658538267E-01 0.618780069E-01 0.579369068E-01 0.540318713E-01
 0.501647629E-01 0.463379323E-01 0.425542183E-01 0.388169326E-01 0.351299010E-01
 0.314974450E-01 0.279244091E-01 0.244161729E-01 0.209786315E-01 0.176181830E-01
 0.143416626E-01 0.111562461E-01 0.806930289E-02 0.508814538E-02 0.221961876E-02
-0.530442165E-03-0.315770204E-02-0.565971760E-02-0.803627539E-02-0.102897212E-01
-0.124253146E-01-0.144516025E-01-0.163807776E-01-0.182289667E-01-0.200163219E-01
-0.217666943E-01-0.235066507E-01-0.252634063E-01-0.270613879E-01-0.289171636E-01
-0.308321323E-01-0.327819064E-01-0.347010940E-01-0.364628173E-01-0.378557853E-01
-0.385733731E-01-0.382455513E-01-0.365270637E-01-0.331875682E-01-0.281470995E-01
-0.214737989E-01-0.133791007E-01-0.421121018E-02 0.558478478E-02 0.155604780E-01
 0.130823895E+00 0.131660864E+00 0.128610060E+00 0.124520570E+00 0.120456040E+00
 0.116397023E+00 0.112358086E+00 0.108346991E+00 0.104367279E+00 0.100420244E+00
 0.965060666E-01 0.926244780E-01 0.887751058E-01 0.849577039E-01 0.811722130E-01
 0.774188265E-01 0.736979619E-01 0.700102150E-01 0.663563386E-01 0.627371669E-01
 0.591536164E-01 0.556066483E-01 0.520972610E-01 0.486264937E-01 0.451954491E-01
 0.418053120E-01 0.384574085E-01 0.351532288E-01 0.318944566E-01 0.286829807E-01
 0.255208835E-01 0.224103611E-01 0.193536002E-01 0.163525660E-01 0.134086926E-01
 0.105224978E-01 0.769314729E-02 0.491797738E-02 0.219199224E-02-0.492689025E-03
-0.314742746E-02-0.578770926E-02-0.843381602E-02-0.111114951E-01-0.138525506E-01
-0.166952815E-01-0.196845736E-01-0.228714403E-01-0.263116024E-01-0.300625116E-01
-0.341776088E-01-0.386957526E-01-0.436217859E-01-0.488898940E-01-0.542884469E-01
-0.592967011E-01-0.629121512E-01-0.641380176E-01-0.625526607E-01-0.580853596E-01
-0.508281812E-01-0.410389937E-01-0.292857066E-01-0.166446213E-01-0.424446771E-02
 0.132232726E+00 0.132898569E+00 0.130593061E+00 0.127222687E+00 0.123719499E+00
 0.120142817E+00 0.116534658E+00 0.112918347E+00 0.109306939E+00 0.105708085E+00
 0.102126598E+00 0.985658094E-01 0.950282365E-01 0.915160105E-01 0.880310014E-01
 0.845748708E-01 0.811490715E-01 0.777547956E-01 0.743929222E-01 0.710639283E-01
 0.677678883E-01 0.645044222E-01 0.612726845E-01 0.580713749E-01 0.548987798E-01
 0.517528392E-01 0.486312211E-01 0.455314294E-01 0.424509011E-01 0.393870957E-01
 0.363375768E-01 0.333000198E-01 0.302721635E-01 0.272516832E-01 0.242359359E-01
 0.212216247E-01 0.182043426E-01 0.151780313E-01 0.121343182E-01 0.906177983E-02
 0.594508555E-02 0.276402896E-02-0.507563935E-03-0.390308280E-02-0.746456580E-02
-0.112443604E-01-0.153070679E-01-0.197318066E-01-0.246147830E-01-0.300719664E-01
-0.362413824E-01-0.432839170E-01-0.513812751E-01-0.607315339E-01-0.715543628E-01
-0.841879621E-01-0.947299600E-01-0.995346159E-01-0.995699093E-01-0.953522772E-01
-0.864950195E-01-0.733928382E-01-0.554454327E-01-0.363051109E-01-0.205320287E-01
 0.134493664E+00 0.135395765E+00 0.133197427E+00 0.130036071E+00 0.126845658E+00
 0.123626597E+00 0.120386399E+00 0.117133670E+00 0.113875873E+00 0.110619135E+00
 0.107368656E+00 0.104129091E+00 0.100904740E+00 0.976996198E-01 0.945174173E-01
 0.913613588E-01 0.882341340E-01 0.851377323E-01 0.820733607E-01 0.790413097E-01
 0.760409087E-01 0.730704516E-01 0.701271892E-01 0.672073439E-01 0.643061697E-01
 0.614180416E-01 0.585366152E-01 0.556550324E-01 0.527661368E-01 0.498627238E-01
 0.469377562E-01 0.439845622E-01 0.409969129E-01 0.379690267E-01 0.348953865E-01
 0.317704417E-01 0.285881087E-01 0.253411420E-01 0.220203288E-01 0.186135657E-01
 0.151047613E-01 0.114726042E-01 0.768912118E-02 0.371796242E-02-0.487704063E-03
-0.498789223E-02-0.985938963E-02-0.152006978E-01-0.211389996E-01-0.278400779E-01
-0.355222560E-01-0.444749482E-01-0.550801158E-01-0.678304434E-01-0.833365172E-01
-0.100498192E+00-0.112053357E+00-0.117925152E+00-0.118491121E+00-0.113529682E+00
-0.103203177E+00-0.866382197E-01-0.648965761E-01-0.456269607E-01-0.293077305E-01
 0.136441052E+00 0.137568191E+00 0.135544315E+00 0.132649615E+00 0.129762366E+00
 0.126872107E+00 0.123974018E+00 0.121065937E+00 0.118148178E+00 0.115223184E+00
 0.112295069E+00 0.109369114E+00 0.106451251E+00 0.103547610E+00 0.100664042E+00
 0.978057906E-01 0.949771851E-01 0.921813995E-01 0.894202441E-01 0.866940618E-01
 0.840015635E-01 0.813397616E-01 0.787039101E-01 0.760875046E-01 0.734823570E-01
 0.708787143E-01 0.682655200E-01 0.656307116E-01 0.629616678E-01 0.602456853E-01
 0.574705005E-01 0.546247289E-01 0.516982563E-01 0.486824252E-01 0.455699898E-01
 0.423548557E-01 0.390315242E-01 0.355943218E-01 0.320364200E-01 0.283486955E-01
 0.245184507E-01 0.205280241E-01 0.163532365E-01 0.119616203E-01 0.731025543E-02
 0.234302995E-02-0.301311095E-02-0.885353889E-02-0.153040653E-01-0.225338396E-01
-0.307769254E-01-0.403700471E-01-0.518187024E-01-0.658904463E-01-0.834670737E-01
-0.983396098E-01-0.108190879E+00-0.113154694E+00-0.113122083E+00-0.108064033E+00
-0.969466269E-01-0.791016519E-01-0.603151619E-01-0.440125912E-01-0.297218114E-01
 0.137831926E+00 0.139167532E+00 0.137531608E+00 0.134955227E+00 0.132406339E+00
 0.129869357E+00 0.127327114E+00 0.124768004E+00 0.122186869E+00 0.119584262E+00
 0.116965137E+00 0.114337333E+00 0.111710198E+00 0.109093472E+00 0.106496431E+00
 0.103927284E+00 0.101392753E+00 0.988977477E-01 0.964451507E-01 0.940356553E-01
 0.916675702E-01 0.893367231E-01 0.870363191E-01 0.847568437E-01 0.824861228E-01
 0.802094117E-01 0.779096857E-01 0.755681694E-01 0.731650069E-01 0.706801787E-01
 0.680944994E-01 0.653905943E-01 0.625538155E-01 0.595728010E-01 0.564396717E-01
 0.531497970E-01 0.497010909E-01 0.460929573E-01 0.423249640E-01 0.383953452E-01
 0.342995301E-01 0.300286524E-01 0.255681332E-01 0.208963081E-01 0.159829799E-01
 0.107878344E-01 0.525850756E-02-0.671856804E-03-0.708789984E-02-0.140966568E-01
-0.218344349E-01-0.304785371E-01-0.402746163E-01-0.516637005E-01-0.638943389E-01
-0.734852254E-01-0.800412446E-01-0.833058283E-01-0.832244307E-01-0.792461932E-01
-0.711798072E-01-0.588496625E-01-0.465608053E-01-0.348439664E-01-0.238626152E-01
 0.138860166E+00 0.140455425E+00 0.139073089E+00 0.136884868E+00 0.134761274E+00
 0.132649019E+00 0.130509347E+00 0.128320381E+00 0.126075521E+00 0.123779446E+00
 0.121443942E+00 0.119084544E+00 0.116718002E+00 0.114360541E+00 0.112026863E+00
 0.109729446E+00 0.107478254E+00 0.105280533E+00 0.103140682E+00 0.101060137E+00
 0.990371928E-01 0.970667899E-01 0.951402262E-01 0.932449102E-01 0.913641304E-01
 0.894770473E-01 0.875588953E-01 0.855815858E-01 0.835148096E-01 0.813275799E-01
 0.789901614E-01 0.764761344E-01 0.737642720E-01 0.708399415E-01 0.676957443E-01
 0.643312261E-01 0.607517585E-01 0.569667630E-01 0.529875085E-01 0.488249399E-01
 0.444876477E-01 0.399802849E-01 0.353024006E-01 0.304477103E-01 0.254038144E-01
 0.201522633E-01 0.146691892E-01 0.892672129E-02 0.289595523E-02-0.344693847E-02
-0.101077836E-01-0.170458220E-01-0.241083521E-01-0.308975950E-01-0.368631631E-01
-0.420305766E-01-0.458785370E-01-0.479297675E-01-0.479655527E-01-0.460143276E-01
-0.423760973E-01-0.369480923E-01-0.300625563E-01-0.225012768E-01-0.147573156E-01
 0.138985902E+00 0.140845492E+00 0.139944807E+00 0.138378620E+00 0.136889532E+00
 0.135346934E+00 0.133684292E+00 0.131882370E+00 0.129951209E+00 0.127915934E+00
 0.125807777E+00 0.123658717E+00 0.121498533E+00 0.119353317E+00 0.117244914E+00
 0.115190886E+00 0.113204740E+00 0.111296169E+00 0.109471299E+00 0.107732698E+00
 0.106079243E+00 0.104505755E+00 0.103002489E+00 0.101554386E+00 0.100140348E+00
 0.987325907E-01 0.972963795E-01 0.957904235E-01 0.941682830E-01 0.923809782E-01
 0.903806984E-01 0.881251022E-01 0.855815038E-01 0.827300474E-01 0.795652270E-01
 0.760954171E-01 0.723404810E-01 0.683280975E-01 0.640894771E-01 0.596554205E-01
 0.550532639E-01 0.503049828E-01 0.454264320E-01 0.404275134E-01 0.353130810E-01
 0.300845020E-01 0.247419570E-01 0.192877539E-01 0.137311695E-01 0.809564628E-02
 0.242920592E-02-0.318189268E-02-0.860044453E-02-0.136402622E-01-0.180955045E-01
-0.217647050E-01-0.244462304E-01-0.259636659E-01-0.262100622E-01-0.251669139E-01
-0.228923187E-01-0.195057373E-01-0.152028501E-01-0.102397623E-01-0.486975722E-02
 0.137394249E+00 0.139328763E+00 0.139730424E+00 0.139556810E+00 0.139152512E+00
 0.138381392E+00 0.137226477E+00 0.135747775E+00 0.134023070E+00 0.132127941E+00
 0.130129844E+00 0.128086194E+00 0.126043871E+00 0.124039829E+00 0.122102380E+00
 0.120252714E+00 0.118506379E+00 0.116874449E+00 0.115364276E+00 0.113979831E+00
 0.112721600E+00 0.111586072E+00 0.110564739E+00 0.109642640E+00 0.108796559E+00
 0.107992850E+00 0.107185498E+00 0.106315032E+00 0.105309419E+00 0.104087994E+00
 0.102568746E+00 0.100677989E+00 0.983600989E-01 0.955850631E-01 0.923519582E-01
 0.886878148E-01 0.846418142E-01 0.802764148E-01 0.756575987E-01 0.708469450E-01
 0.658967495E-01 0.608483367E-01 0.557326525E-01 0.505721197E-01 0.453831516E-01
 0.401790105E-01 0.349728726E-01 0.297812857E-01 0.246280339E-01 0.195485391E-01
 0.145943873E-01 0.983701833E-02 0.536877010E-02 0.129941024E-02-0.225172495E-02
-0.516543491E-02-0.733291963E-02-0.866761897E-02-0.911703054E-02-0.867036823E-02
-0.736027164E-02-0.526023982E-02-0.247856975E-02 0.853234960E-03 0.459670462E-02
 0.135619327E+00 0.137762040E+00 0.139685154E+00 0.141466916E+00 0.142932266E+00
 0.142754480E+00 0.141796693E+00 0.140325636E+00 0.138520077E+00 0.136516735E+00
 0.134423435E+00 0.132322982E+00 0.130275652E+00 0.128323138E+00 0.126493439E+00
 0.124805339E+00 0.123271830E+00 0.121902324E+00 0.120703988E+00 0.119682319E+00
 0.118841052E+00 0.118181512E+00 0.117701255E+00 0.117391825E+00 0.117235325E+00
 0.117199600E+00 0.117232002E+00 0.117252693E+00 0.117150299E+00 0.116784967E+00
 0.116003282E+00 0.114662968E+00 0.112658173E+00 0.109937012E+00 0.106509268E+00
 0.102444120E+00 0.978562534E-01 0.928813890E-01 0.876502469E-01 0.822713301E-01
 0.768257529E-01 0.713701025E-01 0.659422800E-01 0.605674945E-01 0.552634001E-01
 0.500442423E-01 0.449243113E-01 0.399208665E-01 0.350567698E-01 0.303627066E-01
 0.258789137E-01 0.216558762E-01 0.177536495E-01 0.142394146E-01 0.111833857E-01
 0.865351595E-02 0.670953980E-02 0.539698172E-02 0.474193878E-02 0.474755652E-02
 0.539282989E-02 0.663387356E-02 0.840756577E-02 0.106372042E-01 0.132393213E-01
 0.134847865E+00 0.137452677E+00 0.140303209E+00 0.143580303E+00 0.147229671E+00
 0.148836881E+00 0.147970095E+00 0.145878389E+00 0.143503055E+00 0.141005725E+00
 0.138528407E+00 0.136170968E+00 0.133989051E+00 0.132008106E+00 0.130238146E+00
 0.128683060E+00 0.127345249E+00 0.126227990E+00 0.125336379E+00 0.124677546E+00
 0.124260634E+00 0.124096185E+00 0.124195158E+00 0.124566846E+00 0.125215039E+00
 0.126131088E+00 0.127281517E+00 0.128587276E+00 0.129893616E+00 0.130945608E+00
 0.131413981E+00 0.130986914E+00 0.129449487E+00 0.126705959E+00 0.122784071E+00
 0.117846176E+00 0.112175331E+00 0.106092028E+00 0.998539329E-01 0.936245695E-01
 0.874946937E-01 0.815105811E-01 0.756940544E-01 0.700545684E-01 0.645963997E-01
 0.593229197E-01 0.542393550E-01 0.493546315E-01 0.446826927E-01 0.402433276E-01
 0.360625274E-01 0.321722180E-01 0.286092442E-01 0.254135970E-01 0.226258896E-01
 0.202843193E-01 0.184213817E-01 0.170607138E-01 0.162144508E-01 0.158814527E-01
 0.160466973E-01 0.166819058E-01 0.177473612E-01 0.191946626E-01 0.209700167E-01
 0.133885115E+00 0.136686131E+00 0.139867753E+00 0.143641278E+00 0.148175016E+00
 0.151335597E+00 0.152506277E+00 0.151614174E+00 0.148661807E+00 0.145132601E+00
 0.141932622E+00 0.139167383E+00 0.136802569E+00 0.134789824E+00 0.133091614E+00
 0.131682694E+00 0.130548611E+00 0.129683971E+00 0.129091218E+00 0.128779918E+00
 0.128766328E+00 0.129073471E+00 0.129731938E+00 0.130780578E+00 0.132266298E+00
 0.134242162E+00 0.136761174E+00 0.139857545E+00 0.143484756E+00 0.147270098E+00
 0.150168687E+00 0.151357681E+00 0.150555223E+00 0.147647768E+00 0.142606214E+00
 0.135612175E+00 0.127511218E+00 0.119382560E+00 0.111608803E+00 0.104257584E+00
 0.973168314E-01 0.907545313E-01 0.845371112E-01 0.786354616E-01 0.730267316E-01
 0.676946267E-01 0.626292750E-01 0.578269921E-01 0.532899834E-01 0.490260012E-01
 0.450478122E-01 0.413724594E-01 0.380201712E-01 0.350129679E-01 0.323729739E-01
 0.301205423E-01 0.282723345E-01 0.268395413E-01 0.258264188E-01 0.252293218E-01
 0.250363406E-01 0.252275821E-01 0.257760659E-01 0.266491175E-01 0.278100614E-01
 0.132327884E+00 0.134998530E+00 0.137914374E+00 0.141101956E+00 0.144547805E+00
 0.148149922E+00 0.151126489E+00 0.152099282E+00 0.150847375E+00 0.147178218E+00
 0.143451184E+00 0.140542626E+00 0.138212353E+00 0.136329219E+00 0.134815231E+00
 0.133624896E+00 0.132733867E+00 0.132132933E+00 0.131825060E+00 0.131824255E+00
 0.132154897E+00 0.132848620E+00 0.133952260E+00 0.135535270E+00 0.137692124E+00
 0.140552014E+00 0.144296259E+00 0.149190411E+00 0.155655369E+00 0.164331123E+00
 0.170943558E+00 0.174118817E+00 0.174281090E+00 0.171169519E+00 0.164649352E+00
 0.154216692E+00 0.141447842E+00 0.130745634E+00 0.121411048E+00 0.113062337E+00
 0.105467029E+00 0.984736681E-01 0.919800103E-01 0.859153792E-01 0.802301988E-01
 0.748897418E-01 0.698702857E-01 0.651567280E-01 0.607409514E-01 0.566206127E-01
 0.527980886E-01 0.492794663E-01 0.460734591E-01 0.431902558E-01 0.406402946E-01
 0.384329967E-01 0.365755633E-01 0.350718684E-01 0.339215845E-01 0.331195928E-01
 0.326557197E-01 0.325148441E-01 0.326773450E-01 0.331198126E-01 0.338159613E-01
 0.130289435E+00 0.132760465E+00 0.135284722E+00 0.137808919E+00 0.140286624E+00
 0.142661974E+00 0.144851476E+00 0.146733239E+00 0.147235006E+00 0.144885421E+00
 0.142067268E+00 0.139803767E+00 0.137970716E+00 0.136501953E+00 0.135348260E+00
 0.134480879E+00 0.133885458E+00 0.133558944E+00 0.133508816E+00 0.133753851E+00
 0.134326115E+00 0.135255143E+00 0.136591330E+00 0.138417825E+00 0.140845984E+00
 0.144029379E+00 0.148187622E+00 0.153646842E+00 0.160904348E+00 0.170540005E+00
 0.178097099E+00 0.181937873E+00 0.182446033E+00 0.179472491E+00 0.172764912E+00
 0.161744192E+00 0.148335710E+00 0.137115225E+00 0.127453685E+00 0.118904784E+00
 0.111190669E+00 0.104136989E+00 0.976302698E-01 0.915929526E-01 0.859697536E-01
 0.807203501E-01 0.758153722E-01 0.712339208E-01 0.669618994E-01 0.629906505E-01
 0.593158789E-01 0.559366234E-01 0.528542735E-01 0.500716381E-01 0.475919954E-01
 0.454182029E-01 0.435518734E-01 0.419926420E-01 0.407375954E-01 0.397808664E-01
 0.391134433E-01 0.387231782E-01 0.385950059E-01 0.387113094E-01 0.390524454E-01
 0.713704526E+00 0.727979958E+00 0.738462448E+00 0.751121461E+00 0.764449179E+00
 0.778280318E+00 0.792752087E+00 0.807738006E+00 0.823254287E+00 0.839435279E+00
 0.855971098E+00 0.873419881E+00 0.891498148E+00 0.909992754E+00 0.929355621E+00
 0.949486852E+00 0.970547855E+00 0.992422879E+00 0.101507688E+01 0.103866136E+01
 0.106329501E+01 0.108898723E+01 0.111576498E+01 0.114365828E+01 0.117274594E+01
 0.120317924E+01 0.123493063E+01 0.126817667E+01 0.130302155E+01 0.133939588E+01
 0.137750459E+01 0.141755188E+01 0.145948195E+01 0.150364661E+01 0.154992306E+01
 0.159859419E+01 0.164994478E+01 0.170390725E+01 0.176093245E+01 0.182085657E+01
 0.188441217E+01 0.195162058E+01 0.202240586E+01 0.209743524E+01 0.217720509E+01
 0.226175857E+01 0.235118008E+01 0.244628930E+01 0.254780078E+01 0.265588164E+01
 0.276995254E+01 0.289327836E+01 0.302386665E+01 0.316369104E+01 0.331360507E+01
 0.347395825E+01 0.364786196E+01 0.383547735E+01 0.404038620E+01 0.426333094E+01
 0.451271963E+01 0.479426050E+01 0.513276958E+01 0.560785675E+01 0.766732883E+01
   87  117
 0.110042024E+01-0.200000003E+00 0.108001959E+01-0.100000001E+00 0.107701170E+01
-0.500000007E-01 0.108061767E+01 0.000000000E+00 0.110408270E+01 0.100000001E+00
 0.112403071E+01 0.150000006E+00 0.114843273E+01 0.200000003E+00 0.117633712E+01
 0.250000000E+00 0.120724797E+01 0.300000012E+00 0.123843753E+01 0.345687956E+00
 0.126499999E+01 0.382714897E+00 0.129156256E+01 0.418005168E+00 0.131812501E+01
 0.451427430E+00 0.136067438E+01 0.500000000E+00 0.139781249E+01 0.538592637E+00
 0.142437506E+01 0.564639747E+00 0.146381259E+01 0.600000024E+00 0.150406253E+01
 0.632903874E+00 0.153062499E+01 0.652983725E+00 0.158375001E+01 0.688100517E+00
 0.161031246E+01 0.704174340E+00 0.166343749E+01 0.731545269E+00 0.170552611E+01
 0.750000000E+00 0.174312496E+01 0.764560640E+00 0.179624999E+01 0.779596627E+00
 0.184937501E+01 0.789384842E+00 0.190250003E+01 0.793652356E+00 0.195562506E+01
 0.790910602E+00 0.200874996E+01 0.776747882E+00 0.204742837E+01 0.750000000E+00
 0.208575058E+01 0.699999988E+00 0.211056805E+01 0.649999976E+00 0.213025165E+01
 0.600000024E+00 0.214759922E+01 0.550000012E+00 0.216812491E+01 0.485149533E+00
 0.219383907E+01 0.400000006E+00 0.220939136E+01 0.349999994E+00 0.222495174E+01
 0.300000012E+00 0.224781251E+01 0.218929470E+00 0.226413631E+01 0.150000006E+00
 0.227437496E+01 0.876421705E-01 0.228084278E+01 0.000000000E+00 0.227437496E+01
-0.821303949E-01 0.226263571E+01-0.150000006E+00 0.224781251E+01-0.208343640E+00
 0.222125006E+01-0.290635467E+00 0.219992018E+01-0.349999994E+00 0.217991090E+01
-0.400000006E+00 0.215833879E+01-0.449999988E+00 0.213499618E+01-0.500000000E+00
 0.210951734E+01-0.550000012E+00 0.208150911E+01-0.600000024E+00 0.205065751E+01
-0.649999976E+00 0.201675963E+01-0.699999988E+00 0.198218751E+01-0.746058166E+00
 0.195562506E+01-0.780379355E+00 0.192906249E+01-0.812914550E+00 0.189622045E+01
-0.850000024E+00 0.185286498E+01-0.899999976E+00 0.182281256E+01-0.933175921E+00
 0.179624999E+01-0.961801052E+00 0.175785601E+01-0.100000000E+01 0.171656251E+01
-0.104277956E+01 0.169000006E+01-0.107104182E+01 0.165724885E+01-0.110000002E+01
 0.161031246E+01-0.114620614E+01 0.158230031E+01-0.117100358E+01 0.156117666E+01
-0.119200706E+01 0.153062499E+01-0.113812900E+01 0.150406253E+01-0.108324397E+01
 0.147749996E+01-0.102815890E+01 0.145093751E+01-0.973237932E+00 0.142437506E+01
-0.918761134E+00 0.139781249E+01-0.864737809E+00 0.137125003E+01-0.810977221E+00
 0.134468746E+01-0.757146955E+00 0.131812501E+01-0.702750862E+00 0.129318345E+01
-0.649999976E+00 0.126916003E+01-0.600000024E+00 0.124537957E+01-0.550000012E+00
 0.122202957E+01-0.500000000E+00 0.119921970E+01-0.449999988E+00 0.117705667E+01
-0.400000006E+00 0.115574455E+01-0.349999994E+00 0.113218749E+01-0.289936781E+00
 0.110562503E+01-0.215009779E+00 0.110042024E+01-0.200000003E+00
 0.101600003E+01 0.000000000E+00 0.101600003E+01 0.963999987E+00 0.101600003E+01
 0.967999995E+00 0.101600003E+01 0.100100005E+01 0.101600003E+01 0.101900005E+01
 0.101600003E+01 0.107700002E+01 0.101600003E+01 0.107000005E+01 0.101600003E+01
 0.109599996E+01 0.101600003E+01 0.111300004E+01 0.101600003E+01 0.113800001E+01
 0.101600003E+01 0.114699996E+01 0.101199996E+01 0.116499996E+01 0.100100005E+01
 0.121700001E+01 0.102900004E+01 0.121700001E+01 0.104200006E+01 0.116240001E+01
 0.104600000E+01 0.116237998E+01 0.105599999E+01 0.116260004E+01 0.109700000E+01
 0.116450000E+01 0.110800004E+01 0.116594005E+01 0.111600006E+01 0.116591001E+01
 0.113399994E+01 0.116895998E+01 0.114800000E+01 0.117174995E+01 0.116199994E+01
 0.117556000E+01 0.118099999E+01 0.118299997E+01 0.118200004E+01 0.118350005E+01
 0.118499994E+01 0.118499994E+01 0.119000006E+01 0.118799996E+01 0.119500005E+01
 0.119099998E+01 0.120099998E+01 0.119599998E+01 0.120899999E+01 0.120200002E+01
 0.121500003E+01 0.120799994E+01 0.122200000E+01 0.121399999E+01 0.122800004E+01
 0.122099996E+01 0.123399997E+01 0.123099995E+01 0.123899996E+01 0.123800004E+01
 0.124199998E+01 0.124399996E+01 0.124800003E+01 0.125399995E+01 0.125800002E+01
 0.127800000E+01 0.126300001E+01 0.128999996E+01 0.127999997E+01 0.133099997E+01
 0.127999997E+01 0.134700000E+01 0.127999997E+01 0.134800005E+01 0.130999994E+01
 0.134800005E+01 0.132799995E+01 0.134800005E+01 0.136099994E+01 0.134800005E+01
 0.138000000E+01 0.134800005E+01 0.141900003E+01 0.134800005E+01 0.141900003E+01
 0.130999994E+01 0.137199998E+01 0.130999994E+01 0.137167001E+01 0.129237998E+01
 0.137003005E+01 0.128268003E+01 0.136688006E+01 0.125644004E+01 0.136719000E+01
 0.122955000E+01 0.137178004E+01 0.119576001E+01 0.137223995E+01 0.119402003E+01
 0.138662004E+01 0.116487002E+01 0.138707995E+01 0.116420996E+01 0.140382004E+01
 0.115696001E+01 0.141127002E+01 0.115730000E+01 0.141857004E+01 0.116131997E+01
 0.142100000E+01 0.116400003E+01 0.148662996E+01 0.124049997E+01 0.149730003E+01
 0.123458004E+01 0.149761999E+01 0.123427999E+01 0.149744999E+01 0.123174000E+01
 0.149275005E+01 0.121329999E+01 0.149259996E+01 0.121061003E+01 0.149260998E+01
 0.120485997E+01 0.149278998E+01 0.120213997E+01 0.149339998E+01 0.119641995E+01
 0.149469995E+01 0.118510997E+01 0.149621999E+01 0.116069996E+01 0.147981000E+01
 0.112425995E+01 0.148081994E+01 0.112256002E+01 0.148149002E+01 0.112137997E+01
 0.148645997E+01 0.111691999E+01 0.149094999E+01 0.111439002E+01 0.150304997E+01
 0.111243999E+01 0.159696996E+01 0.109489000E+01 0.162549996E+01 0.108529997E+01
 0.163751996E+01 0.107988000E+01 0.164699996E+01 0.107700002E+01 0.178499997E+01
 0.107700002E+01 0.206999993E+01 0.103999996E+01 0.212800002E+01 0.992999971E+00
 0.224499989E+01 0.708999991E+00 0.233956003E+01 0.461430013E+00 0.234707999E+01
 0.415829986E+00 0.234912992E+01 0.272179991E+00 0.235103011E+01 0.170179993E+00
 0.235157990E+01 0.701199993E-01 0.235124993E+01-0.317899995E-01 0.235050988E+01
-0.144350007E+00 0.234964991E+01-0.214829996E+00 0.234870005E+01-0.326689988E+00
 0.234759998E+01-0.386770010E+00 0.234019995E+01-0.453040004E+00 0.232942009E+01
-0.477569997E+00 0.213400006E+01-0.972999990E+00 0.178600001E+01-0.117400002E+01
 0.176800001E+01-0.121099997E+01 0.176800001E+01-0.125000000E+01 0.168200004E+01
-0.125000000E+01 0.137199998E+01-0.125000000E+01 0.137199998E+01-0.132900000E+01
 0.141999996E+01-0.132900000E+01 0.141999996E+01-0.136300004E+01 0.127300000E+01
-0.136300004E+01 0.115300000E+01-0.136300004E+01 0.101600003E+01-0.122300005E+01
 0.101600003E+01-0.122300005E+01 0.101600003E+01-0.829999983E+00 0.101600003E+01
-0.800000012E+00 0.101600003E+01-0.414999992E+00 0.101600003E+01-0.400000006E+00
 0.101600003E+01-0.100000005E-02 0.101600003E+01 0.000000000E+00
    0 0.170000005E+01    1
 0.000000000E+00 0.000000000E+00 0.000000000E+00 0.000000000E+00 0.000000000E+00
 0.000000000E+00 0.000000000E+00 0.000000000E+00 0.000000000E+00 0.000000000E+00
 0.000000000E+00 0.000000000E+00 0.000000000E+00 0.000000000E+00 0.000000000E+00
 0.000000000E+00 0.000000000E+00 0.000000000E+00 0.000000000E+00 0.000000000E+00
 0.000000000E+00 0.000000000E+00 0.000000000E+00 0.000000000E+00 0.000000000E+00
 0.000000000E+00 0.000000000E+00 0.000000000E+00 0.000000000E+00 0.000000000E+00
 0.000000000E+00 0.000000000E+00 0.000000000E+00 0.000000000E+00 0.000000000E+00
 0.000000000E+00 0.000000000E+00 0.000000000E+00 0.000000000E+00 0.000000000E+00
 0.000000000E+00 0.000000000E+00 0.000000000E+00 0.000000000E+00 0.000000000E+00
 0.000000000E+00 0.000000000E+00 0.000000000E+00 0.000000000E+00 0.000000000E+00
 0.000000000E+00 0.000000000E+00 0.000000000E+00 0.000000000E+00 0.000000000E+00
 0.000000000E+00 0.000000000E+00 0.000000000E+00 0.000000000E+00 0.000000000E+00
 0.000000000E+00 0.000000000E+00 0.000000000E+00 0.000000000E+00 0.000000000E+00
 0.000000000E+00 0.753445923E-01 0.107336834E+00 0.132145405E+00 0.153340831E+00
 0.172287196E+00 0.189639986E+00 0.205844402E+00 0.221154124E+00 0.234420002E+00
 0.248458058E+00 0.262144327E+00 0.275378138E+00 0.288165033E+00 0.300713331E+00
 0.313018113E+00 0.325113475E+00 0.337051660E+00 0.348811090E+00 0.360433459E+00
 0.371972591E+00 0.383407563E+00 0.394824922E+00 0.406165898E+00 0.417442709E+00
 0.428745538E+00 0.440008432E+00 0.451298296E+00 0.462624222E+00 0.473939359E+00
 0.485314339E+00 0.496765822E+00 0.508250058E+00 0.519849896E+00 0.531498790E+00
 0.543265522E+00 0.555157840E+00 0.567144930E+00 0.579293907E+00 0.591560543E+00
 0.604012132E+00 0.616644204E+00 0.629427969E+00 0.642428398E+00 0.655658185E+00
 0.669111252E+00 0.682787240E+00 0.696744859E+00 0.710982144E+00 0.725543976E+00
 0.740329087E+00 0.755571783E+00 0.771088779E+00 0.787034571E+00 0.803352296E+00
 0.820119262E+00 0.837354839E+00 0.855093479E+00 0.873333693E+00 0.892178237E+00
 0.911687493E+00 0.931894839E+00 0.953008235E+00 0.975309253E+00 0.100000000E+01
    1
 0.000000000E+00 0.000000000E+00 0.000000000E+00 0.000000000E+00 0.000000000E+00
 0.000000000E+00 0.000000000E+00 0.000000000E+00 0.000000000E+00 0.000000000E+00
 0.000000000E+00 0.000000000E+00 0.000000000E+00 0.000000000E+00 0.000000000E+00
 0.000000000E+00 0.000000000E+00 0.000000000E+00 0.000000000E+00 0.000000000E+00
 0.000000000E+00 0.000000000E+00 0.000000000E+00 0.000000000E+00 0.000000000E+00
 0.000000000E+00 0.000000000E+00 0.000000000E+00 0.000000000E+00 0.000000000E+00
 0.000000000E+00 0.000000000E+00 0.000000000E+00 0.000000000E+00 0.000000000E+00
 0.000000000E+00 0.000000000E+00 0.000000000E+00 0.000000000E+00 0.000000000E+00
 0.000000000E+00 0.000000000E+00 0.000000000E+00 0.000000000E+00 0.000000000E+00
 0.000000000E+00 0.000000000E+00 0.000000000E+00 0.000000000E+00 0.000000000E+00
 0.000000000E+00 0.000000000E+00 0.000000000E+00 0.000000000E+00 0.000000000E+00
 0.000000000E+00 0.000000000E+00 0.000000000E+00 0.000000000E+00 0.000000000E+00
 0.000000000E+00 0.000000000E+00 0.000000000E+00 0.000000000E+00 0.000000000E+00
&BASIS
 EE2BDRY= 32*0.00000000      ,
 EEBDRY= 32*0.00000000      ,
 EEKNT= 32*0.00000000      ,
 EETENS=  5.00000000    ,
 FF2BDRY= 64*0.00000000      ,
 FFBDRY=  2.17003727    , -8.40421581    ,  6.21514320    , 61*0.00000000      ,
 FFKNT= 64*0.00000000      ,
 FFTENS=  0.00000000    ,
 KEE2BDRY= 32*0          ,
 KEEBDRY= 32*0          ,
 KEEFNC=          0,
 KEEKNT=          0,
 KFF2BDRY= 64*0          ,
 KFFBDRY= 64*0          ,
 KFFFNC=          0,
 KFFKNT=          0,
 KPP2BDRY= 64*0          ,
 KPPBDRY= 64*0          ,
 KPPFNC=          0,
 KPPKNT=          0,
 KWW2BDRY= 64*0          ,
 KWWBDRY= 64*0          ,
 KWWFNC=          0,
 KWWKNT=          0,
 PP2BDRY= 64*0.00000000      ,
 PPBDRY=  750471.875    , -556528.688    , 62*0.00000000      ,
 PPKNT= 64*0.00000000      ,
 PPTENS=  0.00000000    ,
 WW2BDRY= 64*0.00000000      ,
 WWBDRY= -1237.45471    ,  7737.01465    , 62*0.00000000      ,
 WWKNT= 64*0.00000000      ,
 WWTENS=  0.00000000    ,
 /
