  EFITD    01/21/2000    #180519  3300ms           7  65  65
 0.170000005E+01 0.320000005E+01 0.169550002E+01 0.839999974E+00 0.000000000E+00
 0.178986502E+01-0.517770536E-01-0.247271478E+00 0.271613915E-01-0.197693145E+01
 0.876211812E+06-0.247271478E+00 0.000000000E+00 0.178986502E+01 0.000000000E+00
-0.517770536E-01 0.000000000E+00 0.271613915E-01 0.000000000E+00 0.000000000E+00
-0.342571425E+01-0.342050838E+01-0.341552019E+01-0.341074610E+01-0.340618181E+01
-0.340182424E+01-0.339766884E+01-0.339371181E+01-0.338994956E+01-0.338637757E+01
-0.338299203E+01-0.337978888E+01-0.337676334E+01-0.337391186E+01-0.337122965E+01
-0.336871290E+01-0.336635685E+01-0.336415696E+01-0.336210942E+01-0.336020923E+01
-0.335845232E+01-0.335683370E+01-0.335534906E+01-0.335399413E+01-0.335276389E+01
-0.335165381E+01-0.335065937E+01-0.334977603E+01-0.334899879E+01-0.334832335E+01
-0.334774470E+01-0.334725833E+01-0.334685946E+01-0.334654331E+01-0.334630537E+01
-0.334614062E+01-0.334604454E+01-0.334601235E+01-0.334603906E+01-0.334612012E+01
-0.334625077E+01-0.334642625E+01-0.334664178E+01-0.334689260E+01-0.334717393E+01
-0.334748077E+01-0.334780884E+01-0.334815311E+01-0.334850883E+01-0.334887123E+01
-0.334923577E+01-0.334959745E+01-0.334995151E+01-0.335029340E+01-0.335061836E+01
-0.335092139E+01-0.335119796E+01-0.335144329E+01-0.335165262E+01-0.335182118E+01
-0.335194421E+01-0.335201716E+01-0.335203528E+01-0.335199356E+01-0.335188746E+01
 0.743286406E+05 0.726539531E+05 0.709955625E+05 0.693534688E+05 0.677276641E+05
 0.661181562E+05 0.645249492E+05 0.629480352E+05 0.613874141E+05 0.598430898E+05
 0.583150625E+05 0.568033281E+05 0.553078867E+05 0.538287461E+05 0.523658984E+05
 0.509193438E+05 0.494890859E+05 0.480751250E+05 0.466774570E+05 0.452960859E+05
 0.439310117E+05 0.425822305E+05 0.412497422E+05 0.399335547E+05 0.386336602E+05
 0.373500586E+05 0.360827539E+05 0.348317461E+05 0.335970312E+05 0.323786133E+05
 0.311764902E+05 0.299906621E+05 0.288211289E+05 0.276678926E+05 0.265309492E+05
 0.254103027E+05 0.243059512E+05 0.232178945E+05 0.221461348E+05 0.210906680E+05
 0.200514980E+05 0.190286230E+05 0.180220430E+05 0.170317598E+05 0.160577705E+05
 0.151000762E+05 0.141586777E+05 0.132335752E+05 0.123247666E+05 0.114322539E+05
 0.105560371E+05 0.969611523E+04 0.885248828E+04 0.802515674E+04 0.721412061E+04
 0.641937939E+04 0.564093408E+04 0.487878369E+04 0.413292871E+04 0.340336890E+04
 0.269010474E+04 0.199313550E+04 0.131246167E+04 0.648083191E+03 0.000000000E+00
-0.424658251E+01-0.406505442E+01-0.388723731E+01-0.371313024E+01-0.354273391E+01
-0.337604785E+01-0.321307254E+01-0.305380726E+01-0.289825273E+01-0.274640870E+01
-0.259827495E+01-0.245385194E+01-0.231313920E+01-0.217613673E+01-0.204284501E+01
-0.191326368E+01-0.178739285E+01-0.166523242E+01-0.154678249E+01-0.143204296E+01
-0.132101393E+01-0.121369541E+01-0.111008728E+01-0.101018965E+01-0.914002478E+00
-0.821525812E+00-0.732759535E+00-0.647703767E+00-0.566358447E+00-0.488723636E+00
-0.414799243E+00-0.344585329E+00-0.278081864E+00-0.215288877E+00-0.156206354E+00
-0.100834288E+00-0.491726846E-01-0.122154900E-02 0.430191234E-01 0.835493356E-01
 0.120369077E+00 0.153478354E+00 0.182877183E+00 0.208565533E+00 0.230543420E+00
 0.248810858E+00 0.263367802E+00 0.274214327E+00 0.281350344E+00 0.284775913E+00
 0.284491032E+00 0.280495673E+00 0.272789866E+00 0.261373580E+00 0.246246830E+00
 0.227409616E+00 0.204861939E+00 0.178603798E+00 0.148635209E+00 0.114956141E+00
 0.775666088E-01 0.364666134E-01-0.834384188E-02-0.568647608E-01-0.109096147E+00
-0.392450812E+06-0.388650625E+06-0.384850438E+06-0.381050219E+06-0.377250031E+06
-0.373449844E+06-0.369649625E+06-0.365849438E+06-0.362049250E+06-0.358249031E+06
-0.354448844E+06-0.350648656E+06-0.346848469E+06-0.343048250E+06-0.339248062E+06
-0.335447875E+06-0.331647656E+06-0.327847469E+06-0.324047281E+06-0.320247094E+06
-0.316446875E+06-0.312646688E+06-0.308846500E+06-0.305046281E+06-0.301246094E+06
-0.297445906E+06-0.293645688E+06-0.289845500E+06-0.286045312E+06-0.282245125E+06
-0.278444906E+06-0.274644719E+06-0.270844531E+06-0.267044312E+06-0.263244125E+06
-0.259443938E+06-0.255643734E+06-0.251843531E+06-0.248043344E+06-0.244243141E+06
-0.240442953E+06-0.236642750E+06-0.232842562E+06-0.229042359E+06-0.225242156E+06
-0.221441969E+06-0.217641766E+06-0.213841578E+06-0.210041375E+06-0.206241172E+06
-0.202440984E+06-0.198640781E+06-0.194840594E+06-0.191040391E+06-0.187240203E+06
-0.183440000E+06-0.179639797E+06-0.175839609E+06-0.172039406E+06-0.168239219E+06
-0.164439016E+06-0.160638812E+06-0.156838625E+06-0.153038422E+06-0.149238234E+06
 0.111178264E+00 0.103911988E+00 0.958820134E-01 0.870364681E-01 0.774441883E-01
 0.672899336E-01 0.568400025E-01 0.463917442E-01 0.383701064E-01 0.352503471E-01
 0.316687822E-01 0.253257900E-01 0.177760441E-01 0.117913838E-01 0.695282221E-02
 0.311133778E-02 0.261697191E-03-0.151807012E-02-0.202858262E-02-0.856954081E-03
 0.279455236E-02 0.627336558E-02 0.753492257E-02 0.718492782E-02 0.549237384E-02
 0.252555078E-02-0.179854559E-02-0.772565091E-02-0.157279596E-01-0.264766812E-01
-0.347703807E-01-0.388919711E-01-0.393789411E-01-0.359426886E-01-0.284326114E-01
-0.163040180E-01-0.155506760E-02 0.105056921E-01 0.207009651E-01 0.295698959E-01
 0.374779031E-01 0.446828455E-01 0.513693318E-01 0.576683432E-01 0.636710227E-01
 0.694393069E-01 0.750138909E-01 0.804199725E-01 0.856712088E-01 0.907725543E-01
 0.957222953E-01 0.100513674E+00 0.105136298E+00 0.109577380E+00 0.113823004E+00
 0.117859304E+00 0.121673562E+00 0.125255182E+00 0.128596529E+00 0.131693393E+00
 0.134545267E+00 0.137155354E+00 0.139530182E+00 0.141679183E+00 0.143614039E+00
 0.110028237E+00 0.101622984E+00 0.921789408E-01 0.815566555E-01 0.697558075E-01
 0.569930784E-01 0.450759046E-01 0.366023742E-01 0.321074538E-01 0.317225158E-01
 0.304270610E-01 0.268183891E-01 0.221186504E-01 0.176152922E-01 0.136129558E-01
 0.102235638E-01 0.753640337E-02 0.565281650E-02 0.469712401E-02 0.480458746E-02
 0.597070996E-02 0.712430337E-02 0.727154035E-02 0.633402448E-02 0.431503588E-02
 0.116809946E-02-0.324084167E-02-0.917572062E-02-0.171097890E-01-0.276744645E-01
-0.358969159E-01-0.400138237E-01-0.404780470E-01-0.371480361E-01-0.297641456E-01
-0.176921990E-01-0.306947040E-02 0.907519460E-02 0.194995869E-01 0.287100282E-01
 0.370366573E-01 0.447071008E-01 0.518836267E-01 0.586834364E-01 0.651908219E-01
 0.714651793E-01 0.775466338E-01 0.834601149E-01 0.892183483E-01 0.948241577E-01
 0.100272253E+00 0.105550833E+00 0.110643163E+00 0.115529113E+00 0.120186917E+00
 0.124594957E+00 0.128733546E+00 0.132586554E+00 0.136142701E+00 0.139396474E+00
 0.142348349E+00 0.145004675E+00 0.147376955E+00 0.149480760E+00 0.151334658E+00
 0.111037366E+00 0.102090776E+00 0.917530805E-01 0.795426667E-01 0.652821139E-01
 0.533996671E-01 0.449453816E-01 0.401116833E-01 0.390470028E-01 0.384856090E-01
 0.369577184E-01 0.344591774E-01 0.313369930E-01 0.279816557E-01 0.246929452E-01
 0.216668490E-01 0.190278385E-01 0.168513395E-01 0.151644424E-01 0.139223663E-01
 0.129679833E-01 0.120300110E-01 0.108222924E-01 0.914021209E-02 0.685827481E-02
 0.389065593E-02 0.164517507E-03-0.438399985E-02-0.976914540E-02-0.156403780E-01
-0.203073826E-01-0.226364806E-01-0.223945230E-01-0.194719806E-01-0.137916412E-01
-0.543955015E-02 0.436485745E-02 0.139068551E-01 0.228712652E-01 0.312846601E-01
 0.392263755E-01 0.467805266E-01 0.540225878E-01 0.610154495E-01 0.678086951E-01
 0.744391233E-01 0.809315965E-01 0.872999206E-01 0.935477018E-01 0.996690542E-01
 0.105649389E+00 0.111466348E+00 0.117091037E+00 0.122489810E+00 0.127626553E+00
 0.132465452E+00 0.136973992E+00 0.141125813E+00 0.144903153E+00 0.148298219E+00
 0.151313618E+00 0.153961703E+00 0.156262890E+00 0.158243522E+00 0.159933493E+00
 0.114854857E+00 0.106283076E+00 0.963744000E-01 0.847699121E-01 0.718681291E-01
 0.627204999E-01 0.579550080E-01 0.550726801E-01 0.524418391E-01 0.498287380E-01
 0.470621400E-01 0.440781415E-01 0.409184247E-01 0.376862995E-01 0.344993062E-01
 0.314597338E-01 0.286419131E-01 0.260872897E-01 0.238005891E-01 0.217457544E-01
 0.198459215E-01 0.179942623E-01 0.160763506E-01 0.139935901E-01 0.116775213E-01
 0.909647346E-02 0.626385119E-02 0.325841643E-02 0.263993716E-03-0.238648755E-02
-0.424058829E-02-0.487366039E-02-0.400598580E-02-0.151621143E-02 0.256214174E-02
 0.801677722E-02 0.144597664E-01 0.214543398E-01 0.286743231E-01 0.359365083E-01
 0.431555770E-01 0.503003746E-01 0.573669262E-01 0.643632635E-01 0.713009015E-01
 0.781899169E-01 0.850360096E-01 0.918384790E-01 0.985888243E-01 0.105269566E+00
 0.111853398E+00 0.118302800E+00 0.124570467E+00 0.130600855E+00 0.136333361E+00
 0.141706929E+00 0.146665648E+00 0.151164517E+00 0.155174077E+00 0.158683360E+00
 0.161700249E+00 0.164249584E+00 0.166369289E+00 0.168105468E+00 0.169507489E+00
 0.121507369E+00 0.114124075E+00 0.105690844E+00 0.963003784E-01 0.868794546E-01
 0.802041516E-01 0.746812448E-01 0.699132979E-01 0.656349435E-01 0.616569519E-01
 0.578498244E-01 0.541394018E-01 0.505002402E-01 0.469426550E-01 0.434966385E-01
 0.401972383E-01 0.370737910E-01 0.341429412E-01 0.314047486E-01 0.288415905E-01
 0.264202729E-01 0.240978170E-01 0.218301900E-01 0.195821971E-01 0.173367504E-01
 0.151031241E-01 0.129250167E-01 0.108886370E-01 0.912823249E-02 0.782201160E-02
 0.717091933E-02 0.736271730E-02 0.853631739E-02 0.107586570E-01 0.140151205E-01
 0.182123501E-01 0.231970213E-01 0.287905894E-01 0.348264650E-01 0.411726907E-01
 0.477364734E-01 0.544580743E-01 0.613016821E-01 0.682470426E-01 0.752828345E-01
 0.824016482E-01 0.895960778E-01 0.968554616E-01 0.104162835E+00 0.111492001E+00
 0.118804350E+00 0.126045972E+00 0.133145556E+00 0.140014440E+00 0.146550387E+00
 0.152645931E+00 0.158200458E+00 0.163132906E+00 0.167392224E+00 0.170963347E+00
 0.173867762E+00 0.176158443E+00 0.177910060E+00 0.179206997E+00 0.180132911E+00
 0.130849317E+00 0.125226200E+00 0.117552437E+00 0.109416813E+00 0.101734288E+00
 0.947243944E-01 0.884170234E-01 0.827109367E-01 0.774827823E-01 0.726230890E-01
 0.680461153E-01 0.636919662E-01 0.595248826E-01 0.555288792E-01 0.517016239E-01
 0.480480194E-01 0.445745960E-01 0.412852727E-01 0.381788686E-01 0.352484062E-01
 0.324822627E-01 0.298669934E-01 0.273915064E-01 0.250519104E-01 0.228564665E-01
 0.208300408E-01 0.190175734E-01 0.174857378E-01 0.163215660E-01 0.156266075E-01
 0.155061958E-01 0.160554163E-01 0.173452944E-01 0.194126479E-01 0.222555771E-01
 0.258353967E-01 0.300847478E-01 0.349200368E-01 0.402547494E-01 0.460099839E-01
 0.521203876E-01 0.585357621E-01 0.652198344E-01 0.721476078E-01 0.793023184E-01
 0.866723135E-01 0.942480415E-01 0.102018923E+00 0.109969795E+00 0.118076444E+00
 0.126299724E+00 0.134577870E+00 0.142817065E+00 0.150883228E+00 0.158601150E+00
 0.165770009E+00 0.172195017E+00 0.177720845E+00 0.182254136E+00 0.185774654E+00
 0.188337788E+00 0.190064505E+00 0.191114232E+00 0.191650331E+00 0.191815197E+00
 0.139676526E+00 0.135271758E+00 0.128201172E+00 0.120382220E+00 0.112970896E+00
 0.105995260E+00 0.994610786E-01 0.933476686E-01 0.876151994E-01 0.822171569E-01
 0.771096125E-01 0.722563714E-01 0.676309094E-01 0.632160231E-01 0.590022057E-01
 0.549852848E-01 0.511640608E-01 0.475383587E-01 0.441078059E-01 0.408714935E-01
 0.378285535E-01 0.349795707E-01 0.323286094E-01 0.298856217E-01 0.276688226E-01
 0.257066656E-01 0.240390077E-01 0.227169394E-01 0.218008198E-01 0.213560853E-01
 0.214468800E-01 0.221283343E-01 0.234403759E-01 0.254044104E-01 0.280220844E-01
 0.312765278E-01 0.351358689E-01 0.395583957E-01 0.444981977E-01 0.499103144E-01
 0.557545125E-01 0.619975328E-01 0.686139390E-01 0.755859390E-01 0.829026252E-01
 0.905587748E-01 0.985534042E-01 0.106887966E+00 0.115563788E+00 0.124578297E+00
 0.133918434E+00 0.143549025E+00 0.153390825E+00 0.163280919E+00 0.172919184E+00
 0.181871459E+00 0.189707726E+00 0.196127951E+00 0.200968280E+00 0.204188913E+00
 0.205904528E+00 0.206417412E+00 0.206129059E+00 0.205374733E+00 0.204373106E+00
 0.146909580E+00 0.143236145E+00 0.136595905E+00 0.129122660E+00 0.121919900E+00
 0.115006872E+00 0.108396076E+00 0.102088146E+00 0.960740224E-01 0.903385431E-01
 0.848642662E-01 0.796345025E-01 0.746352226E-01 0.698559135E-01 0.652896538E-01
 0.609325804E-01 0.567832291E-01 0.528419055E-01 0.491102673E-01 0.455913097E-01
 0.422897153E-01 0.392126292E-01 0.363706909E-01 0.337792449E-01 0.314595029E-01
 0.294395220E-01 0.277547482E-01 0.264479220E-01 0.255680867E-01 0.251681395E-01
 0.252995696E-01 0.260003246E-01 0.272912160E-01 0.291820224E-01 0.316722132E-01
 0.347522534E-01 0.384053178E-01 0.426095165E-01 0.473404042E-01 0.525735356E-01
 0.582866631E-01 0.644615293E-01 0.710851029E-01 0.781503841E-01 0.856569558E-01
 0.936113447E-01 0.102027394E+00 0.110926710E+00 0.120339222E+00 0.130303755E+00
 0.140868336E+00 0.152089342E+00 0.164027110E+00 0.176731080E+00 0.190094545E+00
 0.202517822E+00 0.212709323E+00 0.220508218E+00 0.225773275E+00 0.228325829E+00
 0.227969855E+00 0.225423530E+00 0.222592548E+00 0.219829470E+00 0.217224002E+00
 0.152781591E+00 0.149561554E+00 0.143348038E+00 0.136155814E+00 0.129123315E+00
 0.122277267E+00 0.115637340E+00 0.109215952E+00 0.103019290E+00 0.970487148E-01
 0.913024098E-01 0.857769772E-01 0.804687440E-01 0.753746778E-01 0.704929233E-01
 0.658230335E-01 0.613660291E-01 0.571244098E-01 0.531021655E-01 0.493049435E-01
 0.457403436E-01 0.424183756E-01 0.393520258E-01 0.365579128E-01 0.340569653E-01
 0.318750851E-01 0.300438665E-01 0.286015961E-01 0.275950916E-01 0.270838402E-01
 0.271497183E-01 0.278259479E-01 0.290922765E-01 0.309438631E-01 0.333728455E-01
 0.363700651E-01 0.399250537E-01 0.440260656E-01 0.486607067E-01 0.538170189E-01
 0.594847538E-01 0.656566694E-01 0.723297969E-01 0.795066357E-01 0.871964395E-01
 0.954166427E-01 0.104194716E+00 0.113570750E+00 0.123601228E+00 0.134364754E+00
 0.145971328E+00 0.158578143E+00 0.172418624E+00 0.187858686E+00 0.205149680E+00
 0.220986903E+00 0.233660549E+00 0.243116304E+00 0.249227330E+00 0.251614034E+00
 0.250084400E+00 0.244529992E+00 0.238650456E+00 0.233563095E+00 0.229208902E+00
 0.157714665E+00 0.154793143E+00 0.148882821E+00 0.141885206E+00 0.134964302E+00
 0.128154740E+00 0.121480763E+00 0.114962578E+00 0.108615853E+00 0.102451928E+00
 0.964786187E-01 0.907011330E-01 0.851230994E-01 0.797473937E-01 0.745767578E-01
 0.696143359E-01 0.648639575E-01 0.603304245E-01 0.560197271E-01 0.519392453E-01
 0.480979867E-01 0.445068851E-01 0.411790684E-01 0.381301679E-01 0.353785865E-01
 0.329457372E-01 0.308561847E-01 0.291376412E-01 0.278207622E-01 0.269382875E-01
 0.268535949E-01 0.276095215E-01 0.288998373E-01 0.307709202E-01 0.332013555E-01
 0.361822546E-01 0.397091620E-01 0.437779762E-01 0.483844168E-01 0.535244867E-01
 0.591954328E-01 0.653968826E-01 0.721320435E-01 0.794089809E-01 0.872420967E-01
 0.956539661E-01 0.104677632E+00 0.114359893E+00 0.124765866E+00 0.135985628E+00
 0.148144111E+00 0.161415532E+00 0.176044002E+00 0.192366838E+00 0.210808992E+00
 0.229475275E+00 0.244446993E+00 0.255573958E+00 0.262881368E+00 0.266311228E+00
 0.265422165E+00 0.260052621E+00 0.251558334E+00 0.244512022E+00 0.238782629E+00
 0.162053719E+00 0.159380347E+00 0.153503329E+00 0.146599963E+00 0.139722496E+00
 0.132892773E+00 0.126143873E+00 0.119505219E+00 0.113000311E+00 0.106647030E+00
 0.100458801E+00 0.944457576E-01 0.886157677E-01 0.829753652E-01 0.775303617E-01
 0.722864419E-01 0.672495589E-01 0.624262244E-01 0.578238033E-01 0.534506850E-01
 0.493164547E-01 0.454320163E-01 0.418096893E-01 0.384632461E-01 0.354078934E-01
 0.326601975E-01 0.302377865E-01 0.281588268E-01 0.264409613E-01 0.254194196E-01
 0.251176748E-01 0.255542621E-01 0.267341901E-01 0.287307333E-01 0.312228911E-01
 0.342311487E-01 0.377716273E-01 0.418497398E-01 0.464676060E-01 0.516258106E-01
 0.573252216E-01 0.635683089E-01 0.703602284E-01 0.777098387E-01 0.856309384E-01
 0.941436440E-01 0.103276275E+00 0.113067634E+00 0.123570129E+00 0.134853676E+00
 0.147010729E+00 0.160162330E+00 0.174464554E+00 0.190114081E+00 0.207352981E+00
 0.226379916E+00 0.242880419E+00 0.255362421E+00 0.263924539E+00 0.268601179E+00
 0.269504696E+00 0.266173601E+00 0.258558363E+00 0.250602126E+00 0.244446993E+00
 0.165632367E+00 0.163011163E+00 0.157384768E+00 0.150564507E+00 0.143630445E+00
 0.136678800E+00 0.129775792E+00 0.122962415E+00 0.116265923E+00 0.109705612E+00
 0.103295788E+00 0.970475525E-01 0.909698978E-01 0.850705728E-01 0.793566331E-01
 0.738349557E-01 0.685125813E-01 0.633969828E-01 0.584963001E-01 0.538194627E-01
 0.493762642E-01 0.451773703E-01 0.412342064E-01 0.375588089E-01 0.341636054E-01
 0.310612936E-01 0.282646064E-01 0.257858466E-01 0.239441916E-01 0.227583963E-01
 0.222500153E-01 0.224428847E-01 0.233649127E-01 0.250558946E-01 0.275629759E-01
 0.305677038E-01 0.341287293E-01 0.382344350E-01 0.428868309E-01 0.480847619E-01
 0.538280345E-01 0.601183362E-01 0.669592842E-01 0.743566826E-01 0.823189765E-01
 0.908579528E-01 0.999894738E-01 0.109734371E+00 0.120119162E+00 0.131176591E+00
 0.142945662E+00 0.155470714E+00 0.168799102E+00 0.182978109E+00 0.198055387E+00
 0.214110449E+00 0.230342746E+00 0.242751241E+00 0.251793563E+00 0.257710636E+00
 0.260387540E+00 0.260074615E+00 0.256372601E+00 0.250059366E+00 0.245242894E+00
 0.170231119E+00 0.167934984E+00 0.161607265E+00 0.154178441E+00 0.146845728E+00
 0.139588580E+00 0.132425830E+00 0.125374734E+00 0.118449248E+00 0.111660667E+00
 0.105018429E+00 0.985306725E-01 0.922047049E-01 0.860473737E-01 0.800653920E-01
 0.742656142E-01 0.686552674E-01 0.632421449E-01 0.580347292E-01 0.530423224E-01
 0.482750311E-01 0.437436625E-01 0.394594148E-01 0.354332887E-01 0.316754431E-01
 0.281955767E-01 0.250031184E-01 0.224024225E-01 0.204071626E-01 0.190349277E-01
 0.183061827E-01 0.182434302E-01 0.188705921E-01 0.202119295E-01 0.222879648E-01
 0.251074806E-01 0.287569072E-01 0.329088643E-01 0.376250185E-01 0.428877696E-01
 0.486928187E-01 0.550408885E-01 0.619333573E-01 0.693714172E-01 0.773559585E-01
 0.858877599E-01 0.949674547E-01 0.104595192E+00 0.114769600E+00 0.125485897E+00
 0.136732414E+00 0.148484871E+00 0.160696432E+00 0.173280120E+00 0.186074585E+00
 0.198769093E+00 0.210771397E+00 0.221314877E+00 0.229933515E+00 0.236468375E+00
 0.240899593E+00 0.243308872E+00 0.243934095E+00 0.243305713E+00 0.242173344E+00
 0.173870265E+00 0.171851918E+00 0.164906070E+00 0.156866595E+00 0.149071366E+00
 0.141459957E+00 0.134005487E+00 0.126697019E+00 0.119531468E+00 0.112509452E+00
 0.105633482E+00 0.989071131E-01 0.923346132E-01 0.859208331E-01 0.796712339E-01
 0.735919029E-01 0.676896572E-01 0.619721524E-01 0.564479940E-01 0.511268638E-01
 0.460196510E-01 0.411384627E-01 0.364963040E-01 0.321055055E-01 0.279724244E-01
 0.241032373E-01 0.207873099E-01 0.180342235E-01 0.158586781E-01 0.142791625E-01
 0.133168176E-01 0.129944645E-01 0.133357709E-01 0.143644903E-01 0.161037967E-01
 0.185765605E-01 0.218089130E-01 0.258134082E-01 0.306809284E-01 0.360477306E-01
 0.419351906E-01 0.483586863E-01 0.553203970E-01 0.628171340E-01 0.708416253E-01
 0.793834701E-01 0.884291828E-01 0.979612991E-01 0.107956685E+00 0.118383773E+00
 0.129198536E+00 0.140338629E+00 0.151715100E+00 0.163201079E+00 0.174618065E+00
 0.185725495E+00 0.196229458E+00 0.205827877E+00 0.214274332E+00 0.221415803E+00
 0.227197811E+00 0.231661007E+00 0.234939322E+00 0.237246081E+00 0.238827273E+00
 0.175024748E+00 0.173009440E+00 0.166192025E+00 0.157959312E+00 0.149921164E+00
 0.142067581E+00 0.134382516E+00 0.126853749E+00 0.119473115E+00 0.112235978E+00
 0.105140336E+00 0.981862247E-01 0.913752615E-01 0.847103745E-01 0.781956166E-01
 0.718360841E-01 0.656378940E-01 0.596082248E-01 0.537554324E-01 0.480892658E-01
 0.426213741E-01 0.373664424E-01 0.323448032E-01 0.275887232E-01 0.230799988E-01
 0.190869775E-01 0.156150311E-01 0.126773538E-01 0.102922264E-01 0.848135166E-02
 0.726865698E-02 0.667935563E-02 0.673921593E-02 0.747406809E-02 0.890966784E-02
 0.110721728E-01 0.139894960E-01 0.176933538E-01 0.222280137E-01 0.276450031E-01
 0.335824713E-01 0.400954671E-01 0.471586771E-01 0.547597408E-01 0.628795847E-01
 0.714962482E-01 0.805848092E-01 0.901158527E-01 0.100053407E+00 0.110352427E+00
 0.120955758E+00 0.131790638E+00 0.142764807E+00 0.153762996E+00 0.164645150E+00
 0.175249100E+00 0.185400009E+00 0.194926888E+00 0.203682065E+00 0.211556926E+00
 0.218490928E+00 0.224473536E+00 0.229540333E+00 0.233762458E+00 0.237230256E+00
 0.174876764E+00 0.172832742E+00 0.165850237E+00 0.157500312E+00 0.149331376E+00
 0.141334027E+00 0.133496404E+00 0.125807062E+00 0.118256763E+00 0.110839017E+00
 0.103549868E+00 0.963876024E-01 0.893523470E-01 0.824458003E-01 0.756710172E-01
 0.690322667E-01 0.625349283E-01 0.561854281E-01 0.499911308E-01 0.439601950E-01
 0.381012298E-01 0.324224792E-01 0.269299205E-01 0.218955316E-01 0.172891580E-01
 0.131396987E-01 0.947118923E-02 0.630769972E-02 0.367486221E-02 0.159997691E-02
 0.111556576E-03-0.761326810E-03-0.989706838E-03-0.545285409E-03 0.599183550E-03
 0.246973080E-02 0.509117544E-02 0.848704390E-02 0.126788644E-01 0.176820178E-01
 0.234972630E-01 0.302122459E-01 0.374417789E-01 0.452342331E-01 0.535448231E-01
 0.623402819E-01 0.715892836E-01 0.812575594E-01 0.913048685E-01 0.101682924E+00
 0.112333715E+00 0.123187900E+00 0.134163573E+00 0.145165741E+00 0.156087130E+00
 0.166810930E+00 0.177216008E+00 0.187183723E+00 0.196605638E+00 0.205390170E+00
 0.213467121E+00 0.220789552E+00 0.227332875E+00 0.233091697E+00 0.238075316E+00
 0.173249468E+00 0.171107471E+00 0.163959190E+00 0.155547589E+00 0.147327557E+00
 0.139271274E+00 0.131358340E+00 0.123573333E+00 0.115905613E+00 0.108348288E+00
 0.100897327E+00 0.935508609E-01 0.863087997E-01 0.791725144E-01 0.721446872E-01
 0.652292147E-01 0.584311225E-01 0.517564677E-01 0.452122912E-01 0.388064124E-01
 0.325472280E-01 0.264433175E-01 0.207655039E-01 0.155080846E-01 0.106730564E-01
 0.627558865E-02 0.233802991E-02-0.111261278E-02-0.404607318E-02-0.642990600E-02
-0.823048688E-02-0.941397995E-02-0.994724594E-02-0.979865622E-02-0.893876981E-02
-0.734083913E-02-0.498117413E-02-0.183938153E-02 0.210145488E-02 0.685471203E-02
 0.124312202E-01 0.188438743E-01 0.260889847E-01 0.342514925E-01 0.428880826E-01
 0.519884489E-01 0.615322664E-01 0.714909807E-01 0.818272233E-01 0.924954638E-01
 0.103442341E+00 0.114606604E+00 0.125919029E+00 0.137302548E+00 0.148672864E+00
 0.159939885E+00 0.171009719E+00 0.181787163E+00 0.192178264E+00 0.202092648E+00
 0.211445123E+00 0.220156848E+00 0.228156224E+00 0.235380173E+00 0.241775900E+00
 0.169773549E+00 0.167412192E+00 0.160412103E+00 0.152080044E+00 0.143941611E+00
 0.135937557E+00 0.128035620E+00 0.120221034E+00 0.112486742E+00 0.104829259E+00
 0.972470045E-01 0.897396728E-01 0.823080167E-01 0.749538168E-01 0.676798970E-01
 0.604901463E-01 0.533895865E-01 0.463843755E-01 0.394818150E-01 0.326903202E-01
 0.260193944E-01 0.197319519E-01 0.138225835E-01 0.829478633E-02 0.316052674E-02
-0.155994878E-02-0.583954714E-02-0.964585785E-02-0.129425870E-01-0.156909134E-01
-0.178508051E-01-0.193822812E-01-0.202466249E-01-0.204074644E-01-0.198317170E-01
-0.184903089E-01-0.163586456E-01-0.134167662E-01-0.964910910E-02-0.504374551E-02
 0.409167260E-03 0.671993475E-02 0.139024742E-01 0.219844412E-01 0.309994388E-01
 0.404913835E-01 0.504441746E-01 0.608368032E-01 0.716322660E-01 0.827864781E-01
 0.942508057E-01 0.105972528E+00 0.117894612E+00 0.129955530E+00 0.142088994E+00
 0.154223964E+00 0.166284382E+00 0.178188816E+00 0.189849749E+00 0.201172382E+00
 0.212053269E+00 0.222379446E+00 0.232029185E+00 0.240875617E+00 0.248794377E+00
 0.164428800E+00 0.161592931E+00 0.154911831E+00 0.147141799E+00 0.139326021E+00
 0.131494269E+00 0.123672798E+00 0.115875483E+00 0.108109981E+00 0.100380659E+00
 0.926901773E-01 0.850404352E-01 0.774332508E-01 0.698708221E-01 0.623560585E-01
 0.548928529E-01 0.474862456E-01 0.401425809E-01 0.328695960E-01 0.256765429E-01
 0.188170187E-01 0.122830905E-01 0.607680669E-02 0.209508900E-03-0.529882871E-02
-0.104203625E-01-0.151204290E-01-0.193587877E-01-0.230910014E-01-0.262699183E-01
-0.288471915E-01-0.307748318E-01-0.320067145E-01-0.324999839E-01-0.322162881E-01
-0.311227459E-01-0.291925985E-01-0.264054462E-01-0.227470156E-01-0.182083771E-01
-0.127845705E-01-0.647258479E-02 0.731247826E-03 0.883453246E-02 0.178513154E-01
 0.278073158E-01 0.382576622E-01 0.492278077E-01 0.606490672E-01 0.724696666E-01
 0.846441686E-01 0.971289128E-01 0.109879881E+00 0.122851491E+00 0.135995641E+00
 0.149260521E+00 0.162588924E+00 0.175915658E+00 0.189163849E+00 0.202239722E+00
 0.215026021E+00 0.227374896E+00 0.239102781E+00 0.249991864E+00 0.259803832E+00
 0.158743247E+00 0.155489236E+00 0.149056330E+00 0.141579792E+00 0.133956313E+00
 0.126241863E+00 0.118480936E+00 0.110698961E+00 0.102909788E+00 0.951207429E-01
 0.873355716E-01 0.795562565E-01 0.717841685E-01 0.640208572E-01 0.562685728E-01
 0.485306755E-01 0.408118814E-01 0.331184529E-01 0.254583880E-01 0.180754941E-01
 0.109578455E-01 0.410439400E-02-0.247556507E-02-0.876294263E-02-0.147295007E-01
-0.203386489E-01-0.255464539E-01-0.303028878E-01-0.345532782E-01-0.382399559E-01
-0.413040370E-01-0.436873101E-01-0.453340933E-01-0.461930409E-01-0.462187417E-01
-0.453730300E-01-0.436259285E-01-0.409560725E-01-0.373506732E-01-0.328048617E-01
-0.273205228E-01-0.209047124E-01-0.135678165E-01-0.532192178E-02 0.381979276E-02
 0.138412910E-01 0.247157961E-01 0.365221947E-01 0.487649925E-01 0.614228174E-01
 0.744698420E-01 0.878790393E-01 0.101623535E+00 0.115676992E+00 0.130013257E+00
 0.144605294E+00 0.159423143E+00 0.174430490E+00 0.189578995E+00 0.204799443E+00
 0.219987884E+00 0.234985128E+00 0.249548718E+00 0.263324827E+00 0.275851041E+00
 0.153475121E+00 0.150013268E+00 0.143409520E+00 0.135783851E+00 0.128103375E+00
 0.120377861E+00 0.112616092E+00 0.104824878E+00 0.970076919E-01 0.891652331E-01
 0.812964663E-01 0.733996630E-01 0.654732063E-01 0.575162433E-01 0.495292097E-01
 0.415141694E-01 0.334749855E-01 0.254174173E-01 0.175754670E-01 0.993195269E-02
 0.248120376E-02-0.477122841E-02-0.118088583E-01-0.186046399E-01-0.251214895E-01
-0.313130356E-01-0.371246189E-01-0.424945988E-01-0.473559685E-01-0.516382270E-01
-0.552695207E-01-0.581789128E-01-0.602987297E-01-0.615668520E-01-0.619287826E-01
-0.613394305E-01-0.597643852E-01-0.571806468E-01-0.535767153E-01-0.489519835E-01
-0.433154702E-01-0.366839543E-01-0.290795639E-01-0.205269549E-01-0.110499710E-01
-0.667407236E-03 0.106136743E-01 0.228115749E-01 0.359637961E-01 0.495612063E-01
 0.635857955E-01 0.780223683E-01 0.928597972E-01 0.108091921E+00 0.123717934E+00
 0.139742106E+00 0.156172931E+00 0.173021153E+00 0.190295950E+00 0.207997769E+00
 0.226104885E+00 0.244547620E+00 0.263155133E+00 0.281522006E+00 0.298671931E+00
 0.147774264E+00 0.144095272E+00 0.137158915E+00 0.129398957E+00 0.121645786E+00
 0.113888592E+00 0.106117822E+00 0.983227640E-01 0.904925093E-01 0.826165900E-01
 0.746854395E-01 0.666907877E-01 0.586259104E-01 0.504859909E-01 0.422685780E-01
 0.339740627E-01 0.256052371E-01 0.173868891E-01 0.929561630E-02 0.131974695E-02
-0.654067332E-02-0.142738232E-01-0.218561124E-01-0.292523149E-01-0.364159271E-01
-0.432898067E-01-0.498071834E-01-0.558930263E-01-0.614658520E-01-0.664399341E-01
-0.707278103E-01-0.742431134E-01-0.769034848E-01-0.786334723E-01-0.793672577E-01
-0.790509507E-01-0.776443630E-01-0.751220733E-01-0.714736432E-01-0.667030066E-01
-0.608269721E-01-0.538728759E-01-0.458755568E-01-0.368736163E-01-0.269050896E-01
-0.160025414E-01-0.418750010E-02 0.853536185E-02 0.221822802E-01 0.367953517E-01
 0.518625900E-01 0.673764572E-01 0.833382234E-01 0.997608006E-01 0.116669424E+00
 0.134102479E+00 0.152112946E+00 0.170770422E+00 0.190163553E+00 0.210402817E+00
 0.231623858E+00 0.253991306E+00 0.277703822E+00 0.302979141E+00 0.328632563E+00
 0.141000420E+00 0.137043282E+00 0.130050242E+00 0.122204483E+00 0.114428885E+00
 0.106695898E+00 0.989732891E-01 0.912300199E-01 0.834387094E-01 0.755762458E-01
 0.676235855E-01 0.595651343E-01 0.513881296E-01 0.430824421E-01 0.346413255E-01
 0.260652378E-01 0.175721645E-01 0.913258828E-02 0.728040468E-03-0.764843635E-02
-0.159917660E-01-0.242843516E-01-0.324957259E-01-0.405823961E-01-0.484879836E-01
-0.561437383E-01-0.634694844E-01-0.703750998E-01-0.767625570E-01-0.825284198E-01
-0.875669643E-01-0.917735174E-01-0.950481668E-01-0.972994193E-01-0.984476656E-01
-0.984282270E-01-0.971937180E-01-0.947154760E-01-0.909840316E-01-0.860084593E-01
-0.798145682E-01-0.724421144E-01-0.639411062E-01-0.543672927E-01-0.437771715E-01
-0.322225690E-01-0.197450705E-01-0.637045316E-02 0.789657328E-02 0.230777562E-01
 0.392272249E-01 0.558266267E-01 0.728799924E-01 0.904175192E-01 0.108488031E+00
 0.127159432E+00 0.146522701E+00 0.166698188E+00 0.187844723E+00 0.210172579E+00
 0.233962715E+00 0.259597391E+00 0.287614822E+00 0.318823010E+00 0.351599723E+00
 0.133140475E+00 0.128878579E+00 0.121774808E+00 0.113946863E+00 0.106288582E+00
 0.987240449E-01 0.911814496E-01 0.836028978E-01 0.759440884E-01 0.681715682E-01
 0.602597557E-01 0.521883480E-01 0.439397953E-01 0.354961231E-01 0.268332735E-01
 0.181817617E-01 0.951105915E-02 0.796501001E-03-0.797702558E-02-0.168131888E-01
-0.257029850E-01-0.346238315E-01-0.435388386E-01-0.523963794E-01-0.611299649E-01
-0.696585923E-01-0.778876320E-01-0.857104063E-01-0.930103734E-01-0.996641442E-01
-0.105545066E+00-0.110527389E+00-0.114490762E+00-0.117324866E+00-0.118933834E+00
-0.119240128E+00-0.118187681E+00-0.115743838E+00-0.111900091E+00-0.106671408E+00
-0.100094117E+00-0.922226012E-01-0.831247866E-01-0.728768557E-01-0.615573302E-01
-0.492408574E-01-0.359919667E-01-0.218589529E-01-0.686821574E-02 0.898065325E-02
 0.257179216E-01 0.434019044E-01 0.614544451E-01 0.799509361E-01 0.989633203E-01
 0.118576370E+00 0.138898417E+00 0.160071373E+00 0.182282686E+00 0.205781594E+00
 0.230901152E+00 0.258087277E+00 0.287931055E+00 0.321187913E+00 0.357006133E+00
 0.123701438E+00 0.119065173E+00 0.111773074E+00 0.104280315E+00 0.970798433E-01
 0.899697691E-01 0.828275457E-01 0.755784661E-01 0.681750104E-01 0.605854206E-01
 0.527875312E-01 0.447654948E-01 0.365082547E-01 0.280096605E-01 0.192712359E-01
 0.104804607E-01 0.158629147E-02-0.744346809E-02-0.166259166E-01-0.259639863E-01
-0.354461782E-01-0.450458005E-01-0.547201410E-01-0.644097403E-01-0.740380064E-01
-0.835113823E-01-0.927200988E-01-0.101539768E+00-0.109833874E+00-0.117457114E+00
-0.124259673E+00-0.130092189E+00-0.134811282E+00-0.138285249E+00-0.140399575E+00
-0.141061947E+00-0.140206173E+00-0.137794882E+00-0.133820504E+00-0.128304690E+00
-0.121295758E+00-0.112864837E+00-0.103100464E+00-0.921022519E-01-0.799739584E-01
-0.668161213E-01-0.527187176E-01-0.377537310E-01-0.219674930E-01-0.537191890E-02
 0.120673785E-01 0.304509755E-01 0.492475182E-01 0.684642717E-01 0.881392136E-01
 0.108337484E+00 0.129151657E+00 0.150705650E+00 0.173162445E+00 0.196736142E+00
 0.221710607E+00 0.248468384E+00 0.277536958E+00 0.309657335E+00 0.344259351E+00
 0.110510670E+00 0.104885630E+00 0.989620686E-01 0.930024981E-01 0.869555399E-01
 0.807061568E-01 0.742118880E-01 0.674506649E-01 0.604083277E-01 0.530746132E-01
 0.454415902E-01 0.375029929E-01 0.292538386E-01 0.206902921E-01 0.119792875E-01
 0.308452081E-02-0.602650503E-02-0.153776165E-01-0.249815248E-01-0.348380543E-01
-0.449325554E-01-0.552343130E-01-0.656951293E-01-0.762481093E-01-0.868068710E-01
-0.972653925E-01-0.107498579E+00-0.117363878E+00-0.126703903E+00-0.135350242E+00
-0.143128350E+00-0.149863452E+00-0.155387148E+00-0.159544289E+00-0.162199855E+00
-0.163245082E+00-0.162602484E+00-0.160229236E+00-0.156118661E+00-0.150299594E+00
-0.142833561E+00-0.133810118E+00-0.123340584E+00-0.111550584E+00-0.985719636E-01
-0.845344961E-01-0.695577636E-01-0.537434742E-01-0.371684879E-01-0.198785793E-01
-0.188342435E-02 0.168458372E-01 0.363719910E-01 0.561875515E-01 0.763108060E-01
 0.967879444E-01 0.117683798E+00 0.139080107E+00 0.161076561E+00 0.183793277E+00
 0.207374096E+00 0.231992736E+00 0.257868588E+00 0.285337836E+00 0.314382523E+00
 0.963968933E-01 0.894586965E-01 0.854930729E-01 0.816678554E-01 0.769991279E-01
 0.717153102E-01 0.659272894E-01 0.596904606E-01 0.530338734E-01 0.459730737E-01
 0.385164283E-01 0.306684598E-01 0.224307813E-01 0.139745027E-01 0.526044797E-02
-0.374558032E-02-0.130718304E-01-0.227385554E-01-0.327557884E-01-0.431210846E-01
-0.538172983E-01-0.648104101E-01-0.760475099E-01-0.874550492E-01-0.989376307E-01
-0.110377468E+00-0.121634699E+00-0.132548943E+00-0.142942086E+00-0.152622417E+00
-0.161390260E+00-0.169044703E+00-0.175391391E+00-0.180250749E+00-0.183466107E+00
-0.184911251E+00-0.184496537E+00-0.182173148E+00-0.177935079E+00-0.171818465E+00
-0.163898498E+00-0.154283985E+00-0.143110052E+00-0.130529583E+00-0.116703890E+00
-0.101793401E+00-0.859487131E-01-0.693025440E-01-0.519627444E-01-0.340066925E-01
-0.154772168E-01 0.361955026E-02 0.233137384E-01 0.436679348E-01 0.640820861E-01
 0.846171603E-01 0.105317108E+00 0.126218259E+00 0.147349581E+00 0.168726847E+00
 0.190339163E+00 0.212121680E+00 0.233897731E+00 0.255251557E+00 0.275317490E+00
 0.866893455E-01 0.792917311E-01 0.757693127E-01 0.725636259E-01 0.685759634E-01
 0.639067367E-01 0.586325787E-01 0.528076217E-01 0.464673936E-01 0.396341160E-01
 0.323218293E-01 0.245429669E-01 0.164818224E-01 0.810246170E-02-0.629929244E-03
-0.974705350E-02-0.192754380E-01-0.292341523E-01-0.396323465E-01-0.504666977E-01
-0.617187358E-01-0.733522326E-01-0.853107050E-01-0.975151733E-01-0.109862529E+00
-0.122224554E+00-0.134448051E+00-0.146356210E+00-0.157751516E+00-0.168420196E+00
-0.178138480E+00-0.186680213E+00-0.193825707E+00-0.199371293E+00-0.203138858E+00
-0.204984635E+00-0.204806656E+00-0.202549726E+00-0.198208049E+00-0.191824630E+00
-0.183487788E+00-0.173325017E+00-0.161494702E+00-0.148176298E+00-0.133559868E+00
-0.117835611E+00-0.101183951E+00-0.837668031E-01-0.657200143E-01-0.471471436E-01
-0.281140544E-01-0.864340644E-02 0.112932865E-01 0.317913480E-01 0.522729717E-01
 0.727038831E-01 0.930722877E-01 0.113366067E+00 0.133560240E+00 0.153605536E+00
 0.173413977E+00 0.192838982E+00 0.211649850E+00 0.229508877E+00 0.245975241E+00
 0.803026110E-01 0.726941526E-01 0.688983127E-01 0.658311248E-01 0.620979927E-01
 0.577230491E-01 0.527385212E-01 0.471724644E-01 0.410449207E-01 0.343656391E-01
 0.271310452E-01 0.195594691E-01 0.116255786E-01 0.329762348E-02-0.545761921E-02
-0.146715073E-01-0.243708063E-01-0.345750786E-01-0.452940017E-01-0.565245487E-01
-0.682480633E-01-0.804272369E-01-0.930032879E-01-0.105893292E+00-0.118988119E+00
-0.132151157E+00-0.145218119E+00-0.157998294E+00-0.170277461E+00-0.181822643E+00
-0.192388788E+00-0.201727226E+00-0.209595472E+00-0.215767935E+00-0.220046788E+00
-0.222271949E+00-0.222329676E+00-0.220158458E+00-0.215752065E+00-0.209159151E+00
-0.200479433E+00-0.189856961E+00-0.177470773E+00-0.163524166E+00-0.148232967E+00
-0.131814048E+00-0.114474647E+00-0.964029655E-01-0.777604580E-01-0.586759076E-01
-0.392411947E-01-0.195090342E-01 0.506800483E-03 0.208259206E-01 0.414820127E-01
 0.618338026E-01 0.818940997E-01 0.101645291E+00 0.121046208E+00 0.140030250E+00
 0.158500120E+00 0.176321581E+00 0.193319455E+00 0.209279910E+00 0.223963991E+00
 0.757500678E-01 0.679888204E-01 0.641883910E-01 0.611437298E-01 0.574907660E-01
 0.532375351E-01 0.483962819E-01 0.429789461E-01 0.369949006E-01 0.304499250E-01
 0.233453475E-01 0.158881079E-01 0.803425815E-02-0.257373002E-03-0.902514625E-02
-0.183035675E-01-0.281216111E-01-0.385005698E-01-0.494515263E-01-0.609725080E-01
-0.730454177E-01-0.856328234E-01-0.986748189E-01-0.112086080E+00-0.125753492E+00
-0.139534518E+00-0.153256863E+00-0.166719452E+00-0.179695413E+00-0.191936985E+00
-0.203182548E+00-0.213165596E+00-0.221625373E+00-0.228318572E+00-0.233031064E+00
-0.235589147E+00-0.235868871E+00-0.233802840E+00-0.229383677E+00-0.222663730E+00
-0.213751167E+00-0.202802658E+00-0.190013409E+00-0.175605401E+00-0.159814939E+00
-0.142880216E+00-0.125029922E+00-0.106473416E+00-0.873926654E-01-0.679362118E-01
-0.482148826E-01-0.282987412E-01-0.821435731E-02 0.120599009E-01 0.326062068E-01
 0.528074168E-01 0.725950152E-01 0.919203907E-01 0.110731840E+00 0.128964350E+00
 0.146534726E+00 0.163339883E+00 0.179258183E+00 0.194154516E+00 0.207889587E+00
 0.729456022E-01 0.651009977E-01 0.613620020E-01 0.582822151E-01 0.546202362E-01
 0.503930859E-01 0.456071943E-01 0.402647257E-01 0.343666561E-01 0.279167108E-01
 0.209289044E-01 0.135737900E-01 0.579918968E-02-0.244076969E-02-0.111874109E-01
-0.204773396E-01-0.303411931E-01-0.408016928E-01-0.518711917E-01-0.635487959E-01
-0.758172274E-01-0.886394829E-01-0.101955518E+00-0.115679123E+00-0.129695296E+00
-0.143858477E+00-0.157991916E+00-0.171888620E+00-0.185314253E+00-0.198012039E+00
-0.209710002E+00-0.220130324E+00-0.229000390E+00-0.236065045E+00-0.241099060E+00
-0.243919060E+00-0.244393498E+00-0.242449999E+00-0.238079220E+00-0.231334746E+00
-0.222329095E+00-0.211226210E+00-0.198231012E+00-0.183577180E+00-0.167514026E+00
-0.150293633E+00-0.132158950E+00-0.113333710E+00-0.940141827E-01-0.743633881E-01
-0.545072556E-01-0.345328711E-01-0.144887734E-01 0.561216613E-02 0.257847253E-01
 0.460504070E-01 0.657077655E-01 0.847592577E-01 0.103179291E+00 0.120922014E+00
 0.137925178E+00 0.154113129E+00 0.169400498E+00 0.183697075E+00 0.196914196E+00
 0.721929520E-01 0.644094646E-01 0.603654087E-01 0.571139716E-01 0.533488989E-01
 0.490854569E-01 0.443094373E-01 0.390010327E-01 0.331395641E-01 0.267010909E-01
 0.198825225E-01 0.126558365E-01 0.498467870E-02-0.317004044E-02-0.118468869E-01
-0.210815165E-01-0.309044421E-01-0.413386673E-01-0.523970276E-01-0.640792474E-01
-0.763687342E-01-0.892291591E-01-0.102601118E+00-0.116398893E+00-0.130507767E+00
-0.144782141E+00-0.159044757E+00-0.173087642E+00-0.186674774E+00-0.199547097E+00
-0.211429626E+00-0.222040892E+00-0.231104061E+00-0.238359362E+00-0.243576869E+00
-0.246568501E+00-0.247198448E+00-0.245390713E+00-0.241133273E+00-0.234478101E+00
-0.225537360E+00-0.214475855E+00-0.201500565E+00-0.186848372E+00-0.170772716E+00
-0.153530598E+00-0.135370582E+00-0.116522461E+00-0.971890688E-01-0.775403380E-01
-0.577094704E-01-0.377909318E-01-0.178398453E-01 0.212795660E-02 0.221365262E-01
 0.422540158E-01 0.617376529E-01 0.805719942E-01 0.987293348E-01 0.116169125E+00
 0.132839337E+00 0.148678854E+00 0.163620785E+00 0.177596629E+00 0.190540984E+00
 0.731324777E-01 0.657079741E-01 0.609837808E-01 0.572873168E-01 0.534200817E-01
 0.491581596E-01 0.444276631E-01 0.391879939E-01 0.334088840E-01 0.270607155E-01
 0.203388296E-01 0.132140396E-01 0.564967282E-02-0.239310763E-02-0.109523553E-01
-0.200631488E-01-0.297554880E-01-0.400519967E-01-0.509653427E-01-0.624953397E-01
-0.746258125E-01-0.873212591E-01-0.100523554E+00-0.114148773E+00-0.128084555E+00
-0.142188206E+00-0.156285986E+00-0.170173883E+00-0.183620274E+00-0.196370721E+00
-0.208154887E+00-0.218695700E+00-0.227720261E+00-0.234971911E+00-0.240222782E+00
-0.243285641E+00-0.244024113E+00-0.242360264E+00-0.238278762E+00-0.231827199E+00
-0.223112464E+00-0.212293535E+00-0.199571460E+00-0.185177267E+00-0.169359088E+00
-0.152369320E+00-0.134452775E+00-0.115836553E+00-0.967218280E-01-0.772779062E-01
-0.576383173E-01-0.378987417E-01-0.181162972E-01 0.169050414E-02 0.215424784E-01
 0.415040255E-01 0.608334914E-01 0.795143023E-01 0.975182503E-01 0.114805177E+00
 0.131324440E+00 0.147017464E+00 0.161820963E+00 0.175670847E+00 0.188506588E+00
 0.728646666E-01 0.651685670E-01 0.613068789E-01 0.582036413E-01 0.545918569E-01
 0.504927896E-01 0.458969139E-01 0.407891907E-01 0.351566151E-01 0.289916936E-01
 0.222991463E-01 0.152513189E-01 0.779590802E-02-0.111254180E-03-0.850940123E-02
-0.174331795E-01-0.269116201E-01-0.369663350E-01-0.476091988E-01-0.588396415E-01
-0.706416816E-01-0.829807892E-01-0.958007053E-01-0.109020546E+00-0.122532241E+00
-0.136198804E+00-0.149853706E+00-0.163301587E+00-0.176320836E+00-0.188668102E+00
-0.200084865E+00-0.210306033E+00-0.219070271E+00-0.226131335E+00-0.231269926E+00
-0.234304920E+00-0.235103011E+00-0.233586058E+00-0.229735106E+00-0.223590881E+00
-0.215250567E+00-0.204861164E+00-0.192610234E+00-0.178714484E+00-0.163407713E+00
-0.146928549E+00-0.129509106E+00-0.111365184E+00-0.926882252E-01-0.736394003E-01
-0.543456785E-01-0.348978564E-01-0.153505448E-01 0.427525351E-02 0.239845756E-01
 0.437882468E-01 0.629875213E-01 0.815804899E-01 0.995393544E-01 0.116818756E+00
 0.133360296E+00 0.149096042E+00 0.163952187E+00 0.177853420E+00 0.190727949E+00
 0.746274069E-01 0.670131296E-01 0.633112416E-01 0.604625754E-01 0.570793264E-01
 0.531657003E-01 0.487260558E-01 0.437603146E-01 0.382648930E-01 0.322322063E-01
 0.256470796E-01 0.187045857E-01 0.113755334E-01 0.362672377E-02-0.457516313E-02
-0.132610658E-01-0.224573836E-01-0.321837626E-01-0.424507000E-01-0.532569252E-01
-0.645865947E-01-0.764063820E-01-0.886626095E-01-0.101278566E+00-0.114152238E+00
-0.127154827E+00-0.140130177E+00-0.152895570E+00-0.165244177E+00-0.176949143E+00
-0.187769711E+00-0.197459131E+00-0.205773905E+00-0.212484285E+00-0.217385009E+00
-0.220305458E+00-0.221118584E+00-0.219747633E+00-0.216169894E+00-0.210417390E+00
-0.202574104E+00-0.192770094E+00-0.181173235E+00-0.167978898E+00-0.153398901E+00
-0.137650207E+00-0.120944388E+00-0.103478253E+00-0.854260698E-01-0.669334978E-01
-0.481131822E-01-0.290414635E-01-0.975539349E-02 0.975217484E-02 0.295450296E-01
 0.490015373E-01 0.680437386E-01 0.866145715E-01 0.104656383E+00 0.122102395E+00
 0.138873786E+00 0.154879883E+00 0.170020670E+00 0.184191585E+00 0.197290137E+00
 0.777374431E-01 0.702619031E-01 0.669856817E-01 0.643097907E-01 0.610744730E-01
 0.572922118E-01 0.529728755E-01 0.481261350E-01 0.427595638E-01 0.368781760E-01
 0.304852761E-01 0.235858634E-01 0.163530596E-01 0.875486247E-02 0.760063180E-03
-0.766009185E-02-0.165300164E-01-0.258677043E-01-0.356824733E-01-0.459725522E-01
-0.567225479E-01-0.679008588E-01-0.794571266E-01-0.913199484E-01-0.103394926E+00
-0.115563408E+00-0.127682164E+00-0.139584154E+00-0.151080802E+00-0.161965787E+00
-0.172020420E+00-0.181020737E+00-0.188745648E+00-0.194986224E+00-0.199555054E+00
-0.202295288E+00-0.203088477E+00-0.201860487E+00-0.198585048E+00-0.193284392E+00
-0.186026990E+00-0.176922664E+00-0.166115254E+00-0.153773755E+00-0.140082419E+00
-0.125230670E+00-0.109403469E+00-0.927726105E-01-0.754893795E-01-0.576786511E-01
-0.394346714E-01-0.208186321E-01-0.185885152E-02 0.174439177E-01 0.370979495E-01
 0.564573780E-01 0.755166560E-01 0.942404419E-01 0.112571806E+00 0.130433038E+00
 0.147724450E+00 0.164323702E+00 0.180087715E+00 0.194858164E+00 0.208472133E+00
 0.829608664E-01 0.757420808E-01 0.723976344E-01 0.698254481E-01 0.666611493E-01
 0.629275069E-01 0.586524457E-01 0.538605228E-01 0.485708676E-01 0.427972414E-01
 0.365489647E-01 0.298320167E-01 0.226491429E-01 0.151733607E-01 0.737399515E-02
-0.776980363E-03-0.930321030E-02-0.182220209E-01-0.275423136E-01-0.372624658E-01
-0.473681614E-01-0.578302220E-01-0.686024874E-01-0.796198621E-01-0.907968059E-01
-0.102026314E+00-0.113179803E+00-0.124107875E+00-0.134642422E+00-0.144599989E+00
-0.153786451E+00-0.162003174E+00-0.169054016E+00-0.174753204E+00-0.178933397E+00
-0.181453332E+00-0.182204545E+00-0.181116506E+00-0.178159639E+00-0.173346072E+00
-0.166727856E+00-0.158392891E+00-0.148458794E+00-0.137065351E+00-0.124365978E+00
-0.110518835E+00-0.956782550E-01-0.799866766E-01-0.635675788E-01-0.465193465E-01
-0.289099459E-01-0.107716881E-01 0.790575985E-02 0.271892976E-01 0.464886613E-01
 0.657462105E-01 0.849226490E-01 0.103974618E+00 0.122842878E+00 0.141443372E+00
 0.159658656E+00 0.177329734E+00 0.194250971E+00 0.210172400E+00 0.224815130E+00
 0.898639336E-01 0.829587802E-01 0.797478259E-01 0.771681219E-01 0.739204213E-01
 0.700851381E-01 0.657260790E-01 0.608865172E-01 0.555944629E-01 0.498675629E-01
 0.437165722E-01 0.371475406E-01 0.301630534E-01 0.227629896E-01 0.151268644E-01
 0.722543662E-02-0.966088555E-03-0.946607720E-02-0.182841197E-01-0.274195392E-01
-0.368598476E-01-0.465790667E-01-0.565360300E-01-0.666728541E-01-0.769137517E-01
-0.871643275E-01-0.973115489E-01-0.107224621E+00-0.116756789E+00-0.125748292E+00
-0.134030402E+00-0.141430512E+00-0.147778079E+00-0.152911156E+00-0.156683013E+00
-0.158968583E+00-0.159669951E+00-0.158720672E+00-0.156088367E+00-0.151775435E+00
-0.145817667E+00-0.138281018E+00-0.129256576E+00-0.118854225E+00-0.107195504E+00
-0.944059268E-01-0.806073993E-01-0.659109578E-01-0.504102036E-01-0.341755189E-01
-0.172495227E-01 0.355405471E-03 0.186547544E-01 0.376762934E-01 0.568116941E-01
 0.760900602E-01 0.955178738E-01 0.115084924E+00 0.134760886E+00 0.154485986E+00
 0.174155533E+00 0.193597227E+00 0.212541863E+00 0.230596706E+00 0.247249782E+00
 0.990826860E-01 0.926628262E-01 0.895830765E-01 0.865708888E-01 0.828693658E-01
 0.786688402E-01 0.740457997E-01 0.690355375E-01 0.636557043E-01 0.579153784E-01
 0.518189818E-01 0.453681499E-01 0.385626033E-01 0.314005315E-01 0.238786861E-01
 0.161884483E-01 0.830056332E-02 0.191689818E-03-0.814875495E-02-0.167211778E-01
-0.255154204E-01-0.345094167E-01-0.436677597E-01-0.529404841E-01-0.622621402E-01
-0.715513527E-01-0.807109103E-01-0.896286294E-01-0.981789157E-01-0.106225312E+00
-0.113623843E+00-0.120227240E+00-0.125889748E+00-0.130472437E+00-0.133848622E+00
-0.135908946E+00-0.136565924E+00-0.135757446E+00-0.133448884E+00-0.129633784E+00
-0.124332801E+00-0.117591187E+00-0.109474681E+00-0.100064434E+00-0.894509181E-01
-0.777274817E-01-0.649836436E-01-0.512984619E-01-0.367340520E-01-0.213289447E-01
-0.509063527E-02 0.120148472E-01 0.300813168E-01 0.485524535E-01 0.674131736E-01
 0.866806880E-01 0.106384531E+00 0.126557350E+00 0.147227854E+00 0.168411240E+00
 0.190092638E+00 0.212195069E+00 0.234512508E+00 0.256562859E+00 0.277344614E+00
 0.112421714E+00 0.107277803E+00 0.102373980E+00 0.977197289E-01 0.930743590E-01
 0.882748738E-01 0.832617432E-01 0.780059174E-01 0.724904984E-01 0.667045712E-01
 0.606405251E-01 0.542927422E-01 0.476568006E-01 0.407288074E-01 0.335045718E-01
 0.259779170E-01 0.183530468E-01 0.105804913E-01 0.266159838E-02-0.540256966E-02
-0.136049502E-01-0.219285320E-01-0.303446259E-01-0.388118029E-01-0.472752787E-01
-0.556666888E-01-0.639043227E-01-0.718939155E-01-0.795300528E-01-0.866982639E-01
-0.932777449E-01-0.991448089E-01-0.104176700E+00-0.108255826E+00-0.111274026E+00
-0.113136612E+00-0.113765977E+00-0.113104329E+00-0.111115433E+00-0.107785210E+00
-0.103120945E+00-0.971492678E-01-0.899129808E-01-0.814668611E-01-0.718726516E-01
-0.611936562E-01-0.494889319E-01-0.368075818E-01-0.231832508E-01-0.862921681E-02
 0.686543016E-02 0.233377703E-01 0.408503748E-01 0.588313751E-01 0.773622990E-01
 0.965195522E-01 0.116387434E+00 0.137064487E+00 0.158667803E+00 0.181336790E+00
 0.205237702E+00 0.230570629E+00 0.257587969E+00 0.286676347E+00 0.317813098E+00
 0.123834454E+00 0.119402081E+00 0.114107788E+00 0.108708061E+00 0.103446677E+00
 0.981958434E-01 0.928686112E-01 0.874094367E-01 0.817826465E-01 0.759648755E-01
 0.699406043E-01 0.636995882E-01 0.572354682E-01 0.505451970E-01 0.436293557E-01
 0.364939161E-01 0.291551240E-01 0.215902403E-01 0.139974207E-01 0.635909662E-02
-0.133220863E-02-0.906802155E-02-0.168278031E-01-0.245790873E-01-0.322776996E-01
-0.398678780E-01-0.472826511E-01-0.544445552E-01-0.612668246E-01-0.676550865E-01
-0.735096112E-01-0.787279457E-01-0.832080096E-01-0.868513361E-01-0.895664170E-01
-0.912718177E-01-0.918989927E-01-0.913943797E-01-0.897208452E-01-0.868580937E-01
-0.828021392E-01-0.775636882E-01-0.711656362E-01-0.636396185E-01-0.550219007E-01
-0.453486145E-01-0.346506201E-01-0.229480062E-01-0.102444831E-01 0.347786117E-02
 0.182620063E-01 0.341731794E-01 0.507215746E-01 0.679380894E-01 0.858864263E-01
 0.104656123E+00 0.124363981E+00 0.145159945E+00 0.167236835E+00 0.190844864E+00
 0.216313586E+00 0.244085714E+00 0.274770737E+00 0.309224248E+00 0.346789062E+00
 0.133352429E+00 0.129354283E+00 0.124178044E+00 0.118730761E+00 0.113328829E+00
 0.107921474E+00 0.102462783E+00 0.969152376E-01 0.912503153E-01 0.854471624E-01
 0.794910043E-01 0.733717903E-01 0.670832023E-01 0.606220067E-01 0.539875478E-01
 0.471811257E-01 0.402043648E-01 0.330542400E-01 0.257257838E-01 0.184466839E-01
 0.111757182E-01 0.392838148E-02-0.328096561E-02-0.104269944E-01-0.174752679E-01
-0.243817940E-01-0.310933460E-01-0.375479534E-01-0.436757654E-01-0.494004376E-01
-0.546408929E-01-0.593134500E-01-0.633341670E-01-0.666213855E-01-0.690982416E-01
-0.706950650E-01-0.713514984E-01-0.710181370E-01-0.696576089E-01-0.672449470E-01
-0.637671351E-01-0.592219159E-01-0.536157228E-01-0.469609350E-01-0.392724089E-01
-0.305633657E-01-0.208405759E-01-0.100985458E-01 0.168805395E-02 0.145755718E-01
 0.286707655E-01 0.434593707E-01 0.589568913E-01 0.752087831E-01 0.922872201E-01
 0.110291578E+00 0.129352644E+00 0.149640471E+00 0.171376780E+00 0.194852963E+00
 0.220455676E+00 0.248700917E+00 0.280272394E+00 0.316045016E+00 0.355042070E+00
 0.141837850E+00 0.138204858E+00 0.133335948E+00 0.128037870E+00 0.122703381E+00
 0.117319085E+00 0.111868054E+00 0.106334195E+00 0.100703567E+00 0.949649066E-01
 0.891095996E-01 0.831315666E-01 0.770270675E-01 0.707945153E-01 0.644343942E-01
 0.579491332E-01 0.513431206E-01 0.446232110E-01 0.378012992E-01 0.308997314E-01
 0.238956716E-01 0.170186777E-01 0.102343624E-01 0.356794102E-02-0.295750471E-02
-0.930917915E-02-0.154471770E-01-0.213241354E-01-0.268853921E-01-0.320704728E-01
-0.368146114E-01-0.410503969E-01-0.447096452E-01-0.477252789E-01-0.500332341E-01
-0.515741929E-01-0.522951819E-01-0.521508493E-01-0.511042774E-01-0.491272956E-01
-0.462001376E-01-0.423104987E-01-0.374519154E-01-0.316215903E-01-0.248176549E-01
-0.170360263E-01-0.826694071E-02 0.150862278E-02 0.123222787E-01 0.242202282E-01
 0.372607931E-01 0.508974083E-01 0.652103275E-01 0.802727193E-01 0.961651355E-01
 0.112984098E+00 0.130849093E+00 0.149910361E+00 0.170359224E+00 0.192442760E+00
 0.216485932E+00 0.242927298E+00 0.272384018E+00 0.305790246E+00 0.341294378E+00
 0.149908334E+00 0.146634534E+00 0.142018333E+00 0.136917546E+00 0.131720632E+00
 0.126431540E+00 0.121053480E+00 0.115587980E+00 0.110034995E+00 0.104393445E+00
 0.986619443E-01 0.928393528E-01 0.869252905E-01 0.809204653E-01 0.748269781E-01
 0.686484873E-01 0.623905547E-01 0.560608879E-01 0.496697612E-01 0.432298668E-01
 0.367540605E-01 0.302654728E-01 0.237412434E-01 0.174264759E-01 0.112901758E-01
 0.536247576E-02-0.332496653E-03-0.576311350E-02-0.108869821E-01-0.156570859E-01
-0.200227909E-01-0.239305962E-01-0.273258984E-01-0.301544107E-01-0.323633514E-01
-0.339025930E-01-0.347257815E-01-0.347914696E-01-0.340638012E-01-0.325127803E-01
-0.301139839E-01-0.268477798E-01-0.226980131E-01-0.176501777E-01-0.116891051E-01
-0.479627727E-02 0.305291405E-02 0.118919965E-01 0.217667297E-01 0.327392183E-01
 0.443279184E-01 0.565508753E-01 0.694462880E-01 0.830638707E-01 0.974631980E-01
 0.112714544E+00 0.128900513E+00 0.146118149E+00 0.164481327E+00 0.184123352E+00
 0.205199510E+00 0.227889508E+00 0.252397478E+00 0.278915226E+00 0.306035459E+00
 0.157799795E+00 0.154887810E+00 0.150525361E+00 0.145611912E+00 0.140540734E+00
 0.135340080E+00 0.130035400E+00 0.124644578E+00 0.119178802E+00 0.113644570E+00
 0.108045541E+00 0.102383986E+00 0.966617763E-01 0.908810943E-01 0.850449651E-01
 0.791575834E-01 0.732246414E-01 0.672535598E-01 0.612535924E-01 0.552359074E-01
 0.492134094E-01 0.432010666E-01 0.372138582E-01 0.312771164E-01 0.253656656E-01
 0.197452772E-01 0.143747916E-01 0.925720204E-02 0.444270018E-02-0.338518075E-04
-0.413594255E-02-0.782079436E-02-0.110456301E-01-0.137681831E-01-0.159463622E-01
-0.175383035E-01-0.185032189E-01-0.188031159E-01-0.184036903E-01-0.172744263E-01
-0.153882476E-01-0.127207842E-01-0.924929883E-02-0.495107612E-02 0.199021044E-03
 0.623193383E-02 0.131864585E-01 0.211101938E-01 0.300620515E-01 0.395765714E-01
 0.496713780E-01 0.603681207E-01 0.716942996E-01 0.836823955E-01 0.963686481E-01
 0.109791540E+00 0.123989798E+00 0.138999254E+00 0.154847652E+00 0.171545565E+00
 0.189070195E+00 0.207335189E+00 0.226129562E+00 0.244971871E+00 0.262758702E+00
 0.165803164E+00 0.163279653E+00 0.159191832E+00 0.154362857E+00 0.149297729E+00
 0.144095600E+00 0.138808250E+00 0.133461580E+00 0.128068924E+00 0.122637227E+00
 0.117170170E+00 0.111669958E+00 0.106138356E+00 0.100577399E+00 0.949898586E-01
 0.893795863E-01 0.837517530E-01 0.781130642E-01 0.724718645E-01 0.668383092E-01
 0.612244047E-01 0.556442700E-01 0.501143523E-01 0.446544774E-01 0.392872766E-01
 0.340529792E-01 0.289510973E-01 0.239460152E-01 0.193166472E-01 0.150230955E-01
 0.110693732E-01 0.750755938E-02 0.436791265E-02 0.167693943E-02-0.536206877E-03
-0.223722938E-02-0.338679086E-02-0.394893112E-02-0.389154931E-02-0.318530155E-02
-0.180253084E-02 0.283455127E-03 0.309876003E-02 0.666929921E-02 0.110231796E-01
 0.162029210E-01 0.222662073E-01 0.292757526E-01 0.367780253E-01 0.447920188E-01
 0.533362553E-01 0.624297783E-01 0.720924065E-01 0.823438689E-01 0.932020470E-01
 0.104680210E+00 0.116783179E+00 0.129501864E+00 0.142805547E+00 0.156630844E+00
 0.170865566E+00 0.185325816E+00 0.199725941E+00 0.213649780E+00 0.226556659E+00
 0.175081059E+00 0.173440009E+00 0.168783709E+00 0.163326859E+00 0.157960504E+00
 0.152612984E+00 0.147274181E+00 0.141940296E+00 0.136608765E+00 0.131277397E+00
 0.125944331E+00 0.120608255E+00 0.115268588E+00 0.109925695E+00 0.104581073E+00
 0.992374495E-01 0.938989520E-01 0.885711685E-01 0.832612887E-01 0.779781416E-01
 0.727322921E-01 0.675361827E-01 0.624042302E-01 0.573529601E-01 0.524009652E-01
 0.475687608E-01 0.428743437E-01 0.383385494E-01 0.340015702E-01 0.298605300E-01
 0.258726813E-01 0.223461296E-01 0.192318354E-01 0.165158100E-01 0.142037226E-01
 0.123212272E-01 0.109346090E-01 0.100781210E-01 0.977677945E-02 0.100545688E-01
 0.109374160E-01 0.124539854E-01 0.146341249E-01 0.175012667E-01 0.210472625E-01
 0.253292397E-01 0.304666888E-01 0.360249281E-01 0.420280583E-01 0.484936833E-01
 0.554375872E-01 0.628752336E-01 0.708215609E-01 0.792896152E-01 0.882880986E-01
 0.978179723E-01 0.107868046E+00 0.118409567E+00 0.129389614E+00 0.140723571E+00
 0.152286768E+00 0.163906723E+00 0.175358519E+00 0.186368480E+00 0.196632147E+00
 0.183215186E+00 0.182158887E+00 0.177461118E+00 0.171647832E+00 0.166047320E+00
 0.160586983E+00 0.155221000E+00 0.149921685E+00 0.144671559E+00 0.139458910E+00
 0.134275660E+00 0.129116267E+00 0.123977222E+00 0.118856728E+00 0.113754585E+00
 0.108672142E+00 0.103612214E+00 0.985791013E-01 0.935786143E-01 0.886180699E-01
 0.837063119E-01 0.788537711E-01 0.740724429E-01 0.693759024E-01 0.647792369E-01
 0.602988936E-01 0.559524149E-01 0.517591760E-01 0.477410071E-01 0.439183377E-01
 0.403173603E-01 0.369914137E-01 0.339577086E-01 0.312154330E-01 0.287449211E-01
 0.264903605E-01 0.248019099E-01 0.236292798E-01 0.229602810E-01 0.228026081E-01
 0.231778603E-01 0.241229292E-01 0.256995000E-01 0.280187130E-01 0.306960586E-01
 0.338206030E-01 0.374230258E-01 0.414605960E-01 0.459184200E-01 0.507958233E-01
 0.561003014E-01 0.618442670E-01 0.680425689E-01 0.747098699E-01 0.818573907E-01
 0.894888639E-01 0.975957662E-01 0.106152065E+00 0.115108870E+00 0.124389656E+00
 0.133886784E+00 0.143460467E+00 0.152941391E+00 0.162138194E+00 0.170850441E+00
 0.189573139E+00 0.188847810E+00 0.184397399E+00 0.178682074E+00 0.173132136E+00
 0.167728335E+00 0.162443101E+00 0.157252833E+00 0.152138755E+00 0.147086352E+00
 0.142084807E+00 0.137126207E+00 0.132205144E+00 0.127318293E+00 0.122464128E+00
 0.117642805E+00 0.112855986E+00 0.108106770E+00 0.103399634E+00 0.987403914E-01
 0.941361636E-01 0.895953774E-01 0.851277336E-01 0.807441697E-01 0.764568597E-01
 0.722791553E-01 0.682255775E-01 0.643119514E-01 0.605554134E-01 0.569743402E-01
 0.535890833E-01 0.504220203E-01 0.474909283E-01 0.448100492E-01 0.423943065E-01
 0.402690172E-01 0.384951383E-01 0.370987915E-01 0.360951424E-01 0.354969166E-01
 0.353170782E-01 0.355686024E-01 0.362609290E-01 0.373886265E-01 0.388993584E-01
 0.407776348E-01 0.430153981E-01 0.456020497E-01 0.485327169E-01 0.518103130E-01
 0.554456450E-01 0.594567582E-01 0.638676658E-01 0.687060654E-01 0.739999413E-01
 0.797726586E-01 0.860370174E-01 0.927886292E-01 0.999997333E-01 0.107614428E+00
 0.115546428E+00 0.123680107E+00 0.131875232E+00 0.139975190E+00 0.147818223E+00
 0.194834277E+00 0.194434047E+00 0.190039054E+00 0.184516475E+00 0.179158911E+00
 0.173940986E+00 0.168843806E+00 0.163848490E+00 0.158938333E+00 0.154099539E+00
 0.149321228E+00 0.144595265E+00 0.139915809E+00 0.135279089E+00 0.130683109E+00
 0.126127392E+00 0.121612869E+00 0.117141753E+00 0.112717412E+00 0.108344331E+00
 0.104028076E+00 0.997751951E-01 0.955932438E-01 0.914907306E-01 0.874770656E-01
 0.835625827E-01 0.797584802E-01 0.760768577E-01 0.725306347E-01 0.691335201E-01
 0.658999234E-01 0.628446117E-01 0.599819496E-01 0.573261753E-01 0.548926704E-01
 0.526996404E-01 0.507684760E-01 0.491158925E-01 0.477538519E-01 0.466905981E-01
 0.459312461E-01 0.454774201E-01 0.453259647E-01 0.454669818E-01 0.458833724E-01
 0.465604514E-01 0.474868082E-01 0.486546494E-01 0.500620268E-01 0.517151132E-01
 0.536302440E-01 0.558355674E-01 0.583719388E-01 0.612923093E-01 0.646587014E-01
 0.685359687E-01 0.729823187E-01 0.780377463E-01 0.837128237E-01 0.899801627E-01
 0.967706293E-01 0.103974931E+00 0.111450762E+00 0.119034685E+00 0.126556858E+00
 0.198655814E+00 0.198447764E+00 0.194469437E+00 0.189235672E+00 0.184162363E+00
 0.179229394E+00 0.174413070E+00 0.169693306E+00 0.165054083E+00 0.160483137E+00
 0.155971155E+00 0.151511341E+00 0.147098929E+00 0.142730877E+00 0.138405547E+00
 0.134122595E+00 0.129882753E+00 0.125687748E+00 0.121540196E+00 0.117443524E+00
 0.113401912E+00 0.109420247E+00 0.105504110E+00 0.101659685E+00 0.978937969E-01
 0.942138359E-01 0.906277597E-01 0.871440470E-01 0.837716758E-01 0.805200040E-01
 0.773987249E-01 0.744176880E-01 0.715867281E-01 0.689156875E-01 0.664145201E-01
 0.640932396E-01 0.619613267E-01 0.600262769E-01 0.582928210E-01 0.567625947E-01
 0.554339327E-01 0.543015897E-01 0.533564799E-01 0.525856726E-01 0.519732162E-01
 0.515023470E-01 0.511573516E-01 0.509255677E-01 0.508000590E-01 0.507830940E-01
 0.508904941E-01 0.511568338E-01 0.516410880E-01 0.524313301E-01 0.536457412E-01
 0.554258898E-01 0.579191744E-01 0.612525940E-01 0.655060560E-01 0.706936792E-01
 0.767561346E-01 0.835628137E-01 0.909237862E-01 0.986120850E-01 0.106393501E+00
 0.201397985E+00 0.201356724E+00 0.197686642E+00 0.192838922E+00 0.188175395E+00
 0.183640465E+00 0.179198489E+00 0.174829364E+00 0.170520976E+00 0.166265413E+00
 0.162057325E+00 0.157893032E+00 0.153770238E+00 0.149687618E+00 0.145644799E+00
 0.141642168E+00 0.137680784E+00 0.133762315E+00 0.129888937E+00 0.126063272E+00
 0.122288369E+00 0.118567631E+00 0.114904791E+00 0.111303888E+00 0.107769243E+00
 0.104305439E+00 0.100917324E+00 0.976099446E-01 0.943885818E-01 0.912586302E-01
 0.882255882E-01 0.852949172E-01 0.824719593E-01 0.797617808E-01 0.771690160E-01
 0.746975616E-01 0.723501369E-01 0.701276436E-01 0.680286139E-01 0.660486892E-01
 0.641802624E-01 0.624120757E-01 0.607290417E-01 0.591121837E-01 0.575390123E-01
 0.559843034E-01 0.544212870E-01 0.528233908E-01 0.511669666E-01 0.494354777E-01
 0.476259477E-01 0.457587130E-01 0.438916460E-01 0.421395376E-01 0.406959280E-01
 0.398438238E-01 0.399263576E-01 0.412647463E-01 0.440742411E-01 0.484310612E-01
 0.542743951E-01 0.614105873E-01 0.695187822E-01 0.781877860E-01 0.870032683E-01
 0.202740401E+00 0.202666119E+00 0.199406415E+00 0.195336878E+00 0.191315904E+00
 0.187308803E+00 0.183321387E+00 0.179358035E+00 0.175421342E+00 0.171512872E+00
 0.167633712E+00 0.163784772E+00 0.159967035E+00 0.156181633E+00 0.152429938E+00
 0.148713499E+00 0.145034060E+00 0.141393557E+00 0.137793958E+00 0.134237349E+00
 0.130725816E+00 0.127261415E+00 0.123846166E+00 0.120482042E+00 0.117170952E+00
 0.113914736E+00 0.110715203E+00 0.107574113E+00 0.104493193E+00 0.101474144E+00
 0.985185876E-01 0.956280231E-01 0.928037241E-01 0.900465846E-01 0.873568878E-01
 0.847340375E-01 0.821760893E-01 0.796793178E-01 0.772376359E-01 0.748420656E-01
 0.724801198E-01 0.701352805E-01 0.677864254E-01 0.654073209E-01 0.629661754E-01
 0.604253672E-01 0.577413253E-01 0.548647568E-01 0.517416336E-01 0.483155586E-01
 0.445327200E-01 0.403514691E-01 0.357603915E-01 0.308128744E-01 0.256980713E-01
 0.208947547E-01 0.173341352E-01 0.159446578E-01 0.171198212E-01 0.209282711E-01
 0.272895750E-01 0.359705798E-01 0.464492477E-01 0.577278696E-01 0.687589645E-01
 0.203385532E+00 0.203080997E+00 0.200657964E+00 0.197411478E+00 0.194007784E+00
 0.190516740E+00 0.186982140E+00 0.183428496E+00 0.179870263E+00 0.176316664E+00
 0.172774091E+00 0.169247404E+00 0.165740609E+00 0.162257165E+00 0.158800215E+00
 0.155372664E+00 0.151977092E+00 0.148615882E+00 0.145291030E+00 0.142004207E+00
 0.138756663E+00 0.135549232E+00 0.132382289E+00 0.129255727E+00 0.126169041E+00
 0.123121314E+00 0.120111249E+00 0.117137305E+00 0.114197686E+00 0.111290477E+00
 0.108413637E+00 0.105565019E+00 0.102742359E+00 0.999431312E-01 0.971643403E-01
 0.944022462E-01 0.916519612E-01 0.889069289E-01 0.861583427E-01 0.833944529E-01
 0.805998221E-01 0.777544454E-01 0.748328120E-01 0.718027726E-01 0.686242729E-01
 0.652477220E-01 0.616121218E-01 0.576426461E-01 0.532478392E-01 0.483164862E-01
 0.427146778E-01 0.362842344E-01 0.288438909E-01 0.201934353E-01 0.101097981E-01
-0.174146658E-02-0.117230061E-01-0.164323580E-01-0.167783462E-01-0.132393884E-01
-0.544162141E-02 0.626216177E-02 0.224522483E-01 0.397273824E-01 0.538336709E-01
 0.205002189E+00 0.204877317E+00 0.202621669E+00 0.199657723E+00 0.196616992E+00
 0.193513334E+00 0.190363407E+00 0.187181965E+00 0.183980897E+00 0.180769637E+00
 0.177555919E+00 0.174346372E+00 0.171146885E+00 0.167962685E+00 0.164798543E+00
 0.161658615E+00 0.158546507E+00 0.155465141E+00 0.152416691E+00 0.149402574E+00
 0.146423295E+00 0.143478483E+00 0.140566885E+00 0.137686267E+00 0.134833544E+00
 0.132004827E+00 0.129195511E+00 0.126400441E+00 0.123614110E+00 0.120830774E+00
 0.118044689E+00 0.115250222E+00 0.112441957E+00 0.109614603E+00 0.106762946E+00
 0.103881501E+00 0.100964129E+00 0.980034843E-01 0.949903205E-01 0.919126943E-01
 0.887550116E-01 0.854969695E-01 0.821122602E-01 0.785670951E-01 0.748182461E-01
 0.708105415E-01 0.664734319E-01 0.617161952E-01 0.564209372E-01 0.504325666E-01
 0.435443334E-01 0.354783013E-01 0.258623194E-01 0.142104495E-01-0.834403108E-04
-0.160285830E-01-0.268618967E-01-0.325336456E-01-0.334034041E-01-0.292528532E-01
-0.202072207E-01-0.541178649E-02 0.141781531E-01 0.314348638E-01 0.459319726E-01
 0.206597015E+00 0.206659138E+00 0.204583302E+00 0.201882720E+00 0.199144065E+00
 0.196366355E+00 0.193552852E+00 0.190708220E+00 0.187838197E+00 0.184949204E+00
 0.182048172E+00 0.179142281E+00 0.176238641E+00 0.173344165E+00 0.170465186E+00
 0.167607382E+00 0.164775491E+00 0.161973238E+00 0.159203172E+00 0.156466559E+00
 0.153763324E+00 0.151091933E+00 0.148449421E+00 0.145831257E+00 0.143231526E+00
 0.140642941E+00 0.138057023E+00 0.135464415E+00 0.132855147E+00 0.130219042E+00
 0.127546161E+00 0.124827109E+00 0.122053362E+00 0.119217418E+00 0.116312772E+00
 0.113333672E+00 0.110274673E+00 0.107129999E+00 0.103892744E+00 0.100553907E+00
 0.971013382E-01 0.935185775E-01 0.897835270E-01 0.858669281E-01 0.817304924E-01
 0.773244873E-01 0.725843459E-01 0.674258098E-01 0.617373176E-01 0.553678088E-01
 0.481055938E-01 0.396402143E-01 0.294930041E-01 0.169141702E-01 0.100456853E-02
-0.125258490E-01-0.215913020E-01-0.263604410E-01-0.267430078E-01-0.226939786E-01
-0.131858680E-01 0.250632525E-02 0.190622471E-01 0.333296731E-01 0.457689911E-01
 0.207921267E+00 0.208162606E+00 0.206398323E+00 0.203975439E+00 0.201537594E+00
 0.199077398E+00 0.196587071E+00 0.194062874E+00 0.191505343E+00 0.188918754E+00
 0.186310053E+00 0.183687836E+00 0.181061447E+00 0.178440154E+00 0.175832614E+00
 0.173246503E+00 0.170688182E+00 0.168162510E+00 0.165672705E+00 0.163220122E+00
 0.160804287E+00 0.158422574E+00 0.156070277E+00 0.153740436E+00 0.151423827E+00
 0.149109125E+00 0.146783054E+00 0.144430786E+00 0.142036542E+00 0.139584243E+00
 0.137058392E+00 0.134444788E+00 0.131731331E+00 0.128908411E+00 0.125969142E+00
 0.122909129E+00 0.119725972E+00 0.116418339E+00 0.112984993E+00 0.109423511E+00
 0.105729155E+00 0.101893656E+00 0.979040712E-01 0.937417150E-01 0.893810019E-01
 0.847882703E-01 0.799203590E-01 0.747228861E-01 0.691281259E-01 0.630522072E-01
 0.563913584E-01 0.490157753E-01 0.407517776E-01 0.312604234E-01 0.211433582E-01
 0.131304851E-01 0.743751181E-02 0.433646655E-02 0.387609075E-02 0.652239053E-02
 0.124456687E-01 0.222689323E-01 0.323160253E-01 0.420452729E-01 0.512390807E-01
 0.209061101E+00 0.209516615E+00 0.207970515E+00 0.205862805E+00 0.203771308E+00
 0.201662034E+00 0.199511349E+00 0.197307348E+00 0.195048690E+00 0.192741677E+00
 0.190397412E+00 0.188029379E+00 0.185651705E+00 0.183277935E+00 0.180920318E+00
 0.178589389E+00 0.176293671E+00 0.174039587E+00 0.171831310E+00 0.169670686E+00
 0.167557061E+00 0.165487096E+00 0.163454488E+00 0.161449775E+00 0.159460112E+00
 0.157469258E+00 0.155457705E+00 0.153403163E+00 0.151281402E+00 0.149067566E+00
 0.146737620E+00 0.144270107E+00 0.141647637E+00 0.138858035E+00 0.135894880E+00
 0.132757306E+00 0.129449129E+00 0.125977471E+00 0.122350998E+00 0.118578181E+00
 0.114665747E+00 0.110617392E+00 0.106432945E+00 0.102107845E+00 0.976331010E-01
 0.929955915E-01 0.881790370E-01 0.831659213E-01 0.779412538E-01 0.725000352E-01
 0.668625459E-01 0.611074083E-01 0.554462038E-01 0.503703430E-01 0.463553928E-01
 0.426015072E-01 0.394888669E-01 0.375401825E-01 0.369621851E-01 0.376538448E-01
 0.392309986E-01 0.424242802E-01 0.473597534E-01 0.531798638E-01 0.593365431E-01
 0.209635630E+00 0.210306570E+00 0.209128454E+00 0.207487851E+00 0.205875874E+00
 0.204205737E+00 0.202434286E+00 0.200550810E+00 0.198564708E+00 0.196495816E+00
 0.194368139E+00 0.192206100E+00 0.190032527E+00 0.187867582E+00 0.185728267E+00
 0.183628529E+00 0.181579262E+00 0.179588571E+00 0.177661851E+00 0.175801769E+00
 0.174008101E+00 0.172277451E+00 0.170602694E+00 0.168972462E+00 0.167370453E+00
 0.165774912E+00 0.164158359E+00 0.162487879E+00 0.160726324E+00 0.158834308E+00
 0.156773224E+00 0.154508770E+00 0.152014256E+00 0.149273261E+00 0.146280855E+00
 0.143043324E+00 0.139576316E+00 0.135901853E+00 0.132045090E+00 0.128031030E+00
 0.123882219E+00 0.119617231E+00 0.115250096E+00 0.110790558E+00 0.106244922E+00
 0.101617560E+00 0.969131216E-01 0.921396762E-01 0.873134211E-01 0.824653134E-01
 0.776502416E-01 0.729573891E-01 0.685143545E-01 0.644662380E-01 0.609230921E-01
 0.579527393E-01 0.556490757E-01 0.541319661E-01 0.534892567E-01 0.537551343E-01
 0.549406521E-01 0.570519827E-01 0.600176044E-01 0.636541173E-01 0.677388534E-01
 0.209069073E+00 0.209840372E+00 0.209580705E+00 0.208921909E+00 0.208088487E+00
 0.206987172E+00 0.205607340E+00 0.203991741E+00 0.202195808E+00 0.200273648E+00
 0.198273912E+00 0.196238339E+00 0.194201335E+00 0.192190364E+00 0.190226808E+00
 0.188326970E+00 0.186503202E+00 0.184764564E+00 0.183117434E+00 0.181565687E+00
 0.180110529E+00 0.178750008E+00 0.177478224E+00 0.176284045E+00 0.175149649E+00
 0.174048707E+00 0.172944754E+00 0.171790376E+00 0.170527831E+00 0.169092193E+00
 0.167417303E+00 0.165443420E+00 0.163125247E+00 0.160437912E+00 0.157380000E+00
 0.153972596E+00 0.150254861E+00 0.146276921E+00 0.142092109E+00 0.137750670E+00
 0.133295834E+00 0.128762513E+00 0.124177709E+00 0.119562022E+00 0.114931785E+00
 0.110301308E+00 0.105685525E+00 0.101102814E+00 0.965781137E-01 0.921461806E-01
 0.878543556E-01 0.837636217E-01 0.799460784E-01 0.764782354E-01 0.734335035E-01
 0.708794445E-01 0.688790157E-01 0.674883649E-01 0.667496696E-01 0.666851327E-01
 0.672943145E-01 0.685506687E-01 0.703961179E-01 0.727419853E-01 0.754808336E-01
 0.208369285E+00 0.209336683E+00 0.210149989E+00 0.210860610E+00 0.211344317E+00
 0.210685626E+00 0.209478319E+00 0.207906961E+00 0.206096306E+00 0.204142615E+00
 0.202122420E+00 0.200094968E+00 0.198103860E+00 0.196179703E+00 0.194343522E+00
 0.192609861E+00 0.190989196E+00 0.189489573E+00 0.188117489E+00 0.186878324E+00
 0.185776174E+00 0.184813380E+00 0.183989242E+00 0.183298230E+00 0.182727128E+00
 0.182251051E+00 0.181828439E+00 0.181395605E+00 0.180863202E+00 0.180118710E+00
 0.179038331E+00 0.177506909E+00 0.175438270E+00 0.172789440E+00 0.169566944E+00
 0.165825278E+00 0.161655799E+00 0.157167375E+00 0.152465492E+00 0.147638544E+00
 0.142753646E+00 0.137858734E+00 0.132987246E+00 0.128162816E+00 0.123403184E+00
 0.118723556E+00 0.114139237E+00 0.109667845E+00 0.105331242E+00 0.101156913E+00
 0.971787497E-01 0.934367776E-01 0.899757147E-01 0.868425369E-01 0.840837434E-01
 0.817429796E-01 0.798588693E-01 0.784626752E-01 0.775755718E-01 0.772059783E-01
 0.773474947E-01 0.779775605E-01 0.790574402E-01 0.805342570E-01 0.823453292E-01
 0.208314463E+00 0.209645152E+00 0.211140946E+00 0.212921500E+00 0.214946106E+00
 0.215551138E+00 0.214439824E+00 0.212474033E+00 0.210304692E+00 0.208046272E+00
 0.205799595E+00 0.203636080E+00 0.201596111E+00 0.199698910E+00 0.197952747E+00
 0.196361527E+00 0.194928244E+00 0.193656623E+00 0.192551926E+00 0.191621318E+00
 0.190873712E+00 0.190319479E+00 0.189969316E+00 0.189832613E+00 0.189914137E+00
 0.190208346E+00 0.190689430E+00 0.191294521E+00 0.191899493E+00 0.192299277E+00
 0.192228585E+00 0.191435531E+00 0.189745381E+00 0.187078759E+00 0.183455363E+00
 0.179003298E+00 0.173948139E+00 0.168546617E+00 0.163006216E+00 0.157460228E+00
 0.151984543E+00 0.146620199E+00 0.141389012E+00 0.136303067E+00 0.131370142E+00
 0.126597047E+00 0.121991642E+00 0.117564179E+00 0.113328241E+00 0.109301195E+00
 0.105504267E+00 0.101962097E+00 0.987018123E-01 0.957517177E-01 0.931396857E-01
 0.908915401E-01 0.890293866E-01 0.875699371E-01 0.865229666E-01 0.858899429E-01
 0.856630802E-01 0.858249441E-01 0.863488689E-01 0.872002095E-01 0.883384049E-01
 0.208071321E+00 0.209604442E+00 0.211390838E+00 0.213566527E+00 0.216242328E+00
 0.217949197E+00 0.218265951E+00 0.217148080E+00 0.214603662E+00 0.211659893E+00
 0.208945274E+00 0.206535712E+00 0.204409316E+00 0.202533498E+00 0.200882763E+00
 0.199440137E+00 0.198196217E+00 0.197148189E+00 0.196299344E+00 0.195658907E+00
 0.195242092E+00 0.195070371E+00 0.195171550E+00 0.195579842E+00 0.196335509E+00
 0.197483346E+00 0.199067548E+00 0.201116487E+00 0.203592882E+00 0.206197023E+00
 0.208089381E+00 0.208607122E+00 0.207519725E+00 0.204731047E+00 0.200212732E+00
 0.194106132E+00 0.187086016E+00 0.180016354E+00 0.173205346E+00 0.166710898E+00
 0.160528719E+00 0.154639512E+00 0.149023056E+00 0.143662468E+00 0.138545185E+00
 0.133663028E+00 0.129011929E+00 0.124591790E+00 0.120406270E+00 0.116462499E+00
 0.112770736E+00 0.109343760E+00 0.106196135E+00 0.103343226E+00 0.100800186E+00
 0.985807776E-01 0.966962576E-01 0.951543152E-01 0.939580575E-01 0.931053087E-01
 0.925881118E-01 0.923925862E-01 0.924992487E-01 0.928837359E-01 0.935178399E-01
 0.207363188E+00 0.208922222E+00 0.210623741E+00 0.212466270E+00 0.214433908E+00
 0.216461837E+00 0.218024626E+00 0.218188718E+00 0.216815948E+00 0.213784650E+00
 0.210726649E+00 0.208249584E+00 0.206186756E+00 0.204443932E+00 0.202966452E+00
 0.201722100E+00 0.200693175E+00 0.199872702E+00 0.199262917E+00 0.198874965E+00
 0.198729530E+00 0.198859379E+00 0.199309558E+00 0.200139359E+00 0.201428056E+00
 0.203282788E+00 0.205852076E+00 0.209350988E+00 0.214117542E+00 0.220663264E+00
 0.225560769E+00 0.227703243E+00 0.227421746E+00 0.224497110E+00 0.218811035E+00
 0.209951118E+00 0.199174434E+00 0.190006286E+00 0.181889728E+00 0.174525991E+00
 0.167738810E+00 0.161418214E+00 0.155493453E+00 0.149917707E+00 0.144659117E+00
 0.139695629E+00 0.135012180E+00 0.130599111E+00 0.126451090E+00 0.122566514E+00
 0.118946768E+00 0.115595616E+00 0.112518512E+00 0.109721787E+00 0.107211888E+00
 0.104994528E+00 0.103073917E+00 0.101452015E+00 0.100127921E+00 0.990973786E-01
 0.983525291E-01 0.978818163E-01 0.976701602E-01 0.976993516E-01 0.979486406E-01
 0.206287682E+00 0.207938999E+00 0.209540129E+00 0.211012110E+00 0.212323382E+00
 0.213467687E+00 0.214431211E+00 0.215168133E+00 0.214966416E+00 0.212828383E+00
 0.210402280E+00 0.208396628E+00 0.206718266E+00 0.205307722E+00 0.204129338E+00
 0.203159913E+00 0.202385530E+00 0.201800406E+00 0.201406911E+00 0.201216534E+00
 0.201251194E+00 0.201550394E+00 0.202167958E+00 0.203173548E+00 0.204661980E+00
 0.206763074E+00 0.209659487E+00 0.213618159E+00 0.219041124E+00 0.226393402E+00
 0.232101083E+00 0.234842494E+00 0.234909058E+00 0.232160479E+00 0.226372451E+00
 0.217061967E+00 0.205759063E+00 0.196125552E+00 0.187663585E+00 0.180030450E+00
 0.173024386E+00 0.166528270E+00 0.160471156E+00 0.154805884E+00 0.149497956E+00
 0.144520715E+00 0.139853299E+00 0.135479704E+00 0.131388202E+00 0.127570704E+00
 0.124022163E+00 0.120739937E+00 0.117723152E+00 0.114972025E+00 0.112487234E+00
 0.110269263E+00 0.108317822E+00 0.106631331E+00 0.105206467E+00 0.104037851E+00
 0.103117831E+00 0.102436423E+00 0.101981401E+00 0.101738505E+00 0.101691760E+00
 0.667678475E+00 0.681653619E+00 0.691262662E+00 0.703065515E+00 0.715123177E+00
 0.728034377E+00 0.741415799E+00 0.755362153E+00 0.769844770E+00 0.784902692E+00
 0.800480306E+00 0.816730678E+00 0.833171964E+00 0.850755334E+00 0.868970454E+00
 0.887988210E+00 0.907773554E+00 0.928186834E+00 0.949493289E+00 0.971778691E+00
 0.995038092E+00 0.101925254E+01 0.104452109E+01 0.107084835E+01 0.109832609E+01
 0.112705982E+01 0.115713811E+01 0.118862057E+01 0.122156394E+01 0.125600970E+01
 0.129204369E+01 0.132992136E+01 0.136973751E+01 0.141159427E+01 0.145539844E+01
 0.150142217E+01 0.155003607E+01 0.160122120E+01 0.165527833E+01 0.171200776E+01
 0.177196813E+01 0.183555627E+01 0.190265930E+01 0.197350240E+01 0.204883885E+01
 0.212849450E+01 0.221303010E+01 0.230242920E+01 0.239818025E+01 0.249953914E+01
 0.260693860E+01 0.272216964E+01 0.284495163E+01 0.297478771E+01 0.311498141E+01
 0.326453185E+01 0.342470217E+01 0.359792256E+01 0.378509998E+01 0.399026561E+01
 0.421761084E+01 0.447338915E+01 0.477615309E+01 0.519608164E+01 0.689976406E+01
   87  117
 0.110579073E+01-0.200000003E+00 0.109164774E+01-0.150000006E+00 0.107906246E+01
-0.657415539E-01 0.107896590E+01 0.000000000E+00 0.108663487E+01 0.500000007E-01
 0.110562503E+01 0.114847742E+00 0.113218749E+01 0.178000763E+00 0.115875006E+01
 0.229509681E+00 0.118531251E+01 0.275011837E+00 0.121187496E+01 0.316648453E+00
 0.123843753E+01 0.355258137E+00 0.127227294E+01 0.400000006E+00 0.131320274E+01
 0.449999988E+00 0.134468746E+01 0.484678745E+00 0.137125003E+01 0.512397110E+00
 0.141076624E+01 0.550000012E+00 0.145093751E+01 0.584862411E+00 0.147749996E+01
 0.606170774E+00 0.153062499E+01 0.643594801E+00 0.155718756E+01 0.660900772E+00
 0.161031246E+01 0.690642834E+00 0.163687503E+01 0.704192281E+00 0.169000006E+01
 0.726660430E+00 0.174312496E+01 0.744288266E+00 0.176968753E+01 0.752153516E+00
 0.182281256E+01 0.762823522E+00 0.187593746E+01 0.766862690E+00 0.192906249E+01
 0.762934506E+00 0.197147977E+01 0.750000000E+00 0.200874996E+01 0.731281340E+00
 0.204438424E+01 0.699999988E+00 0.208013105E+01 0.649999976E+00 0.210616279E+01
 0.600000024E+00 0.212787175E+01 0.550000012E+00 0.214739537E+01 0.500000000E+00
 0.216812491E+01 0.442376792E+00 0.219468760E+01 0.367286086E+00 0.221684289E+01
 0.300000012E+00 0.223302078E+01 0.250000000E+00 0.224781251E+01 0.199458763E+00
 0.227107191E+01 0.100000001E+00 0.227853203E+01 0.500000007E-01 0.228090715E+01
-0.500000007E-01 0.227437496E+01-0.109521985E+00 0.225585985E+01-0.200000003E+00
 0.224171209E+01-0.250000000E+00 0.222125006E+01-0.314435571E+00 0.219468760E+01
-0.387625366E+00 0.217017674E+01-0.449999988E+00 0.214815164E+01-0.500000000E+00
 0.212390971E+01-0.550000012E+00 0.209706569E+01-0.600000024E+00 0.206720257E+01
-0.649999976E+00 0.203531241E+01-0.697409749E+00 0.200874996E+01-0.735109508E+00
 0.198218751E+01-0.770784795E+00 0.195562506E+01-0.804381371E+00 0.191668737E+01
-0.850000024E+00 0.187593746E+01-0.897183597E+00 0.184937501E+01-0.928722620E+00
 0.182281256E+01-0.958952188E+00 0.178407228E+01-0.100000000E+01 0.174312496E+01
-0.104545808E+01 0.171656251E+01-0.107759190E+01 0.169000006E+01-0.110807192E+01
 0.164308786E+01-0.116020489E+01 0.162273824E+01-0.118319929E+01 0.160593235E+01
-0.114999998E+01 0.157380998E+01-0.110000002E+01 0.154327846E+01-0.104999995E+01
 0.151331282E+01-0.100000000E+01 0.148360050E+01-0.949999988E+00 0.145391214E+01
-0.899999976E+00 0.142437506E+01-0.851420939E+00 0.139781249E+01-0.805356026E+00
 0.137125003E+01-0.758152843E+00 0.134468746E+01-0.710032165E+00 0.131812501E+01
-0.660965919E+00 0.129156256E+01-0.610819280E+00 0.126499999E+01-0.559394002E+00
 0.123843753E+01-0.506439447E+00 0.121187496E+01-0.451604307E+00 0.118812680E+01
-0.400000006E+00 0.116548097E+01-0.349999994E+00 0.114374626E+01-0.300000012E+00
 0.112351131E+01-0.250000000E+00 0.110579073E+01-0.200000003E+00
 0.101600003E+01 0.000000000E+00 0.101600003E+01 0.963999987E+00 0.101600003E+01
 0.967999995E+00 0.101600003E+01 0.100100005E+01 0.101600003E+01 0.101900005E+01
 0.101600003E+01 0.107700002E+01 0.101600003E+01 0.107000005E+01 0.101600003E+01
 0.109599996E+01 0.101600003E+01 0.111300004E+01 0.101600003E+01 0.113800001E+01
 0.101600003E+01 0.114699996E+01 0.101199996E+01 0.116499996E+01 0.100100005E+01
 0.121700001E+01 0.102900004E+01 0.121700001E+01 0.104200006E+01 0.116240001E+01
 0.104600000E+01 0.116237998E+01 0.105599999E+01 0.116260004E+01 0.109700000E+01
 0.116450000E+01 0.110800004E+01 0.116594005E+01 0.111600006E+01 0.116591001E+01
 0.113399994E+01 0.116895998E+01 0.114800000E+01 0.117174995E+01 0.116199994E+01
 0.117556000E+01 0.118099999E+01 0.118299997E+01 0.118200004E+01 0.118350005E+01
 0.118499994E+01 0.118499994E+01 0.119000006E+01 0.118799996E+01 0.119500005E+01
 0.119099998E+01 0.120099998E+01 0.119599998E+01 0.120899999E+01 0.120200002E+01
 0.121500003E+01 0.120799994E+01 0.122200000E+01 0.121399999E+01 0.122800004E+01
 0.122099996E+01 0.123399997E+01 0.123099995E+01 0.123899996E+01 0.123800004E+01
 0.124199998E+01 0.124399996E+01 0.124800003E+01 0.125399995E+01 0.125800002E+01
 0.127800000E+01 0.126300001E+01 0.128999996E+01 0.127999997E+01 0.133099997E+01
 0.127999997E+01 0.134700000E+01 0.127999997E+01 0.134800005E+01 0.130999994E+01
 0.134800005E+01 0.132799995E+01 0.134800005E+01 0.136099994E+01 0.134800005E+01
 0.138000000E+01 0.134800005E+01 0.141900003E+01 0.134800005E+01 0.141900003E+01
 0.130999994E+01 0.137199998E+01 0.130999994E+01 0.137167001E+01 0.129237998E+01
 0.137003005E+01 0.128268003E+01 0.136688006E+01 0.125644004E+01 0.136719000E+01
 0.122955000E+01 0.137178004E+01 0.119576001E+01 0.137223995E+01 0.119402003E+01
 0.138662004E+01 0.116487002E+01 0.138707995E+01 0.116420996E+01 0.140382004E+01
 0.115696001E+01 0.141127002E+01 0.115730000E+01 0.141857004E+01 0.116131997E+01
 0.142100000E+01 0.116400003E+01 0.148662996E+01 0.124049997E+01 0.149730003E+01
 0.123458004E+01 0.149761999E+01 0.123427999E+01 0.149744999E+01 0.123174000E+01
 0.149275005E+01 0.121329999E+01 0.149259996E+01 0.121061003E+01 0.149260998E+01
 0.120485997E+01 0.149278998E+01 0.120213997E+01 0.149339998E+01 0.119641995E+01
 0.149469995E+01 0.118510997E+01 0.149621999E+01 0.116069996E+01 0.147981000E+01
 0.112425995E+01 0.148081994E+01 0.112256002E+01 0.148149002E+01 0.112137997E+01
 0.148645997E+01 0.111691999E+01 0.149094999E+01 0.111439002E+01 0.150304997E+01
 0.111243999E+01 0.159696996E+01 0.109489000E+01 0.162549996E+01 0.108529997E+01
 0.163751996E+01 0.107988000E+01 0.164699996E+01 0.107700002E+01 0.178499997E+01
 0.107700002E+01 0.206999993E+01 0.103999996E+01 0.212800002E+01 0.992999971E+00
 0.224499989E+01 0.708999991E+00 0.233956003E+01 0.461430013E+00 0.234707999E+01
 0.415829986E+00 0.234912992E+01 0.272179991E+00 0.235103011E+01 0.170179993E+00
 0.235157990E+01 0.701199993E-01 0.235124993E+01-0.317899995E-01 0.235050988E+01
-0.144350007E+00 0.234964991E+01-0.214829996E+00 0.234870005E+01-0.326689988E+00
 0.234759998E+01-0.386770010E+00 0.234019995E+01-0.453040004E+00 0.232942009E+01
-0.477569997E+00 0.213400006E+01-0.972999990E+00 0.178600001E+01-0.117400002E+01
 0.176800001E+01-0.121099997E+01 0.176800001E+01-0.125000000E+01 0.168200004E+01
-0.125000000E+01 0.137199998E+01-0.125000000E+01 0.137199998E+01-0.132900000E+01
 0.141999996E+01-0.132900000E+01 0.141999996E+01-0.136300004E+01 0.127300000E+01
-0.136300004E+01 0.115300000E+01-0.136300004E+01 0.101600003E+01-0.122300005E+01
 0.101600003E+01-0.122300005E+01 0.101600003E+01-0.829999983E+00 0.101600003E+01
-0.800000012E+00 0.101600003E+01-0.414999992E+00 0.101600003E+01-0.400000006E+00
 0.101600003E+01-0.100000005E-02 0.101600003E+01 0.000000000E+00
    0 0.170000005E+01    1
 0.000000000E+00 0.000000000E+00 0.000000000E+00 0.000000000E+00 0.000000000E+00
 0.000000000E+00 0.000000000E+00 0.000000000E+00 0.000000000E+00 0.000000000E+00
 0.000000000E+00 0.000000000E+00 0.000000000E+00 0.000000000E+00 0.000000000E+00
 0.000000000E+00 0.000000000E+00 0.000000000E+00 0.000000000E+00 0.000000000E+00
 0.000000000E+00 0.000000000E+00 0.000000000E+00 0.000000000E+00 0.000000000E+00
 0.000000000E+00 0.000000000E+00 0.000000000E+00 0.000000000E+00 0.000000000E+00
 0.000000000E+00 0.000000000E+00 0.000000000E+00 0.000000000E+00 0.000000000E+00
 0.000000000E+00 0.000000000E+00 0.000000000E+00 0.000000000E+00 0.000000000E+00
 0.000000000E+00 0.000000000E+00 0.000000000E+00 0.000000000E+00 0.000000000E+00
 0.000000000E+00 0.000000000E+00 0.000000000E+00 0.000000000E+00 0.000000000E+00
 0.000000000E+00 0.000000000E+00 0.000000000E+00 0.000000000E+00 0.000000000E+00
 0.000000000E+00 0.000000000E+00 0.000000000E+00 0.000000000E+00 0.000000000E+00
 0.000000000E+00 0.000000000E+00 0.000000000E+00 0.000000000E+00 0.000000000E+00
 0.000000000E+00 0.752387866E-01 0.107216813E+00 0.131969050E+00 0.153200790E+00
 0.172118887E+00 0.189483121E+00 0.205660164E+00 0.220948115E+00 0.235513628E+00
 0.248282701E+00 0.261933595E+00 0.275073171E+00 0.287837982E+00 0.300417930E+00
 0.312786102E+00 0.324847013E+00 0.336752564E+00 0.348513514E+00 0.360144705E+00
 0.371689051E+00 0.383160532E+00 0.394545972E+00 0.405898452E+00 0.417198241E+00
 0.428487509E+00 0.439785838E+00 0.451100379E+00 0.462421954E+00 0.473777413E+00
 0.485170931E+00 0.496623755E+00 0.508155107E+00 0.519789159E+00 0.531471133E+00
 0.543260396E+00 0.555184841E+00 0.567221045E+00 0.579424620E+00 0.591737807E+00
 0.604214370E+00 0.616901398E+00 0.629750669E+00 0.642796397E+00 0.656093180E+00
 0.669582665E+00 0.683335721E+00 0.697328627E+00 0.711658299E+00 0.726238310E+00
 0.741122067E+00 0.756388426E+00 0.771997809E+00 0.787940085E+00 0.804329157E+00
 0.821149945E+00 0.838388324E+00 0.856138647E+00 0.874380231E+00 0.893218517E+00
 0.912647486E+00 0.932779431E+00 0.953743875E+00 0.975835145E+00 0.100000000E+01
    1
 0.000000000E+00 0.000000000E+00 0.000000000E+00 0.000000000E+00 0.000000000E+00
 0.000000000E+00 0.000000000E+00 0.000000000E+00 0.000000000E+00 0.000000000E+00
 0.000000000E+00 0.000000000E+00 0.000000000E+00 0.000000000E+00 0.000000000E+00
 0.000000000E+00 0.000000000E+00 0.000000000E+00 0.000000000E+00 0.000000000E+00
 0.000000000E+00 0.000000000E+00 0.000000000E+00 0.000000000E+00 0.000000000E+00
 0.000000000E+00 0.000000000E+00 0.000000000E+00 0.000000000E+00 0.000000000E+00
 0.000000000E+00 0.000000000E+00 0.000000000E+00 0.000000000E+00 0.000000000E+00
 0.000000000E+00 0.000000000E+00 0.000000000E+00 0.000000000E+00 0.000000000E+00
 0.000000000E+00 0.000000000E+00 0.000000000E+00 0.000000000E+00 0.000000000E+00
 0.000000000E+00 0.000000000E+00 0.000000000E+00 0.000000000E+00 0.000000000E+00
 0.000000000E+00 0.000000000E+00 0.000000000E+00 0.000000000E+00 0.000000000E+00
 0.000000000E+00 0.000000000E+00 0.000000000E+00 0.000000000E+00 0.000000000E+00
 0.000000000E+00 0.000000000E+00 0.000000000E+00 0.000000000E+00 0.000000000E+00
&BASIS
 EE2BDRY= 32*0.00000000      ,
 EEBDRY= 32*0.00000000      ,
 EEKNT= 32*0.00000000      ,
 EETENS=  5.00000000    ,
 FF2BDRY= 64*0.00000000      ,
 FFBDRY=  4.24658251    , -11.7365160    ,  7.59902954    , 61*0.00000000      ,
 FFKNT= 64*0.00000000      ,
 FFTENS=  0.00000000    ,
 KEE2BDRY= 32*0          ,
 KEEBDRY= 32*0          ,
 KEEFNC=          0,
 KEEKNT=          0,
 KFF2BDRY= 64*0          ,
 KFFBDRY= 64*0          ,
 KFFFNC=          0,
 KFFKNT=          0,
 KPP2BDRY= 64*0          ,
 KPPBDRY= 64*0          ,
 KPPFNC=          0,
 KPPKNT=          0,
 KWW2BDRY= 64*0          ,
 KWWBDRY= 64*0          ,
 KWWFNC=          0,
 KWWKNT=          0,
 PP2BDRY= 64*0.00000000      ,
 PPBDRY=  392450.812    , -243212.594    , 62*0.00000000      ,
 PPKNT= 64*0.00000000      ,
 PPTENS=  0.00000000    ,
 WW2BDRY= 64*0.00000000      ,
 WWBDRY= -788.898865    , -50680.6758    , 62*0.00000000      ,
 WWKNT= 64*0.00000000      ,
 WWTENS=  0.00000000    ,
 /
