  EFITD    01/21/2000    #180526  4300ms           7  65  65
 0.170000005E+01 0.320000005E+01 0.169550002E+01 0.839999974E+00 0.000000000E+00
 0.182158017E+01-0.397846662E-01-0.312655866E+00-0.431824140E-01-0.197714913E+01
 0.891339812E+06-0.312655866E+00 0.000000000E+00 0.182158017E+01 0.000000000E+00
-0.397846662E-01 0.000000000E+00-0.431824140E-01 0.000000000E+00 0.000000000E+00
-0.337355876E+01-0.336988401E+01-0.336640573E+01-0.336312008E+01-0.336002278E+01
-0.335711002E+01-0.335437751E+01-0.335182142E+01-0.334943724E+01-0.334722090E+01
-0.334516811E+01-0.334327483E+01-0.334153652E+01-0.333994865E+01-0.333850718E+01
-0.333720732E+01-0.333604503E+01-0.333501577E+01-0.333411479E+01-0.333333802E+01
-0.333268046E+01-0.333213806E+01-0.333170605E+01-0.333137965E+01-0.333115458E+01
-0.333102608E+01-0.333098984E+01-0.333104086E+01-0.333117485E+01-0.333138704E+01
-0.333167291E+01-0.333202767E+01-0.333244681E+01-0.333292556E+01-0.333345962E+01
-0.333404422E+01-0.333467436E+01-0.333534598E+01-0.333605409E+01-0.333679438E+01
-0.333756185E+01-0.333835220E+01-0.333916068E+01-0.333998251E+01-0.334081340E+01
-0.334164858E+01-0.334248352E+01-0.334331369E+01-0.334413457E+01-0.334494114E+01
-0.334572935E+01-0.334649420E+01-0.334723139E+01-0.334793639E+01-0.334860444E+01
-0.334923124E+01-0.334981179E+01-0.335034204E+01-0.335081720E+01-0.335123277E+01
-0.335158396E+01-0.335186672E+01-0.335207582E+01-0.335220742E+01-0.335225630E+01
 0.117808703E+06 0.115030727E+06 0.112282500E+06 0.109564023E+06 0.106875305E+06
 0.104216336E+06 0.101587125E+06 0.989876641E+05 0.964179531E+05 0.938780000E+05
 0.913677969E+05 0.888873438E+05 0.864366484E+05 0.840157031E+05 0.816245156E+05
 0.792630703E+05 0.769313906E+05 0.746294531E+05 0.723572812E+05 0.701148516E+05
 0.679021797E+05 0.657192578E+05 0.635660898E+05 0.614426758E+05 0.593490156E+05
 0.572851055E+05 0.552509531E+05 0.532465508E+05 0.512718984E+05 0.493270039E+05
 0.474118594E+05 0.455264688E+05 0.436708320E+05 0.418449492E+05 0.400488164E+05
 0.382824375E+05 0.365458125E+05 0.348389375E+05 0.331618203E+05 0.315144531E+05
 0.298968398E+05 0.283089785E+05 0.267508711E+05 0.252225156E+05 0.237239141E+05
 0.222550645E+05 0.208159688E+05 0.194066250E+05 0.180270352E+05 0.166771992E+05
 0.153571143E+05 0.140667832E+05 0.128062051E+05 0.115753809E+05 0.103743086E+05
 0.920298926E+04 0.806142285E+04 0.694960938E+04 0.586754932E+04 0.481524219E+04
 0.379268774E+04 0.279988623E+04 0.183683789E+04 0.903542480E+03 0.000000000E+00
-0.302371430E+01-0.286161375E+01-0.270315671E+01-0.254834318E+01-0.239717340E+01
-0.224964714E+01-0.210576439E+01-0.196552527E+01-0.182892966E+01-0.169597757E+01
-0.156666911E+01-0.144100416E+01-0.131898284E+01-0.120060503E+01-0.108587086E+01
-0.974780202E+00-0.867333174E+00-0.763529658E+00-0.663369656E+00-0.566853285E+00
-0.473980486E+00-0.384751230E+00-0.299165547E+00-0.217223436E+00-0.138924882E+00
-0.642698854E-01 0.674153678E-02 0.741093904E-01 0.137833685E+00 0.197914407E+00
 0.254351586E+00 0.307145178E+00 0.356295198E+00 0.401801646E+00 0.443664551E+00
 0.481883883E+00 0.516459644E+00 0.547391832E+00 0.574680507E+00 0.598325551E+00
 0.618327081E+00 0.634684980E+00 0.647399366E+00 0.656470180E+00 0.661897421E+00
 0.663681090E+00 0.661821187E+00 0.656317770E+00 0.647170722E+00 0.634380162E+00
 0.617945969E+00 0.597868264E+00 0.574146986E+00 0.546782136E+00 0.515773714E+00
 0.481121749E+00 0.442826211E+00 0.400887072E+00 0.355304420E+00 0.306078166E+00
 0.253208369E+00 0.196694985E+00 0.136538044E+00 0.727375373E-01 0.529346243E-02
-0.663303875E+06-0.656237562E+06-0.649171188E+06-0.642104875E+06-0.635038562E+06
-0.627972188E+06-0.620905875E+06-0.613839500E+06-0.606773188E+06-0.599706875E+06
-0.592640500E+06-0.585574188E+06-0.578507875E+06-0.571441500E+06-0.564375188E+06
-0.557308812E+06-0.550242500E+06-0.543176188E+06-0.536109812E+06-0.529043500E+06
-0.521977156E+06-0.514910812E+06-0.507844469E+06-0.500778156E+06-0.493711812E+06
-0.486645469E+06-0.479579125E+06-0.472512812E+06-0.465446469E+06-0.458380125E+06
-0.451313781E+06-0.444247438E+06-0.437181125E+06-0.430114781E+06-0.423048438E+06
-0.415982094E+06-0.408915781E+06-0.401849438E+06-0.394783094E+06-0.387716750E+06
-0.380650438E+06-0.373584094E+06-0.366517750E+06-0.359451406E+06-0.352385062E+06
-0.345318750E+06-0.338252406E+06-0.331186062E+06-0.324119719E+06-0.317053406E+06
-0.309987062E+06-0.302920719E+06-0.295854375E+06-0.288788062E+06-0.281721719E+06
-0.274655375E+06-0.267589031E+06-0.260522703E+06-0.253456359E+06-0.246390031E+06
-0.239323688E+06-0.232257359E+06-0.225191016E+06-0.218124688E+06-0.211058344E+06
 0.528876409E-01 0.456681401E-01 0.376711637E-01 0.288643129E-01 0.193150062E-01
 0.918997079E-02-0.126948580E-02-0.117894365E-01-0.200371612E-01-0.236283578E-01
-0.277474746E-01-0.346262008E-01-0.427263640E-01-0.493010543E-01-0.547636785E-01
-0.592597723E-01-0.627925619E-01-0.652834103E-01-0.665346161E-01-0.661386847E-01
-0.633090883E-01-0.606808104E-01-0.602897145E-01-0.615495592E-01-0.642123371E-01
-0.682349280E-01-0.737328529E-01-0.809967369E-01-0.905648097E-01-0.103192523E+00
-0.113079228E+00-0.118305162E+00-0.119459443E+00-0.116204813E+00-0.108356103E+00
-0.952905938E-01-0.792273507E-01-0.660853162E-01-0.549518056E-01-0.452376865E-01
-0.365526453E-01-0.286277290E-01-0.212733280E-01-0.143551640E-01-0.777858216E-02
-0.147750007E-02 0.459344778E-02 0.104644001E-01 0.161540844E-01 0.216725096E-01
 0.270229708E-01 0.322036147E-01 0.372087695E-01 0.420301594E-01 0.466580428E-01
 0.510822833E-01 0.552933738E-01 0.592832901E-01 0.630462244E-01 0.665790737E-01
 0.698817074E-01 0.729569718E-01 0.758104995E-01 0.784503296E-01 0.808864087E-01
 0.529889613E-01 0.447994992E-01 0.355156921E-01 0.250114836E-01 0.132932765E-01
 0.574731617E-03-0.113963326E-01-0.201095510E-01-0.250466764E-01-0.260792300E-01
-0.280527957E-01-0.323182456E-01-0.376733989E-01-0.428464115E-01-0.475369170E-01
-0.516345985E-01-0.550514571E-01-0.576879568E-01-0.594226532E-01-0.601245165E-01
-0.598026477E-01-0.595250800E-01-0.602856986E-01-0.621744394E-01-0.652042851E-01
-0.694430098E-01-0.750533342E-01-0.823398903E-01-0.918378159E-01-0.104255632E+00
-0.114047259E+00-0.119243748E+00-0.120345622E+00-0.117188469E+00-0.109475613E+00
-0.964934900E-01-0.806223899E-01-0.674713105E-01-0.561978333E-01-0.462432317E-01
-0.372475758E-01-0.289662164E-01-0.212269314E-01-0.139062563E-01-0.691531738E-02
-0.190755498E-03 0.631142873E-02 0.126201836E-01 0.187525041E-01 0.247157402E-01
 0.305094142E-01 0.361267626E-01 0.415562093E-01 0.467828140E-01 0.517898127E-01
 0.565601848E-01 0.610781983E-01 0.653308183E-01 0.693088323E-01 0.730076507E-01
 0.764276087E-01 0.795738548E-01 0.824558362E-01 0.850865319E-01 0.874814689E-01
 0.555285029E-01 0.469013415E-01 0.367922224E-01 0.247412492E-01 0.105905402E-01
-0.136733172E-02-0.101014953E-01-0.154113434E-01-0.171415359E-01-0.184352584E-01
-0.207028911E-01-0.239394549E-01-0.277998988E-01-0.318976417E-01-0.359362848E-01
-0.397224799E-01-0.431340635E-01-0.460979454E-01-0.485895909E-01-0.506564900E-01
-0.524584465E-01-0.542695224E-01-0.563798174E-01-0.590000525E-01-0.622640699E-01
-0.662678704E-01-0.710956380E-01-0.768221170E-01-0.834662095E-01-0.906387642E-01
-0.964548066E-01-0.996488929E-01-0.999590158E-01-0.972603410E-01-0.914639831E-01
-0.826637074E-01-0.722186789E-01-0.620420948E-01-0.524876341E-01-0.435292684E-01
-0.350832269E-01-0.270609707E-01-0.193834882E-01-0.119851623E-01-0.481409347E-02
 0.216874829E-02 0.899065752E-02 0.156682916E-01 0.222086366E-01 0.286098514E-01
 0.348620899E-01 0.409484357E-01 0.468460992E-01 0.525279492E-01 0.579645000E-01
 0.631262511E-01 0.679862052E-01 0.725222379E-01 0.767191350E-01 0.805698261E-01
 0.840757936E-01 0.872466117E-01 0.900987089E-01 0.926536396E-01 0.949361920E-01
 0.612754636E-01 0.531006306E-01 0.434055887E-01 0.318589285E-01 0.188856199E-01
 0.940791238E-02 0.407008454E-02 0.487350335E-03-0.289610354E-02-0.629235804E-02
-0.985691510E-02-0.136439372E-01-0.176071115E-01-0.216419026E-01-0.256313868E-01
-0.294748116E-01-0.330998339E-01-0.364672169E-01-0.395745635E-01-0.424603149E-01
-0.452037193E-01-0.479140244E-01-0.507081635E-01-0.536872484E-01-0.569218248E-01
-0.604442656E-01-0.642386526E-01-0.682172477E-01-0.721754506E-01-0.757422224E-01
-0.784128085E-01-0.797129795E-01-0.793298259E-01-0.771269202E-01-0.731407329E-01
-0.676075891E-01-0.609604195E-01-0.536874682E-01-0.461545289E-01-0.385687277E-01
-0.310286097E-01-0.235726368E-01-0.162089244E-01-0.893183984E-02-0.173116743E-02
 0.540273217E-02 0.124758864E-01 0.194887985E-01 0.264351293E-01 0.333007239E-01
 0.400629453E-01 0.466904305E-01 0.531435311E-01 0.593757369E-01 0.653362945E-01
 0.709739849E-01 0.762417540E-01 0.811012834E-01 0.855268985E-01 0.895079523E-01
 0.930493250E-01 0.961700305E-01 0.989001989E-01 0.101277277E+00 0.103342034E+00
 0.705623031E-01 0.636931509E-01 0.553195104E-01 0.456333309E-01 0.356973037E-01
 0.283024367E-01 0.219678879E-01 0.163397733E-01 0.111781927E-01 0.630966946E-02
 0.161448226E-02-0.297587435E-02-0.748422276E-02-0.118997749E-01-0.161934830E-01
-0.203320738E-01-0.242884345E-01-0.280483086E-01-0.316140130E-01-0.350054167E-01
-0.382576846E-01-0.414154083E-01-0.445236787E-01-0.476179011E-01-0.507140383E-01
-0.537996106E-01-0.568246022E-01-0.596921705E-01-0.622521639E-01-0.643054247E-01
-0.656273067E-01-0.660077035E-01-0.652909800E-01-0.634019524E-01-0.603567213E-01
-0.562597252E-01-0.512828641E-01-0.456268229E-01-0.394795537E-01-0.329909511E-01
-0.262676496E-01-0.193796735E-01-0.123704253E-01-0.526578445E-02 0.191876036E-02
 0.917278603E-02 0.164869055E-01 0.238495432E-01 0.312440991E-01 0.386462808E-01
 0.460214876E-01 0.533224605E-01 0.604877397E-01 0.674419329E-01 0.740989372E-01
 0.803686976E-01 0.861667767E-01 0.914245099E-01 0.960973576E-01 0.100169882E+00
 0.103656463E+00 0.106597573E+00 0.109052278E+00 0.111088917E+00 0.112776585E+00
 0.840752721E-01 0.795671791E-01 0.710172504E-01 0.615079440E-01 0.525842868E-01
 0.443920940E-01 0.369451679E-01 0.301379450E-01 0.238455944E-01 0.179574676E-01
 0.123862317E-01 0.706982147E-02 0.196981197E-02-0.293288962E-02-0.764396228E-02
-0.121619143E-01-0.164835658E-01-0.206081364E-01-0.245396383E-01-0.282874759E-01
-0.318651982E-01-0.352875330E-01-0.385660827E-01-0.417042114E-01-0.446918234E-01
-0.475005209E-01-0.500797704E-01-0.523549356E-01-0.542286448E-01-0.555871092E-01
-0.563119352E-01-0.562958531E-01-0.554584786E-01-0.537580699E-01-0.511967540E-01
-0.478183925E-01-0.436995178E-01-0.389354080E-01-0.336251631E-01-0.278598797E-01
-0.217159558E-01-0.152532030E-01-0.851611793E-02-0.153669051E-02 0.566231087E-02
 0.130640948E-01 0.206547379E-01 0.284200795E-01 0.363423601E-01 0.443962179E-01
 0.525436848E-01 0.607278682E-01 0.688657984E-01 0.768424496E-01 0.845110342E-01
 0.917055160E-01 0.982649848E-01 0.104059689E+00 0.109009005E+00 0.113090888E+00
 0.116344295E+00 0.118861608E+00 0.120768294E+00 0.122196451E+00 0.123264752E+00
 0.960710123E-01 0.931270421E-01 0.847481415E-01 0.748042092E-01 0.655662864E-01
 0.569795966E-01 0.489915237E-01 0.415451378E-01 0.345768444E-01 0.280233286E-01
 0.218279604E-01 0.159443673E-01 0.103375008E-01 0.498287985E-02-0.135371054E-03
-0.502699986E-02-0.969807990E-02-0.141529972E-01-0.183956828E-01-0.224299543E-01
-0.262588952E-01-0.298834052E-01-0.333000794E-01-0.364987068E-01-0.394597948E-01
-0.421524346E-01-0.445330478E-01-0.465454757E-01-0.481229499E-01-0.491923243E-01
-0.496805869E-01-0.495231003E-01-0.486721843E-01-0.471025445E-01-0.448123962E-01
-0.418218076E-01-0.381684564E-01-0.339016765E-01-0.290759988E-01-0.237453692E-01
-0.179588776E-01-0.117582576E-01-0.517693674E-02 0.175979151E-02 0.903387461E-02
 0.166332033E-01 0.245500095E-01 0.327789299E-01 0.413144305E-01 0.501470231E-01
 0.592572428E-01 0.686053634E-01 0.781135410E-01 0.876359642E-01 0.969221815E-01
 0.105623528E+00 0.113394603E+00 0.119986497E+00 0.125256911E+00 0.129165322E+00
 0.131795064E+00 0.133375168E+00 0.134216249E+00 0.134590134E+00 0.134686366E+00
 0.104730219E+00 0.102622904E+00 0.944729149E-01 0.846509561E-01 0.753800720E-01
 0.666341707E-01 0.583867244E-01 0.506041609E-01 0.432490259E-01 0.362830348E-01
 0.296699405E-01 0.233776718E-01 0.173795428E-01 0.116545409E-01 0.618693698E-02
 0.965500833E-03-0.401741499E-02-0.876667630E-02-0.132848760E-01-0.175724477E-01
-0.216273349E-01-0.254442692E-01-0.290137399E-01-0.323208086E-01-0.353439413E-01
-0.380540974E-01-0.404142328E-01-0.423794426E-01-0.438979380E-01-0.449129939E-01
-0.453663804E-01-0.452047475E-01-0.443936400E-01-0.429209657E-01-0.407885425E-01
-0.380098708E-01-0.346074030E-01-0.306096319E-01-0.260481462E-01-0.209548473E-01
-0.153595340E-01-0.928804465E-02-0.276098493E-02 0.420704391E-02 0.116078593E-01
 0.194398910E-01 0.277082846E-01 0.364249647E-01 0.456086360E-01 0.552845076E-01
 0.654832125E-01 0.762374103E-01 0.875724778E-01 0.994821489E-01 0.111808486E+00
 0.123355910E+00 0.133138359E+00 0.140959084E+00 0.146669015E+00 0.150122553E+00
 0.151197344E+00 0.150432497E+00 0.149210826E+00 0.147885293E+00 0.146593779E+00
 0.110530116E+00 0.108864181E+00 0.101167902E+00 0.915843397E-01 0.824268684E-01
 0.736954212E-01 0.653785095E-01 0.574571155E-01 0.499085858E-01 0.427091867E-01
 0.358359218E-01 0.292677656E-01 0.229864754E-01 0.169769786E-01 0.112274606E-01
 0.572923105E-02 0.476487621E-03-0.453390880E-02-0.930256676E-02-0.138275372E-01
-0.181041081E-01-0.221244358E-01-0.258770436E-01-0.293462593E-01-0.325116664E-01
-0.353476070E-01-0.378227793E-01-0.398997664E-01-0.415342897E-01-0.426732935E-01
-0.432502329E-01-0.431734584E-01-0.424101055E-01-0.409920514E-01-0.389333479E-01
-0.362516232E-01-0.329653546E-01-0.290934481E-01-0.246549826E-01-0.196684599E-01
-0.141507247E-01-0.811576843E-02-0.157353980E-02 0.547117926E-02 0.130198989E-01
 0.210816618E-01 0.296745989E-01 0.388280265E-01 0.485855229E-01 0.590096079E-01
 0.701891780E-01 0.822522491E-01 0.953895971E-01 0.109903865E+00 0.126016751E+00
 0.140858606E+00 0.153009862E+00 0.162410542E+00 0.168932393E+00 0.172235996E+00
 0.172168523E+00 0.168500394E+00 0.164411262E+00 0.160921708E+00 0.158011734E+00
 0.114118986E+00 0.112696432E+00 0.105361499E+00 0.960291103E-01 0.870596394E-01
 0.784563497E-01 0.702024624E-01 0.622808151E-01 0.546753071E-01 0.473710559E-01
 0.403544419E-01 0.336132534E-01 0.271368828E-01 0.209165290E-01 0.149453525E-01
 0.921855215E-02 0.373341306E-02-0.151066564E-02-0.651212316E-02-0.112671452E-01
-0.157695170E-01-0.200104453E-01-0.239783376E-01-0.276586078E-01-0.310335159E-01
-0.340820625E-01-0.367799625E-01-0.390996709E-01-0.410105288E-01-0.424791612E-01
-0.434704944E-01-0.435582213E-01-0.426932536E-01-0.412451476E-01-0.391639024E-01
-0.364811122E-01-0.332130305E-01-0.293700639E-01-0.249615740E-01-0.199965071E-01
-0.144828763E-01-0.842673145E-02-0.183095702E-02 0.530600175E-02 0.129915364E-01
 0.212405492E-01 0.300775915E-01 0.395398177E-01 0.496811718E-01 0.605786368E-01
 0.723416209E-01 0.851264447E-01 0.991582572E-01 0.114759050E+00 0.132352173E+00
 0.150215000E+00 0.164735496E+00 0.175801009E+00 0.183444366E+00 0.187606290E+00
 0.187850788E+00 0.183979958E+00 0.177204370E+00 0.171754867E+00 0.167492166E+00
 0.115846112E+00 0.114609249E+00 0.107233629E+00 0.981812626E-01 0.895188525E-01
 0.811669230E-01 0.730913877E-01 0.652757511E-01 0.577113368E-01 0.503925495E-01
 0.433149263E-01 0.364745483E-01 0.298680048E-01 0.234925523E-01 0.173463393E-01
 0.114286374E-01 0.574001111E-02 0.282492081E-03-0.494028302E-02-0.992294308E-02
-0.146582676E-01-0.191370994E-01-0.233483035E-01-0.272788163E-01-0.309137832E-01
-0.342368260E-01-0.372303836E-01-0.398760550E-01-0.421552435E-01-0.440503582E-01
-0.451701693E-01-0.454878323E-01-0.449823216E-01-0.436487906E-01-0.414005667E-01
-0.386285149E-01-0.353124440E-01-0.314370804E-01-0.269999020E-01-0.220020767E-01
-0.164463352E-01-0.103348317E-01-0.366757601E-02 0.355879567E-02 0.113522327E-01
 0.197266564E-01 0.287036970E-01 0.383149497E-01 0.486049727E-01 0.596352704E-01
 0.714895427E-01 0.842802078E-01 0.981558189E-01 0.113307714E+00 0.129975110E+00
 0.148360357E+00 0.164451703E+00 0.176867485E+00 0.185703501E+00 0.190986976E+00
 0.192809358E+00 0.190719739E+00 0.184649304E+00 0.178259358E+00 0.173534766E+00
 0.114598781E+00 0.113036156E+00 0.106416546E+00 0.981620178E-01 0.900798663E-01
 0.821272358E-01 0.743214563E-01 0.666794404E-01 0.592137054E-01 0.519330800E-01
 0.448437035E-01 0.379498750E-01 0.312547684E-01 0.247610155E-01 0.184711609E-01
 0.123880599E-01 0.651518628E-02 0.856889528E-03-0.458139693E-02-0.979298726E-02
-0.147698186E-01-0.195023790E-01-0.239797346E-01-0.281897094E-01-0.321193188E-01
-0.357555375E-01-0.390862264E-01-0.420998409E-01-0.447855331E-01-0.467735864E-01
-0.480425321E-01-0.485672206E-01-0.483194962E-01-0.472661369E-01-0.453594811E-01
-0.425427929E-01-0.392055400E-01-0.352796577E-01-0.307831671E-01-0.257171951E-01
-0.200867318E-01-0.138954716E-01-0.714469608E-02 0.166806611E-03 0.804302841E-02
 0.164912883E-01 0.255229585E-01 0.351542942E-01 0.454072990E-01 0.563104488E-01
 0.678990334E-01 0.802147016E-01 0.933037028E-01 0.107214086E+00 0.121995866E+00
 0.137729526E+00 0.153673083E+00 0.166094303E+00 0.175420195E+00 0.181871474E+00
 0.185332939E+00 0.186027423E+00 0.183570042E+00 0.178674981E+00 0.175166979E+00
 0.112486079E+00 0.110351257E+00 0.104339711E+00 0.969527289E-01 0.893966407E-01
 0.817978978E-01 0.742369890E-01 0.667604506E-01 0.593973212E-01 0.521669947E-01
 0.450831093E-01 0.381556936E-01 0.313925147E-01 0.247999784E-01 0.183837730E-01
 0.121493619E-01 0.610235520E-02 0.248818164E-03-0.540448353E-02-0.108498689E-01
-0.160785541E-01-0.210804809E-01-0.258441772E-01-0.303567611E-01-0.346043743E-01
-0.385740809E-01-0.422602259E-01-0.456577539E-01-0.484183580E-01-0.505271293E-01
-0.519636683E-01-0.527036451E-01-0.527199283E-01-0.519834720E-01-0.504646972E-01
-0.481385179E-01-0.449941605E-01-0.409262069E-01-0.363399275E-01-0.311624650E-01
-0.254194196E-01-0.191198178E-01-0.122663761E-01-0.486087333E-02 0.309495698E-02
 0.115994280E-01 0.206508543E-01 0.302472021E-01 0.403852612E-01 0.510589704E-01
 0.622564033E-01 0.739544854E-01 0.861098096E-01 0.986421555E-01 0.111402228E+00
 0.124101214E+00 0.136186793E+00 0.146942541E+00 0.155931041E+00 0.162999615E+00
 0.168123588E+00 0.171371773E+00 0.172957942E+00 0.173368916E+00 0.173296615E+00
 0.111367792E+00 0.109250970E+00 0.102935873E+00 0.954862386E-01 0.880216807E-01
 0.805573314E-01 0.731227621E-01 0.657459795E-01 0.584499799E-01 0.512527972E-01
 0.441685840E-01 0.372086130E-01 0.303821769E-01 0.236972533E-01 0.171610340E-01
 0.107803326E-01 0.456192205E-02-0.148720166E-02-0.735959178E-02-0.130471392E-01
-0.185408406E-01-0.238304622E-01-0.289039277E-01-0.337459892E-01-0.383351706E-01
-0.426364020E-01-0.466744155E-01-0.501289666E-01-0.529915057E-01-0.552449338E-01
-0.568667762E-01-0.578310452E-01-0.581095368E-01-0.576728806E-01-0.564914420E-01
-0.545362048E-01-0.517784953E-01-0.481857993E-01-0.437425934E-01-0.383371338E-01
-0.324253142E-01-0.259845406E-01-0.189997442E-01-0.114725353E-01-0.341043668E-02
 0.517591694E-02 0.142727736E-01 0.238623992E-01 0.339215584E-01 0.444191322E-01
 0.553124957E-01 0.665421188E-01 0.780238211E-01 0.896381289E-01 0.101217300E+00
 0.112535343E+00 0.123315863E+00 0.133274063E+00 0.142176062E+00 0.149874121E+00
 0.156311557E+00 0.161519751E+00 0.165616736E+00 0.168794543E+00 0.171276048E+00
 0.109219342E+00 0.107010998E+00 0.100829594E+00 0.933647826E-01 0.859106034E-01
 0.784837082E-01 0.710971206E-01 0.637643933E-01 0.564984865E-01 0.493112057E-01
 0.422130413E-01 0.352133103E-01 0.283203926E-01 0.215419792E-01 0.148853315E-01
 0.835749973E-02 0.196552672E-02-0.428340025E-02-0.103818234E-01-0.163219497E-01
-0.220956486E-01-0.276945829E-01-0.331105851E-01-0.383365937E-01-0.433689654E-01
-0.478919744E-01-0.519390069E-01-0.554746874E-01-0.584703647E-01-0.608981699E-01
-0.627290830E-01-0.639326051E-01-0.644770637E-01-0.643301010E-01-0.634591058E-01
-0.618312582E-01-0.594129972E-01-0.561684109E-01-0.520568416E-01-0.470222943E-01
-0.410002023E-01-0.344498232E-01-0.273066293E-01-0.196107328E-01-0.113856988E-01
-0.265132892E-02 0.656929146E-02 0.162475985E-01 0.263480935E-01 0.368264839E-01
 0.476271361E-01 0.586798564E-01 0.698962435E-01 0.811662823E-01 0.923565924E-01
 0.103312679E+00 0.113867685E+00 0.123857684E+00 0.133139715E+00 0.141606629E+00
 0.149195462E+00 0.155889541E+00 0.161714971E+00 0.166731104E+00 0.171015531E+00
 0.106541574E+00 0.104247093E+00 0.979311392E-01 0.904257968E-01 0.829648077E-01
 0.755506158E-01 0.681858659E-01 0.608740635E-01 0.536198579E-01 0.464287996E-01
 0.393070020E-01 0.322608314E-01 0.252967570E-01 0.184212662E-01 0.116408886E-01
 0.496223895E-02-0.160790689E-02-0.806255173E-02-0.143944332E-01-0.205960199E-01
-0.266595725E-01-0.325772986E-01-0.383416265E-01-0.439456627E-01-0.490776896E-01
-0.537422150E-01-0.579361059E-01-0.616420247E-01-0.648353398E-01-0.674869418E-01
-0.695646852E-01-0.710343644E-01-0.718606263E-01-0.720076784E-01-0.714399368E-01
-0.701224431E-01-0.680210441E-01-0.651024356E-01-0.613343604E-01-0.566866882E-01
-0.511371158E-01-0.446831025E-01-0.372169279E-01-0.292487536E-01-0.207724124E-01
-0.117919212E-01-0.233218097E-02 0.757223880E-02 0.178797953E-01 0.285416562E-01
 0.395003296E-01 0.506880395E-01 0.620252937E-01 0.734201595E-01 0.847688541E-01
 0.959581509E-01 0.106870063E+00 0.117388248E+00 0.127405107E+00 0.136828065E+00
 0.145583957E+00 0.153620899E+00 0.160907790E+00 0.167431578E+00 0.173193395E+00
 0.102982841E+00 0.100558646E+00 0.940960720E-01 0.865628049E-01 0.791135430E-01
 0.717290416E-01 0.643975884E-01 0.571126528E-01 0.498720929E-01 0.426768288E-01
 0.355297253E-01 0.284348186E-01 0.213968735E-01 0.144211333E-01 0.751320506E-02
 0.679037010E-03-0.607507117E-02-0.127424374E-01-0.193159692E-01-0.257881600E-01
-0.321510956E-01-0.383965299E-01-0.445159413E-01-0.502095446E-01-0.554809682E-01
-0.603252165E-01-0.647290647E-01-0.686711669E-01-0.721235871E-01-0.750533566E-01
-0.774239525E-01-0.791965351E-01-0.803311244E-01-0.807876587E-01-0.805268735E-01
-0.795111060E-01-0.777048171E-01-0.750749484E-01-0.715910271E-01-0.672248825E-01
-0.619496256E-01-0.557354949E-01-0.485371687E-01-0.403003506E-01-0.315409079E-01
-0.222099330E-01-0.123745129E-01-0.208509550E-02 0.861169398E-02 0.196672343E-01
 0.310279801E-01 0.426338166E-01 0.544171557E-01 0.663026422E-01 0.782075375E-01
 0.900428221E-01 0.101714984E+00 0.113128290E+00 0.124187186E+00 0.134798467E+00
 0.144873008E+00 0.154327109E+00 0.163083658E+00 0.171073720E+00 0.178238630E+00
 0.981198400E-01 0.954695269E-01 0.891066566E-01 0.816496909E-01 0.743031129E-01
 0.670163110E-01 0.597627386E-01 0.525319017E-01 0.453208163E-01 0.381300487E-01
 0.309619438E-01 0.238198061E-01 0.167075451E-01 0.962953176E-02 0.259056105E-02
-0.440412387E-02-0.113487784E-01-0.182370991E-01-0.250621624E-01-0.318163782E-01
-0.384914503E-01-0.450783335E-01-0.512909368E-01-0.571347959E-01-0.626059324E-01
-0.676916093E-01-0.723710284E-01-0.766161010E-01-0.803925395E-01-0.836610869E-01
-0.863788202E-01-0.885005444E-01-0.899800882E-01-0.907716453E-01-0.908309221E-01
-0.901162401E-01-0.885893181E-01-0.862159207E-01-0.829660967E-01-0.788141489E-01
-0.737382174E-01-0.677196831E-01-0.607434735E-01-0.528034195E-01-0.439146198E-01
-0.339769870E-01-0.235719904E-01-0.127199003E-01-0.145159347E-02 0.101949759E-01
 0.221760496E-01 0.344424248E-01 0.469394699E-01 0.596070252E-01 0.723792911E-01
 0.851846933E-01 0.979456306E-01 0.110578015E+00 0.122990526E+00 0.135083497E+00
 0.146747857E+00 0.157864660E+00 0.168306381E+00 0.177941054E+00 0.186640054E+00
 0.918088555E-01 0.887235478E-01 0.826134831E-01 0.756378025E-01 0.685963780E-01
 0.615025572E-01 0.543744080E-01 0.472229794E-01 0.400556326E-01 0.328777209E-01
 0.256934930E-01 0.185066387E-01 0.113206739E-01 0.413920172E-02-0.303385989E-02
-0.101941144E-01-0.173365418E-01-0.244553741E-01-0.315439887E-01-0.385948010E-01
-0.455991738E-01-0.522854999E-01-0.586624481E-01-0.647284165E-01-0.704721287E-01
-0.758733377E-01-0.809035152E-01-0.855267122E-01-0.897006243E-01-0.933777690E-01
-0.965069234E-01-0.990345553E-01-0.100906402E+00-0.102069050E+00-0.102471404E+00
-0.102066062E+00-0.100810438E+00-0.986676142E-01-0.956067815E-01-0.916032493E-01
-0.866380781E-01-0.806970894E-01-0.737694427E-01-0.658453256E-01-0.569106378E-01
-0.469332486E-01-0.358726680E-01-0.243358593E-01-0.123507837E-01 0.506063952E-04
 0.128329471E-01 0.259577874E-01 0.393836461E-01 0.530657582E-01 0.669554770E-01
 0.809991881E-01 0.951364934E-01 0.109297536E+00 0.123399153E+00 0.137339696E+00
 0.150992855E+00 0.164201573E+00 0.176774263E+00 0.188487917E+00 0.199102551E+00
 0.851550549E-01 0.816408843E-01 0.758177340E-01 0.691741630E-01 0.623541027E-01
 0.554131977E-01 0.483912043E-01 0.413107872E-01 0.341847315E-01 0.270203650E-01
 0.198220462E-01 0.125926128E-01 0.533427624E-02-0.195080310E-02-0.926012360E-02
-0.165905710E-01-0.239382144E-01-0.312981382E-01-0.386643074E-01-0.460294001E-01
-0.531367026E-01-0.599991195E-01-0.666186661E-01-0.729868859E-01-0.790852681E-01
-0.848858207E-01-0.903516859E-01-0.954380110E-01-0.100093000E+00-0.104259238E+00
-0.107875183E+00-0.110876895E+00-0.113199875E+00-0.114780955E+00-0.115560167E+00
-0.115482479E+00-0.114499293E+00-0.112569526E+00-0.109660290E+00-0.105746999E+00
-0.100812882E+00-0.948477387E-01-0.878460258E-01-0.798040926E-01-0.707163587E-01
-0.605709925E-01-0.493474454E-01-0.370129123E-01-0.241856277E-01-0.108937323E-01
 0.283455499E-02 0.169712137E-01 0.314885676E-01 0.463591255E-01 0.615549013E-01
 0.770460218E-01 0.927982703E-01 0.108769104E+00 0.124901406E+00 0.141113922E+00
 0.157287121E+00 0.173243478E+00 0.188723058E+00 0.203363091E+00 0.216707468E+00
 0.790687352E-01 0.753320903E-01 0.693679079E-01 0.626384318E-01 0.558153912E-01
 0.489115976E-01 0.419376791E-01 0.349012725E-01 0.278064702E-01 0.206546541E-01
 0.134455850E-01 0.617832178E-02-0.114809966E-02-0.853420142E-02-0.159797464E-01
-0.234835129E-01-0.310431458E-01-0.386549979E-01-0.463140085E-01-0.537783355E-01
-0.610662177E-01-0.681846291E-01-0.751294345E-01-0.818855688E-01-0.884272605E-01
-0.947183967E-01-0.100713067E+00-0.106356420E+00-0.111585721E+00-0.116331801E+00
-0.120520763E+00-0.124076001E+00-0.126920387E+00-0.128978625E+00-0.130179584E+00
-0.130458534E+00-0.129759014E+00-0.128034398E+00-0.125248805E+00-0.121377356E+00
-0.116405755E+00-0.110328950E+00-0.103149042E+00-0.948724821E-01-0.855064988E-01
-0.750550628E-01-0.635146797E-01-0.508696102E-01-0.370862782E-01-0.227914061E-01
-0.800707098E-02 0.724857952E-02 0.229621101E-01 0.391254276E-01 0.557357259E-01
 0.727948099E-01 0.903075933E-01 0.108279310E+00 0.126710370E+00 0.145587116E+00
 0.164864913E+00 0.184437156E+00 0.204076484E+00 0.223314524E+00 0.241206452E+00
 0.727609918E-01 0.688047707E-01 0.625723377E-01 0.557396822E-01 0.488786139E-01
 0.419813357E-01 0.350402705E-01 0.280465633E-01 0.209909454E-01 0.138644436E-01
 0.665889354E-02-0.632716401E-03-0.801603217E-02-0.154952239E-01-0.230729394E-01
-0.307502951E-01-0.385268666E-01-0.464006513E-01-0.541441590E-01-0.617818832E-01
-0.693270117E-01-0.767813250E-01-0.841350704E-01-0.913668349E-01-0.984435230E-01
-0.105320543E+00-0.111942232E+00-0.118242607E+00-0.124146514E+00-0.129571185E+00
-0.134428203E+00-0.138625875E+00-0.142071903E+00-0.144676268E+00-0.146354169E+00
-0.147028878E+00-0.146634176E+00-0.145116448E+00-0.142435968E+00-0.138567418E+00
-0.133499503E+00-0.127233550E+00-0.119781263E+00-0.111161523E+00-0.101396471E+00
-0.905070007E-01-0.785077140E-01-0.654013827E-01-0.511728451E-01-0.357820988E-01
-0.198639967E-01-0.342944334E-02 0.135202520E-01 0.309965685E-01 0.490241162E-01
 0.676411167E-01 0.869004056E-01 0.106870919E+00 0.127639189E+00 0.149310365E+00
 0.172007859E+00 0.195868984E+00 0.221027792E+00 0.247519732E+00 0.273898304E+00
 0.656758919E-01 0.614589192E-01 0.551480427E-01 0.482458472E-01 0.413835868E-01
 0.345359072E-01 0.276734214E-01 0.207677968E-01 0.137940114E-01 0.673107151E-02
-0.438099378E-03-0.772706140E-02-0.151462974E-01-0.227035861E-01-0.304043088E-01
-0.382517837E-01-0.462475158E-01-0.541770831E-01-0.620717108E-01-0.699516833E-01
-0.778260380E-01-0.856921226E-01-0.935351029E-01-0.101327538E+00-0.109029070E+00
-0.116586350E+00-0.123933315E+00-0.130991846E+00-0.137672916E+00-0.143878341E+00
-0.149502963E+00-0.154437542E+00-0.158571929E+00-0.161798626E+00-0.164016485E+00
-0.165134341E+00-0.165074170E+00-0.163773865E+00-0.161188960E+00-0.157293558E+00
-0.152079970E+00-0.145557210E+00-0.137748435E+00-0.128687248E+00-0.118413173E+00
-0.106966399E+00-0.943820551E-01-0.806840509E-01-0.658787042E-01-0.499479324E-01
-0.328418799E-01-0.152086504E-01 0.295182643E-02 0.216699056E-01 0.409964658E-01
 0.610028841E-01 0.817851573E-01 0.103470661E+00 0.126227915E+00 0.150280625E+00
 0.175929233E+00 0.203586787E+00 0.233847886E+00 0.267642736E+00 0.303261966E+00
 0.576955453E-01 0.531910844E-01 0.467727073E-01 0.398933403E-01 0.331539735E-01
 0.264843889E-01 0.198181178E-01 0.131011233E-01 0.629182672E-02-0.641199411E-03
-0.772170769E-02-0.149677442E-01-0.223929733E-01-0.300074201E-01-0.378178470E-01
-0.458287373E-01-0.538362935E-01-0.618780106E-01-0.699814036E-01-0.781634673E-01
-0.864299610E-01-0.947745815E-01-0.103178076E+00-0.111607417E+00-0.120015197E+00
-0.128339216E+00-0.136502594E+00-0.144414172E+00-0.151969865E+00-0.159054309E+00
-0.165543631E+00-0.171308577E+00-0.176218465E+00-0.180145606E+00-0.182969749E+00
-0.184582800E+00-0.184892803E+00-0.183827549E+00-0.181336999E+00-0.177394450E+00
-0.171996430E+00-0.165161029E+00-0.156924799E+00-0.147338510E+00-0.136461720E+00
-0.124356680E+00-0.111081555E+00-0.966836065E-01-0.811922699E-01-0.646130666E-01
-0.469236337E-01-0.280757900E-01-0.879475288E-02 0.110046417E-01 0.314008445E-01
 0.524853729E-01 0.743754506E-01 0.972255841E-01 0.121241421E+00 0.146698549E+00
 0.173968747E+00 0.203555137E+00 0.236132964E+00 0.272575766E+00 0.311975300E+00
 0.483080819E-01 0.434494875E-01 0.369043872E-01 0.303350091E-01 0.240283832E-01
 0.177996662E-01 0.115331775E-01 0.515718246E-02-0.137455272E-02-0.809351820E-02
-0.150224790E-01-0.221789125E-01-0.295768213E-01-0.372269414E-01-0.451337770E-01
-0.530992337E-01-0.611648746E-01-0.693642497E-01-0.777220130E-01-0.862528607E-01
-0.949602425E-01-0.103835098E+00-0.112854548E+00-0.121980630E+00-0.131159306E+00
-0.140319720E+00-0.149373963E+00-0.158217445E+00-0.166729972E+00-0.174777791E+00
-0.182216480E+00-0.188894689E+00-0.194658861E+00-0.199358493E+00-0.202851728E+00
-0.205011100E+00-0.205728695E+00-0.204920664E+00-0.202530399E+00-0.198530316E+00
-0.192921728E+00-0.185733065E+00-0.177016318E+00-0.166841909E+00-0.155292317E+00
-0.142454728E+00-0.128413022E+00-0.113239147E+00-0.969836712E-01-0.796647146E-01
-0.612527803E-01-0.416456796E-01-0.215311404E-01-0.909017515E-03 0.202573631E-01
 0.420364514E-01 0.645284206E-01 0.878695399E-01 0.112240978E+00 0.137882933E+00
 0.165116265E+00 0.194376022E+00 0.226264119E+00 0.261626363E+00 0.299846143E+00
 0.356632955E-01 0.299332198E-01 0.245195702E-01 0.193329304E-01 0.141086280E-01
 0.870634243E-02 0.307650398E-02-0.280599250E-02-0.895710476E-02-0.153887831E-01
-0.221114382E-01-0.291358512E-01-0.364757515E-01-0.441528372E-01-0.519533567E-01
-0.599154420E-01-0.680757016E-01-0.764652565E-01-0.851074457E-01-0.940159410E-01
-0.103193082E+00-0.112628110E+00-0.122295462E+00-0.132153079E+00-0.142140970E+00
-0.152180105E+00-0.162171826E+00-0.171997994E+00-0.181522027E+00-0.190590963E+00
-0.199038699E+00-0.206690311E+00-0.213367581E+00-0.218895182E+00-0.223107576E+00
-0.225855902E+00-0.227014542E+00-0.226486608E+00-0.224208131E+00-0.220150352E+00
-0.214319840E+00-0.206756547E+00-0.197529614E+00-0.186731517E+00-0.174470589E+00
-0.160862744E+00-0.146022528E+00-0.130054101E+00-0.113042481E+00-0.950452834E-01
-0.760857388E-01-0.561488532E-01-0.351863317E-01-0.138547113E-01 0.785961375E-02
 0.300042685E-01 0.526492558E-01 0.758846998E-01 0.998221487E-01 0.124597467E+00
 0.150375023E+00 0.177354634E+00 0.205789432E+00 0.236064970E+00 0.268171728E+00
 0.217818003E-01 0.147574237E-01 0.113200378E-01 0.824289117E-02 0.436602999E-02
-0.885307745E-04-0.501572154E-02-0.103636300E-01-0.161049534E-01-0.222248640E-01
-0.287152231E-01-0.355713516E-01-0.427894630E-01-0.503627695E-01-0.581189319E-01
-0.661142245E-01-0.743923113E-01-0.829871893E-01-0.919234529E-01-0.101215407E+00
-0.110865422E+00-0.120862074E+00-0.131178096E+00-0.141768247E+00-0.152567491E+00
-0.163489446E+00-0.174425423E+00-0.185244277E+00-0.195793346E+00-0.205900550E+00
-0.215377882E+00-0.224026352E+00-0.231642187E+00-0.238024279E+00-0.242982179E+00
-0.246344432E+00-0.247966483E+00-0.247737452E+00-0.245585322E+00-0.241479859E+00
-0.235433027E+00-0.227496818E+00-0.217758521E+00-0.206333965E+00-0.193359017E+00
-0.178980127E+00-0.163344517E+00-0.146590471E+00-0.128838375E+00-0.110182881E+00
-0.906866938E-01-0.703766197E-01-0.492428206E-01-0.272424445E-01-0.513984310E-02
 0.171341840E-01 0.396282524E-01 0.623825304E-01 0.854296833E-01 0.108788610E+00
 0.132449567E+00 0.156343624E+00 0.180277810E+00 0.203792512E+00 0.225925162E+00
 0.121675935E-01 0.469438219E-02 0.174498418E-02-0.700008532E-03-0.389114697E-02
-0.772741251E-02-0.121327043E-01-0.170529410E-01-0.224516187E-01-0.283044707E-01
-0.345951430E-01-0.413121022E-01-0.484474152E-01-0.558398105E-01-0.635260046E-01
-0.715451911E-01-0.799339712E-01-0.887236446E-01-0.979381204E-01-0.107591793E+00
-0.117687307E+00-0.128213152E+00-0.139141068E+00-0.150423601E+00-0.161991715E+00
-0.173752770E+00-0.185589239E+00-0.197358206E+00-0.208892107E+00-0.220000833E+00
-0.230475485E+00-0.240093738E+00-0.248626977E+00-0.255848587E+00-0.261543334E+00
-0.265517145E+00-0.267606288E+00-0.267685562E+00-0.265674472E+00-0.261540949E+00
-0.255301982E+00-0.247021288E+00-0.236804038E+00-0.224789143E+00-0.211139679E+00
-0.196032211E+00-0.179645792E+00-0.162151232E+00-0.143701181E+00-0.124421179E+00
-0.104401357E+00-0.836879313E-01-0.622716025E-01-0.400665440E-01-0.178271737E-01
 0.439878646E-02 0.265938118E-01 0.487423912E-01 0.708160177E-01 0.927600712E-01
 0.114477515E+00 0.135806426E+00 0.156491414E+00 0.176157683E+00 0.194315091E+00
 0.588524016E-02-0.178123044E-02-0.502469903E-02-0.732330093E-02-0.102519346E-01
-0.137859220E-01-0.178918019E-01-0.225395598E-01-0.277053844E-01-0.333716385E-01
-0.395248607E-01-0.461510606E-01-0.530778617E-01-0.603400432E-01-0.679737851E-01
-0.760155395E-01-0.844999030E-01-0.934573337E-01-0.102911815E+00-0.112878352E+00
-0.123360321E+00-0.134346679E+00-0.145808950E+00-0.157698393E+00-0.169943064E+00
-0.182445556E+00-0.195081115E+00-0.207696974E+00-0.220112771E+00-0.232122645E+00
-0.243499190E+00-0.253999174E+00-0.263371348E+00-0.271365821E+00-0.277744412E+00
-0.282291859E+00-0.284826338E+00-0.285208851E+00-0.283350557E+00-0.279217035E+00
-0.272829443E+00-0.264261782E+00-0.253635436E+00-0.241110295E+00-0.226874247E+00
-0.211131394E+00-0.194089934E+00-0.175950542E+00-0.156895995E+00-0.137082189E+00
-0.116631046E+00-0.956256539E-01-0.741086006E-01-0.520871095E-01-0.295556225E-01
-0.733229844E-02 0.145987412E-01 0.362178273E-01 0.574788526E-01 0.783076882E-01
 0.985962525E-01 0.118195608E+00 0.136911243E+00 0.154505506E+00 0.170712650E+00
 0.137198158E-02-0.644233916E-02-0.967703387E-02-0.119467638E-01-0.147897732E-01
-0.181967933E-01-0.221548099E-01-0.266518667E-01-0.316798203E-01-0.372364707E-01
-0.433286503E-01-0.497515127E-01-0.565308370E-01-0.636994913E-01-0.712935403E-01
-0.793496594E-01-0.879029185E-01-0.969845504E-01-0.106619582E+00-0.116824232E+00
-0.127603099E+00-0.138946056E+00-0.150825098E+00-0.163190961E+00-0.175970122E+00
-0.189061895E+00-0.202336416E+00-0.215633586E+00-0.228763238E+00-0.241507262E+00
-0.253623515E+00-0.264851928E+00-0.274922878E+00-0.283567131E+00-0.290527374E+00
-0.295570433E+00-0.298498869E+00-0.299161613E+00-0.297462106E+00-0.293363184E+00
-0.286888629E+00-0.278120428E+00-0.267192662E+00-0.254282236E+00-0.239597246E+00
-0.223364383E+00-0.205815807E+00-0.187176794E+00-0.167654723E+00-0.147429749E+00
-0.126647219E+00-0.105411679E+00-0.837811902E-01-0.617594980E-01-0.392788723E-01
-0.171419624E-01 0.456625409E-02 0.257881507E-01 0.464648493E-01 0.665235594E-01
 0.858716667E-01 0.104394570E+00 0.121957041E+00 0.138408780E+00 0.153594732E+00
-0.143203873E-02-0.932860933E-02-0.124846315E-01-0.147876479E-01-0.176375266E-01
-0.210144408E-01-0.249110535E-01-0.293255597E-01-0.342594944E-01-0.397165455E-01
-0.457017943E-01-0.520161986E-01-0.587028898E-01-0.658035725E-01-0.733591467E-01
-0.814092234E-01-0.899908766E-01-0.991369337E-01-0.108873896E+00-0.119219385E+00
-0.130179301E+00-0.141744688E+00-0.153888300E+00-0.166561157E+00-0.179689199E+00
-0.193170235E+00-0.206871569E+00-0.220628768E+00-0.234245673E+00-0.247496337E+00
-0.260128975E+00-0.271872371E+00-0.282444239E+00-0.291561991E+00-0.298954844E+00
-0.304376572E+00-0.307618260E+00-0.308519423E+00-0.306977093E+00-0.302951157E+00
-0.296466082E+00-0.287608325E+00-0.276519984E+00-0.263389021E+00-0.248437211E+00
-0.231906593E+00-0.214045987E+00-0.195098057E+00-0.175287947E+00-0.154813901E+00
-0.133840293E+00-0.112492904E+00-0.908570066E-01-0.689788386E-01-0.468738750E-01
-0.245514903E-01-0.289375777E-02 0.181060564E-01 0.384214707E-01 0.580025464E-01
 0.767806023E-01 0.946717784E-01 0.111581162E+00 0.127408326E+00 0.142054483E+00
-0.217511971E-02-0.100023607E-01-0.134965926E-01-0.159834679E-01-0.189400576E-01
-0.223499723E-01-0.262273457E-01-0.305897724E-01-0.354520120E-01-0.408258624E-01
-0.467206389E-01-0.529493243E-01-0.595580712E-01-0.665914044E-01-0.740923807E-01
-0.821021497E-01-0.906589925E-01-0.997967422E-01-0.109542839E+00-0.119915850E+00
-0.130922616E+00-0.142555133E+00-0.154787034E+00-0.167570114E+00-0.180830792E+00
-0.194467023E+00-0.208345756E+00-0.222301513E+00-0.236136362E+00-0.249621674E+00
-0.262502104E+00-0.274501801E+00-0.285333157E+00-0.294707447E+00-0.302347332E+00
-0.307999998E+00-0.311450124E+00-0.312531650E+00-0.311137021E+00-0.307223022E+00
-0.300812662E+00-0.291992784E+00-0.280907631E+00-0.267749071E+00-0.252744198E+00
-0.236141652E+00-0.218197823E+00-0.199163586E+00-0.179272845E+00-0.158732951E+00
-0.137717545E+00-0.116361544E+00-0.947580859E-01-0.729565397E-01-0.509600863E-01
-0.287191719E-01-0.717381667E-02 0.136607243E-01 0.337550975E-01 0.530651771E-01
 0.715335906E-01 0.890925378E-01 0.105667509E+00 0.121182024E+00 0.135562912E+00
-0.127761054E-02-0.873001851E-02-0.129687320E-01-0.159246642E-01-0.189772844E-01
-0.223785136E-01-0.262070149E-01-0.305017456E-01-0.352868363E-01-0.405796655E-01
-0.463940315E-01-0.525440574E-01-0.590751618E-01-0.660305470E-01-0.734521821E-01
-0.813805312E-01-0.898534358E-01-0.989045054E-01-0.108561121E+00-0.118841931E+00
-0.129754081E+00-0.141290084E+00-0.153424338E+00-0.166109726E+00-0.179274067E+00
-0.192817047E+00-0.206607714E+00-0.220482916E+00-0.234247327E+00-0.247675046E+00
-0.260513455E+00-0.272489369E+00-0.283317447E+00-0.292710811E+00-0.300393313E+00
-0.306112468E+00-0.309652507E+00-0.310845941E+00-0.309582949E+00-0.305817246E+00
-0.299568236E+00-0.290918827E+00-0.280009121E+00-0.267027050E+00-0.252196044E+00
-0.235761747E+00-0.217978120E+00-0.199094415E+00-0.179343611E+00-0.158932865E+00
-0.138036340E+00-0.116790026E+00-0.952887312E-01-0.735840797E-01-0.516822152E-01
-0.295374207E-01-0.808902644E-02 0.126463035E-01 0.326383896E-01 0.518431664E-01
 0.702044368E-01 0.876567587E-01 0.104129195E+00 0.119549707E+00 0.133850142E+00
-0.194824487E-02-0.976269133E-02-0.129832085E-01-0.152276698E-01-0.179786328E-01
-0.212011542E-01-0.248986725E-01-0.290833544E-01-0.337682888E-01-0.389674678E-01
-0.446988530E-01-0.507790893E-01-0.572372898E-01-0.641081035E-01-0.714290068E-01
-0.792379230E-01-0.875710398E-01-0.964607820E-01-0.105933554E+00-0.116007335E+00
-0.126688898E+00-0.137970820E+00-0.149828166E+00-0.162215158E+00-0.175061852E+00
-0.188271195E+00-0.201716587E+00-0.215240479E+00-0.228654310E+00-0.241740108E+00
-0.254254133E+00-0.265932679E+00-0.276500195E+00-0.285679370E+00-0.293202668E+00
-0.298824996E+00-0.302335799E+00-0.303570449E+00-0.302419245E+00-0.298833132E+00
-0.292825937E+00-0.284472436E+00-0.273902774E+00-0.261293262E+00-0.246855125E+00
-0.230821446E+00-0.213434055E+00-0.194930777E+00-0.175534189E+00-0.155442089E+00
-0.134820357E+00-0.113797896E+00-0.924645886E-01-0.708728582E-01-0.490466133E-01
-0.270068049E-01-0.563469250E-02 0.150706507E-01 0.350791700E-01 0.543403327E-01
 0.727885365E-01 0.903471410E-01 0.106932700E+00 0.122459874E+00 0.136847109E+00
-0.339439401E-03-0.809570681E-02-0.111596454E-01-0.131317731E-01-0.156420451E-01
-0.186794586E-01-0.222329590E-01-0.262966715E-01-0.308679286E-01-0.359455384E-01
-0.415278077E-01-0.476086140E-01-0.540325642E-01-0.608320907E-01-0.680444986E-01
-0.757074431E-01-0.838563442E-01-0.925224647E-01-0.101730920E+00-0.111498535E+00
-0.121831283E+00-0.132721528E+00-0.144144952E+00-0.156057507E+00-0.168392301E+00
-0.181056932E+00-0.193931252E+00-0.206866175E+00-0.219683617E+00-0.232178047E+00
-0.244119883E+00-0.255260974E+00-0.265341967E+00-0.274101734E+00-0.281287968E+00
-0.286668777E+00-0.290044069E+00-0.291255772E+00-0.290196478E+00-0.286814719E+00
-0.281117231E+00-0.273167431E+00-0.263080209E+00-0.251014024E+00-0.237160206E+00
-0.221731111E+00-0.204947829E+00-0.187028110E+00-0.168175504E+00-0.148569807E+00
-0.128359199E+00-0.107653387E+00-0.865169615E-01-0.649610236E-01-0.429285057E-01
-0.212341584E-01 0.211707484E-04 0.207667872E-01 0.409348160E-01 0.604486763E-01
 0.792187527E-01 0.971420407E-01 0.114104755E+00 0.129987627E+00 0.144673586E+00
 0.272047659E-02-0.492216460E-02-0.753067248E-02-0.934368558E-02-0.117248362E-01
-0.146562178E-01-0.181230884E-01-0.221108999E-01-0.266073029E-01-0.316025354E-01
-0.370887443E-01-0.430583917E-01-0.495016314E-01-0.562510155E-01-0.633561686E-01
-0.708587542E-01-0.787943974E-01-0.871930346E-01-0.960781053E-01-0.105464846E+00
-0.115358196E+00-0.125750229E+00-0.136617467E+00-0.147918016E+00-0.159588933E+00
-0.171543732E+00-0.183670551E+00-0.195831090E+00-0.207860723E+00-0.219569907E+00
-0.230747387E+00-0.241165072E+00-0.250584751E+00-0.258766472E+00-0.265478075E+00
-0.270505369E+00-0.273662508E+00-0.274800986E+00-0.273817390E+00-0.270658284E+00
-0.265322328E+00-0.257859141E+00-0.248364881E+00-0.236975148E+00-0.223855719E+00
-0.209191918E+00-0.193177342E+00-0.176003039E+00-0.157847255E+00-0.138866723E+00
-0.119189195E+00-0.989073887E-01-0.780736282E-01-0.566941090E-01-0.347204879E-01
-0.130422981E-01 0.831613690E-02 0.293104351E-01 0.498761944E-01 0.699264482E-01
 0.893490389E-01 0.108005419E+00 0.125732526E+00 0.142349303E+00 0.157668844E+00
 0.811306201E-02 0.714294147E-03-0.202884292E-02-0.377099798E-02-0.611968385E-02
-0.904810615E-02-0.125237219E-01-0.165179893E-01-0.210089292E-01-0.259816181E-01
-0.314282812E-01-0.373493508E-01-0.437574089E-01-0.504446961E-01-0.574411713E-01
-0.647812113E-01-0.724941790E-01-0.806054845E-01-0.891354159E-01-0.980972275E-01
-0.107494809E+00-0.117320284E+00-0.127551436E+00-0.138149276E+00-0.149055630E+00
-0.160191134E+00-0.171453640E+00-0.182717443E+00-0.193833441E+00-0.204630539E+00
-0.214918479E+00-0.224492207E+00-0.233137742E+00-0.240639389E+00-0.246788129E+00
-0.251390368E+00-0.254276842E+00-0.255310446E+00-0.254392982E+00-0.251469523E+00
-0.246530280E+00-0.239609763E+00-0.230783224E+00-0.220160544E+00-0.207878277E+00
-0.194090292E+00-0.178957969E+00-0.162640288E+00-0.145284727E+00-0.127019256E+00
-0.107946128E+00-0.881376415E-01-0.676349849E-01-0.464509986E-01-0.245777294E-01
-0.285597704E-02 0.187350642E-01 0.401767977E-01 0.614172257E-01 0.823688284E-01
 0.102902152E+00 0.122837901E+00 0.141941562E+00 0.159926325E+00 0.176471055E+00
 0.153003559E-01 0.820674002E-02 0.556575926E-02 0.376715744E-02 0.127521309E-02
-0.182068464E-02-0.544997025E-02-0.956506375E-02-0.141355041E-01-0.191426501E-01
-0.245761033E-01-0.304314308E-01-0.367083587E-01-0.434078909E-01-0.503363237E-01
-0.575507432E-01-0.650662258E-01-0.729025006E-01-0.810776576E-01-0.896043032E-01
-0.984865576E-01-0.107717626E+00-0.117277548E+00-0.127131075E+00-0.137225762E+00
-0.147490323E+00-0.157833412E+00-0.168143034E+00-0.178286880E+00-0.188113570E+00
-0.197455198E+00-0.206131026E+00-0.213952631E+00-0.220729917E+00-0.226278186E+00
-0.230425552E+00-0.233020306E+00-0.233937681E+00-0.233085379E+00-0.230407327E+00
-0.225885451E+00-0.219539046E+00-0.211421788E+00-0.201616779E+00-0.190229729E+00
-0.177380919E+00-0.163196519E+00-0.147799537E+00-0.131301254E+00-0.113793142E+00
-0.953398943E-01-0.759740621E-01-0.556942746E-01-0.344724394E-01-0.130116027E-01
 0.865822844E-02 0.305246003E-01 0.525717437E-01 0.747664198E-01 0.970433205E-01
 0.119285740E+00 0.141298592E+00 0.162773937E+00 0.183259651E+00 0.202164099E+00
 0.249962062E-01 0.183918811E-01 0.158613641E-01 0.135321533E-01 0.104873329E-01
 0.693449937E-02 0.295501854E-02-0.141404243E-02-0.615428342E-02-0.112562515E-01
-0.167150665E-01-0.225279015E-01-0.286918245E-01-0.352009200E-01-0.420416258E-01
-0.492390506E-01-0.566239096E-01-0.642287210E-01-0.720786452E-01-0.801907927E-01
-0.885723159E-01-0.972191766E-01-0.106114760E+00-0.115228452E+00-0.124514319E+00
-0.133909836E+00-0.143335119E+00-0.152692452E+00-0.161866724E+00-0.170726568E+00
-0.179126516E+00-0.186910182E+00-0.193914488E+00-0.199974671E+00-0.204930097E+00
-0.208630323E+00-0.210941121E+00-0.211750045E+00-0.210970908E+00-0.208547056E+00
-0.204452723E+00-0.198692650E+00-0.191299811E+00-0.182331145E+00-0.171862051E+00
-0.159979343E+00-0.146773636E+00-0.132331088E+00-0.116724789E+00-0.100005835E+00
-0.821931288E-01-0.632598996E-01-0.431105196E-01-0.224539693E-01-0.130451063E-02
 0.203492008E-01 0.425345525E-01 0.652865171E-01 0.886389017E-01 0.112612441E+00
 0.137194827E+00 0.162302941E+00 0.187704310E+00 0.212845013E+00 0.236564964E+00
 0.391874015E-01 0.339346193E-01 0.293313954E-01 0.251615196E-01 0.210424438E-01
 0.167862196E-01 0.123240082E-01 0.762231275E-02 0.266172457E-02-0.257025915E-02
-0.808221195E-02-0.138801746E-01-0.199684091E-01-0.263501219E-01-0.330290124E-01
-0.400135666E-01-0.473130569E-01-0.547302216E-01-0.622964054E-01-0.700360090E-01
-0.779591426E-01-0.860645920E-01-0.943391770E-01-0.102757186E+00-0.111279532E+00
-0.119852893E+00-0.128409058E+00-0.136864707E+00-0.145121738E+00-0.153068259E+00
-0.160580501E+00-0.167525336E+00-0.173763782E+00-0.179155037E+00-0.183561206E+00
-0.186852068E+00-0.188909978E+00-0.189634264E+00-0.188944876E+00-0.186784983E+00
-0.183122158E+00-0.177948132E+00-0.171276912E+00-0.163141459E+00-0.153589025E+00
-0.142675295E+00-0.130457819E+00-0.116988748E+00-0.102307320E+00-0.864325538E-01
-0.693573654E-01-0.510476045E-01-0.314562917E-01-0.113043981E-01 0.950231310E-02
 0.310506132E-01 0.534368157E-01 0.767753199E-01 0.101204097E+00 0.126889527E+00
 0.154031739E+00 0.182873115E+00 0.213719711E+00 0.247036353E+00 0.282811373E+00
 0.511192493E-01 0.465683341E-01 0.415574722E-01 0.365857221E-01 0.317726322E-01
 0.269839801E-01 0.221269373E-01 0.171414316E-01 0.119884368E-01 0.664198445E-02
 0.108432258E-02-0.469699875E-02-0.107109910E-01-0.169645771E-01-0.234637856E-01
-0.302149262E-01-0.372251831E-01-0.445043147E-01-0.518317446E-01-0.592625551E-01
-0.667960346E-01-0.744324997E-01-0.821608305E-01-0.899597853E-01-0.977973863E-01
-0.105629869E+00-0.113400929E+00-0.121041447E+00-0.128469765E+00-0.135592505E+00
-0.142306179E+00-0.148499206E+00-0.154054776E+00-0.158854023E+00-0.162779793E+00
-0.165720344E+00-0.167573243E+00-0.168248788E+00-0.167672887E+00-0.165789083E+00
-0.162559554E+00-0.157964915E+00-0.152002752E+00-0.144684970E+00-0.136033937E+00
-0.126077622E+00-0.114843875E+00-0.102353685E+00-0.886133462E-01-0.736044496E-01
-0.572693311E-01-0.394857191E-01-0.209346060E-01-0.160314178E-02 0.185754355E-01
 0.397030860E-01 0.619152598E-01 0.853870362E-01 0.110344760E+00 0.137083843E+00
 0.165995345E+00 0.197606832E+00 0.232646212E+00 0.272134572E+00 0.315331936E+00
 0.610982291E-01 0.569731742E-01 0.520708449E-01 0.470149443E-01 0.420108289E-01
 0.370058008E-01 0.319512710E-01 0.268071555E-01 0.215425286E-01 0.161342919E-01
 0.105654150E-01 0.482342113E-02-0.110076717E-02-0.721362140E-02-0.135194538E-01
-0.200204104E-01-0.267156865E-01-0.335994028E-01-0.406554937E-01-0.479129851E-01
-0.551556274E-01-0.624276884E-01-0.697129071E-01-0.769946277E-01-0.842498988E-01
-0.914459080E-01-0.985389128E-01-0.105473958E+00-0.112185076E+00-0.118596122E+00
-0.124622107E+00-0.130170941E+00-0.135145709E+00-0.139447153E+00-0.142976597E+00
-0.145638868E+00-0.147345215E+00-0.148015991E+00-0.147582889E+00-0.145990446E+00
-0.143196836E+00-0.139173716E+00-0.133905098E+00-0.127385139E+00-0.119615197E+00
-0.110599861E+00-0.100342453E+00-0.888400376E-01-0.760784596E-01-0.620279536E-01
-0.466404408E-01-0.298494771E-01-0.123564824E-01 0.594820594E-02 0.251726061E-01
 0.454421751E-01 0.669124722E-01 0.897819102E-01 0.114308015E+00 0.140830100E+00
 0.169801220E+00 0.201831326E+00 0.237737492E+00 0.278577179E+00 0.323264748E+00
 0.700750276E-01 0.663115084E-01 0.616818182E-01 0.567435995E-01 0.517653711E-01
 0.467326604E-01 0.416279919E-01 0.364344977E-01 0.311372150E-01 0.257235076E-01
 0.201830752E-01 0.145077836E-01 0.869146548E-02 0.272979168E-02-0.337976613E-02
-0.963782892E-02-0.160428770E-01-0.225910023E-01-0.292761028E-01-0.360919870E-01
-0.430216715E-01-0.500899181E-01-0.570595376E-01-0.639384836E-01-0.707247779E-01
-0.773996189E-01-0.839329883E-01-0.902840197E-01-0.964012817E-01-0.102224141E+00
-0.107684113E+00-0.112706333E+00-0.117211379E+00-0.121117234E+00-0.124341525E+00
-0.126803696E+00-0.128427267E+00-0.129141852E+00-0.128884807E+00-0.127602369E+00
-0.125250235E+00-0.121793337E+00-0.117204882E+00-0.111464635E+00-0.104556352E+00
-0.964644328E-01-0.871698856E-01-0.766456723E-01-0.648521930E-01-0.517345928E-01
-0.372275598E-01-0.219492298E-01-0.587487407E-02 0.110542113E-01 0.289206654E-01
 0.478306301E-01 0.679177940E-01 0.893507227E-01 0.112343952E+00 0.137174487E+00
 0.164207518E+00 0.193940103E+00 0.227086365E+00 0.264770299E+00 0.304956466E+00
 0.786572024E-01 0.752519220E-01 0.708665103E-01 0.660965443E-01 0.612144060E-01
 0.562265329E-01 0.511382371E-01 0.459523052E-01 0.406690650E-01 0.352870226E-01
 0.298036747E-01 0.242162049E-01 0.185220484E-01 0.127192931E-01 0.680698222E-02
 0.785331067E-03-0.534415152E-02-0.115787070E-01-0.179146621E-01-0.243482161E-01
-0.308765564E-01-0.375030488E-01-0.442347713E-01-0.507914126E-01-0.572160520E-01
-0.634841248E-01-0.695780590E-01-0.754709840E-01-0.811224207E-01-0.864847302E-01
-0.915038064E-01-0.961196274E-01-0.100267969E+00-0.103881948E+00-0.106893510E+00
-0.109235026E+00-0.110841036E+00-0.111649781E+00-0.111604452E+00-0.110653892E+00
-0.108752929E+00-0.105862089E+00-0.101946749E+00-0.969757065E-01-0.909189805E-01
-0.837448090E-01-0.754153058E-01-0.658799857E-01-0.550646521E-01-0.428504832E-01
-0.298899412E-01-0.161833894E-01-0.170511915E-02 0.135897519E-01 0.297614858E-01
 0.468843356E-01 0.650466010E-01 0.843514502E-01 0.104917899E+00 0.126881137E+00
 0.150390834E+00 0.175603569E+00 0.202656150E+00 0.231530055E+00 0.260442168E+00
 0.871613845E-01 0.841231570E-01 0.799772888E-01 0.753543004E-01 0.705441460E-01
 0.655844957E-01 0.605067387E-01 0.553319454E-01 0.500725545E-01 0.447349958E-01
 0.393219665E-01 0.338341035E-01 0.282711145E-01 0.226325821E-01 0.169184934E-01
 0.111296037E-01 0.526766758E-02-0.664424617E-03-0.666259835E-02-0.127215413E-01
-0.188344754E-01-0.249923971E-01-0.311810281E-01-0.373746417E-01-0.436062813E-01
-0.495803058E-01-0.553505234E-01-0.609200075E-01-0.662375018E-01-0.712675750E-01
-0.759710297E-01-0.802993923E-01-0.842016786E-01-0.876249224E-01-0.905140191E-01
-0.928125754E-01-0.944649726E-01-0.954178199E-01-0.956206322E-01-0.950261503E-01
-0.935902074E-01-0.912713557E-01-0.880300924E-01-0.838277861E-01-0.786253288E-01
-0.723816231E-01-0.650522411E-01-0.565884672E-01-0.469380431E-01-0.360513292E-01
-0.246095248E-01-0.125393169E-01 0.211499195E-03 0.136881024E-01 0.279338565E-01
 0.429912917E-01 0.589006245E-01 0.756959990E-01 0.933986828E-01 0.112005197E+00
 0.131466359E+00 0.151649311E+00 0.172267303E+00 0.192743361E+00 0.211965472E+00
 0.959805250E-01 0.933620259E-01 0.894258171E-01 0.847955868E-01 0.799012184E-01
 0.748580173E-01 0.697231218E-01 0.645239875E-01 0.592737868E-01 0.539783873E-01
 0.486398153E-01 0.432581976E-01 0.378328785E-01 0.323631801E-01 0.268488936E-01
 0.212906189E-01 0.156900212E-01 0.100500323E-01 0.437505264E-02-0.132881850E-02
-0.705340970E-02-0.127879074E-01-0.185180325E-01-0.242254287E-01-0.298886988E-01
-0.354666933E-01-0.409644619E-01-0.464264080E-01-0.515421107E-01-0.563598536E-01
-0.608767867E-01-0.650340021E-01-0.687946603E-01-0.721231177E-01-0.749774501E-01
-0.773082376E-01-0.790680051E-01-0.802121237E-01-0.806980208E-01-0.804843605E-01
-0.795303881E-01-0.777951330E-01-0.752365217E-01-0.718102902E-01-0.674687773E-01
-0.621600077E-01-0.558275282E-01-0.484109782E-01-0.398446992E-01-0.307250172E-01
-0.210425630E-01-0.107725896E-01 0.112834343E-03 0.116402572E-01 0.238320958E-01
 0.367035903E-01 0.502585545E-01 0.644832775E-01 0.793378577E-01 0.947439447E-01
 0.110567585E+00 0.126596346E+00 0.142512351E+00 0.157871574E+00 0.172118455E+00
 0.106297515E+00 0.104666471E+00 0.999842584E-01 0.945336670E-01 0.892116204E-01
 0.839272738E-01 0.786622912E-01 0.734080672E-01 0.681584626E-01 0.629082099E-01
 0.576526001E-01 0.523875020E-01 0.471095107E-01 0.418161079E-01 0.365058072E-01
 0.311782919E-01 0.258345474E-01 0.204769913E-01 0.151096089E-01 0.973813329E-02
 0.437025260E-02-0.984143582E-03-0.631272746E-02-0.116006313E-01-0.168305952E-01
-0.219831336E-01-0.270415265E-01-0.319856964E-01-0.367734954E-01-0.414108932E-01
-0.459481627E-01-0.500398725E-01-0.537402518E-01-0.570597574E-01-0.599759780E-01
-0.624154098E-01-0.643380955E-01-0.657132566E-01-0.665110946E-01-0.667001754E-01
-0.662465319E-01-0.651128814E-01-0.632574931E-01-0.606324226E-01-0.571811534E-01
-0.528363846E-01-0.475205146E-01-0.411574058E-01-0.343167186E-01-0.269786473E-01
-0.191248581E-01-0.107357269E-01-0.179158698E-02 0.772480061E-02 0.178250615E-01
 0.285112187E-01 0.397707596E-01 0.515706651E-01 0.638504028E-01 0.765140355E-01
 0.894220695E-01 0.102384433E+00 0.115157545E+00 0.127450123E+00 0.138942704E+00
 0.115200967E+00 0.114188708E+00 0.109422833E+00 0.103532717E+00 0.978950188E-01
 0.924258605E-01 0.870706290E-01 0.817951113E-01 0.765767395E-01 0.713996217E-01
 0.662520453E-01 0.611251853E-01 0.560124069E-01 0.509089306E-01 0.458116308E-01
 0.407189503E-01 0.356308669E-01 0.305488985E-01 0.254761409E-01 0.204173382E-01
 0.153789530E-01 0.103692664E-01 0.539842900E-02 0.478467176E-03-0.437679701E-02
-0.915191323E-02-0.138300937E-01-0.183923915E-01-0.228170473E-01-0.270839967E-01
-0.311671775E-01-0.350114554E-01-0.386059918E-01-0.419692770E-01-0.451628678E-01
-0.477902032E-01-0.499083437E-01-0.515315831E-01-0.526537411E-01-0.532577820E-01
-0.533198416E-01-0.528104343E-01-0.516937077E-01-0.499246716E-01-0.474430062E-01
-0.441599488E-01-0.399295092E-01-0.352959484E-01-0.302339420E-01-0.247254800E-01
-0.187532715E-01-0.122984992E-01-0.534123881E-02 0.213743700E-02 0.101520829E-01
 0.187084395E-01 0.277981628E-01 0.373930484E-01 0.474393144E-01 0.578526258E-01
 0.685147643E-01 0.792731047E-01 0.899440199E-01 0.100321412E+00 0.110190488E+00
 0.122118495E+00 0.121447429E+00 0.116921134E+00 0.111102261E+00 0.105478585E+00
 0.100026138E+00 0.947120786E-01 0.895078108E-01 0.843900144E-01 0.793401897E-01
 0.743438527E-01 0.693897679E-01 0.644694269E-01 0.595765486E-01 0.547068380E-01
 0.498577431E-01 0.450283289E-01 0.402192026E-01 0.354324616E-01 0.306716878E-01
 0.259419382E-01 0.212497767E-01 0.166032687E-01 0.120119834E-01 0.748697435E-02
 0.304075913E-02-0.131266133E-02-0.555766746E-02-0.967692491E-02-0.136514781E-01
-0.174598061E-01-0.210775062E-01-0.244839545E-01-0.276588462E-01-0.305709932E-01
-0.331494547E-01-0.353630260E-01-0.371930674E-01-0.386238731E-01-0.396393985E-01
-0.402222499E-01-0.403534323E-01-0.400124080E-01-0.391777158E-01-0.378290005E-01
-0.359530672E-01-0.335605443E-01-0.307302531E-01-0.274946187E-01-0.238611978E-01
-0.198219083E-01-0.153574515E-01-0.104403375E-01-0.503811240E-02 0.882358057E-03
 0.734922476E-02 0.143787721E-01 0.219679810E-01 0.300875828E-01 0.386768617E-01
 0.476413034E-01 0.568539277E-01 0.661607012E-01 0.753897429E-01 0.843634978E-01
 0.127803788E+00 0.127468973E+00 0.122990035E+00 0.117354915E+00 0.111909382E+00
 0.106624790E+00 0.101478741E+00 0.964486822E-01 0.915142521E-01 0.866581723E-01
 0.818663388E-01 0.771275461E-01 0.724331215E-01 0.677765757E-01 0.631533340E-01
 0.585604757E-01 0.539965853E-01 0.494616330E-01 0.449568704E-01 0.404848121E-01
 0.360491648E-01 0.316548347E-01 0.273079053E-01 0.230156351E-01 0.187864453E-01
 0.146299349E-01 0.105568981E-01 0.657936186E-02 0.271062576E-02-0.103470962E-02
-0.464067701E-02-0.809006579E-02-0.113648800E-01-0.144454679E-01-0.173088089E-01
-0.199281089E-01-0.222815387E-01-0.243521519E-01-0.261263344E-01-0.275925715E-01
-0.287407693E-01-0.295620784E-01-0.300491191E-01-0.301967151E-01-0.300032478E-01
-0.294727944E-01-0.286175497E-01-0.274574459E-01-0.260048639E-01-0.242596213E-01
-0.222069882E-01-0.198165793E-01-0.170420501E-01-0.138223134E-01-0.100853499E-01
-0.575557677E-02-0.764814322E-03 0.493450137E-02 0.113564888E-01 0.184722189E-01
 0.262053926E-01 0.344342142E-01 0.429995097E-01 0.517181195E-01 0.603994541E-01
 0.131929800E+00 0.131791279E+00 0.127739429E+00 0.122395247E+00 0.117233239E+00
 0.112230606E+00 0.107360460E+00 0.102599457E+00 0.979285315E-01 0.933324322E-01
 0.887991264E-01 0.843191892E-01 0.798853785E-01 0.754922777E-01 0.711359978E-01
 0.668140277E-01 0.625250116E-01 0.582686849E-01 0.540457703E-01 0.498579070E-01
 0.457076095E-01 0.415982418E-01 0.375340097E-01 0.335199237E-01 0.295618251E-01
 0.256663803E-01 0.218410902E-01 0.180943087E-01 0.144352475E-01 0.108739752E-01
 0.742139015E-02 0.408915617E-02 0.889612245E-03-0.216422370E-02-0.505875144E-02
-0.778044015E-02-0.103173992E-01-0.126601020E-01-0.148015339E-01-0.167371538E-01
-0.184648745E-01-0.199851766E-01-0.213013217E-01-0.224196613E-01-0.233498961E-01
-0.241050422E-01-0.247005299E-01-0.251515638E-01-0.254679006E-01-0.256484915E-01
-0.256759096E-01-0.255103037E-01-0.250831135E-01-0.242919661E-01-0.229998324E-01
-0.210429933E-01-0.182512328E-01-0.144778769E-01-0.963027403E-02-0.369104301E-02
 0.327318930E-02 0.111143962E-01 0.196167938E-01 0.285222642E-01 0.375642441E-01
 0.134883434E+00 0.134912089E+00 0.131176844E+00 0.126230925E+00 0.121491283E+00
 0.116897374E+00 0.112409636E+00 0.108004920E+00 0.103668518E+00 0.993902162E-01
 0.951624587E-01 0.909795240E-01 0.868370533E-01 0.827318132E-01 0.786615163E-01
 0.746246949E-01 0.706206039E-01 0.666491538E-01 0.627108216E-01 0.588066056E-01
 0.549380071E-01 0.511069745E-01 0.473159105E-01 0.435676426E-01 0.398654565E-01
 0.362130851E-01 0.326147266E-01 0.290750731E-01 0.255992971E-01 0.221930500E-01
 0.188624244E-01 0.156138754E-01 0.124540925E-01 0.938981865E-02 0.642754650E-02
 0.357304420E-02 0.830728386E-03-0.179689226E-02-0.430965750E-02-0.671012700E-02
-0.900393631E-02-0.112001598E-01-0.133116730E-01-0.153554380E-01-0.173525997E-01
-0.193281714E-01-0.213100016E-01-0.233266130E-01-0.254035443E-01-0.275579952E-01
-0.297910515E-01-0.320764109E-01-0.343442187E-01-0.364592448E-01-0.381964855E-01
-0.392294861E-01-0.391641818E-01-0.376324914E-01-0.343880840E-01-0.293440241E-01
-0.225704331E-01-0.142894480E-01-0.486842496E-02 0.522232847E-02 0.155088454E-01
 0.136319384E+00 0.136307865E+00 0.133003533E+00 0.128875852E+00 0.124811679E+00
 0.120770849E+00 0.116757214E+00 0.112773664E+00 0.108821414E+00 0.104900643E+00
 0.101011023E+00 0.971520096E-01 0.933231115E-01 0.895239636E-01 0.857543945E-01
 0.820144415E-01 0.783043355E-01 0.746244341E-01 0.709752291E-01 0.673572868E-01
 0.637712106E-01 0.602176413E-01 0.566972196E-01 0.532106236E-01 0.497585572E-01
 0.463418029E-01 0.429612286E-01 0.396178626E-01 0.363128968E-01 0.330477208E-01
 0.298239049E-01 0.266431402E-01 0.235071275E-01 0.204173792E-01 0.173749346E-01
 0.143799707E-01 0.114313196E-01 0.852593966E-02 0.565834902E-02 0.282004033E-02
-0.115252737E-05-0.282172509E-02-0.566320401E-02-0.855284743E-02-0.115242880E-01
-0.146179926E-01-0.178814046E-01-0.213684700E-01-0.251381844E-01-0.292514656E-01
-0.337651148E-01-0.387206078E-01-0.441234782E-01-0.499043241E-01-0.558388494E-01
-0.613741986E-01-0.654453039E-01-0.669926405E-01-0.655670762E-01-0.610916205E-01
-0.536616407E-01-0.435482077E-01-0.313516073E-01-0.182122998E-01-0.532667479E-02
 0.136964545E+00 0.136694685E+00 0.134292021E+00 0.131052092E+00 0.127647966E+00
 0.124154992E+00 0.120619290E+00 0.117066167E+00 0.113510102E+00 0.109959908E+00
 0.106421344E+00 0.102898411E+00 0.993941426E-01 0.959109366E-01 0.924507901E-01
 0.890153721E-01 0.856060237E-01 0.822237656E-01 0.788692459E-01 0.755427256E-01
 0.722440109E-01 0.689724833E-01 0.657270327E-01 0.625061244E-01 0.593077950E-01
 0.561297499E-01 0.529694036E-01 0.498239994E-01 0.466907024E-01 0.435666852E-01
 0.404491909E-01 0.373355635E-01 0.342231765E-01 0.311093144E-01 0.279909112E-01
 0.248642005E-01 0.217242390E-01 0.185643267E-01 0.153753236E-01 0.121448673E-01
 0.885648094E-02 0.548856566E-02 0.201325514E-02-0.160490011E-02-0.541045191E-02
-0.945882965E-02-0.138184289E-01-0.185730625E-01-0.238247588E-01-0.296967160E-01
-0.363358557E-01-0.439138412E-01-0.526250228E-01-0.626817271E-01-0.743196309E-01
-0.879003480E-01-0.992795378E-01-0.104584515E+00-0.104843058E+00-0.100601807E+00
-0.914465636E-01-0.777924657E-01-0.589972474E-01-0.389370732E-01-0.224532578E-01
 0.138658971E+00 0.138567626E+00 0.136348188E+00 0.133416444E+00 0.130402669E+00
 0.127322838E+00 0.124195166E+00 0.121035434E+00 0.117855996E+00 0.114666387E+00
 0.111474186E+00 0.108285621E+00 0.105106004E+00 0.101939894E+00 0.987912044E-01
 0.956631973E-01 0.925584137E-01 0.894786343E-01 0.864248276E-01 0.833970308E-01
 0.803943425E-01 0.774148777E-01 0.744557232E-01 0.715129897E-01 0.685818493E-01
 0.656566173E-01 0.627309233E-01 0.597978719E-01 0.568502620E-01 0.538808219E-01
 0.508824103E-01 0.478481799E-01 0.447716825E-01 0.416468158E-01 0.384676531E-01
 0.352281258E-01 0.319215134E-01 0.285397843E-01 0.250727851E-01 0.215072762E-01
 0.178258251E-01 0.140055092E-01 0.100164320E-01 0.581992045E-02 0.136631099E-02
-0.340791838E-02-0.858396944E-02-0.142660122E-01-0.205886588E-01-0.277276486E-01
-0.359149128E-01-0.454586819E-01-0.567668155E-01-0.703666210E-01-0.869123712E-01
-0.105241545E+00-0.117643885E+00-0.124040879E+00-0.124833807E+00-0.119784288E+00
-0.109058894E+00-0.917219073E-01-0.688933879E-01-0.486930460E-01-0.316243656E-01
 0.140356794E+00 0.140460223E+00 0.138433009E+00 0.135780886E+00 0.133087963E+00
 0.130353883E+00 0.127582535E+00 0.124779195E+00 0.121949978E+00 0.119101569E+00
 0.116240934E+00 0.113375150E+00 0.110511094E+00 0.107655257E+00 0.104813449E+00
 0.101990663E+00 0.991908386E-01 0.964167342E-01 0.936697796E-01 0.909499899E-01
 0.882558376E-01 0.855841711E-01 0.829301998E-01 0.802874491E-01 0.776478499E-01
 0.750018135E-01 0.723384991E-01 0.696460977E-01 0.669122264E-01 0.641243979E-01
 0.612704791E-01 0.583391525E-01 0.553202443E-01 0.522048883E-01 0.489854999E-01
 0.456554592E-01 0.422085747E-01 0.386383124E-01 0.349368043E-01 0.310936943E-01
 0.270948708E-01 0.229210332E-01 0.185461082E-01 0.139354030E-01 0.904337596E-02
 0.381073263E-02-0.183951121E-02-0.800772477E-02-0.148262801E-01-0.224733036E-01
-0.311957579E-01-0.413500816E-01-0.534738265E-01-0.683876202E-01-0.870412067E-01
-0.102855787E+00-0.113383941E+00-0.118775010E+00-0.118914522E+00-0.113767534E+00
-0.102223732E+00-0.835540593E-01-0.638876036E-01-0.468530096E-01-0.319445431E-01
 0.141797930E+00 0.142091334E+00 0.140387848E+00 0.138027817E+00 0.135651633E+00
 0.133252010E+00 0.130821437E+00 0.128356487E+00 0.125858024E+00 0.123330645E+00
 0.120781504E+00 0.118219353E+00 0.115653515E+00 0.113093145E+00 0.110546656E+00
 0.108021297E+00 0.105522864E+00 0.103055447E+00 0.100621298E+00 0.982206240E-01
 0.958514735E-01 0.935095549E-01 0.911881402E-01 0.888779536E-01 0.865671560E-01
 0.842414796E-01 0.818844736E-01 0.794779584E-01 0.770027190E-01 0.744393095E-01
 0.717690513E-01 0.689749420E-01 0.660425201E-01 0.629603788E-01 0.597203746E-01
 0.563173667E-01 0.527485311E-01 0.490123183E-01 0.451071598E-01 0.410300121E-01
 0.367748775E-01 0.323313437E-01 0.276831556E-01 0.228068382E-01 0.176702067E-01
 0.122307446E-01 0.643362571E-02 0.209211386E-03-0.653028581E-02-0.138954315E-01
-0.220263954E-01-0.311045405E-01-0.413800664E-01-0.533074439E-01-0.661063567E-01
-0.761744902E-01-0.831196457E-01-0.866626501E-01-0.867452249E-01-0.827904642E-01
-0.745959580E-01-0.618901737E-01-0.491814129E-01-0.370410942E-01-0.256540813E-01
 0.143063024E+00 0.143582329E+00 0.142110676E+00 0.140080243E+00 0.138065547E+00
 0.136032566E+00 0.133957744E+00 0.131829515E+00 0.129646942E+00 0.127416819E+00
 0.125150740E+00 0.122862563E+00 0.120566741E+00 0.118277006E+00 0.116005659E+00
 0.113763101E+00 0.111557566E+00 0.109394960E+00 0.107278742E+00 0.105209745E+00
 0.103185974E+00 0.101202361E+00 0.992504582E-01 0.973181427E-01 0.953894183E-01
 0.934442952E-01 0.914590284E-01 0.894066542E-01 0.872580484E-01 0.849833712E-01
 0.825539231E-01 0.799441189E-01 0.771332681E-01 0.741069466E-01 0.708575472E-01
 0.673840791E-01 0.636910275E-01 0.597866401E-01 0.556808785E-01 0.513832420E-01
 0.469008535E-01 0.422369204E-01 0.373895876E-01 0.323512740E-01 0.271083675E-01
 0.216413792E-01 0.159256365E-01 0.993288402E-02 0.363459089E-02-0.299126795E-02
-0.994591136E-02-0.171782486E-01-0.245129894E-01-0.315051302E-01-0.375766084E-01
-0.428963751E-01-0.469297096E-01-0.491548851E-01-0.493384711E-01-0.475236326E-01
-0.440473892E-01-0.386833847E-01-0.317036957E-01-0.239613838E-01-0.159955826E-01
 0.143764913E+00 0.144516349E+00 0.143428221E+00 0.141880140E+00 0.140360117E+00
 0.138781205E+00 0.137100354E+00 0.135307357E+00 0.133412436E+00 0.131436303E+00
 0.129403874E+00 0.127340376E+00 0.125269324E+00 0.123211369E+00 0.121183962E+00
 0.119201228E+00 0.117274150E+00 0.115410678E+00 0.113615818E+00 0.111891545E+00
 0.110236600E+00 0.108646013E+00 0.107110567E+00 0.105616033E+00 0.104142427E+00
 0.102663331E+00 0.101145640E+00 0.995499119E-01 0.978317112E-01 0.959440768E-01
 0.938411057E-01 0.914820507E-01 0.888353363E-01 0.858816132E-01 0.826152265E-01
 0.790437609E-01 0.751857832E-01 0.710672960E-01 0.667176917E-01 0.621659346E-01
 0.574376546E-01 0.525533631E-01 0.475277230E-01 0.423697606E-01 0.370837897E-01
 0.316710360E-01 0.261320397E-01 0.204701200E-01 0.146965031E-01 0.883791503E-02
 0.294750044E-02-0.288114371E-02-0.850190874E-02-0.137217883E-01-0.183366574E-01
-0.221540071E-01-0.249763671E-01-0.266239494E-01-0.269846953E-01-0.260351766E-01
-0.238244385E-01-0.204570834E-01-0.161198843E-01-0.110739889E-01-0.558527233E-02
 0.143338263E+00 0.144205809E+00 0.144050658E+00 0.143500298E+00 0.142775044E+00
 0.141779244E+00 0.140502289E+00 0.138988584E+00 0.137295425E+00 0.135478646E+00
 0.133588418E+00 0.131667763E+00 0.129752159E+00 0.127869979E+00 0.126043320E+00
 0.124289125E+00 0.122620188E+00 0.121045947E+00 0.119572930E+00 0.118204907E+00
 0.116942599E+00 0.115783118E+00 0.114718862E+00 0.113736123E+00 0.112813212E+00
 0.111918427E+00 0.111008093E+00 0.110025562E+00 0.108902037E+00 0.107560337E+00
 0.105921872E+00 0.103915952E+00 0.101489089E+00 0.986122563E-01 0.952842757E-01
 0.915306881E-01 0.873983279E-01 0.829467252E-01 0.782389194E-01 0.733337402E-01
 0.682812929E-01 0.631212592E-01 0.578835271E-01 0.525899939E-01 0.472570769E-01
 0.418985039E-01 0.365284383E-01 0.311649479E-01 0.258339848E-01 0.205738116E-01
 0.154395197E-01 0.105064604E-01 0.587070035E-02 0.164468272E-02-0.205117394E-02
-0.509763137E-02-0.738554727E-02-0.882683974E-02-0.936632603E-02-0.898965448E-02
-0.772532029E-02-0.564302085E-02-0.284925476E-02 0.523168244E-03 0.433176337E-02
 0.142777205E+00 0.143855214E+00 0.144790664E+00 0.145635441E+00 0.146259144E+00
 0.145714954E+00 0.144615248E+00 0.143149957E+00 0.141447395E+00 0.139606446E+00
 0.137705699E+00 0.135806069E+00 0.133952513E+00 0.132176712E+00 0.130500704E+00
 0.128939986E+00 0.127506033E+00 0.126207814E+00 0.125052780E+00 0.124047101E+00
 0.123195522E+00 0.122500561E+00 0.121961161E+00 0.121570393E+00 0.121312186E+00
 0.121156625E+00 0.121053971E+00 0.120928280E+00 0.120673217E+00 0.120155014E+00
 0.119226731E+00 0.117752008E+00 0.115629211E+00 0.112808339E+00 0.109298415E+00
 0.105165392E+00 0.100518875E+00 0.954887643E-01 0.902003199E-01 0.847577453E-01
 0.792392045E-01 0.736995786E-01 0.681760460E-01 0.626938716E-01 0.572713129E-01
 0.519236811E-01 0.466666967E-01 0.415193960E-01 0.365067162E-01 0.316617116E-01
 0.270271432E-01 0.226560850E-01 0.186109878E-01 0.149610769E-01 0.117781842E-01
 0.913158804E-02 0.708231702E-02 0.567737268E-02 0.494458154E-02 0.488897087E-02
 0.549130933E-02 0.670900242E-02 0.847932324E-02 0.107248258E-01 0.133602126E-01
 0.142835543E+00 0.144288450E+00 0.145922244E+00 0.147863731E+00 0.150072455E+00
 0.150830865E+00 0.149831936E+00 0.147964627E+00 0.145899832E+00 0.143754542E+00
 0.141631916E+00 0.139605090E+00 0.137715608E+00 0.135983557E+00 0.134418175E+00
 0.133024558E+00 0.131807134E+00 0.130771354E+00 0.129924431E+00 0.129275605E+00
 0.128836051E+00 0.128618270E+00 0.128635019E+00 0.128897205E+00 0.129410073E+00
 0.130166620E+00 0.131135762E+00 0.132242456E+00 0.133338928E+00 0.134181201E+00
 0.134453952E+00 0.133858308E+00 0.132188037E+00 0.129350871E+00 0.125372872E+00
 0.120408982E+00 0.114729971E+00 0.108642727E+00 0.102394290E+00 0.961419269E-01
 0.899735466E-01 0.839347541E-01 0.780479386E-01 0.723238513E-01 0.667684302E-01
 0.613869466E-01 0.561866239E-01 0.511784703E-01 0.463785492E-01 0.418087915E-01
 0.374973156E-01 0.334780961E-01 0.297898967E-01 0.264744479E-01 0.235739183E-01
 0.211278982E-01 0.191701800E-01 0.177256465E-01 0.168076158E-01 0.164160375E-01
 0.165367555E-01 0.171420127E-01 0.181921348E-01 0.196382180E-01 0.214254390E-01
 0.142686263E+00 0.144330591E+00 0.146248013E+00 0.148585498E+00 0.151461080E+00
 0.153358445E+00 0.153841138E+00 0.152860433E+00 0.150421739E+00 0.147583157E+00
 0.144991919E+00 0.142725363E+00 0.140760601E+00 0.139064446E+00 0.137611881E+00
 0.136387289E+00 0.135383308E+00 0.134599820E+00 0.134043217E+00 0.133726314E+00
 0.133668453E+00 0.133895889E+00 0.134441778E+00 0.135346308E+00 0.136656508E+00
 0.138424680E+00 0.140702665E+00 0.143523932E+00 0.146844313E+00 0.150307029E+00
 0.152911425E+00 0.153869078E+00 0.152909175E+00 0.149921805E+00 0.144878000E+00
 0.137950718E+00 0.129948914E+00 0.121905729E+00 0.114188112E+00 0.106862053E+00
 0.999176949E-01 0.933264866E-01 0.870585293E-01 0.810882971E-01 0.753962398E-01
 0.699690580E-01 0.647995844E-01 0.598865636E-01 0.552344471E-01 0.508530363E-01
 0.467570201E-01 0.429651923E-01 0.394994058E-01 0.363831557E-01 0.336399004E-01
 0.312911980E-01 0.293548014E-01 0.278428718E-01 0.267605130E-01 0.261047725E-01
 0.258642361E-01 0.260192584E-01 0.265428182E-01 0.274018925E-01 0.285591539E-01
 0.142051667E+00 0.143672943E+00 0.145463526E+00 0.147434399E+00 0.149573922E+00
 0.151812732E+00 0.153601512E+00 0.153968200E+00 0.152763098E+00 0.149855658E+00
 0.146928281E+00 0.144607693E+00 0.142721221E+00 0.141171917E+00 0.139905974E+00
 0.138893649E+00 0.138120577E+00 0.137583762E+00 0.137289807E+00 0.137254536E+00
 0.137504056E+00 0.138079092E+00 0.139033586E+00 0.140436187E+00 0.142378628E+00
 0.144985825E+00 0.148432389E+00 0.152973354E+00 0.159012124E+00 0.167161226E+00
 0.173328444E+00 0.176197186E+00 0.176171482E+00 0.172999188E+00 0.166548818E+00
 0.156335995E+00 0.143868446E+00 0.133360744E+00 0.124144807E+00 0.115857363E+00
 0.108278848E+00 0.101267695E+00 0.947295055E-01 0.885998458E-01 0.828341320E-01
 0.774016157E-01 0.722817779E-01 0.674621314E-01 0.629367754E-01 0.587052442E-01
 0.547715761E-01 0.511433370E-01 0.478305556E-01 0.448446162E-01 0.421970226E-01
 0.398981571E-01 0.379560590E-01 0.363753363E-01 0.351562724E-01 0.342942029E-01
 0.337792672E-01 0.335964859E-01 0.337261744E-01 0.341446660E-01 0.348252505E-01
 0.141021311E+00 0.142618641E+00 0.144222319E+00 0.145776972E+00 0.147250637E+00
 0.148618534E+00 0.149841413E+00 0.150850460E+00 0.150896400E+00 0.148941949E+00
 0.146687299E+00 0.144865945E+00 0.143382236E+00 0.142174900E+00 0.141212925E+00
 0.140478313E+00 0.139962733E+00 0.139666319E+00 0.139597371E+00 0.139772922E+00
 0.140219733E+00 0.140988246E+00 0.142142430E+00 0.143759757E+00 0.145946920E+00
 0.148852199E+00 0.152687356E+00 0.157766059E+00 0.164565369E+00 0.173640624E+00
 0.180724695E+00 0.184247434E+00 0.184572279E+00 0.181551293E+00 0.174937457E+00
 0.164171726E+00 0.151094317E+00 0.140084833E+00 0.130543008E+00 0.122045785E+00
 0.114332974E+00 0.107243977E+00 0.100675896E+00 0.945590287E-01 0.888437554E-01
 0.834938437E-01 0.784828886E-01 0.737922266E-01 0.694095120E-01 0.653275326E-01
 0.615432225E-01 0.580566898E-01 0.548702963E-01 0.519877002E-01 0.494129583E-01
 0.471496172E-01 0.451998971E-01 0.435639396E-01 0.422392525E-01 0.412202664E-01
 0.404981710E-01 0.400608815E-01 0.398932658E-01 0.399775244E-01 0.402936861E-01
 0.654664576E+00 0.668022394E+00 0.677785397E+00 0.689513028E+00 0.701937854E+00
 0.714867234E+00 0.728347600E+00 0.742426097E+00 0.756960809E+00 0.772118568E+00
 0.787854314E+00 0.804117441E+00 0.820985019E+00 0.838459730E+00 0.857003510E+00
 0.876028538E+00 0.895875394E+00 0.916576266E+00 0.938111067E+00 0.960589230E+00
 0.984023333E+00 0.100851440E+01 0.103401840E+01 0.106064093E+01 0.108851039E+01
 0.111758888E+01 0.114811850E+01 0.118006504E+01 0.121342564E+01 0.124849725E+01
 0.128517246E+01 0.132371581E+01 0.136443412E+01 0.140704060E+01 0.145180738E+01
 0.149887681E+01 0.154868281E+01 0.160137737E+01 0.165671432E+01 0.171496761E+01
 0.177670383E+01 0.184241235E+01 0.191182387E+01 0.198482239E+01 0.206238580E+01
 0.214542603E+01 0.223302627E+01 0.232575393E+01 0.242474389E+01 0.253023767E+01
 0.264178205E+01 0.276125836E+01 0.288836479E+01 0.302305508E+01 0.316807270E+01
 0.332108259E+01 0.348611712E+01 0.366236591E+01 0.385354519E+01 0.405798149E+01
 0.428386450E+01 0.453255558E+01 0.482055807E+01 0.521196270E+01 0.666041422E+01
   85  117
 0.112055898E+01-0.200000003E+00 0.110528314E+01-0.150000006E+00 0.108998704E+01
-0.500000007E-01 0.109891129E+01 0.500000007E-01 0.111314905E+01 0.100000001E+00
 0.113297844E+01 0.150000006E+00 0.115875006E+01 0.203597456E+00 0.118531251E+01
 0.250960499E+00 0.121633542E+01 0.300000012E+00 0.125021553E+01 0.349999994E+00
 0.128698623E+01 0.400000006E+00 0.131812501E+01 0.438391715E+00 0.134468746E+01
 0.469722331E+00 0.137210894E+01 0.500000000E+00 0.142049015E+01 0.550000012E+00
 0.145093751E+01 0.578103542E+00 0.147749996E+01 0.601297796E+00 0.153062499E+01
 0.642055571E+00 0.155718756E+01 0.660997272E+00 0.161031246E+01 0.693847954E+00
 0.163687503E+01 0.709126353E+00 0.169000006E+01 0.734656513E+00 0.172721684E+01
 0.750000000E+00 0.176968753E+01 0.765504539E+00 0.182281256E+01 0.778877974E+00
 0.187593746E+01 0.786742806E+00 0.192906249E+01 0.788372815E+00 0.198218751E+01
 0.781052709E+00 0.203531241E+01 0.755542397E+00 0.206187510E+01 0.728127241E+00
 0.208843756E+01 0.685573816E+00 0.211500001E+01 0.625994861E+00 0.214069319E+01
 0.550000012E+00 0.215709734E+01 0.500000000E+00 0.217348814E+01 0.449999988E+00
 0.219468760E+01 0.383720130E+00 0.222106576E+01 0.300000012E+00 0.223682570E+01
 0.250000000E+00 0.225169945E+01 0.200000003E+00 0.227398705E+01 0.100000001E+00
 0.228136086E+01 0.500000007E-01 0.228358293E+01-0.500000007E-01 0.227437496E+01
-0.123855419E+00 0.225823045E+01-0.200000003E+00 0.224400401E+01-0.250000000E+00
 0.222125006E+01-0.321316063E+00 0.219468760E+01-0.394468248E+00 0.217330194E+01
-0.449999988E+00 0.215196276E+01-0.500000000E+00 0.212867332E+01-0.550000012E+00
 0.210312104E+01-0.600000024E+00 0.207500529E+01-0.649999976E+00 0.204415751E+01
-0.699999988E+00 0.201052594E+01-0.750000000E+00 0.198218751E+01-0.788203359E+00
 0.195562506E+01-0.823351681E+00 0.192906249E+01-0.857001007E+00 0.189257550E+01
-0.899999976E+00 0.185179448E+01-0.949999988E+00 0.182281256E+01-0.983993411E+00
 0.179624999E+01-0.101506341E+01 0.176301599E+01-0.104999995E+01 0.172127140E+01
-0.110000002E+01 0.169000006E+01-0.113783383E+01 0.164905584E+01-0.118456388E+01
 0.163097322E+01-0.114999998E+01 0.159909773E+01-0.110000002E+01 0.156856537E+01
-0.104999995E+01 0.153836513E+01-0.100000000E+01 0.150810039E+01-0.949999988E+00
 0.147749996E+01-0.901179314E+00 0.145093751E+01-0.856199145E+00 0.142437506E+01
-0.810249805E+00 0.139781249E+01-0.763679683E+00 0.137125003E+01-0.716523826E+00
 0.134468746E+01-0.668690741E+00 0.131812501E+01-0.620025456E+00 0.129156256E+01
-0.570336640E+00 0.126499999E+01-0.519410789E+00 0.123843753E+01-0.467015415E+00
 0.121187496E+01-0.412872881E+00 0.118531251E+01-0.356516123E+00 0.116036606E+01
-0.300000012E+00 0.113940251E+01-0.250000000E+00 0.112055898E+01-0.200000003E+00
 0.101600003E+01 0.000000000E+00 0.101600003E+01 0.963999987E+00 0.101600003E+01
 0.967999995E+00 0.101600003E+01 0.100100005E+01 0.101600003E+01 0.101900005E+01
 0.101600003E+01 0.107700002E+01 0.101600003E+01 0.107000005E+01 0.101600003E+01
 0.109599996E+01 0.101600003E+01 0.111300004E+01 0.101600003E+01 0.113800001E+01
 0.101600003E+01 0.114699996E+01 0.101199996E+01 0.116499996E+01 0.100100005E+01
 0.121700001E+01 0.102900004E+01 0.121700001E+01 0.104200006E+01 0.116240001E+01
 0.104600000E+01 0.116237998E+01 0.105599999E+01 0.116260004E+01 0.109700000E+01
 0.116450000E+01 0.110800004E+01 0.116594005E+01 0.111600006E+01 0.116591001E+01
 0.113399994E+01 0.116895998E+01 0.114800000E+01 0.117174995E+01 0.116199994E+01
 0.117556000E+01 0.118099999E+01 0.118299997E+01 0.118200004E+01 0.118350005E+01
 0.118499994E+01 0.118499994E+01 0.119000006E+01 0.118799996E+01 0.119500005E+01
 0.119099998E+01 0.120099998E+01 0.119599998E+01 0.120899999E+01 0.120200002E+01
 0.121500003E+01 0.120799994E+01 0.122200000E+01 0.121399999E+01 0.122800004E+01
 0.122099996E+01 0.123399997E+01 0.123099995E+01 0.123899996E+01 0.123800004E+01
 0.124199998E+01 0.124399996E+01 0.124800003E+01 0.125399995E+01 0.125800002E+01
 0.127800000E+01 0.126300001E+01 0.128999996E+01 0.127999997E+01 0.133099997E+01
 0.127999997E+01 0.134700000E+01 0.127999997E+01 0.134800005E+01 0.130999994E+01
 0.134800005E+01 0.132799995E+01 0.134800005E+01 0.136099994E+01 0.134800005E+01
 0.138000000E+01 0.134800005E+01 0.141900003E+01 0.134800005E+01 0.141900003E+01
 0.130999994E+01 0.137199998E+01 0.130999994E+01 0.137167001E+01 0.129237998E+01
 0.137003005E+01 0.128268003E+01 0.136688006E+01 0.125644004E+01 0.136719000E+01
 0.122955000E+01 0.137178004E+01 0.119576001E+01 0.137223995E+01 0.119402003E+01
 0.138662004E+01 0.116487002E+01 0.138707995E+01 0.116420996E+01 0.140382004E+01
 0.115696001E+01 0.141127002E+01 0.115730000E+01 0.141857004E+01 0.116131997E+01
 0.142100000E+01 0.116400003E+01 0.148662996E+01 0.124049997E+01 0.149730003E+01
 0.123458004E+01 0.149761999E+01 0.123427999E+01 0.149744999E+01 0.123174000E+01
 0.149275005E+01 0.121329999E+01 0.149259996E+01 0.121061003E+01 0.149260998E+01
 0.120485997E+01 0.149278998E+01 0.120213997E+01 0.149339998E+01 0.119641995E+01
 0.149469995E+01 0.118510997E+01 0.149621999E+01 0.116069996E+01 0.147981000E+01
 0.112425995E+01 0.148081994E+01 0.112256002E+01 0.148149002E+01 0.112137997E+01
 0.148645997E+01 0.111691999E+01 0.149094999E+01 0.111439002E+01 0.150304997E+01
 0.111243999E+01 0.159696996E+01 0.109489000E+01 0.162549996E+01 0.108529997E+01
 0.163751996E+01 0.107988000E+01 0.164699996E+01 0.107700002E+01 0.178499997E+01
 0.107700002E+01 0.206999993E+01 0.103999996E+01 0.212800002E+01 0.992999971E+00
 0.224499989E+01 0.708999991E+00 0.233956003E+01 0.461430013E+00 0.234707999E+01
 0.415829986E+00 0.234912992E+01 0.272179991E+00 0.235103011E+01 0.170179993E+00
 0.235157990E+01 0.701199993E-01 0.235124993E+01-0.317899995E-01 0.235050988E+01
-0.144350007E+00 0.234964991E+01-0.214829996E+00 0.234870005E+01-0.326689988E+00
 0.234759998E+01-0.386770010E+00 0.234019995E+01-0.453040004E+00 0.232942009E+01
-0.477569997E+00 0.213400006E+01-0.972999990E+00 0.178600001E+01-0.117400002E+01
 0.176800001E+01-0.121099997E+01 0.176800001E+01-0.125000000E+01 0.168200004E+01
-0.125000000E+01 0.137199998E+01-0.125000000E+01 0.137199998E+01-0.132900000E+01
 0.141999996E+01-0.132900000E+01 0.141999996E+01-0.136300004E+01 0.127300000E+01
-0.136300004E+01 0.115300000E+01-0.136300004E+01 0.101600003E+01-0.122300005E+01
 0.101600003E+01-0.122300005E+01 0.101600003E+01-0.829999983E+00 0.101600003E+01
-0.800000012E+00 0.101600003E+01-0.414999992E+00 0.101600003E+01-0.400000006E+00
 0.101600003E+01-0.100000005E-02 0.101600003E+01 0.000000000E+00
    0 0.170000005E+01    1
 0.000000000E+00 0.000000000E+00 0.000000000E+00 0.000000000E+00 0.000000000E+00
 0.000000000E+00 0.000000000E+00 0.000000000E+00 0.000000000E+00 0.000000000E+00
 0.000000000E+00 0.000000000E+00 0.000000000E+00 0.000000000E+00 0.000000000E+00
 0.000000000E+00 0.000000000E+00 0.000000000E+00 0.000000000E+00 0.000000000E+00
 0.000000000E+00 0.000000000E+00 0.000000000E+00 0.000000000E+00 0.000000000E+00
 0.000000000E+00 0.000000000E+00 0.000000000E+00 0.000000000E+00 0.000000000E+00
 0.000000000E+00 0.000000000E+00 0.000000000E+00 0.000000000E+00 0.000000000E+00
 0.000000000E+00 0.000000000E+00 0.000000000E+00 0.000000000E+00 0.000000000E+00
 0.000000000E+00 0.000000000E+00 0.000000000E+00 0.000000000E+00 0.000000000E+00
 0.000000000E+00 0.000000000E+00 0.000000000E+00 0.000000000E+00 0.000000000E+00
 0.000000000E+00 0.000000000E+00 0.000000000E+00 0.000000000E+00 0.000000000E+00
 0.000000000E+00 0.000000000E+00 0.000000000E+00 0.000000000E+00 0.000000000E+00
 0.000000000E+00 0.000000000E+00 0.000000000E+00 0.000000000E+00 0.000000000E+00
 0.000000000E+00 0.743714049E-01 0.105978742E+00 0.130491555E+00 0.151433080E+00
 0.170169860E+00 0.187345847E+00 0.203351900E+00 0.218512043E+00 0.232938841E+00
 0.245548829E+00 0.259055793E+00 0.272091031E+00 0.284817249E+00 0.297266215E+00
 0.309517980E+00 0.321515679E+00 0.333300412E+00 0.345022053E+00 0.356589526E+00
 0.368061543E+00 0.379460603E+00 0.390771985E+00 0.402093440E+00 0.413363755E+00
 0.424572438E+00 0.435865462E+00 0.447146893E+00 0.458410054E+00 0.469765276E+00
 0.481137723E+00 0.492570788E+00 0.504128397E+00 0.515732706E+00 0.527434289E+00
 0.539231122E+00 0.551164627E+00 0.563277185E+00 0.575482428E+00 0.587831855E+00
 0.600369275E+00 0.613129795E+00 0.626084864E+00 0.639192820E+00 0.652539849E+00
 0.666203797E+00 0.680078030E+00 0.694212198E+00 0.708655536E+00 0.723431647E+00
 0.738508046E+00 0.753949285E+00 0.769771874E+00 0.785946548E+00 0.802600563E+00
 0.819624901E+00 0.837151885E+00 0.855158627E+00 0.873697400E+00 0.892741680E+00
 0.912459671E+00 0.932800353E+00 0.953912497E+00 0.976048827E+00 0.100000000E+01
    1
 0.000000000E+00 0.000000000E+00 0.000000000E+00 0.000000000E+00 0.000000000E+00
 0.000000000E+00 0.000000000E+00 0.000000000E+00 0.000000000E+00 0.000000000E+00
 0.000000000E+00 0.000000000E+00 0.000000000E+00 0.000000000E+00 0.000000000E+00
 0.000000000E+00 0.000000000E+00 0.000000000E+00 0.000000000E+00 0.000000000E+00
 0.000000000E+00 0.000000000E+00 0.000000000E+00 0.000000000E+00 0.000000000E+00
 0.000000000E+00 0.000000000E+00 0.000000000E+00 0.000000000E+00 0.000000000E+00
 0.000000000E+00 0.000000000E+00 0.000000000E+00 0.000000000E+00 0.000000000E+00
 0.000000000E+00 0.000000000E+00 0.000000000E+00 0.000000000E+00 0.000000000E+00
 0.000000000E+00 0.000000000E+00 0.000000000E+00 0.000000000E+00 0.000000000E+00
 0.000000000E+00 0.000000000E+00 0.000000000E+00 0.000000000E+00 0.000000000E+00
 0.000000000E+00 0.000000000E+00 0.000000000E+00 0.000000000E+00 0.000000000E+00
 0.000000000E+00 0.000000000E+00 0.000000000E+00 0.000000000E+00 0.000000000E+00
 0.000000000E+00 0.000000000E+00 0.000000000E+00 0.000000000E+00 0.000000000E+00
&BASIS
 EE2BDRY= 32*0.00000000      ,
 EEBDRY= 32*0.00000000      ,
 EEKNT= 32*0.00000000      ,
 EETENS=  5.00000000    ,
 FF2BDRY= 64*0.00000000      ,
 FFBDRY=  3.02371430    , -10.4910297    ,  7.46202230    , 61*0.00000000      ,
 FFKNT= 64*0.00000000      ,
 FFTENS=  0.00000000    ,
 KEE2BDRY= 32*0          ,
 KEEBDRY= 32*0          ,
 KEEFNC=          0,
 KEEKNT=          0,
 KFF2BDRY= 64*0          ,
 KFFBDRY= 64*0          ,
 KFFFNC=          0,
 KFFKNT=          0,
 KPP2BDRY= 64*0          ,
 KPPBDRY= 64*0          ,
 KPPFNC=          0,
 KPPKNT=          0,
 KWW2BDRY= 64*0          ,
 KWWBDRY= 64*0          ,
 KWWFNC=          0,
 KWWKNT=          0,
 PP2BDRY= 64*0.00000000      ,
 PPBDRY=  663303.875    , -452245.531    , 62*0.00000000      ,
 PPKNT= 64*0.00000000      ,
 PPTENS=  0.00000000    ,
 WW2BDRY= 64*0.00000000      ,
 WWBDRY= -1214.96765    ,  5494.21826    , 62*0.00000000      ,
 WWKNT= 64*0.00000000      ,
 WWTENS=  0.00000000    ,
 /
