  EFITD    01/21/2000    #180520  2763ms           7  65  65
 0.170000005E+01 0.320000005E+01 0.169550002E+01 0.839999974E+00 0.000000000E+00
 0.177191627E+01-0.719580427E-01-0.252178341E+00 0.122241210E-01-0.196861303E+01
 0.883434562E+06-0.252178341E+00 0.000000000E+00 0.177191627E+01 0.000000000E+00
-0.719580427E-01 0.000000000E+00 0.122241210E-01 0.000000000E+00 0.000000000E+00
-0.342651153E+01-0.342116499E+01-0.341602135E+01-0.341107678E+01-0.340632844E+01
-0.340177298E+01-0.339740705E+01-0.339322710E+01-0.338923001E+01-0.338541222E+01
-0.338177013E+01-0.337830019E+01-0.337499881E+01-0.337186241E+01-0.336888719E+01
-0.336606956E+01-0.336340570E+01-0.336089206E+01-0.335852432E+01-0.335629916E+01
-0.335421228E+01-0.335226011E+01-0.335043859E+01-0.334874368E+01-0.334717155E+01
-0.334571815E+01-0.334437943E+01-0.334315157E+01-0.334203029E+01-0.334101152E+01
-0.334009123E+01-0.333926535E+01-0.333852983E+01-0.333788037E+01-0.333731318E+01
-0.333682370E+01-0.333640814E+01-0.333606195E+01-0.333578157E+01-0.333556223E+01
-0.333540010E+01-0.333529091E+01-0.333523059E+01-0.333521485E+01-0.333523941E+01
-0.333530021E+01-0.333539319E+01-0.333551407E+01-0.333565855E+01-0.333582258E+01
-0.333600211E+01-0.333619261E+01-0.333639002E+01-0.333659053E+01-0.333678937E+01
-0.333698273E+01-0.333716631E+01-0.333733606E+01-0.333748770E+01-0.333761692E+01
-0.333771992E+01-0.333779216E+01-0.333782959E+01-0.333782816E+01-0.333778358E+01
 0.521208867E+05 0.512267539E+05 0.503351523E+05 0.494460820E+05 0.485595430E+05
 0.476755352E+05 0.467940586E+05 0.459151133E+05 0.450387031E+05 0.441648203E+05
 0.432934727E+05 0.424246562E+05 0.415583672E+05 0.406946133E+05 0.398333906E+05
 0.389746992E+05 0.381185391E+05 0.372649102E+05 0.364138125E+05 0.355652500E+05
 0.347192148E+05 0.338757148E+05 0.330347422E+05 0.321963027E+05 0.313603965E+05
 0.305270195E+05 0.296961758E+05 0.288678633E+05 0.280420820E+05 0.272188340E+05
 0.263981152E+05 0.255799297E+05 0.247642754E+05 0.239511523E+05 0.231405605E+05
 0.223325000E+05 0.215269727E+05 0.207239746E+05 0.199235098E+05 0.191255762E+05
 0.183301738E+05 0.175373047E+05 0.167469648E+05 0.159591582E+05 0.151738818E+05
 0.143911377E+05 0.136109258E+05 0.128332441E+05 0.120580947E+05 0.112854775E+05
 0.105153916E+05 0.974783691E+04 0.898281348E+04 0.822032227E+04 0.746036230E+04
 0.670293359E+04 0.594803711E+04 0.519567188E+04 0.444583838E+04 0.369853638E+04
 0.295376587E+04 0.221152710E+04 0.147181982E+04 0.734644104E+03 0.000000000E+00
-0.451885509E+01-0.434279394E+01-0.417010784E+01-0.400079632E+01-0.383485937E+01
-0.367229724E+01-0.351310992E+01-0.335729718E+01-0.320485902E+01-0.305579567E+01
-0.291010690E+01-0.276779270E+01-0.262885356E+01-0.249328876E+01-0.236109877E+01
-0.223228359E+01-0.210684299E+01-0.198477709E+01-0.186608589E+01-0.175076926E+01
-0.163882744E+01-0.153026032E+01-0.142506778E+01-0.132324994E+01-0.122480690E+01
-0.112973845E+01-0.103804469E+01-0.949725688E+00-0.864781320E+00-0.783211648E+00
-0.705016673E+00-0.630196333E+00-0.558750749E+00-0.490679830E+00-0.425983578E+00
-0.364662021E+00-0.306715161E+00-0.252142966E+00-0.200945482E+00-0.153122663E+00
-0.108674549E+00-0.676011071E-01-0.299023595E-01 0.442170305E-02 0.353710800E-01
 0.629457682E-01 0.871457756E-01 0.107971087E+00 0.125421718E+00 0.139497668E+00
 0.150198922E+00 0.157525495E+00 0.161477372E+00 0.162054569E+00 0.159257084E+00
 0.153084904E+00 0.143538043E+00 0.130616501E+00 0.114320263E+00 0.946493372E-01
 0.716037303E-01 0.451834388E-01 0.153884562E-01-0.177812111E-01-0.543255657E-01
-0.216736109E+06-0.216123328E+06-0.215510547E+06-0.214897766E+06-0.214284984E+06
-0.213672188E+06-0.213059406E+06-0.212446625E+06-0.211833844E+06-0.211221062E+06
-0.210608281E+06-0.209995500E+06-0.209382719E+06-0.208769938E+06-0.208157156E+06
-0.207544375E+06-0.206931594E+06-0.206318812E+06-0.205706031E+06-0.205093250E+06
-0.204480469E+06-0.203867688E+06-0.203254906E+06-0.202642109E+06-0.202029328E+06
-0.201416547E+06-0.200803766E+06-0.200190984E+06-0.199578203E+06-0.198965422E+06
-0.198352641E+06-0.197739859E+06-0.197127078E+06-0.196514297E+06-0.195901516E+06
-0.195288734E+06-0.194675953E+06-0.194063172E+06-0.193450391E+06-0.192837609E+06
-0.192224828E+06-0.191612031E+06-0.190999250E+06-0.190386469E+06-0.189773688E+06
-0.189160906E+06-0.188548125E+06-0.187935344E+06-0.187322562E+06-0.186709781E+06
-0.186097000E+06-0.185484219E+06-0.184871438E+06-0.184258656E+06-0.183645875E+06
-0.183033094E+06-0.182420312E+06-0.181807531E+06-0.181194750E+06-0.180581953E+06
-0.179969172E+06-0.179356391E+06-0.178743609E+06-0.178130828E+06-0.177518047E+06
 0.101860881E+00 0.942406952E-01 0.857790634E-01 0.764311552E-01 0.662780777E-01
 0.555240102E-01 0.444631241E-01 0.334283002E-01 0.251106527E-01 0.222672690E-01
 0.190106351E-01 0.128706302E-01 0.542780524E-02-0.538222026E-03-0.542925531E-02
-0.938284677E-02-0.123964893E-01-0.143870860E-01-0.151526518E-01-0.142804412E-01
-0.109764403E-01-0.788106117E-02-0.703169545E-02-0.783122424E-02-0.100203995E-01
-0.135436310E-01-0.185017996E-01-0.251671765E-01-0.340531319E-01-0.458850823E-01
-0.550692193E-01-0.597578809E-01-0.605266690E-01-0.570609830E-01-0.491940305E-01
-0.363356508E-01-0.206325967E-01-0.779476296E-02 0.306109455E-02 0.125110205E-01
 0.209426489E-01 0.286274776E-01 0.357588641E-01 0.424737856E-01 0.488677323E-01
 0.550059192E-01 0.609315448E-01 0.666716695E-01 0.722413287E-01 0.776464120E-01
 0.828858018E-01 0.879530832E-01 0.928379670E-01 0.975276306E-01 0.102008022E+00
 0.106265090E+00 0.110285930E+00 0.114059836E+00 0.117579095E+00 0.120839581E+00
 0.123840980E+00 0.126586795E+00 0.129084080E+00 0.131342828E+00 0.133375481E+00
 0.101437226E+00 0.926313773E-01 0.826513320E-01 0.713504031E-01 0.587356500E-01
 0.450539514E-01 0.323104039E-01 0.233850498E-01 0.188803785E-01 0.189554356E-01
 0.180783588E-01 0.147068845E-01 0.101162484E-01 0.562273944E-02 0.155199762E-02
-0.196959358E-02-0.484295050E-02-0.696027232E-02-0.819332991E-02-0.840498321E-02
-0.759890024E-02-0.684172008E-02-0.712495670E-02-0.853151176E-02-0.110657737E-01
-0.147854239E-01-0.198409185E-01-0.265209489E-01-0.353380404E-01-0.469736233E-01
-0.560793988E-01-0.607585087E-01-0.614971295E-01-0.581413805E-01-0.504101105E-01
-0.376195237E-01-0.220677648E-01-0.916441716E-02 0.190462347E-02 0.116819758E-01
 0.205200352E-01 0.286605973E-01 0.362752527E-01 0.434874929E-01 0.503859706E-01
 0.570331477E-01 0.634712949E-01 0.697268173E-01 0.758133605E-01 0.817342475E-01
 0.874843299E-01 0.930516794E-01 0.984192044E-01 0.103566281E+00 0.108470574E+00
 0.113109872E+00 0.117463931E+00 0.121516190E+00 0.125255093E+00 0.128675014E+00
 0.131776601E+00 0.134566531E+00 0.137056902E+00 0.139264107E+00 0.141207650E+00
 0.103573583E+00 0.942124128E-01 0.832581893E-01 0.701834187E-01 0.548019409E-01
 0.420192704E-01 0.330084004E-01 0.279933885E-01 0.271473099E-01 0.268671401E-01
 0.255281534E-01 0.231150817E-01 0.199892931E-01 0.165566802E-01 0.131294858E-01
 0.991329458E-02 0.703976071E-02 0.458953995E-02 0.259341020E-02 0.100916135E-02
-0.318505830E-03-0.165967224E-02-0.330040208E-02-0.544683402E-02-0.822762866E-02
-0.117332088E-01-0.160420854E-01-0.212238673E-01-0.272948872E-01-0.338788368E-01
-0.391578041E-01-0.419122390E-01-0.418909229E-01-0.389753729E-01-0.330818258E-01
-0.243022572E-01-0.139481882E-01-0.386439264E-02 0.560935354E-02 0.145004066E-01
 0.228925087E-01 0.308743250E-01 0.385251939E-01 0.459110178E-01 0.530836508E-01
 0.600814819E-01 0.669303909E-01 0.736447647E-01 0.802283064E-01 0.866749063E-01
 0.929694101E-01 0.990885943E-01 0.105002530E+00 0.110676385E+00 0.116072781E+00
 0.121154673E+00 0.125888422E+00 0.130246788E+00 0.134211317E+00 0.137773886E+00
 0.140937179E+00 0.143713951E+00 0.146125391E+00 0.148198977E+00 0.149965972E+00
 0.109075427E+00 0.100170553E+00 0.896768346E-01 0.772071630E-01 0.632258505E-01
 0.533412099E-01 0.482693985E-01 0.452649370E-01 0.425345600E-01 0.398241058E-01
 0.369433165E-01 0.338157080E-01 0.304777920E-01 0.270325951E-01 0.235996749E-01
 0.202840511E-01 0.171627626E-01 0.142796375E-01 0.116413692E-01 0.921347458E-02
 0.692032417E-02 0.465601170E-02 0.230673142E-02-0.225708325E-03-0.300929020E-02
-0.607452774E-02-0.940501131E-02-0.129150180E-01-0.164063517E-01-0.195206478E-01
-0.217710063E-01-0.227003563E-01-0.220074430E-01-0.195613243E-01-0.153976902E-01
-0.974467862E-02-0.301957363E-02 0.430752244E-02 0.118851727E-01 0.195154399E-01
 0.271054469E-01 0.346204303E-01 0.420547873E-01 0.494158641E-01 0.567148365E-01
 0.639615282E-01 0.711612403E-01 0.783127099E-01 0.854065567E-01 0.924241543E-01
 0.993367136E-01 0.106104948E+00 0.112679519E+00 0.119002722E+00 0.125011712E+00
 0.130643249E+00 0.135839462E+00 0.140553668E+00 0.144755185E+00 0.148432359E+00
 0.151592985E+00 0.154262438E+00 0.156479806E+00 0.158292845E+00 0.159753010E+00
 0.118158117E+00 0.110645369E+00 0.101706751E+00 0.915036201E-01 0.811563507E-01
 0.737956390E-01 0.676932111E-01 0.624255985E-01 0.577065311E-01 0.533285737E-01
 0.491466373E-01 0.450741835E-01 0.410768166E-01 0.371589325E-01 0.333469249E-01
 0.296738427E-01 0.261680223E-01 0.228457432E-01 0.197070893E-01 0.167347230E-01
 0.138959540E-01 0.111485180E-01 0.844939053E-02 0.576482713E-02 0.307991821E-02
 0.407310814E-03-0.220410409E-02-0.466033258E-02-0.681614503E-02-0.847926736E-02
-0.943306834E-02-0.947509520E-02-0.845543388E-02-0.630161818E-02-0.302900141E-02
 0.126220449E-02 0.640707510E-02 0.122133177E-01 0.185012612E-01 0.251282528E-01
 0.319935866E-01 0.390319675E-01 0.462037548E-01 0.534860045E-01 0.608654208E-01
 0.683329850E-01 0.758798197E-01 0.834937096E-01 0.911559910E-01 0.988383591E-01
 0.106499784E+00 0.114083447E+00 0.121514760E+00 0.128701493E+00 0.135537758E+00
 0.141912535E+00 0.147721872E+00 0.152881920E+00 0.157339454E+00 0.161078155E+00
 0.164119199E+00 0.166516349E+00 0.168346047E+00 0.169695407E+00 0.170651436E+00
 0.131146759E+00 0.125945866E+00 0.117307968E+00 0.107876830E+00 0.990425944E-01
 0.910090506E-01 0.837994069E-01 0.772956312E-01 0.713559017E-01 0.658534914E-01
 0.606874898E-01 0.557851456E-01 0.511002690E-01 0.466086604E-01 0.423017405E-01
 0.381797887E-01 0.342460051E-01 0.305019971E-01 0.269450918E-01 0.235674847E-01
 0.203573070E-01 0.173014402E-01 0.143896872E-01 0.116197281E-01 0.900218450E-02
 0.656526070E-02 0.435839407E-02 0.245405245E-02 0.946328917E-03-0.551844641E-04
-0.436758652E-03-0.954790376E-04 0.104582333E-02 0.302750524E-02 0.584813114E-02
 0.946646836E-02 0.138101624E-01 0.187891144E-01 0.243098065E-01 0.302866884E-01
 0.366485827E-01 0.433404781E-01 0.503222272E-01 0.575657599E-01 0.650518090E-01
 0.727666020E-01 0.806986541E-01 0.888354331E-01 0.971595421E-01 0.105644122E+00
 0.114246696E+00 0.122901328E+00 0.131509230E+00 0.139930695E+00 0.147984743E+00
 0.155464932E+00 0.162171200E+00 0.167943493E+00 0.172684684E+00 0.176372230E+00
 0.179060861E+00 0.180872634E+00 0.181969866E+00 0.182520658E+00 0.182673350E+00
 0.142990202E+00 0.139346182E+00 0.131123289E+00 0.121597983E+00 0.112709597E+00
 0.104441173E+00 0.967645049E-01 0.896340236E-01 0.829894692E-01 0.767666996E-01
 0.709065273E-01 0.653596446E-01 0.600884557E-01 0.550666228E-01 0.502772108E-01
 0.457101502E-01 0.413596705E-01 0.372221582E-01 0.332947895E-01 0.295750424E-01
 0.260612052E-01 0.227537304E-01 0.196572430E-01 0.167829376E-01 0.141509492E-01
 0.117923394E-01 0.975019392E-02 0.807936769E-02 0.684435293E-02 0.611498952E-02
 0.596014643E-02 0.644019991E-02 0.759967044E-02 0.946308393E-02 0.120333657E-01
 0.152930617E-01 0.192081202E-01 0.237334576E-01 0.288191438E-01 0.344159901E-01
 0.404796973E-01 0.469733253E-01 0.538682453E-01 0.611439906E-01 0.687873960E-01
 0.767913610E-01 0.851532146E-01 0.938727185E-01 0.102949344E+00 0.112378016E+00
 0.122142151E+00 0.132201284E+00 0.142468646E+00 0.152771711E+00 0.162800759E+00
 0.172114044E+00 0.180274069E+00 0.186972007E+00 0.192036614E+00 0.195424333E+00
 0.197249100E+00 0.197813764E+00 0.197523326E+00 0.196722358E+00 0.195642129E+00
 0.152059808E+00 0.149288580E+00 0.141420484E+00 0.132138535E+00 0.123325557E+00
 0.114976279E+00 0.107081376E+00 0.996207520E-01 0.925665796E-01 0.858869776E-01
 0.795498341E-01 0.735256821E-01 0.677895844E-01 0.623218045E-01 0.571077429E-01
 0.521372855E-01 0.474039614E-01 0.429041758E-01 0.386366919E-01 0.346024856E-01
 0.308050364E-01 0.272510424E-01 0.239514038E-01 0.209223870E-01 0.181867387E-01
 0.157745425E-01 0.137235485E-01 0.120787360E-01 0.108907912E-01 0.102132345E-01
 0.100980233E-01 0.105900671E-01 0.117161358E-01 0.134899579E-01 0.159130245E-01
 0.189761240E-01 0.226613265E-01 0.269445684E-01 0.317985974E-01 0.371958762E-01
 0.431111008E-01 0.495231822E-01 0.564166158E-01 0.637823641E-01 0.716183931E-01
 0.799300596E-01 0.887304097E-01 0.980405360E-01 0.107889965E+00 0.118316919E+00
 0.129368007E+00 0.141095981E+00 0.153552443E+00 0.166766390E+00 0.180594385E+00
 0.193450451E+00 0.204044044E+00 0.212178901E+00 0.217694774E+00 0.220409989E+00
 0.220143780E+00 0.217611730E+00 0.214685991E+00 0.211762801E+00 0.208968028E+00
 0.158768415E+00 0.156491816E+00 0.149107412E+00 0.140101880E+00 0.131429300E+00
 0.123103693E+00 0.115128659E+00 0.107499421E+00 0.100205503E+00 0.932330638E-01
 0.865667760E-01 0.801914930E-01 0.740934461E-01 0.682610348E-01 0.626852289E-01
 0.573596507E-01 0.522805080E-01 0.474464856E-01 0.428586788E-01 0.385206677E-01
 0.344387516E-01 0.306223799E-01 0.270846933E-01 0.238431692E-01 0.209202785E-01
 0.183441117E-01 0.161489137E-01 0.143754911E-01 0.130712986E-01 0.122895762E-01
 0.120851099E-01 0.125265401E-01 0.136044258E-01 0.153183732E-01 0.176622588E-01
 0.206272174E-01 0.242012478E-01 0.283700861E-01 0.331183746E-01 0.384311490E-01
 0.442953818E-01 0.507014282E-01 0.576443635E-01 0.651252642E-01 0.731524900E-01
 0.817431957E-01 0.909252614E-01 0.100739948E+00 0.111245774E+00 0.122524440E+00
 0.134690270E+00 0.147906423E+00 0.162414655E+00 0.178594694E+00 0.196714938E+00
 0.213297457E+00 0.226576433E+00 0.236490384E+00 0.242898837E+00 0.245399281E+00
 0.243798584E+00 0.237916753E+00 0.231635243E+00 0.226157740E+00 0.221439481E+00
 0.163731053E+00 0.161752626E+00 0.154732496E+00 0.145964205E+00 0.137443319E+00
 0.129190728E+00 0.121210158E+00 0.113502726E+00 0.106067479E+00 0.989016518E-01
 0.920010731E-01 0.853608698E-01 0.789761394E-01 0.728425384E-01 0.669568032E-01
 0.613170564E-01 0.559230335E-01 0.507762507E-01 0.458801538E-01 0.412402675E-01
 0.368644223E-01 0.327629931E-01 0.289492439E-01 0.254396684E-01 0.222544484E-01
 0.194180198E-01 0.169600174E-01 0.149171073E-01 0.133370478E-01 0.122881494E-01
 0.117850555E-01 0.122442413E-01 0.133095942E-01 0.150192035E-01 0.173485596E-01
 0.202902295E-01 0.238347929E-01 0.279733017E-01 0.326968841E-01 0.379976891E-01
 0.438699648E-01 0.503110923E-01 0.573227070E-01 0.649119169E-01 0.730928257E-01
 0.818884298E-01 0.913331211E-01 0.101476185E+00 0.112386718E+00 0.124160878E+00
 0.136932716E+00 0.150890335E+00 0.166299656E+00 0.183532774E+00 0.203066826E+00
 0.222870037E+00 0.238713592E+00 0.250450820E+00 0.258116424E+00 0.261647493E+00
 0.260555387E+00 0.254643738E+00 0.245359331E+00 0.237650111E+00 0.231367484E+00
 0.167352080E+00 0.165613890E+00 0.158579245E+00 0.150008336E+00 0.141668156E+00
 0.133526564E+00 0.125583202E+00 0.117845327E+00 0.110321030E+00 0.103016838E+00
 0.959372818E-01 0.890852585E-01 0.824626759E-01 0.760709792E-01 0.699117482E-01
 0.639870912E-01 0.582999662E-01 0.528544784E-01 0.476560555E-01 0.427116342E-01
 0.380297936E-01 0.336208865E-01 0.294971298E-01 0.256726649E-01 0.221635103E-01
 0.189873744E-01 0.161631014E-01 0.137093803E-01 0.116417091E-01 0.103054456E-01
 0.969236158E-02 0.985377375E-02 0.108055659E-01 0.126313427E-01 0.150047243E-01
 0.179876722E-01 0.215645451E-01 0.257331114E-01 0.304876193E-01 0.358235948E-01
 0.417390354E-01 0.482347384E-01 0.553148426E-01 0.629876927E-01 0.712670684E-01
 0.801737532E-01 0.897375941E-01 0.100000076E+00 0.111017756E+00 0.122866690E+00
 0.135648161E+00 0.149495706E+00 0.164582729E+00 0.181129396E+00 0.199408039E+00
 0.219645783E+00 0.237169489E+00 0.250367999E+00 0.259353489E+00 0.264164150E+00
 0.264918447E+00 0.261108458E+00 0.252672076E+00 0.243883476E+00 0.237063512E+00
 0.168923706E+00 0.167029560E+00 0.160553053E+00 0.152461976E+00 0.144396752E+00
 0.136389926E+00 0.128489524E+00 0.120728448E+00 0.113129012E+00 0.105706856E+00
 0.984732062E-01 0.914364085E-01 0.846029818E-01 0.779783800E-01 0.715676397E-01
 0.653758049E-01 0.594083481E-01 0.536713749E-01 0.481718741E-01 0.429178253E-01
 0.379182659E-01 0.331832990E-01 0.287240352E-01 0.245524719E-01 0.206812825E-01
 0.171234515E-01 0.138916466E-01 0.109972572E-01 0.877620839E-02 0.724428426E-02
 0.641836971E-02 0.632237643E-02 0.697989902E-02 0.841655489E-02 0.106442859E-01
 0.137543641E-01 0.174007397E-01 0.216481108E-01 0.264768396E-01 0.318816826E-01
 0.378634147E-01 0.444245599E-01 0.515689552E-01 0.593021922E-01 0.676325634E-01
 0.765720606E-01 0.861374512E-01 0.963512808E-01 0.107242815E+00 0.118848689E+00
 0.131213129E+00 0.144387066E+00 0.158425897E+00 0.173386067E+00 0.189325482E+00
 0.206337154E+00 0.223558336E+00 0.236650392E+00 0.246114001E+00 0.252212644E+00
 0.254821628E+00 0.254211187E+00 0.249945566E+00 0.242866889E+00 0.237433434E+00
 0.170676395E+00 0.168655947E+00 0.162091732E+00 0.154109508E+00 0.146087617E+00
 0.138082847E+00 0.130150154E+00 0.122324966E+00 0.114631161E+00 0.107085809E+00
 0.997017473E-01 0.924890861E-01 0.854562297E-01 0.786105543E-01 0.719589740E-01
 0.655083358E-01 0.592657328E-01 0.532387197E-01 0.474354960E-01 0.418649577E-01
 0.365366824E-01 0.314608030E-01 0.266478267E-01 0.221084096E-01 0.178532191E-01
 0.138927177E-01 0.102367895E-01 0.720786629E-02 0.482056523E-02 0.309251365E-02
 0.204368820E-02 0.169631431E-02 0.207378413E-02 0.320021738E-02 0.509983674E-02
 0.780020887E-02 0.113144657E-01 0.157382842E-01 0.206865389E-01 0.261834431E-01
 0.322478525E-01 0.388857536E-01 0.460990965E-01 0.538876429E-01 0.622506663E-01
 0.711878389E-01 0.806994140E-01 0.907857940E-01 0.101446398E+00 0.112677529E+00
 0.124468744E+00 0.136796504E+00 0.149613500E+00 0.162829474E+00 0.176273838E+00
 0.189614147E+00 0.202212095E+00 0.213239700E+00 0.222194627E+00 0.228907123E+00
 0.233357534E+00 0.235635743E+00 0.236000672E+00 0.235028550E+00 0.233533517E+00
 0.172466129E+00 0.170620069E+00 0.163516358E+00 0.155129522E+00 0.146873966E+00
 0.138721526E+00 0.130672172E+00 0.122734711E+00 0.114919953E+00 0.107238308E+00
 0.996991694E-01 0.923110396E-01 0.850817710E-01 0.780188441E-01 0.711296871E-01
 0.644218922E-01 0.579034537E-01 0.515829325E-01 0.454695746E-01 0.395733379E-01
 0.339048132E-01 0.284749195E-01 0.232943501E-01 0.183729343E-01 0.137200980E-01
 0.934509002E-02 0.555658666E-02 0.236728205E-02-0.205966877E-03-0.214321609E-02
-0.342229893E-02-0.401948346E-02-0.391000882E-02-0.306828110E-02-0.146755681E-02
 0.921344035E-03 0.413216418E-02 0.821253844E-02 0.132186580E-01 0.187653415E-01
 0.249156393E-01 0.316473320E-01 0.389536582E-01 0.468224771E-01 0.552408136E-01
 0.641952604E-01 0.736708567E-01 0.836494043E-01 0.941071883E-01 0.105011843E+00
 0.116317943E+00 0.127960652E+00 0.139846697E+00 0.151842043E+00 0.163756967E+00
 0.175334573E+00 0.186260074E+00 0.196209759E+00 0.204920098E+00 0.212228641E+00
 0.218079582E+00 0.222520038E+00 0.225698009E+00 0.227847397E+00 0.229237288E+00
 0.172276303E+00 0.170382902E+00 0.163427398E+00 0.154911414E+00 0.146507964E+00
 0.138220146E+00 0.130045846E+00 0.121985644E+00 0.114042394E+00 0.106220424E+00
 0.985249504E-01 0.909617469E-01 0.835370198E-01 0.762573779E-01 0.691299066E-01
 0.621622577E-01 0.553627871E-01 0.487407148E-01 0.423062816E-01 0.360709205E-01
 0.300473329E-01 0.242491849E-01 0.186896175E-01 0.133759528E-01 0.831559766E-02
 0.380248600E-02-0.152487672E-03-0.353292469E-02-0.631832378E-02-0.848529954E-02
-0.100086210E-01-0.108620636E-01-0.110190902E-01-0.104533071E-01-0.913869683E-02
-0.704966113E-02-0.416113390E-02-0.449334882E-03 0.410383660E-02 0.950177480E-02
 0.158418175E-01 0.227148160E-01 0.301794652E-01 0.381952971E-01 0.467357226E-01
 0.557778589E-01 0.652973130E-01 0.752648637E-01 0.856439099E-01 0.963879526E-01
 0.107437514E+00 0.118716463E+00 0.130127847E+00 0.141550139E+00 0.152835250E+00
 0.163811356E+00 0.174293101E+00 0.184099525E+00 0.193074957E+00 0.201106295E+00
 0.208132446E+00 0.214146659E+00 0.219191968E+00 0.223349795E+00 0.226721972E+00
 0.171099812E+00 0.169146270E+00 0.162017107E+00 0.153402552E+00 0.144906342E+00
 0.136524975E+00 0.128254056E+00 0.120089993E+00 0.112031199E+00 0.104078092E+00
 0.962328389E-01 0.884989873E-01 0.808811709E-01 0.733849630E-01 0.660167933E-01
 0.587839670E-01 0.516947284E-01 0.447584391E-01 0.379858650E-01 0.313897394E-01
 0.249859691E-01 0.187963396E-01 0.128549179E-01 0.714549003E-02 0.194071745E-02
-0.275103375E-02-0.691302354E-02-0.105229728E-01-0.135548627E-01-0.159802977E-01
-0.177696403E-01-0.188930091E-01-0.193211026E-01-0.190259013E-01-0.179811828E-01
-0.161628816E-01-0.135493735E-01-0.101216650E-01-0.586351287E-02-0.760419411E-03
 0.520521216E-02 0.120340046E-01 0.198224634E-01 0.280991010E-01 0.368602350E-01
 0.460920036E-01 0.557721183E-01 0.658689141E-01 0.763416067E-01 0.871399119E-01
 0.982030928E-01 0.109458499E+00 0.120820358E+00 0.132189140E+00 0.143452406E+00
 0.154487893E+00 0.165168896E+00 0.175371930E+00 0.184984908E+00 0.193914399E+00
 0.202090487E+00 0.209468722E+00 0.216029003E+00 0.221771926E+00 0.226713583E+00
 0.168657109E+00 0.166581810E+00 0.159271613E+00 0.150594801E+00 0.142057538E+00
 0.133635506E+00 0.125313118E+00 0.117080353E+00 0.108931974E+00 0.100866295E+00
 0.928840712E-01 0.849877819E-01 0.771812201E-01 0.694692358E-01 0.618576296E-01
 0.543531440E-01 0.469634384E-01 0.396970809E-01 0.325634703E-01 0.255725663E-01
 0.187341832E-01 0.120561179E-01 0.581375184E-02-0.201106232E-04-0.541233784E-02
-0.103339544E-01-0.147552965E-01-0.186446179E-01-0.219681524E-01-0.246907901E-01
-0.267770067E-01-0.281918626E-01-0.289019439E-01-0.288762022E-01-0.280866083E-01
-0.265085846E-01-0.241211504E-01-0.209067017E-01-0.168502815E-01-0.119380644E-01
-0.615480030E-02 0.519334513E-03 0.811936520E-02 0.166868884E-01 0.257337354E-01
 0.352484360E-01 0.452137776E-01 0.555944815E-01 0.663464889E-01 0.774192140E-01
 0.887555480E-01 0.100291155E+00 0.111953951E+00 0.123663977E+00 0.135334030E+00
 0.146871060E+00 0.158178464E+00 0.169158846E+00 0.179716900E+00 0.189761862E+00
 0.199209467E+00 0.207983017E+00 0.216014281E+00 0.223244458E+00 0.229625612E+00
 0.164529026E+00 0.162211925E+00 0.155039027E+00 0.146429479E+00 0.137965590E+00
 0.129592478E+00 0.121282481E+00 0.113025270E+00 0.104817986E+00 0.966610014E-01
 0.885563120E-01 0.805069283E-01 0.725166351E-01 0.645900071E-01 0.567324273E-01
 0.489501506E-01 0.412503593E-01 0.336411819E-01 0.261316299E-01 0.187314712E-01
 0.114509510E-01 0.456267595E-02-0.193521846E-02-0.803600252E-02-0.137187811E-01
-0.189545546E-01-0.237088408E-01-0.279432256E-01-0.316166654E-01-0.346867479E-01
-0.371109731E-01-0.388480388E-01-0.398590378E-01-0.401085094E-01-0.395653062E-01
-0.382031426E-01-0.360008255E-01-0.329420418E-01-0.290146507E-01-0.242094435E-01
-0.185182616E-01-0.119315749E-01-0.443538744E-02 0.399097893E-02 0.133799799E-01
 0.232532024E-01 0.336416066E-01 0.444730073E-01 0.556917898E-01 0.672471821E-01
 0.790880322E-01 0.911603644E-01 0.103406213E+00 0.115763016E+00 0.128163442E+00
 0.140535325E+00 0.152801692E+00 0.164880514E+00 0.176684156E+00 0.188118398E+00
 0.199081153E+00 0.209461749E+00 0.219141573E+00 0.227997661E+00 0.235910073E+00
 0.158694059E+00 0.155885503E+00 0.149008527E+00 0.140933827E+00 0.132763848E+00
 0.124539733E+00 0.116293259E+00 0.108041815E+00 0.997958258E-01 0.915621072E-01
 0.833456069E-01 0.751504302E-01 0.669804588E-01 0.588398837E-01 0.507335141E-01
 0.426670276E-01 0.346471742E-01 0.266818777E-01 0.187803544E-01 0.109531526E-01
 0.346303498E-02-0.369144417E-02-0.105018429E-01-0.169501659E-01-0.230090041E-01
-0.286429878E-01-0.338104069E-01-0.384648144E-01-0.425566286E-01-0.460347384E-01
-0.488481671E-01-0.509476662E-01-0.522872731E-01-0.528256781E-01-0.525273494E-01
-0.513633564E-01-0.493117832E-01-0.463576876E-01-0.424926281E-01-0.377136953E-01
-0.320222341E-01-0.254223831E-01-0.179199446E-01-0.952239428E-02-0.241541857E-03
 0.989712495E-02 0.209795628E-01 0.324705876E-01 0.443453416E-01 0.565715320E-01
 0.691127107E-01 0.819294974E-01 0.949799493E-01 0.108219497E+00 0.121600501E+00
 0.135071382E+00 0.148575142E+00 0.162046924E+00 0.175410450E+00 0.188572913E+00
 0.201418638E+00 0.213802174E+00 0.225543305E+00 0.236428589E+00 0.246225104E+00
 0.152753472E+00 0.149551868E+00 0.142816812E+00 0.134937271E+00 0.126899555E+00
 0.118751526E+00 0.110535733E+00 0.102277324E+00 0.939904749E-01 0.856831670E-01
 0.773600265E-01 0.690240562E-01 0.606777295E-01 0.523237586E-01 0.439656079E-01
 0.356078558E-01 0.272564720E-01 0.189189874E-01 0.106046749E-01 0.256490218E-02
-0.520468643E-02-0.126974620E-01-0.198963247E-01-0.267742481E-01-0.332949758E-01
-0.394140780E-01-0.450802818E-01-0.502370298E-01-0.548242293E-01-0.587801188E-01
-0.620432682E-01-0.645545572E-01-0.662591308E-01-0.671081468E-01-0.670603067E-01
-0.660829246E-01-0.641526431E-01-0.612555183E-01-0.573866442E-01-0.525491610E-01
-0.467527993E-01-0.400119685E-01-0.323434956E-01-0.237638671E-01-0.142855700E-01
-0.391078833E-02 0.738236075E-02 0.196321085E-01 0.322866924E-01 0.453205518E-01
 0.587074645E-01 0.724211931E-01 0.864359215E-01 0.100726336E+00 0.115267217E+00
 0.130032390E+00 0.144992679E+00 0.160112545E+00 0.175344422E+00 0.190619931E+00
 0.205836251E+00 0.220835835E+00 0.235379159E+00 0.249117792E+00 0.261597812E+00
 0.147167027E+00 0.143752441E+00 0.136810601E+00 0.128726453E+00 0.120583266E+00
 0.112385631E+00 0.104138456E+00 0.958461612E-01 0.875108466E-01 0.791324228E-01
 0.707095563E-01 0.622405000E-01 0.537238792E-01 0.451592579E-01 0.365476310E-01
 0.278917421E-01 0.191962495E-01 0.104678376E-01 0.194603892E-02-0.637825811E-02
-0.145023447E-01-0.224119965E-01-0.300818328E-01-0.374757946E-01-0.445478596E-01
-0.512430370E-01-0.574986823E-01-0.632461458E-01-0.684126988E-01-0.729237273E-01
-0.767050907E-01-0.796855763E-01-0.817993358E-01-0.829881132E-01-0.832032114E-01
-0.824069753E-01-0.805737302E-01-0.776901022E-01-0.737545714E-01-0.687763840E-01
-0.627737418E-01-0.557713583E-01-0.477974303E-01-0.388800353E-01-0.290428568E-01
-0.183002744E-01-0.665211584E-02 0.591963949E-02 0.194550417E-01 0.333985202E-01
 0.477317013E-01 0.624399409E-01 0.775131434E-01 0.929464549E-01 0.108740456E+00
 0.124900788E+00 0.141437188E+00 0.158361465E+00 0.175683588E+00 0.193404332E+00
 0.211501703E+00 0.229904786E+00 0.248440519E+00 0.266703337E+00 0.283734232E+00
 0.141098499E+00 0.137455776E+00 0.130141288E+00 0.121895619E+00 0.113652356E+00
 0.105397329E+00 0.971181095E-01 0.888015330E-01 0.804347023E-01 0.720056444E-01
 0.635037273E-01 0.549199320E-01 0.462470986E-01 0.374802090E-01 0.286168084E-01
 0.196574498E-01 0.106052700E-01 0.168834371E-02-0.710851839E-02-0.157882646E-01
-0.243416093E-01-0.327470526E-01-0.409709923E-01-0.489680655E-01-0.566817410E-01
-0.640452877E-01-0.709831491E-01-0.774126947E-01-0.832464620E-01-0.883946717E-01
-0.927680805E-01-0.962809920E-01-0.988542736E-01-0.100418180E+00-0.100914888E+00
-0.100300431E+00-0.985459983E-01-0.956384242E-01-0.915797651E-01-0.863860324E-01
-0.800850242E-01-0.727134123E-01-0.643131286E-01-0.549272560E-01-0.445954353E-01
-0.333490297E-01-0.212062374E-01-0.816726312E-02 0.579072954E-02 0.207193773E-01
 0.360601991E-01 0.518074557E-01 0.679643154E-01 0.845458657E-01 0.101579562E+00
 0.119105957E+00 0.137179986E+00 0.155872926E+00 0.175274640E+00 0.195496216E+00
 0.216672704E+00 0.238966197E+00 0.262568086E+00 0.287675232E+00 0.313089550E+00
 0.133878082E+00 0.129940510E+00 0.122568630E+00 0.114221983E+00 0.105940893E+00
 0.976953059E-01 0.894501731E-01 0.811717957E-01 0.728304461E-01 0.644010901E-01
 0.558631197E-01 0.471997187E-01 0.383972228E-01 0.294448212E-01 0.203353167E-01
 0.110688293E-01 0.186424027E-02-0.729988888E-02-0.164332278E-01-0.255332123E-01
-0.345845409E-01-0.435588099E-01-0.524143167E-01-0.610961728E-01-0.695367604E-01
-0.776566342E-01-0.853659585E-01-0.925664306E-01-0.991538242E-01-0.105020933E+00
-0.110061027E+00-0.114171483E+00-0.117257521E+00-0.119235784E+00-0.120037504E+00
-0.119611070E+00-0.117923737E+00-0.114962325E+00-0.110732861E+00-0.105259106E+00
-0.985800102E-01-0.907462537E-01-0.818160325E-01-0.718502924E-01-0.609075464E-01
-0.490386002E-01-0.362812132E-01-0.226548370E-01-0.815537944E-02 0.725021679E-02
 0.236299727E-01 0.404158756E-01 0.576143377E-01 0.752591193E-01 0.934026763E-01
 0.112116247E+00 0.131493807E+00 0.151658416E+00 0.172771230E+00 0.195044518E+00
 0.218760997E+00 0.244304657E+00 0.272216350E+00 0.303310901E+00 0.335977465E+00
 0.125537544E+00 0.121276475E+00 0.113784596E+00 0.105448849E+00 0.972805768E-01
 0.891997069E-01 0.811303928E-01 0.730114132E-01 0.647957399E-01 0.564476699E-01
 0.479397997E-01 0.392503217E-01 0.303604845E-01 0.212513935E-01 0.118983462E-01
 0.253005372E-02-0.687629730E-02-0.163367298E-01-0.258567780E-01-0.354296006E-01
-0.450348221E-01-0.546377636E-01-0.641889274E-01-0.736238956E-01-0.828636065E-01
-0.918152034E-01-0.100373477E+00-0.108423024E+00-0.115841083E+00-0.122501031E+00
-0.128276423E+00-0.133045390E+00-0.136695296E+00-0.139127091E+00-0.140259355E+00
-0.140031502E+00-0.138406113E+00-0.135369852E+00-0.130933166E+00-0.125128642E+00
-0.118008003E+00-0.109637991E+00-0.100095436E+00-0.894616768E-01-0.778165534E-01
-0.652324408E-01-0.517682023E-01-0.374635011E-01-0.223334581E-01-0.636413274E-02
 0.104900096E-01 0.283032488E-01 0.464364849E-01 0.649741217E-01 0.839942321E-01
 0.103586346E+00 0.123862840E+00 0.144969255E+00 0.167096525E+00 0.190497279E+00
 0.215508223E+00 0.242579475E+00 0.272307485E+00 0.305454820E+00 0.341175705E+00
 0.115574129E+00 0.110920899E+00 0.103211410E+00 0.952213705E-01 0.875245556E-01
 0.799093097E-01 0.722479522E-01 0.644624233E-01 0.565026738E-01 0.483347960E-01
 0.399347283E-01 0.312849917E-01 0.223731585E-01 0.131919319E-01 0.374179194E-02
-0.578569714E-02-0.154328914E-01-0.252224039E-01-0.351607092E-01-0.452390499E-01
-0.554332286E-01-0.657030195E-01-0.759915859E-01-0.862251595E-01-0.963131785E-01
-0.106149010E+00-0.115611441E+00-0.124566995E+00-0.132873103E+00-0.140382126E+00
-0.146946177E+00-0.152422309E+00-0.156678095E+00-0.159597039E+00-0.161083549E+00
-0.161066994E+00-0.159504548E+00-0.156382561E+00-0.151716381E+00-0.145548299E+00
-0.137944251E+00-0.128988847E+00-0.118779644E+00-0.107420579E+00-0.950150490E-01
-0.816589519E-01-0.674337149E-01-0.523994081E-01-0.365874507E-01-0.199920330E-01
-0.255788374E-02 0.158410687E-01 0.346200354E-01 0.537885316E-01 0.733877793E-01
 0.934866369E-01 0.114181601E+00 0.135600567E+00 0.157910496E+00 0.181329593E+00
 0.206145972E+00 0.232746825E+00 0.261664838E+00 0.293646932E+00 0.328126788E+00
 0.101663798E+00 0.959647447E-01 0.897254869E-01 0.833417103E-01 0.768398345E-01
 0.701119378E-01 0.631164908E-01 0.558308661E-01 0.482395962E-01 0.403306782E-01
 0.320942216E-01 0.235221181E-01 0.146081140E-01 0.534733199E-02-0.409111148E-02
-0.137352068E-01-0.236080978E-01-0.337231159E-01-0.440812483E-01-0.546693541E-01
-0.654586405E-01-0.764033124E-01-0.874394402E-01-0.984842554E-01-0.109435961E+00
-0.120174296E+00-0.130561978E+00-0.140447170E+00-0.149666980E+00-0.158052012E+00
-0.165431932E+00-0.171641588E+00-0.176527575E+00-0.179954812E+00-0.181812465E+00
-0.182018995E+00-0.180525661E+00-0.177318394E+00-0.172417536E+00-0.165875793E+00
-0.157774165E+00-0.148216411E+00-0.137322292E+00-0.125220016E+00-0.112038501E+00
-0.978995785E-01-0.829106420E-01-0.671577901E-01-0.506995842E-01-0.335615203E-01
-0.157316234E-01 0.284141744E-02 0.222424399E-01 0.419076830E-01 0.618575811E-01
 0.821421370E-01 0.102830470E+00 0.124008670E+00 0.145780846E+00 0.168271393E+00
 0.191628501E+00 0.216030180E+00 0.241700158E+00 0.268979132E+00 0.297852784E+00
 0.869673938E-01 0.799293965E-01 0.756624714E-01 0.714481920E-01 0.663561374E-01
 0.606188253E-01 0.543495491E-01 0.476043262E-01 0.404114276E-01 0.327843837E-01
 0.247283708E-01 0.162443127E-01 0.733387051E-02-0.183060137E-02-0.112797311E-01
-0.210385229E-01-0.311250295E-01-0.415480509E-01-0.523047484E-01-0.633784011E-01
-0.747362450E-01-0.863275900E-01-0.980821624E-01-0.109908998E+00-0.121695898E+00
-0.133309796E+00-0.144598112E+00-0.155391261E+00-0.165506557E+00-0.174753219E+00
-0.182938620E+00-0.189875379E+00-0.195389032E+00-0.199325591E+00-0.201558709E+00
-0.201995596E+00-0.200581297E+00-0.197301045E+00-0.192180142E+00-0.185281649E+00
-0.176701769E+00-0.166563556E+00-0.155009240E+00-0.142191693E+00-0.128265724E+00
-0.113379605E+00-0.976672769E-01-0.812413618E-01-0.641873479E-01-0.465589911E-01
-0.283750240E-01-0.961777754E-02 0.976569392E-02 0.298589449E-01 0.499877967E-01
 0.702213719E-01 0.906095505E-01 0.111193858E+00 0.132008076E+00 0.153072491E+00
 0.174380437E+00 0.195870966E+00 0.217370853E+00 0.238467142E+00 0.258295864E+00
 0.767955333E-01 0.692869797E-01 0.654524863E-01 0.618638359E-01 0.574657321E-01
 0.523589812E-01 0.466207899E-01 0.403053872E-01 0.334475525E-01 0.260669347E-01
 0.181704462E-01 0.975097995E-02 0.100663386E-02-0.808629580E-02-0.175531674E-01
-0.274161976E-01-0.376912989E-01-0.483853631E-01-0.594936684E-01-0.709973350E-01
-0.828608572E-01-0.950297862E-01-0.107428722E+00-0.119959831E+00-0.132501975E+00
-0.144910842E+00-0.157020256E+00-0.168644682E+00-0.179583400E+00-0.189625934E+00
-0.198559046E+00-0.206174582E+00-0.212278232E+00-0.216698110E+00-0.219292983E+00
-0.219959155E+00-0.218635559E+00-0.215306416E+00-0.210001439E+00-0.202793181E+00
-0.193792045E+00-0.183139160E+00-0.170997843E+00-0.157544106E+00-0.142957091E+00
-0.127409831E+00-0.111060806E+00-0.940466598E-01-0.764760897E-01-0.584247336E-01
-0.399306305E-01-0.209890865E-01-0.154428894E-02 0.185283069E-01 0.385830589E-01
 0.585820861E-01 0.785159320E-01 0.983770639E-01 0.118145451E+00 0.137776524E+00
 0.157186523E+00 0.176232561E+00 0.194687173E+00 0.212215334E+00 0.228378356E+00
 0.699840412E-01 0.622564889E-01 0.581556782E-01 0.547094159E-01 0.505741164E-01
 0.457737967E-01 0.403407179E-01 0.343036689E-01 0.276850555E-01 0.205009840E-01
 0.127638495E-01 0.448919227E-02-0.414855918E-02-0.131906942E-01-0.226694830E-01
-0.326098315E-01-0.430285782E-01-0.539327264E-01-0.653171688E-01-0.771621168E-01
-0.894304886E-01-0.102065355E+00-0.114987619E+00-0.128094256E+00-0.141257197E+00
-0.154323235E+00-0.167115197E+00-0.179434538E+00-0.191065609E+00-0.201781556E+00
-0.211351708E+00-0.219550326E+00-0.226166025E+00-0.231011450E+00-0.233932346E+00
-0.234815329E+00-0.233593583E+00-0.230250120E+00-0.224817976E+00-0.217377469E+00
-0.208050862E+00-0.196994558E+00-0.184389740E+00-0.170432195E+00-0.155321851E+00
-0.139252901E+00-0.122404978E+00-0.104935504E+00-0.869737342E-01-0.686162040E-01
-0.499237552E-01-0.309202243E-01-0.115937451E-01 0.809618365E-02 0.281966869E-01
 0.479778945E-01 0.674648136E-01 0.866502374E-01 0.105500542E+00 0.123954654E+00
 0.141919523E+00 0.159264505E+00 0.175817460E+00 0.191367239E+00 0.205677241E+00
 0.650555864E-01 0.571694821E-01 0.530612990E-01 0.496414714E-01 0.455943905E-01
 0.409265682E-01 0.356485769E-01 0.297704358E-01 0.232989639E-01 0.162357688E-01
 0.857379381E-02 0.498807640E-03-0.800931640E-02-0.169779323E-01-0.264342502E-01
-0.364014506E-01-0.468958654E-01-0.579243861E-01-0.694817975E-01-0.815479755E-01
-0.940850824E-01-0.107034802E+00-0.120315827E+00-0.133821830E+00-0.147420213E+00
-0.160951778E+00-0.174231842E+00-0.187052816E+00-0.199188560E+00-0.210400462E+00
-0.220445335E+00-0.229084522E+00-0.236094043E+00-0.241274908E+00-0.244462907E+00
-0.245536983E+00-0.244425625E+00-0.241110250E+00-0.235625774E+00-0.228057712E+00
-0.218536586E+00-0.207229659E+00-0.194331124E+00-0.180051208E+00-0.164605275E+00
-0.148203358E+00-0.131040961E+00-0.113291211E+00-0.950987637E-01-0.765751824E-01
-0.577957965E-01-0.387975164E-01-0.195772965E-01-0.901155363E-04 0.197555404E-01
 0.392041095E-01 0.582429953E-01 0.768433064E-01 0.949606299E-01 0.112533361E+00
 0.129480779E+00 0.145702273E+00 0.161078781E+00 0.175477818E+00 0.188762620E+00
 0.618954338E-01 0.539225005E-01 0.498739332E-01 0.464271940E-01 0.423838943E-01
 0.377579071E-01 0.325527638E-01 0.267674364E-01 0.203988012E-01 0.134449601E-01
 0.591286784E-02-0.202839519E-02-0.104202852E-01-0.192972943E-01-0.286890045E-01
-0.386194289E-01-0.491052568E-01-0.601535849E-01-0.717593059E-01-0.839023367E-01
-0.965446681E-01-0.109627560E+00-0.123068906E+00-0.136761114E+00-0.150569618E+00
-0.164332643E+00-0.177862033E+00-0.190945923E+00-0.203353032E+00-0.214838877E+00
-0.225153789E+00-0.234052286E+00-0.241303518E+00-0.246701911E+00-0.250077397E+00
-0.251304150E+00-0.250307232E+00-0.247066364E+00-0.241616488E+00-0.234045088E+00
-0.224486366E+00-0.213112861E+00-0.200125441E+00-0.185742065E+00-0.170186654E+00
-0.153678373E+00-0.136422247E+00-0.118601196E+00-0.100369915E+00-0.818501562E-01
-0.631274730E-01-0.442485847E-01-0.252183881E-01-0.599470828E-02 0.135232639E-01
 0.326554030E-01 0.513196476E-01 0.694623291E-01 0.870341212E-01 0.103979945E+00
 0.120235063E+00 0.135724664E+00 0.150365785E+00 0.164071336E+00 0.176755950E+00
 0.607706383E-01 0.528546572E-01 0.485184900E-01 0.449201092E-01 0.407967828E-01
 0.361595526E-01 0.309917945E-01 0.252714828E-01 0.189744569E-01 0.120691871E-01
 0.472672097E-02-0.305972877E-02-0.113137774E-01-0.200637598E-01-0.293371100E-01
-0.391570292E-01-0.495398641E-01-0.604925379E-01-0.720099136E-01-0.840719789E-01
-0.966409817E-01-0.109658554E+00-0.123043157E+00-0.136687860E+00-0.150458932E+00
-0.164195478E+00-0.177710235E+00-0.190792233E+00-0.203210920E+00-0.214722425E+00
-0.225077361E+00-0.234030217E+00-0.241349772E+00-0.246829703E+00-0.250298798E+00
-0.251629740E+00-0.250745952E+00-0.247625336E+00-0.242301017E+00-0.234858781E+00
-0.225431442E+00-0.214190573E+00-0.201336548E+00-0.187087506E+00-0.171668157E+00
-0.155299291E+00-0.138188362E+00-0.120521702E+00-0.102458574E+00-0.841268748E-01
-0.656206682E-01-0.469992161E-01-0.282878093E-01-0.948109012E-02 0.944818370E-02
 0.285267644E-01 0.469767191E-01 0.648057610E-01 0.819959790E-01 0.985126421E-01
 0.114308804E+00 0.129328638E+00 0.143510848E+00 0.156792611E+00 0.169113934E+00
 0.613085069E-01 0.537326187E-01 0.487620272E-01 0.447649918E-01 0.405733027E-01
 0.359690152E-01 0.308807902E-01 0.252712686E-01 0.191169046E-01 0.124037489E-01
 0.513197342E-02-0.253771408E-02-0.106500164E-01-0.192415621E-01-0.283427630E-01
-0.379775874E-01-0.481622703E-01-0.589034036E-01-0.701956153E-01-0.820189565E-01
-0.943361893E-01-0.107090063E+00-0.120200820E+00-0.133564129E+00-0.147049710E+00
-0.160500988E+00-0.173735932E+00-0.186549485E+00-0.198717758E+00-0.210003823E+00
-0.220165402E+00-0.228963807E+00-0.236173958E+00-0.241594642E+00-0.245058358E+00
-0.246439844E+00-0.245662600E+00-0.242702752E+00-0.237589881E+00-0.230404571E+00
-0.221273199E+00-0.210360080E+00-0.197857946E+00-0.183977321E+00-0.168935895E+00
-0.152948201E+00-0.136216611E+00-0.118923753E+00-0.101226702E+00-0.832528397E-01
-0.650974587E-01-0.468227565E-01-0.284579564E-01-0.999980513E-02 0.858832430E-02
 0.273844283E-01 0.455587134E-01 0.631046817E-01 0.800038800E-01 0.962254331E-01
 0.111727960E+00 0.126462311E+00 0.140374795E+00 0.153410777E+00 0.165518612E+00
 0.607265346E-01 0.528806411E-01 0.487771593E-01 0.453910120E-01 0.414778143E-01
 0.370600373E-01 0.321290977E-01 0.266700275E-01 0.206681192E-01 0.141097084E-01
 0.698126713E-02-0.532145903E-03-0.846854970E-02-0.168605503E-01-0.257356875E-01
-0.351156853E-01-0.450149998E-01-0.554389097E-01-0.663812757E-01-0.778220594E-01
-0.897247717E-01-0.102033928E+00-0.114672743E+00-0.127541229E+00-0.140514985E+00
-0.153444901E+00-0.166157991E+00-0.178459838E+00-0.190138325E+00-0.200969324E+00
-0.210723668E+00-0.219175637E+00-0.226112172E+00-0.231342465E+00-0.234707072E+00
-0.236085922E+00-0.235404402E+00-0.232637063E+00-0.227808356E+00-0.220990732E+00
-0.212299660E+00-0.201886609E+00-0.189930230E+00-0.176626459E+00-0.162178606E+00
-0.146787658E+00-0.130643725E+00-0.113918737E+00-0.967607349E-01-0.792897940E-01
-0.615954064E-01-0.437354296E-01-0.257365350E-01-0.759696029E-02 0.107057951E-01
 0.291937739E-01 0.470817946E-01 0.643772632E-01 0.810624585E-01 0.971033201E-01
 0.112454027E+00 0.127060384E+00 0.140863180E+00 0.153801873E+00 0.165818840E+00
 0.622102469E-01 0.544503368E-01 0.505153425E-01 0.473961048E-01 0.437278114E-01
 0.395150073E-01 0.347621925E-01 0.294690561E-01 0.236311015E-01 0.172390845E-01
 0.102761723E-01 0.293179788E-02-0.481301174E-02-0.129803512E-01-0.215914454E-01
-0.306639057E-01-0.402093939E-01-0.502313524E-01-0.607226789E-01-0.716633499E-01
-0.830180123E-01-0.947336778E-01-0.106737666E+00-0.118935913E+00-0.131211981E+00
-0.143426850E+00-0.155419856E+00-0.167010844E+00-0.178003773E+00-0.188191846E+00
-0.197363839E+00-0.205311790E+00-0.211839259E+00-0.216770023E+00-0.219956189E+00
-0.221285403E+00-0.220686421E+00-0.218132377E+00-0.213641688E+00-0.207276329E+00
-0.199137539E+00-0.189359635E+00-0.178102046E+00-0.165540516E+00-0.151858032E+00
-0.137235954E+00-0.121846035E+00-0.105843462E+00-0.893612504E-01-0.725058615E-01
-0.553539731E-01-0.379497968E-01-0.203021504E-01-0.237873523E-02 0.159084834E-01
 0.338647068E-01 0.514076538E-01 0.684839338E-01 0.850447565E-01 0.101036236E+00
 0.116395906E+00 0.131052479E+00 0.144927680E+00 0.157939970E+00 0.170009702E+00
 0.650702566E-01 0.574538112E-01 0.539479218E-01 0.510123707E-01 0.475066043E-01
 0.434433855E-01 0.388330035E-01 0.336854346E-01 0.280084033E-01 0.218069460E-01
 0.150844976E-01 0.784657337E-02 0.263215159E-03-0.768687623E-02-0.160230510E-01
-0.247609746E-01-0.339106880E-01-0.434745550E-01-0.534451306E-01-0.638029873E-01
-0.745146126E-01-0.855303705E-01-0.967827663E-01-0.108185045E+00-0.119630419E+00
-0.130991980E+00-0.142123669E+00-0.152862310E+00-0.163030863E+00-0.172442928E+00
-0.180908471E+00-0.188240454E+00-0.194262147E+00-0.198814601E+00-0.201763749E+00
-0.203006744E+00-0.202476680E+00-0.200145647E+00-0.196025461E+00-0.190166295E+00
-0.182653099E+00-0.173600197E+00-0.163144469E+00-0.151437655E+00-0.138638228E+00
-0.124903597E+00-0.110382698E+00-0.952096134E-01-0.794980898E-01-0.633373410E-01
-0.467888229E-01-0.298845414E-01-0.126275970E-01 0.500172796E-02 0.230249465E-01
 0.407160893E-01 0.580762587E-01 0.750783607E-01 0.916772783E-01 0.107811712E+00
 0.123403713E+00 0.138358325E+00 0.152565032E+00 0.165902212E+00 0.178245082E+00
 0.700485632E-01 0.626935288E-01 0.591306984E-01 0.563088171E-01 0.528868251E-01
 0.488885902E-01 0.443431810E-01 0.392762609E-01 0.337079503E-01 0.276529230E-01
 0.211214293E-01 0.141204996E-01 0.665413262E-02-0.110610819E-02-0.917933229E-02
-0.175809134E-01-0.263207536E-01-0.354013927E-01-0.448160768E-01-0.545468889E-01
-0.645630062E-01-0.748190731E-01-0.852537528E-01-0.957886875E-01-0.106327936E+00
-0.116758049E+00-0.126949012E+00-0.136756137E+00-0.146022916E+00-0.154585004E+00
-0.162275091E+00-0.168928623E+00-0.174389958E+00-0.178518698E+00-0.181195781E+00
-0.182328641E+00-0.181855395E+00-0.179747298E+00-0.176009536E+00-0.170680091E+00
-0.163826764E+00-0.155542716E+00-0.145940676E+00-0.135146335E+00-0.123291463E+00
-0.110506877E+00-0.969159603E-01-0.826286301E-01-0.677360967E-01-0.523061827E-01
-0.363789015E-01-0.199613143E-01-0.301948027E-02 0.145379119E-01 0.320468098E-01
 0.494446829E-01 0.666935444E-01 0.837559104E-01 0.100583509E+00 0.117109723E+00
 0.133242905E+00 0.148860246E+00 0.163803995E+00 0.177883297E+00 0.190885961E+00
 0.767143890E-01 0.696803108E-01 0.662574768E-01 0.634348840E-01 0.599381626E-01
 0.558504127E-01 0.512378886E-01 0.461459160E-01 0.406041592E-01 0.346316956E-01
 0.282406025E-01 0.214382745E-01 0.142287845E-01 0.661371741E-02-0.122822390E-02
-0.931412447E-02-0.176557433E-01-0.262576155E-01-0.351148807E-01-0.442120433E-01
-0.535217859E-01-0.630038008E-01-0.726037174E-01-0.822523311E-01-0.918652639E-01
-0.101343162E+00-0.110572651E+00-0.119427957E+00-0.127773479E+00-0.135467127E+00
-0.142364487E+00-0.148323491E+00-0.153209612E+00-0.156901062E+00-0.159293726E+00
-0.160305515E+00-0.159879699E+00-0.157987028E+00-0.154626399E+00-0.149823889E+00
-0.143630475E+00-0.136118263E+00-0.127375782E+00-0.117502414E+00-0.106602542E+00
-0.947795585E-01-0.821300894E-01-0.687386915E-01-0.546731316E-01-0.399803817E-01
-0.246835388E-01-0.878009945E-02 0.775706256E-02 0.249723401E-01 0.421739332E-01
 0.593959428E-01 0.766467154E-01 0.939181298E-01 0.111185148E+00 0.128399685E+00
 0.145479441E+00 0.162291095E+00 0.178628445E+00 0.194192514E+00 0.208595008E+00
 0.857102200E-01 0.791694596E-01 0.758752152E-01 0.726176053E-01 0.686658025E-01
 0.642165244E-01 0.593504012E-01 0.541053340E-01 0.485007465E-01 0.425470993E-01
 0.362500623E-01 0.296125282E-01 0.226356201E-01 0.153191602E-01 0.766186742E-02
-0.146084727E-03-0.812155474E-02-0.162749067E-01-0.246034712E-01-0.330942571E-01
-0.417238846E-01-0.504576750E-01-0.592487790E-01-0.680375993E-01-0.767515898E-01
-0.853055939E-01-0.936026424E-01-0.101535521E+00-0.108988874E+00-0.115842052E+00
-0.121972479E+00-0.127259552E+00-0.131588772E+00-0.134855986E+00-0.136971295E+00
-0.137862623E+00-0.137478292E+00-0.135788828E+00-0.132787377E+00-0.128489092E+00
-0.122929193E+00-0.116159946E+00-0.108246796E+00-0.992637873E-01-0.892885849E-01
-0.783973560E-01-0.666596591E-01-0.541335940E-01-0.408612601E-01-0.268645193E-01
-0.121411104E-01 0.333904801E-02 0.196376964E-01 0.361710154E-01 0.529335365E-01
 0.699387938E-01 0.872068852E-01 0.104758948E+00 0.122612439E+00 0.140774310E+00
 0.159228683E+00 0.177912816E+00 0.196666822E+00 0.215123206E+00 0.232523799E+00
 0.988673717E-01 0.936288014E-01 0.884763375E-01 0.835339427E-01 0.786152780E-01
 0.735588297E-01 0.683060810E-01 0.628286898E-01 0.571103357E-01 0.511406399E-01
 0.449126139E-01 0.384214297E-01 0.316636562E-01 0.246366970E-01 0.173379835E-01
 0.976341683E-02 0.211478584E-02-0.564452540E-02-0.135013210E-01-0.214424767E-01
-0.294490885E-01-0.374929719E-01-0.455354303E-01-0.535267517E-01-0.614061691E-01
-0.691022798E-01-0.765338540E-01-0.836111903E-01-0.902378410E-01-0.963130146E-01
-0.101734251E+00-0.106400564E+00-0.110215731E+00-0.113091640E+00-0.114951394E+00
-0.115732044E+00-0.115386717E+00-0.113885909E+00-0.111217916E+00-0.107388198E+00
-0.102417894E+00-0.963413492E-01-0.892029330E-01-0.810532272E-01-0.719448403E-01
-0.619279742E-01-0.510458685E-01-0.393302701E-01-0.267968792E-01-0.134407198E-01
 0.768721628E-03 0.158928782E-01 0.313840918E-01 0.472558215E-01 0.635318086E-01
 0.802491307E-01 0.974586383E-01 0.115225598E+00 0.133630976E+00 0.152773276E+00
 0.172771439E+00 0.193769768E+00 0.215951741E+00 0.239601701E+00 0.264696151E+00
 0.110033274E+00 0.105534106E+00 0.999447629E-01 0.942074358E-01 0.886469483E-01
 0.831300467E-01 0.775666907E-01 0.718995854E-01 0.660919994E-01 0.601199791E-01
 0.539677553E-01 0.476251654E-01 0.410862677E-01 0.343487374E-01 0.274141878E-01
 0.202898718E-01 0.129934223E-01 0.550470548E-02-0.197258336E-02-0.944449194E-02
-0.169074684E-01-0.243428461E-01-0.317210853E-01-0.390023440E-01-0.461371802E-01
-0.530671664E-01-0.597257279E-01-0.660392419E-01-0.719285011E-01-0.773105696E-01
-0.821009427E-01-0.862160474E-01-0.895758048E-01-0.921062380E-01-0.937419310E-01
-0.944280922E-01-0.941222385E-01-0.927951485E-01-0.904311687E-01-0.870276392E-01
-0.825936571E-01-0.771480128E-01-0.707165226E-01-0.633288845E-01-0.550150312E-01
-0.458012670E-01-0.357062593E-01-0.247368105E-01-0.128834099E-01-0.115330789E-03
 0.136249261E-01 0.278087445E-01 0.424541421E-01 0.575903021E-01 0.732599571E-01
 0.895225480E-01 0.106458023E+00 0.124171920E+00 0.142802685E+00 0.162532285E+00
 0.183602259E+00 0.206338555E+00 0.231191456E+00 0.258795112E+00 0.288643837E+00
 0.119097248E+00 0.115033209E+00 0.109545894E+00 0.103751868E+00 0.980468318E-01
 0.923772678E-01 0.866947025E-01 0.809592903E-01 0.751405507E-01 0.692161396E-01
 0.631702542E-01 0.569922589E-01 0.506757051E-01 0.442176126E-01 0.376179777E-01
 0.308790896E-01 0.240038950E-01 0.169910733E-01 0.983759668E-02 0.277371681E-02
-0.423103711E-02-0.111515997E-01-0.179652274E-01-0.246396642E-01-0.311354995E-01
-0.374061167E-01-0.433983803E-01-0.490533561E-01-0.543072931E-01-0.590929948E-01
-0.633416176E-01-0.669846237E-01-0.699558482E-01-0.721934587E-01-0.736418739E-01
-0.742534176E-01-0.739895850E-01-0.728217959E-01-0.707314983E-01-0.677096695E-01
-0.637556091E-01-0.588752031E-01-0.530786589E-01-0.463777073E-01-0.387824140E-01
-0.302976370E-01-0.209195577E-01-0.106321033E-01 0.597152743E-03 0.128219286E-01
 0.255232509E-01 0.387169793E-01 0.524286181E-01 0.666953176E-01 0.815686136E-01
 0.971181169E-01 0.113436416E+00 0.130645931E+00 0.148908496E+00 0.168438807E+00
 0.189523146E+00 0.212543771E+00 0.238006055E+00 0.266553819E+00 0.297431201E+00
 0.126916334E+00 0.123205297E+00 0.118033923E+00 0.112393200E+00 0.106766239E+00
 0.101137713E+00 0.954875797E-01 0.897965133E-01 0.840476826E-01 0.782274604E-01
 0.723255053E-01 0.663346350E-01 0.602505468E-01 0.540716313E-01 0.477987640E-01
 0.414351560E-01 0.349863060E-01 0.284604095E-01 0.218708813E-01 0.152415875E-01
 0.855092425E-02 0.203677826E-02-0.432731723E-02-0.105088027E-01-0.164794885E-01
-0.222036708E-01-0.276412088E-01-0.327472501E-01-0.374720693E-01-0.417619571E-01
-0.455612913E-01-0.488142967E-01-0.514665134E-01-0.534662530E-01-0.547660775E-01
-0.553242490E-01-0.551058501E-01-0.540833697E-01-0.522366725E-01-0.495523289E-01
-0.460223369E-01-0.416425280E-01-0.364106409E-01-0.303239301E-01-0.233758781E-01
-0.155519415E-01-0.682680029E-02 0.283709052E-02 0.134926345E-01 0.246253591E-01
 0.362476557E-01 0.483781882E-01 0.610434674E-01 0.742797703E-01 0.881355479E-01
 0.102674529E+00 0.117979839E+00 0.134159550E+00 0.151354477E+00 0.169749394E+00
 0.189589679E+00 0.211207524E+00 0.235067397E+00 0.261859030E+00 0.290142745E+00
 0.134117961E+00 0.130749598E+00 0.125823990E+00 0.120393425E+00 0.114930011E+00
 0.109431893E+00 0.103896134E+00 0.983187333E-01 0.926951915E-01 0.870211571E-01
 0.812929794E-01 0.755081400E-01 0.696655959E-01 0.637660027E-01 0.578118525E-01
 0.518076494E-01 0.457600690E-01 0.396782048E-01 0.335738733E-01 0.274614040E-01
 0.213552918E-01 0.152803194E-01 0.921322126E-02 0.341215753E-02-0.214941148E-02
-0.743716815E-02-0.124267926E-01-0.170902144E-01-0.213911310E-01-0.252848659E-01
-0.287260786E-01-0.316699184E-01-0.340720229E-01-0.358888507E-01-0.370788574E-01
-0.376046337E-01-0.374343023E-01-0.365420617E-01-0.349080637E-01-0.325172357E-01
-0.293569863E-01-0.254156385E-01-0.206816029E-01-0.151426038E-01-0.878269412E-02
-0.156833767E-02 0.655304315E-02 0.156420805E-01 0.251873564E-01 0.352005400E-01
 0.456947200E-01 0.566862524E-01 0.681963637E-01 0.802525952E-01 0.928902179E-01
 0.106153779E+00 0.120098822E+00 0.134793878E+00 0.150322810E+00 0.166787684E+00
 0.184312448E+00 0.203048363E+00 0.223183632E+00 0.244948760E+00 0.267334938E+00
 0.140867740E+00 0.137829170E+00 0.133158416E+00 0.127951473E+00 0.122669570E+00
 0.117324248E+00 0.111928239E+00 0.106490709E+00 0.101017170E+00 0.955105573E-01
 0.899724811E-01 0.844041780E-01 0.788072944E-01 0.731843337E-01 0.675391033E-01
 0.618769675E-01 0.562050529E-01 0.505324565E-01 0.448703170E-01 0.392317958E-01
 0.336319096E-01 0.280877575E-01 0.226163324E-01 0.172450878E-01 0.119472826E-01
 0.700687757E-02 0.238150707E-02-0.193511602E-02-0.592227094E-02-0.951901637E-02
-0.126886200E-01-0.153996227E-01-0.176189858E-01-0.193094183E-01-0.204296093E-01
-0.209432654E-01-0.208205115E-01-0.200381465E-01-0.185800903E-01-0.164363962E-01
-0.135927806E-01-0.100295031E-01-0.572383869E-02-0.658874575E-03 0.514866086E-02
 0.117550613E-01 0.192896370E-01 0.272538513E-01 0.356633551E-01 0.445267707E-01
 0.538514182E-01 0.636459142E-01 0.739213452E-01 0.846917629E-01 0.959742218E-01
 0.107788444E+00 0.120155826E+00 0.133097589E+00 0.146631405E+00 0.160765201E+00
 0.175485790E+00 0.190736994E+00 0.206373453E+00 0.222038329E+00 0.236839294E+00
 0.147314906E+00 0.144590601E+00 0.140254647E+00 0.135251448E+00 0.130101845E+00
 0.124869607E+00 0.119591251E+00 0.114285722E+00 0.108963035E+00 0.103628717E+00
 0.982861146E-01 0.929377824E-01 0.875863358E-01 0.822350010E-01 0.768880621E-01
 0.715511143E-01 0.662312955E-01 0.609374791E-01 0.556803830E-01 0.504726991E-01
 0.453292504E-01 0.402672626E-01 0.353068151E-01 0.304722935E-01 0.257926285E-01
 0.213188361E-01 0.170653462E-01 0.130234035E-01 0.915161241E-02 0.575448340E-02
 0.279033999E-02 0.251015095E-03-0.185277208E-02-0.349048525E-02-0.459022634E-02
-0.511305267E-02-0.503097987E-02-0.432199193E-02-0.297688320E-02-0.102648616E-02
 0.154366728E-02 0.477340491E-02 0.873165578E-02 0.135424919E-01 0.187849384E-01
 0.245489143E-01 0.308597814E-01 0.376590975E-01 0.449178107E-01 0.526209213E-01
 0.607608445E-01 0.693342909E-01 0.783404633E-01 0.877797306E-01 0.976521596E-01
 0.107955605E+00 0.118683159E+00 0.129819304E+00 0.141334340E+00 0.153176054E+00
 0.165257111E+00 0.177436501E+00 0.189493731E+00 0.201102525E+00 0.211832270E+00
 0.154423669E+00 0.152342260E+00 0.147768259E+00 0.142493248E+00 0.137264937E+00
 0.132046834E+00 0.126840368E+00 0.121647753E+00 0.116470352E+00 0.111308999E+00
 0.106164441E+00 0.101037756E+00 0.959307104E-01 0.908460096E-01 0.857875049E-01
 0.807604045E-01 0.757713914E-01 0.708287582E-01 0.659425035E-01 0.611244589E-01
 0.563883930E-01 0.517501980E-01 0.472280793E-01 0.428427681E-01 0.386174917E-01
 0.345776416E-01 0.307450369E-01 0.271403342E-01 0.237911232E-01 0.207527652E-01
 0.180462487E-01 0.156751126E-01 0.136240833E-01 0.118413018E-01 0.106923943E-01
 0.101393228E-01 0.101898815E-01 0.108889127E-01 0.123345638E-01 0.141538577E-01
 0.164357852E-01 0.192312859E-01 0.225695837E-01 0.264544766E-01 0.308324844E-01
 0.356855355E-01 0.409997776E-01 0.467546023E-01 0.529315621E-01 0.595160685E-01
 0.664969310E-01 0.738652945E-01 0.816132948E-01 0.897325948E-01 0.982125476E-01
 0.107037857E+00 0.116185717E+00 0.125622064E+00 0.135296971E+00 0.145138904E+00
 0.155048236E+00 0.164890483E+00 0.174491853E+00 0.183641076E+00 0.192102879E+00
 0.160778478E+00 0.159170389E+00 0.154634520E+00 0.149182260E+00 0.143878773E+00
 0.138677031E+00 0.133549064E+00 0.128479153E+00 0.123458117E+00 0.118480347E+00
 0.113542601E+00 0.108643398E+00 0.103782788E+00 0.989622995E-01 0.941848904E-01
 0.894550011E-01 0.847785324E-01 0.801629499E-01 0.756172612E-01 0.711520836E-01
 0.667797029E-01 0.625140816E-01 0.583708882E-01 0.543674566E-01 0.505226031E-01
 0.468562879E-01 0.433890074E-01 0.401422828E-01 0.371398292E-01 0.344077833E-01
 0.319682583E-01 0.298403092E-01 0.280441530E-01 0.266110525E-01 0.256092343E-01
 0.250716377E-01 0.250188261E-01 0.254640803E-01 0.264058281E-01 0.277985670E-01
 0.296345484E-01 0.319163762E-01 0.346455127E-01 0.378163606E-01 0.414140671E-01
 0.454240553E-01 0.498321429E-01 0.546238422E-01 0.597853810E-01 0.653043911E-01
 0.711699799E-01 0.773723051E-01 0.839017332E-01 0.907475427E-01 0.978962258E-01
 0.105329275E+00 0.113020577E+00 0.120933361E+00 0.129017025E+00 0.137204021E+00
 0.145407408E+00 0.153519824E+00 0.161414787E+00 0.168951780E+00 0.175985366E+00
 0.165771812E+00 0.164445147E+00 0.160146639E+00 0.154831961E+00 0.149640784E+00
 0.144562617E+00 0.139580294E+00 0.134679303E+00 0.129848465E+00 0.125079617E+00
 0.120367236E+00 0.115708075E+00 0.111100852E+00 0.106546067E+00 0.102045842E+00
 0.976038426E-01 0.932252184E-01 0.889165401E-01 0.846857950E-01 0.805423483E-01
 0.764969513E-01 0.725616738E-01 0.687498972E-01 0.650762245E-01 0.615563579E-01
 0.582069531E-01 0.550454929E-01 0.520902686E-01 0.493604057E-01 0.468755811E-01
 0.446553119E-01 0.427192301E-01 0.410882682E-01 0.397862643E-01 0.388400406E-01
 0.382709205E-01 0.380936824E-01 0.383162983E-01 0.389389917E-01 0.399542637E-01
 0.413560085E-01 0.431394093E-01 0.452990271E-01 0.478272364E-01 0.507138669E-01
 0.539474562E-01 0.575159974E-01 0.614074692E-01 0.656104013E-01 0.701143742E-01
 0.749102905E-01 0.799903125E-01 0.853474438E-01 0.909745768E-01 0.968630090E-01
 0.103000268E+00 0.109367497E+00 0.115936548E+00 0.122667164E+00 0.129504859E+00
 0.136379942E+00 0.143208161E+00 0.149893314E+00 0.156332076E+00 0.162420541E+00
 0.169867292E+00 0.168816805E+00 0.164594024E+00 0.159477204E+00 0.154494479E+00
 0.149627611E+00 0.144863531E+00 0.140189305E+00 0.135593802E+00 0.131068394E+00
 0.126606941E+00 0.122205637E+00 0.117862783E+00 0.113578483E+00 0.109354503E+00
 0.105194084E+00 0.101101860E+00 0.970837176E-01 0.931467861E-01 0.892993286E-01
 0.855507329E-01 0.819114149E-01 0.783927888E-01 0.750071853E-01 0.717677549E-01
 0.686883703E-01 0.657835379E-01 0.630682930E-01 0.605581291E-01 0.582688116E-01
 0.562162288E-01 0.544163845E-01 0.528854132E-01 0.516394787E-01 0.506940223E-01
 0.500620641E-01 0.497531854E-01 0.497730114E-01 0.501231030E-01 0.508015193E-01
 0.518042929E-01 0.531260185E-01 0.547598377E-01 0.566973053E-01 0.589284524E-01
 0.614422187E-01 0.642269552E-01 0.672710463E-01 0.705635846E-01 0.740951225E-01
 0.778584257E-01 0.818491355E-01 0.860660598E-01 0.905110240E-01 0.951876640E-01
 0.100099094E+00 0.105244339E+00 0.110613964E+00 0.116185896E+00 0.121922329E+00
 0.127768472E+00 0.133653536E+00 0.139494151E+00 0.145199686E+00 0.150679111E+00
 0.172748581E+00 0.171863213E+00 0.167998165E+00 0.163151160E+00 0.158445671E+00
 0.153864488E+00 0.149387792E+00 0.144999325E+00 0.140686899E+00 0.136441991E+00
 0.132259041E+00 0.128134996E+00 0.124068744E+00 0.120060936E+00 0.116113640E+00
 0.112230226E+00 0.108415194E+00 0.104674116E+00 0.101013511E+00 0.974408165E-01
 0.939642936E-01 0.905929953E-01 0.873366818E-01 0.842057467E-01 0.812111720E-01
 0.783644095E-01 0.756773204E-01 0.731620640E-01 0.708310008E-01 0.686965585E-01
 0.667711124E-01 0.650668219E-01 0.635954514E-01 0.623680986E-01 0.613947138E-01
 0.606835186E-01 0.602404997E-01 0.600690879E-01 0.601700693E-01 0.605416894E-01
 0.611799881E-01 0.620790087E-01 0.632309243E-01 0.646261498E-01 0.662534833E-01
 0.681004077E-01 0.701535419E-01 0.723992586E-01 0.748245865E-01 0.774183795E-01
 0.801729038E-01 0.830857679E-01 0.861620530E-01 0.894161984E-01 0.928725302E-01
 0.965629891E-01 0.100520894E+00 0.104771487E+00 0.109322265E+00 0.114156313E+00
 0.119229652E+00 0.124472342E+00 0.129793257E+00 0.135088772E+00 0.140254378E+00
 0.174653396E+00 0.173903510E+00 0.170310840E+00 0.165818304E+00 0.161498785E+00
 0.157300159E+00 0.153188884E+00 0.149146453E+00 0.145162657E+00 0.141231924E+00
 0.137351647E+00 0.133521199E+00 0.129741460E+00 0.126014516E+00 0.122343495E+00
 0.118732445E+00 0.115186192E+00 0.111710317E+00 0.108311065E+00 0.104995303E+00
 0.101770446E+00 0.986444205E-01 0.956256092E-01 0.927227885E-01 0.899450630E-01
 0.873017982E-01 0.848025382E-01 0.824569538E-01 0.802746937E-01 0.782653317E-01
 0.764381886E-01 0.748022273E-01 0.733658150E-01 0.721365437E-01 0.711209029E-01
 0.703239813E-01 0.697491840E-01 0.693979934E-01 0.692698210E-01 0.693619549E-01
 0.696695447E-01 0.701855794E-01 0.709009096E-01 0.718042180E-01 0.728820339E-01
 0.741188750E-01 0.754974633E-01 0.769992024E-01 0.786049813E-01 0.802965984E-01
 0.820589885E-01 0.838838443E-01 0.857749507E-01 0.877555907E-01 0.898770615E-01
 0.922231749E-01 0.949000791E-01 0.980065092E-01 0.101603240E+00 0.105701156E+00
 0.110262096E+00 0.115200356E+00 0.120384656E+00 0.125651658E+00 0.130838200E+00
 0.175241783E+00 0.174447209E+00 0.171234205E+00 0.167451560E+00 0.163737148E+00
 0.160044819E+00 0.156373098E+00 0.152724043E+00 0.149100393E+00 0.145505100E+00
 0.141941428E+00 0.138412878E+00 0.134923339E+00 0.131477088E+00 0.128078833E+00
 0.124733672E+00 0.121447071E+00 0.118224919E+00 0.115073413E+00 0.111999065E+00
 0.109008685E+00 0.106109284E+00 0.103308111E+00 0.100612529E+00 0.980300382E-01
 0.955681726E-01 0.932344794E-01 0.910364315E-01 0.889813825E-01 0.870764405E-01
 0.853284225E-01 0.837436914E-01 0.823280290E-01 0.810864493E-01 0.800230429E-01
 0.791407079E-01 0.784409866E-01 0.779238269E-01 0.775874406E-01 0.774280801E-01
 0.774399564E-01 0.776149854E-01 0.779426619E-01 0.784098059E-01 0.790003240E-01
 0.796949491E-01 0.804710239E-01 0.813023150E-01 0.821590871E-01 0.830086768E-01
 0.838169679E-01 0.845517591E-01 0.851893723E-01 0.857278332E-01 0.862138197E-01
 0.868007466E-01 0.878103077E-01 0.895656645E-01 0.921956897E-01 0.957131013E-01
 0.100079216E+00 0.105201915E+00 0.110884331E+00 0.116754860E+00 0.122423805E+00
 0.174964473E+00 0.173885331E+00 0.171541929E+00 0.168627381E+00 0.165541947E+00
 0.162362322E+00 0.159132630E+00 0.155878156E+00 0.152614936E+00 0.149354294E+00
 0.146105096E+00 0.142874852E+00 0.139670387E+00 0.136498138E+00 0.133364424E+00
 0.130275503E+00 0.127237618E+00 0.124257065E+00 0.121340133E+00 0.118493147E+00
 0.115722425E+00 0.113034256E+00 0.110434875E+00 0.107930429E+00 0.105526984E+00
 0.103230439E+00 0.101046540E+00 0.989808291E-01 0.970386118E-01 0.952249020E-01
 0.935443714E-01 0.920012891E-01 0.905993879E-01 0.893417969E-01 0.882308632E-01
 0.872680023E-01 0.864535272E-01 0.857864395E-01 0.852642208E-01 0.848826095E-01
 0.846353620E-01 0.845139325E-01 0.845071226E-01 0.846006945E-01 0.847767442E-01
 0.850130692E-01 0.852821991E-01 0.855502561E-01 0.857754126E-01 0.859061405E-01
 0.858793557E-01 0.856189206E-01 0.850354359E-01 0.840277523E-01 0.824827403E-01
 0.802451298E-01 0.786298737E-01 0.788707808E-01 0.806162357E-01 0.836823210E-01
 0.882079452E-01 0.940690264E-01 0.101488769E+00 0.109218463E+00 0.115691967E+00
 0.175734699E+00 0.174760818E+00 0.172617212E+00 0.170025215E+00 0.167318538E+00
 0.164522767E+00 0.161662415E+00 0.158757776E+00 0.155824944E+00 0.152876899E+00
 0.149924502E+00 0.146977231E+00 0.144043684E+00 0.141131878E+00 0.138249353E+00
 0.135403380E+00 0.132600904E+00 0.129848629E+00 0.127153009E+00 0.124520198E+00
 0.121956132E+00 0.119466439E+00 0.117056452E+00 0.114731193E+00 0.112495370E+00
 0.110353351E+00 0.108309187E+00 0.106366605E+00 0.104529001E+00 0.102799475E+00
 0.101180799E+00 0.996754244E-01 0.982854590E-01 0.970125571E-01 0.958578810E-01
 0.948219597E-01 0.939044952E-01 0.931042284E-01 0.924186483E-01 0.918437913E-01
 0.913738757E-01 0.910010263E-01 0.907147527E-01 0.905015022E-01 0.903438702E-01
 0.902196988E-01 0.901006535E-01 0.899502113E-01 0.897206441E-01 0.893484429E-01
 0.887474865E-01 0.877994448E-01 0.863420665E-01 0.841591358E-01 0.809785277E-01
 0.771129876E-01 0.750132799E-01 0.746625960E-01 0.759106055E-01 0.788396820E-01
 0.834230259E-01 0.900079682E-01 0.982748121E-01 0.105615556E+00 0.111888051E+00
 0.176741168E+00 0.175900638E+00 0.173920974E+00 0.171564355E+00 0.169131398E+00
 0.166629925E+00 0.164070547E+00 0.161464393E+00 0.158822417E+00 0.156155214E+00
 0.153472915E+00 0.150785267E+00 0.148101628E+00 0.145430923E+00 0.142781630E+00
 0.140161827E+00 0.137579069E+00 0.135040432E+00 0.132552490E+00 0.130121306E+00
 0.127752408E+00 0.125450835E+00 0.123221003E+00 0.121066846E+00 0.118991710E+00
 0.116998434E+00 0.115089320E+00 0.113266230E+00 0.111530624E+00 0.109883651E+00
 0.108326219E+00 0.106859066E+00 0.105482824E+00 0.104198024E+00 0.103005052E+00
 0.101904050E+00 0.100894816E+00 0.999765396E-01 0.991476178E-01 0.984053314E-01
 0.977455676E-01 0.971624553E-01 0.966479778E-01 0.961915106E-01 0.957792774E-01
 0.953935236E-01 0.950114727E-01 0.946036577E-01 0.941311568E-01 0.935409367E-01
 0.927570760E-01 0.916635618E-01 0.900702626E-01 0.876574665E-01 0.840024948E-01
 0.810934976E-01 0.795998350E-01 0.794019625E-01 0.805113092E-01 0.829557031E-01
 0.871729106E-01 0.935336798E-01 0.100170419E+00 0.105970912E+00 0.111118793E+00
 0.177747160E+00 0.177040607E+00 0.175277948E+00 0.173136741E+00 0.170942917E+00
 0.168696925E+00 0.166399971E+00 0.164055824E+00 0.161670655E+00 0.159252480E+00
 0.156810552E+00 0.154354781E+00 0.151895210E+00 0.149441764E+00 0.147003859E+00
 0.144590363E+00 0.142209440E+00 0.139868557E+00 0.137574404E+00 0.135332897E+00
 0.133149207E+00 0.131027728E+00 0.128971994E+00 0.126984790E+00 0.125068054E+00
 0.123222932E+00 0.121449798E+00 0.119748399E+00 0.118117951E+00 0.116557352E+00
 0.115065344E+00 0.113640778E+00 0.112282760E+00 0.110990785E+00 0.109764792E+00
 0.108605087E+00 0.107512206E+00 0.106486686E+00 0.105528750E+00 0.104638010E+00
 0.103813134E+00 0.103051558E+00 0.102349192E+00 0.101700202E+00 0.101096801E+00
 0.100529112E+00 0.999850780E-01 0.994504616E-01 0.989091694E-01 0.983439013E-01
 0.977378711E-01 0.970779285E-01 0.963567048E-01 0.955250561E-01 0.946848840E-01
 0.942472592E-01 0.941124335E-01 0.944091603E-01 0.951454565E-01 0.964306891E-01
 0.983107090E-01 0.101521127E+00 0.105091512E+00 0.108764999E+00 0.112382933E+00
 0.178743720E+00 0.178188384E+00 0.176589623E+00 0.174670413E+00 0.172721669E+00
 0.170728177E+00 0.168680921E+00 0.166577667E+00 0.164422095E+00 0.162222147E+00
 0.159988374E+00 0.157732487E+00 0.155466497E+00 0.153202012E+00 0.150949866E+00
 0.148719937E+00 0.146521062E+00 0.144361049E+00 0.142246664E+00 0.140183672E+00
 0.138176858E+00 0.136229977E+00 0.134345710E+00 0.132525638E+00 0.130770206E+00
 0.129078642E+00 0.127449065E+00 0.125878558E+00 0.124363437E+00 0.122899555E+00
 0.121482730E+00 0.120109230E+00 0.118776202E+00 0.117481992E+00 0.116226293E+00
 0.115010172E+00 0.113835797E+00 0.112706088E+00 0.111624263E+00 0.110593386E+00
 0.109615952E+00 0.108693615E+00 0.107826978E+00 0.107015625E+00 0.106258258E+00
 0.105553135E+00 0.104898863E+00 0.104295760E+00 0.103748441E+00 0.103270516E+00
 0.102893852E+00 0.102687970E+00 0.102802567E+00 0.103546806E+00 0.105046384E+00
 0.106132582E+00 0.106819309E+00 0.107378326E+00 0.107881971E+00 0.108203433E+00
 0.108079039E+00 0.108481705E+00 0.109940551E+00 0.111992531E+00 0.114333153E+00
 0.179503456E+00 0.179102167E+00 0.177742004E+00 0.176117077E+00 0.174472570E+00
 0.172764629E+00 0.170972869E+00 0.169094682E+00 0.167138636E+00 0.165119126E+00
 0.163052842E+00 0.160956740E+00 0.158846766E+00 0.156737372E+00 0.154641271E+00
 0.152569428E+00 0.150531217E+00 0.148534596E+00 0.146586224E+00 0.144691631E+00
 0.142855167E+00 0.141080052E+00 0.139368251E+00 0.137720272E+00 0.136135101E+00
 0.134609908E+00 0.133140087E+00 0.131719232E+00 0.130339488E+00 0.128992096E+00
 0.127668262E+00 0.126360059E+00 0.125061497E+00 0.123769239E+00 0.122482948E+00
 0.121205337E+00 0.119941674E+00 0.118698992E+00 0.117485210E+00 0.116308317E+00
 0.115175694E+00 0.114093758E+00 0.113067836E+00 0.112102337E+00 0.111201093E+00
 0.110368021E+00 0.109608017E+00 0.108928308E+00 0.108340316E+00 0.107862167E+00
 0.107521437E+00 0.107356302E+00 0.107408471E+00 0.107694171E+00 0.108156696E+00
 0.108680986E+00 0.109190412E+00 0.109673284E+00 0.110142916E+00 0.110625371E+00
 0.111192517E+00 0.111973248E+00 0.113060854E+00 0.114445679E+00 0.116056964E+00
 0.179707542E+00 0.179411769E+00 0.178573385E+00 0.177506015E+00 0.176316559E+00
 0.174953490E+00 0.173412025E+00 0.171717793E+00 0.169903770E+00 0.168002456E+00
 0.166043356E+00 0.164052159E+00 0.162050426E+00 0.160055742E+00 0.158082277E+00
 0.156141326E+00 0.154242009E+00 0.152391717E+00 0.150596529E+00 0.148861498E+00
 0.147190586E+00 0.145586789E+00 0.144051760E+00 0.142585605E+00 0.141186357E+00
 0.139849469E+00 0.138567373E+00 0.137329102E+00 0.136120543E+00 0.134925231E+00
 0.133726045E+00 0.132507324E+00 0.131257191E+00 0.129969224E+00 0.128643483E+00
 0.127286240E+00 0.125908941E+00 0.124526240E+00 0.123153962E+00 0.121807314E+00
 0.120499834E+00 0.119242974E+00 0.118046179E+00 0.116917327E+00 0.115863219E+00
 0.114890292E+00 0.114005260E+00 0.113215931E+00 0.112531781E+00 0.111964315E+00
 0.111526519E+00 0.111230552E+00 0.111082979E+00 0.111078538E+00 0.111197107E+00
 0.111409888E+00 0.111692056E+00 0.112031825E+00 0.112432256E+00 0.112910375E+00
 0.113495052E+00 0.114219114E+00 0.115105107E+00 0.116154484E+00 0.117348343E+00
 0.179849431E+00 0.179713011E+00 0.179485232E+00 0.179191247E+00 0.178756073E+00
 0.177662462E+00 0.176242501E+00 0.174599901E+00 0.172805607E+00 0.170914918E+00
 0.168972299E+00 0.167012453E+00 0.165061221E+00 0.163137004E+00 0.161252663E+00
 0.159417301E+00 0.157637686E+00 0.155919209E+00 0.154266447E+00 0.152683571E+00
 0.151174381E+00 0.149742231E+00 0.148389682E+00 0.147117928E+00 0.145925894E+00
 0.144809127E+00 0.143758267E+00 0.142757416E+00 0.141783193E+00 0.140805244E+00
 0.139789701E+00 0.138704598E+00 0.137525693E+00 0.136240527E+00 0.134850308E+00
 0.133369774E+00 0.131824210E+00 0.130244225E+00 0.128660113E+00 0.127097964E+00
 0.125578478E+00 0.124117382E+00 0.122726582E+00 0.121415250E+00 0.120190814E+00
 0.119059645E+00 0.118027642E+00 0.117100582E+00 0.116284318E+00 0.115584575E+00
 0.115006357E+00 0.114552841E+00 0.114223979E+00 0.114015505E+00 0.113919139E+00
 0.113924608E+00 0.114022739E+00 0.114208236E+00 0.114481106E+00 0.114846461E+00
 0.115312666E+00 0.115888111E+00 0.116577350E+00 0.117378272E+00 0.118281439E+00
 0.180295512E+00 0.180402473E+00 0.180591524E+00 0.180926681E+00 0.181382254E+00
 0.181022450E+00 0.179680064E+00 0.177839428E+00 0.175867066E+00 0.173828632E+00
 0.171782017E+00 0.169768319E+00 0.167810798E+00 0.165920451E+00 0.164101765E+00
 0.162356511E+00 0.160685658E+00 0.159090444E+00 0.157572836E+00 0.156135812E+00
 0.154783353E+00 0.153520331E+00 0.152352080E+00 0.151283756E+00 0.150319278E+00
 0.149459526E+00 0.148699403E+00 0.148023054E+00 0.147397026E+00 0.146764711E+00
 0.146052003E+00 0.145187810E+00 0.144121751E+00 0.142829522E+00 0.141314328E+00
 0.139609784E+00 0.137777254E+00 0.135887787E+00 0.134000018E+00 0.132153109E+00
 0.130371273E+00 0.128669620E+00 0.127058133E+00 0.125543892E+00 0.124132298E+00
 0.122827694E+00 0.121633708E+00 0.120553464E+00 0.119589545E+00 0.118743934E+00
 0.118017718E+00 0.117410757E+00 0.116921350E+00 0.116546161E+00 0.116280541E+00
 0.116119243E+00 0.116057426E+00 0.116091505E+00 0.116219625E+00 0.116441488E+00
 0.116757631E+00 0.117168196E+00 0.117671646E+00 0.118263803E+00 0.118937477E+00
 0.180591375E+00 0.180863053E+00 0.181262016E+00 0.181858942E+00 0.182712615E+00
 0.182997465E+00 0.182478279E+00 0.181132600E+00 0.178967923E+00 0.176563531E+00
 0.174274147E+00 0.172143221E+00 0.170158207E+00 0.168299690E+00 0.166551769E+00
 0.164902896E+00 0.163345352E+00 0.161874756E+00 0.160489768E+00 0.159192070E+00
 0.157986417E+00 0.156880602E+00 0.155885011E+00 0.155012235E+00 0.154276535E+00
 0.153693348E+00 0.153277487E+00 0.153038681E+00 0.152967364E+00 0.152980119E+00
 0.152842849E+00 0.152368814E+00 0.151489481E+00 0.150172785E+00 0.148405492E+00
 0.146222204E+00 0.143806562E+00 0.141396686E+00 0.139079496E+00 0.136874944E+00
 0.134787425E+00 0.132818088E+00 0.130967915E+00 0.129238203E+00 0.127630353E+00
 0.126145512E+00 0.124784470E+00 0.123547502E+00 0.122434355E+00 0.121444233E+00
 0.120575674E+00 0.119826563E+00 0.119194046E+00 0.118674621E+00 0.118264310E+00
 0.117958926E+00 0.117754444E+00 0.117647223E+00 0.117634147E+00 0.117712528E+00
 0.117879771E+00 0.118132919E+00 0.118468203E+00 0.118880607E+00 0.119363762E+00
 0.180589020E+00 0.180953696E+00 0.181373462E+00 0.181835175E+00 0.182325378E+00
 0.182810143E+00 0.183001295E+00 0.182382852E+00 0.180884495E+00 0.178443238E+00
 0.175978452E+00 0.173832387E+00 0.171909004E+00 0.170151055E+00 0.168524861E+00
 0.167008802E+00 0.165588722E+00 0.164255843E+00 0.163005859E+00 0.161838830E+00
 0.160759732E+00 0.159781903E+00 0.158923268E+00 0.158204138E+00 0.157650903E+00
 0.157297939E+00 0.157190651E+00 0.157391861E+00 0.157996640E+00 0.159145623E+00
 0.159888223E+00 0.159911841E+00 0.159298390E+00 0.157975778E+00 0.155899674E+00
 0.152946159E+00 0.149456054E+00 0.146401584E+00 0.143632039E+00 0.141072541E+00
 0.138685256E+00 0.136452034E+00 0.134365112E+00 0.132421479E+00 0.130619749E+00
 0.128958493E+00 0.127435863E+00 0.126049355E+00 0.124795943E+00 0.123672262E+00
 0.122674592E+00 0.121798970E+00 0.121041223E+00 0.120397016E+00 0.119861916E+00
 0.119431511E+00 0.119101495E+00 0.118867733E+00 0.118726246E+00 0.118673176E+00
 0.118704595E+00 0.118816353E+00 0.119003832E+00 0.119261838E+00 0.119584493E+00
 0.180351898E+00 0.180916980E+00 0.181392848E+00 0.181709900E+00 0.181850016E+00
 0.181827947E+00 0.181660846E+00 0.181344539E+00 0.180493683E+00 0.178555951E+00
 0.176459983E+00 0.174604371E+00 0.172930494E+00 0.171394557E+00 0.169972807E+00
 0.168646976E+00 0.167402864E+00 0.166230097E+00 0.165122285E+00 0.164077356E+00
 0.163097799E+00 0.162204474E+00 0.161422417E+00 0.160776079E+00 0.160299346E+00
 0.160036772E+00 0.160047382E+00 0.160412252E+00 0.161247388E+00 0.162682489E+00
 0.163726047E+00 0.164002091E+00 0.163573012E+00 0.162376180E+00 0.160324097E+00
 0.157261252E+00 0.153596088E+00 0.150336206E+00 0.147350699E+00 0.144561514E+00
 0.141936406E+00 0.139468268E+00 0.137159526E+00 0.135013223E+00 0.133029684E+00
 0.131206244E+00 0.129538253E+00 0.128019899E+00 0.126644969E+00 0.125407174E+00
 0.124300420E+00 0.123318784E+00 0.122456588E+00 0.121708408E+00 0.121068999E+00
 0.120533340E+00 0.120096594E+00 0.119754113E+00 0.119501352E+00 0.119333848E+00
 0.119247116E+00 0.119236521E+00 0.119297236E+00 0.119424134E+00 0.119611762E+00
 0.731359184E+00 0.745860219E+00 0.755918026E+00 0.768369317E+00 0.781450391E+00
 0.794972956E+00 0.809156597E+00 0.823921740E+00 0.839229822E+00 0.855077505E+00
 0.871315539E+00 0.888137102E+00 0.906054676E+00 0.924446940E+00 0.943183005E+00
 0.963031769E+00 0.983433485E+00 0.100489366E+01 0.102713382E+01 0.105009556E+01
 0.107398260E+01 0.109893727E+01 0.112488973E+01 0.115192115E+01 0.118007457E+01
 0.120939469E+01 0.123989117E+01 0.127169669E+01 0.130499673E+01 0.133973169E+01
 0.137604201E+01 0.141392517E+01 0.145333827E+01 0.149483252E+01 0.153831589E+01
 0.158370101E+01 0.163138139E+01 0.168105078E+01 0.173335505E+01 0.178852034E+01
 0.184615147E+01 0.190648496E+01 0.197047627E+01 0.203746581E+01 0.210804343E+01
 0.218209982E+01 0.226066685E+01 0.234346795E+01 0.243006158E+01 0.252221394E+01
 0.261982822E+01 0.272251630E+01 0.283093166E+01 0.294666839E+01 0.306843948E+01
 0.319900584E+01 0.333830881E+01 0.348760557E+01 0.364975405E+01 0.382492828E+01
 0.401763678E+01 0.423890448E+01 0.450272989E+01 0.487066126E+01 0.612455225E+01
   86  117
 0.110780382E+01-0.200000003E+00 0.109345198E+01-0.150000006E+00 0.107906246E+01
-0.505785644E-01 0.107906246E+01-0.476208478E-01 0.108660674E+01 0.500000007E-01
 0.110562503E+01 0.118810445E+00 0.113218749E+01 0.183778957E+00 0.115875006E+01
 0.235849664E+00 0.118531251E+01 0.281425118E+00 0.121187496E+01 0.322856486E+00
 0.123843753E+01 0.361027896E+00 0.126822186E+01 0.400000006E+00 0.130977952E+01
 0.449999988E+00 0.134468746E+01 0.487341553E+00 0.137125003E+01 0.513800681E+00
 0.141180158E+01 0.550000012E+00 0.145093751E+01 0.581348896E+00 0.147749996E+01
 0.600497723E+00 0.153062499E+01 0.633041739E+00 0.156362474E+01 0.649999976E+00
 0.161031246E+01 0.671104491E+00 0.166343749E+01 0.688362360E+00 0.171292996E+01
 0.699999988E+00 0.174312496E+01 0.704668283E+00 0.179624999E+01 0.706390262E+00
 0.184479141E+01 0.699999988E+00 0.187593746E+01 0.693186104E+00 0.192906249E+01
 0.675286233E+00 0.197414076E+01 0.649999976E+00 0.200874996E+01 0.625433803E+00
 0.203647614E+01 0.600000024E+00 0.207804227E+01 0.550000012E+00 0.211149120E+01
 0.500000000E+00 0.213996148E+01 0.449999988E+00 0.216514826E+01 0.400000006E+00
 0.218799996E+01 0.349999994E+00 0.220894122E+01 0.300000012E+00 0.222792792E+01
 0.250000000E+00 0.224781251E+01 0.187139481E+00 0.226882148E+01 0.100000001E+00
 0.227635670E+01 0.500000007E-01 0.227804637E+01-0.500000007E-01 0.227241778E+01
-0.100000001E+00 0.225308371E+01-0.200000003E+00 0.223928618E+01-0.250000000E+00
 0.222125006E+01-0.309294939E+00 0.219468760E+01-0.385553598E+00 0.217050362E+01
-0.449999988E+00 0.214940310E+01-0.500000000E+00 0.212619948E+01-0.550000012E+00
 0.210053682E+01-0.600000024E+00 0.207207251E+01-0.649999976E+00 0.204055667E+01
-0.699999988E+00 0.200874996E+01-0.745246947E+00 0.198218751E+01-0.781876922E+00
 0.195562506E+01-0.816943109E+00 0.192906249E+01-0.850239217E+00 0.188676071E+01
-0.899999976E+00 0.184937501E+01-0.943781853E+00 0.182281256E+01-0.975728810E+00
 0.179624999E+01-0.100633097E+01 0.175543070E+01-0.104999995E+01 0.171656251E+01
-0.109352005E+01 0.169000006E+01-0.112554967E+01 0.164908564E+01-0.116443133E+01
 0.163473368E+01-0.118219113E+01 0.161031246E+01-0.114487970E+01 0.157805383E+01
-0.110000002E+01 0.154720402E+01-0.104999995E+01 0.151719582E+01-0.100000000E+01
 0.148742676E+01-0.949999988E+00 0.145771337E+01-0.899999976E+00 0.142795646E+01
-0.850000024E+00 0.139781249E+01-0.800215065E+00 0.137125003E+01-0.754353523E+00
 0.134468746E+01-0.707276344E+00 0.131812501E+01-0.659053862E+00 0.129156256E+01
-0.609568357E+00 0.126499999E+01-0.558612704E+00 0.123843753E+01-0.505916417E+00
 0.121187496E+01-0.451106787E+00 0.118842351E+01-0.400000006E+00 0.116598666E+01
-0.349999994E+00 0.114458632E+01-0.300000012E+00 0.112482357E+01-0.250000000E+00
 0.110780382E+01-0.200000003E+00
 0.101600003E+01 0.000000000E+00 0.101600003E+01 0.963999987E+00 0.101600003E+01
 0.967999995E+00 0.101600003E+01 0.100100005E+01 0.101600003E+01 0.101900005E+01
 0.101600003E+01 0.107700002E+01 0.101600003E+01 0.107000005E+01 0.101600003E+01
 0.109599996E+01 0.101600003E+01 0.111300004E+01 0.101600003E+01 0.113800001E+01
 0.101600003E+01 0.114699996E+01 0.101199996E+01 0.116499996E+01 0.100100005E+01
 0.121700001E+01 0.102900004E+01 0.121700001E+01 0.104200006E+01 0.116240001E+01
 0.104600000E+01 0.116237998E+01 0.105599999E+01 0.116260004E+01 0.109700000E+01
 0.116450000E+01 0.110800004E+01 0.116594005E+01 0.111600006E+01 0.116591001E+01
 0.113399994E+01 0.116895998E+01 0.114800000E+01 0.117174995E+01 0.116199994E+01
 0.117556000E+01 0.118099999E+01 0.118299997E+01 0.118200004E+01 0.118350005E+01
 0.118499994E+01 0.118499994E+01 0.119000006E+01 0.118799996E+01 0.119500005E+01
 0.119099998E+01 0.120099998E+01 0.119599998E+01 0.120899999E+01 0.120200002E+01
 0.121500003E+01 0.120799994E+01 0.122200000E+01 0.121399999E+01 0.122800004E+01
 0.122099996E+01 0.123399997E+01 0.123099995E+01 0.123899996E+01 0.123800004E+01
 0.124199998E+01 0.124399996E+01 0.124800003E+01 0.125399995E+01 0.125800002E+01
 0.127800000E+01 0.126300001E+01 0.128999996E+01 0.127999997E+01 0.133099997E+01
 0.127999997E+01 0.134700000E+01 0.127999997E+01 0.134800005E+01 0.130999994E+01
 0.134800005E+01 0.132799995E+01 0.134800005E+01 0.136099994E+01 0.134800005E+01
 0.138000000E+01 0.134800005E+01 0.141900003E+01 0.134800005E+01 0.141900003E+01
 0.130999994E+01 0.137199998E+01 0.130999994E+01 0.137167001E+01 0.129237998E+01
 0.137003005E+01 0.128268003E+01 0.136688006E+01 0.125644004E+01 0.136719000E+01
 0.122955000E+01 0.137178004E+01 0.119576001E+01 0.137223995E+01 0.119402003E+01
 0.138662004E+01 0.116487002E+01 0.138707995E+01 0.116420996E+01 0.140382004E+01
 0.115696001E+01 0.141127002E+01 0.115730000E+01 0.141857004E+01 0.116131997E+01
 0.142100000E+01 0.116400003E+01 0.148662996E+01 0.124049997E+01 0.149730003E+01
 0.123458004E+01 0.149761999E+01 0.123427999E+01 0.149744999E+01 0.123174000E+01
 0.149275005E+01 0.121329999E+01 0.149259996E+01 0.121061003E+01 0.149260998E+01
 0.120485997E+01 0.149278998E+01 0.120213997E+01 0.149339998E+01 0.119641995E+01
 0.149469995E+01 0.118510997E+01 0.149621999E+01 0.116069996E+01 0.147981000E+01
 0.112425995E+01 0.148081994E+01 0.112256002E+01 0.148149002E+01 0.112137997E+01
 0.148645997E+01 0.111691999E+01 0.149094999E+01 0.111439002E+01 0.150304997E+01
 0.111243999E+01 0.159696996E+01 0.109489000E+01 0.162549996E+01 0.108529997E+01
 0.163751996E+01 0.107988000E+01 0.164699996E+01 0.107700002E+01 0.178499997E+01
 0.107700002E+01 0.206999993E+01 0.103999996E+01 0.212800002E+01 0.992999971E+00
 0.224499989E+01 0.708999991E+00 0.233956003E+01 0.461430013E+00 0.234707999E+01
 0.415829986E+00 0.234912992E+01 0.272179991E+00 0.235103011E+01 0.170179993E+00
 0.235157990E+01 0.701199993E-01 0.235124993E+01-0.317899995E-01 0.235050988E+01
-0.144350007E+00 0.234964991E+01-0.214829996E+00 0.234870005E+01-0.326689988E+00
 0.234759998E+01-0.386770010E+00 0.234019995E+01-0.453040004E+00 0.232942009E+01
-0.477569997E+00 0.213400006E+01-0.972999990E+00 0.178600001E+01-0.117400002E+01
 0.176800001E+01-0.121099997E+01 0.176800001E+01-0.125000000E+01 0.168200004E+01
-0.125000000E+01 0.137199998E+01-0.125000000E+01 0.137199998E+01-0.132900000E+01
 0.141999996E+01-0.132900000E+01 0.141999996E+01-0.136300004E+01 0.127300000E+01
-0.136300004E+01 0.115300000E+01-0.136300004E+01 0.101600003E+01-0.122300005E+01
 0.101600003E+01-0.122300005E+01 0.101600003E+01-0.829999983E+00 0.101600003E+01
-0.800000012E+00 0.101600003E+01-0.414999992E+00 0.101600003E+01-0.400000006E+00
 0.101600003E+01-0.100000005E-02 0.101600003E+01 0.000000000E+00
    0 0.170000005E+01    1
 0.000000000E+00 0.000000000E+00 0.000000000E+00 0.000000000E+00 0.000000000E+00
 0.000000000E+00 0.000000000E+00 0.000000000E+00 0.000000000E+00 0.000000000E+00
 0.000000000E+00 0.000000000E+00 0.000000000E+00 0.000000000E+00 0.000000000E+00
 0.000000000E+00 0.000000000E+00 0.000000000E+00 0.000000000E+00 0.000000000E+00
 0.000000000E+00 0.000000000E+00 0.000000000E+00 0.000000000E+00 0.000000000E+00
 0.000000000E+00 0.000000000E+00 0.000000000E+00 0.000000000E+00 0.000000000E+00
 0.000000000E+00 0.000000000E+00 0.000000000E+00 0.000000000E+00 0.000000000E+00
 0.000000000E+00 0.000000000E+00 0.000000000E+00 0.000000000E+00 0.000000000E+00
 0.000000000E+00 0.000000000E+00 0.000000000E+00 0.000000000E+00 0.000000000E+00
 0.000000000E+00 0.000000000E+00 0.000000000E+00 0.000000000E+00 0.000000000E+00
 0.000000000E+00 0.000000000E+00 0.000000000E+00 0.000000000E+00 0.000000000E+00
 0.000000000E+00 0.000000000E+00 0.000000000E+00 0.000000000E+00 0.000000000E+00
 0.000000000E+00 0.000000000E+00 0.000000000E+00 0.000000000E+00 0.000000000E+00
 0.000000000E+00 0.782127902E-01 0.111434348E+00 0.137157440E+00 0.159148589E+00
 0.178805336E+00 0.196807787E+00 0.213583380E+00 0.229416311E+00 0.244509161E+00
 0.257720083E+00 0.271773010E+00 0.285522044E+00 0.298785597E+00 0.311711580E+00
 0.324356645E+00 0.336864859E+00 0.349178046E+00 0.361274958E+00 0.373261690E+00
 0.385123551E+00 0.396867126E+00 0.408595860E+00 0.420228750E+00 0.431819707E+00
 0.443406612E+00 0.454930782E+00 0.466465682E+00 0.478037536E+00 0.489608824E+00
 0.501227677E+00 0.512884796E+00 0.524550319E+00 0.536332905E+00 0.548188031E+00
 0.560095191E+00 0.572153330E+00 0.584246576E+00 0.596462905E+00 0.608871400E+00
 0.621366680E+00 0.633983672E+00 0.646826804E+00 0.659786582E+00 0.672952175E+00
 0.686284959E+00 0.699863017E+00 0.713659346E+00 0.727608085E+00 0.741880655E+00
 0.756408393E+00 0.771195531E+00 0.786234498E+00 0.801638007E+00 0.817340314E+00
 0.833381593E+00 0.849808156E+00 0.866584241E+00 0.883841276E+00 0.901495993E+00
 0.919679701E+00 0.938458025E+00 0.957920909E+00 0.978343368E+00 0.100000000E+01
    1
 0.000000000E+00 0.000000000E+00 0.000000000E+00 0.000000000E+00 0.000000000E+00
 0.000000000E+00 0.000000000E+00 0.000000000E+00 0.000000000E+00 0.000000000E+00
 0.000000000E+00 0.000000000E+00 0.000000000E+00 0.000000000E+00 0.000000000E+00
 0.000000000E+00 0.000000000E+00 0.000000000E+00 0.000000000E+00 0.000000000E+00
 0.000000000E+00 0.000000000E+00 0.000000000E+00 0.000000000E+00 0.000000000E+00
 0.000000000E+00 0.000000000E+00 0.000000000E+00 0.000000000E+00 0.000000000E+00
 0.000000000E+00 0.000000000E+00 0.000000000E+00 0.000000000E+00 0.000000000E+00
 0.000000000E+00 0.000000000E+00 0.000000000E+00 0.000000000E+00 0.000000000E+00
 0.000000000E+00 0.000000000E+00 0.000000000E+00 0.000000000E+00 0.000000000E+00
 0.000000000E+00 0.000000000E+00 0.000000000E+00 0.000000000E+00 0.000000000E+00
 0.000000000E+00 0.000000000E+00 0.000000000E+00 0.000000000E+00 0.000000000E+00
 0.000000000E+00 0.000000000E+00 0.000000000E+00 0.000000000E+00 0.000000000E+00
 0.000000000E+00 0.000000000E+00 0.000000000E+00 0.000000000E+00 0.000000000E+00
&BASIS
 EE2BDRY= 32*0.00000000      ,
 EEBDRY= 32*0.00000000      ,
 EEKNT= 32*0.00000000      ,
 EETENS=  5.00000000    ,
 FF2BDRY= 64*0.00000000      ,
 FFBDRY=  4.51885509    , -11.3758869    ,  6.91135788    , 61*0.00000000      ,
 FFKNT= 64*0.00000000      ,
 FFTENS=  0.00000000    ,
 KEE2BDRY= 32*0          ,
 KEEBDRY= 32*0          ,
 KEEFNC=          0,
 KEEKNT=          0,
 KFF2BDRY= 64*0          ,
 KFFBDRY= 64*0          ,
 KFFFNC=          0,
 KFFKNT=          0,
 KPP2BDRY= 64*0          ,
 KPPBDRY= 64*0          ,
 KPPFNC=          0,
 KPPKNT=          0,
 KWW2BDRY= 64*0          ,
 KWWBDRY= 64*0          ,
 KWWFNC=          0,
 KWWKNT=          0,
 PP2BDRY= 64*0.00000000      ,
 PPBDRY=  216736.109    , -39218.0547    , 62*0.00000000      ,
 PPKNT= 64*0.00000000      ,
 PPTENS=  0.00000000    ,
 WW2BDRY= 64*0.00000000      ,
 WWBDRY= -797.913757    , -40760.2500    , 62*0.00000000      ,
 WWKNT= 64*0.00000000      ,
 WWTENS=  0.00000000    ,
 /
