  EFITD    01/21/2000    #180528  3700ms           7  65  65
 0.170000005E+01 0.320000005E+01 0.169550002E+01 0.839999974E+00 0.000000000E+00
 0.183002043E+01-0.324607566E-01-0.314831942E+00-0.511012338E-01-0.197384846E+01
 0.880977625E+06-0.314831942E+00 0.000000000E+00 0.183002043E+01 0.000000000E+00
-0.324607566E-01 0.000000000E+00-0.511012338E-01 0.000000000E+00 0.000000000E+00
-0.334525418E+01-0.334255910E+01-0.334003329E+01-0.333767247E+01-0.333547330E+01
-0.333343172E+01-0.333154416E+01-0.332980657E+01-0.332821512E+01-0.332676601E+01
-0.332545519E+01-0.332427859E+01-0.332323241E+01-0.332231259E+01-0.332151532E+01
-0.332083607E+01-0.332027125E+01-0.331981635E+01-0.331946778E+01-0.331922126E+01
-0.331907248E+01-0.331901741E+01-0.331905222E+01-0.331917238E+01-0.331937385E+01
-0.331965280E+01-0.332000470E+01-0.332042551E+01-0.332091117E+01-0.332145739E+01
-0.332206011E+01-0.332271528E+01-0.332341838E+01-0.332416558E+01-0.332495284E+01
-0.332577562E+01-0.332662988E+01-0.332751179E+01-0.332841682E+01-0.332934117E+01
-0.333028030E+01-0.333123040E+01-0.333218741E+01-0.333314681E+01-0.333410501E+01
-0.333505750E+01-0.333600020E+01-0.333692932E+01-0.333784056E+01-0.333872986E+01
-0.333959293E+01-0.334042597E+01-0.334122491E+01-0.334198546E+01-0.334270358E+01
-0.334337544E+01-0.334399652E+01-0.334456325E+01-0.334507132E+01-0.334551668E+01
-0.334589529E+01-0.334620285E+01-0.334643579E+01-0.334658957E+01-0.334666014E+01
 0.131467438E+06 0.128216297E+06 0.125003156E+06 0.121828023E+06 0.118690883E+06
 0.115591734E+06 0.112530594E+06 0.109507445E+06 0.106522305E+06 0.103575156E+06
 0.100666008E+06 0.977948594E+05 0.949617031E+05 0.921665547E+05 0.894093984E+05
 0.866902422E+05 0.840090859E+05 0.813659297E+05 0.787607656E+05 0.761936094E+05
 0.736644453E+05 0.711732812E+05 0.687201172E+05 0.663049531E+05 0.639277852E+05
 0.615886133E+05 0.592874453E+05 0.570242734E+05 0.547991016E+05 0.526119258E+05
 0.504627500E+05 0.483515742E+05 0.462783984E+05 0.442432188E+05 0.422460352E+05
 0.402868555E+05 0.383656719E+05 0.364824883E+05 0.346373008E+05 0.328301133E+05
 0.310609238E+05 0.293297344E+05 0.276365430E+05 0.259813516E+05 0.243641562E+05
 0.227849609E+05 0.212437656E+05 0.197405664E+05 0.182753672E+05 0.168481680E+05
 0.154589658E+05 0.141077627E+05 0.127945576E+05 0.115193516E+05 0.102821445E+05
 0.908293652E+04 0.792172656E+04 0.679851514E+04 0.571330273E+04 0.466608887E+04
 0.365687378E+04 0.268565723E+04 0.175243958E+04 0.857220459E+03 0.000000000E+00
-0.225707006E+01-0.211668110E+01-0.197961783E+01-0.184588051E+01-0.171546912E+01
-0.158838356E+01-0.146462393E+01-0.134419024E+01-0.122708237E+01-0.111330044E+01
-0.100284445E+01-0.895714283E+00-0.791910052E+00-0.691431761E+00-0.594279289E+00
-0.500452757E+00-0.409952134E+00-0.322777390E+00-0.238928542E+00-0.158405587E+00
-0.812085494E-01-0.733739696E-02 0.632078573E-01 0.130427212E+00 0.194320664E+00
 0.254888207E+00 0.312129885E+00 0.366045624E+00 0.416635513E+00 0.463899463E+00
 0.507837534E+00 0.548449695E+00 0.585735977E+00 0.619696319E+00 0.650330782E+00
 0.677639365E+00 0.701622069E+00 0.722278833E+00 0.739609718E+00 0.753614724E+00
 0.764293790E+00 0.771646976E+00 0.775674224E+00 0.776375651E+00 0.773751140E+00
 0.767800748E+00 0.758524418E+00 0.745922208E+00 0.729994118E+00 0.710740089E+00
 0.688160181E+00 0.662254393E+00 0.633022726E+00 0.600465119E+00 0.564581633E+00
 0.525372267E+00 0.482836962E+00 0.436975777E+00 0.387788683E+00 0.335275710E+00
 0.279436827E+00 0.220272034E+00 0.157781363E+00 0.919647813E-01 0.228223056E-01
-0.793569812E+06-0.784348625E+06-0.775127375E+06-0.765906188E+06-0.756685000E+06
-0.747463750E+06-0.738242562E+06-0.729021375E+06-0.719800188E+06-0.710578938E+06
-0.701357750E+06-0.692136562E+06-0.682915312E+06-0.673694125E+06-0.664472938E+06
-0.655251688E+06-0.646030500E+06-0.636809312E+06-0.627588125E+06-0.618366875E+06
-0.609145688E+06-0.599924500E+06-0.590703250E+06-0.581482062E+06-0.572260875E+06
-0.563039625E+06-0.553818438E+06-0.544597250E+06-0.535376062E+06-0.526154812E+06
-0.516933625E+06-0.507712406E+06-0.498491219E+06-0.489270000E+06-0.480048812E+06
-0.470827594E+06-0.461606375E+06-0.452385188E+06-0.443163969E+06-0.433942781E+06
-0.424721562E+06-0.415500344E+06-0.406279156E+06-0.397057938E+06-0.387836750E+06
-0.378615531E+06-0.369394312E+06-0.360173125E+06-0.350951906E+06-0.341730719E+06
-0.332509500E+06-0.323288281E+06-0.314067094E+06-0.304845875E+06-0.295624688E+06
-0.286403469E+06-0.277182250E+06-0.267961062E+06-0.258739844E+06-0.249518641E+06
-0.240297438E+06-0.231076234E+06-0.221855031E+06-0.212633812E+06-0.203412609E+06
 0.326365195E-01 0.250328481E-01 0.166383460E-01 0.743442588E-02-0.249459851E-02
-0.129582593E-01-0.236812588E-01-0.343449153E-01-0.422550775E-01-0.446414240E-01
-0.473970361E-01-0.529688820E-01-0.598313287E-01-0.653202310E-01-0.698083639E-01
-0.734182596E-01-0.761401355E-01-0.778884441E-01-0.784653723E-01-0.774734020E-01
-0.741528422E-01-0.710209012E-01-0.700210780E-01-0.705853924E-01-0.724685788E-01
-0.756193995E-01-0.801347718E-01-0.862729102E-01-0.945181921E-01-0.105553038E+00
-0.114109255E+00-0.118441768E+00-0.119082995E+00-0.115724623E+00-0.108196571E+00
-0.959319100E-01-0.809437111E-01-0.686039925E-01-0.580840632E-01-0.488493666E-01
-0.405462049E-01-0.329312198E-01-0.258331075E-01-0.191307180E-01-0.127387866E-01
-0.659793476E-02-0.667586748E-03 0.507897697E-02 0.106580583E-01 0.160779823E-01
 0.213409066E-01 0.264442619E-01 0.313819721E-01 0.361455753E-01 0.407252796E-01
 0.451109782E-01 0.492931716E-01 0.532638133E-01 0.570169613E-01 0.605492666E-01
 0.638602003E-01 0.669520870E-01 0.698299259E-01 0.725010261E-01 0.749745518E-01
 0.322740898E-01 0.236077551E-01 0.137767708E-01 0.264773984E-02-0.976498146E-02
-0.232122671E-01-0.356840231E-01-0.442927405E-01-0.484348871E-01-0.479492992E-01
-0.483832471E-01-0.512825213E-01-0.554017052E-01-0.594673082E-01-0.631564111E-01
-0.663394555E-01-0.689150095E-01-0.707748607E-01-0.717925057E-01-0.718340203E-01
-0.709007457E-01-0.700086802E-01-0.701028779E-01-0.712623224E-01-0.734912306E-01
-0.768442601E-01-0.814635009E-01-0.876209587E-01-0.957987234E-01-0.106636889E+00
-0.115098551E+00-0.119394220E+00-0.119976237E+00-0.116693638E+00-0.109275587E+00
-0.970731303E-01-0.822459236E-01-0.698847622E-01-0.592245981E-01-0.497581996E-01
-0.411590301E-01-0.332053676E-01-0.257413704E-01-0.186555218E-01-0.118677681E-01
-0.532127544E-02 0.102314830E-02 0.719094928E-02 0.131966313E-01 0.190458428E-01
 0.247370265E-01 0.302628502E-01 0.356115364E-01 0.407682322E-01 0.457164310E-01
 0.504394248E-01 0.549217798E-01 0.591506176E-01 0.631167069E-01 0.668151826E-01
 0.702458620E-01 0.734131634E-01 0.763256028E-01 0.789950788E-01 0.814359933E-01
 0.345137045E-01 0.253463779E-01 0.145758847E-01 0.168020732E-02-0.135202501E-01
-0.260969307E-01-0.348686762E-01-0.396082923E-01-0.401411206E-01-0.400832407E-01
-0.410677269E-01-0.431164205E-01-0.458776914E-01-0.489562564E-01-0.520473756E-01
-0.549493730E-01-0.575322025E-01-0.597153828E-01-0.614667907E-01-0.628245920E-01
-0.639354065E-01-0.650558323E-01-0.664580986E-01-0.683384687E-01-0.708193853E-01
-0.739867315E-01-0.779147521E-01-0.826688930E-01-0.882639736E-01-0.943446308E-01
-0.991978869E-01-0.101673380E+00-0.101531766E+00-0.986584201E-01-0.929715112E-01
-0.845552087E-01-0.746425018E-01-0.649694800E-01-0.558568276E-01-0.472807437E-01
-0.391652100E-01-0.314300209E-01-0.240037795E-01-0.168273728E-01-0.985426083E-02
-0.304971752E-02 0.361019699E-02 0.101396218E-01 0.165437590E-01 0.228196364E-01
 0.289568659E-01 0.349385031E-01 0.407421514E-01 0.463414192E-01 0.517077595E-01
 0.568126701E-01 0.616300181E-01 0.661383048E-01 0.703225285E-01 0.741753727E-01
 0.776976049E-01 0.808976665E-01 0.837905481E-01 0.863961652E-01 0.887375847E-01
 0.401974805E-01 0.315192752E-01 0.212198012E-01 0.891758222E-02-0.490978127E-02
-0.146226827E-01-0.194936618E-01-0.222724341E-01-0.247561894E-01-0.272001419E-01
-0.297975820E-01-0.326295421E-01-0.356650315E-01-0.388067067E-01-0.419400074E-01
-0.449636504E-01-0.478029251E-01-0.504148975E-01-0.527922325E-01-0.549671017E-01
-0.570111461E-01-0.590251014E-01-0.611174107E-01-0.633817688E-01-0.658831820E-01
-0.686510354E-01-0.716701970E-01-0.748599172E-01-0.780332312E-01-0.808520690E-01
-0.828570500E-01-0.836166367E-01-0.828458145E-01-0.804199055E-01-0.763712525E-01
-0.709136948E-01-0.644396394E-01-0.573918223E-01-0.501019321E-01-0.427577831E-01
-0.354487523E-01-0.282098204E-01-0.210485701E-01-0.139602516E-01-0.693610962E-02
 0.319103674E-04 0.694839284E-02 0.138126947E-01 0.206177216E-01 0.273490343E-01
 0.339842327E-01 0.404927619E-01 0.468363315E-01 0.529702827E-01 0.588460490E-01
 0.644146949E-01 0.696312040E-01 0.744587779E-01 0.788724422E-01 0.828613415E-01
 0.864292085E-01 0.895931199E-01 0.923807770E-01 0.948269218E-01 0.969696715E-01
 0.496066883E-01 0.423585288E-01 0.335943401E-01 0.235011838E-01 0.132431621E-01
 0.598779367E-02 0.134469929E-04-0.509938505E-02-0.963650271E-02-0.138070639E-01
-0.177593213E-01-0.215838887E-01-0.253197085E-01-0.289669652E-01-0.325035006E-01
-0.358998477E-01-0.391304009E-01-0.421806760E-01-0.450513847E-01-0.477597378E-01
-0.503375195E-01-0.528256185E-01-0.552656390E-01-0.576903522E-01-0.601145923E-01
-0.625269860E-01-0.648817718E-01-0.670904294E-01-0.690159500E-01-0.704768896E-01
-0.712687448E-01-0.712003782E-01-0.701301545E-01-0.679894686E-01-0.647925735E-01
-0.606338419E-01-0.556689128E-01-0.500795357E-01-0.440359823E-01-0.376740620E-01
-0.310904048E-01-0.243485458E-01-0.174879804E-01-0.105324490E-01-0.349642942E-02
 0.360999280E-02 0.107774371E-01 0.179942474E-01 0.252438802E-01 0.325024091E-01
 0.397361293E-01 0.468994193E-01 0.539333597E-01 0.607660934E-01 0.673158765E-01
 0.734974146E-01 0.792306736E-01 0.844503567E-01 0.891136006E-01 0.932047069E-01
 0.967358649E-01 0.997438431E-01 0.102283090E+00 0.104417220E+00 0.106211029E+00
 0.632420033E-01 0.584596805E-01 0.497821048E-01 0.402215607E-01 0.313264392E-01
 0.232854672E-01 0.161172319E-01 0.969955325E-02 0.388617278E-02-0.145437848E-02
-0.642805360E-02-0.111127486E-01-0.155597655E-01-0.197982043E-01-0.238411613E-01
-0.276923440E-01-0.313519314E-01-0.348210298E-01-0.381043814E-01-0.412112735E-01
-0.441546030E-01-0.469482504E-01-0.496031307E-01-0.521225110E-01-0.544971861E-01
-0.567010827E-01-0.586878099E-01-0.603889748E-01-0.617155917E-01-0.625639781E-01
-0.628266782E-01-0.624067076E-01-0.612316206E-01-0.592638291E-01-0.565052778E-01
-0.529955551E-01-0.488037392E-01-0.440158695E-01-0.387214683E-01-0.330028497E-01
-0.269290823E-01-0.205542706E-01-0.139187388E-01-0.705159688E-02 0.262599206E-04
 0.729916384E-02 0.147537971E-01 0.223762970E-01 0.301490966E-01 0.380471796E-01
 0.460333712E-01 0.540525280E-01 0.620250106E-01 0.698414445E-01 0.773632973E-01
 0.844345465E-01 0.909040570E-01 0.966493934E-01 0.101593629E+00 0.105714217E+00
 0.109045386E+00 0.111671336E+00 0.113707781E+00 0.115277804E+00 0.116493195E+00
 0.754097030E-01 0.722699538E-01 0.639082491E-01 0.540807061E-01 0.450005978E-01
 0.366308093E-01 0.289275460E-01 0.218338408E-01 0.152801555E-01 0.919423997E-02
 0.350951636E-02-0.183013105E-02-0.686859898E-02-0.116380015E-01-0.161605105E-01
-0.204508621E-01-0.245189369E-01-0.283718966E-01-0.320156179E-01-0.354552157E-01
-0.386946574E-01-0.417355187E-01-0.445750989E-01-0.472041517E-01-0.496046171E-01
-0.517477095E-01-0.535928234E-01-0.550877377E-01-0.561706685E-01-0.567745827E-01
-0.568337515E-01-0.562917553E-01-0.551078208E-01-0.532602221E-01-0.507475957E-01
-0.475877635E-01-0.438142307E-01-0.394710302E-01-0.346069671E-01-0.292704348E-01
-0.235055219E-01-0.173497386E-01-0.108331516E-01-0.397853088E-02 0.319782156E-02
 0.106848637E-01 0.184753090E-01 0.265637636E-01 0.349442400E-01 0.436065011E-01
 0.525302254E-01 0.616751947E-01 0.709646493E-01 0.802582651E-01 0.893202573E-01
 0.978267491E-01 0.105456807E+00 0.111976407E+00 0.117249668E+00 0.121236049E+00
 0.124010049E+00 0.125779882E+00 0.126830235E+00 0.127414793E+00 0.127714664E+00
 0.842815861E-01 0.820334703E-01 0.739790872E-01 0.643493235E-01 0.553003550E-01
 0.468141325E-01 0.388689637E-01 0.314327329E-01 0.244664382E-01 0.179280266E-01
 0.117761577E-01 0.597309135E-02 0.486428238E-03-0.471022772E-02-0.963744428E-02
-0.143106496E-01-0.187410302E-01-0.229363702E-01-0.269016400E-01-0.306392014E-01
-0.341485962E-01-0.374259315E-01-0.404629596E-01-0.432459675E-01-0.457547009E-01
-0.479614399E-01-0.498304889E-01-0.513183102E-01-0.523745343E-01-0.529444851E-01
-0.529747307E-01-0.524259880E-01-0.512769669E-01-0.495177731E-01-0.471492559E-01
-0.441818759E-01-0.406341702E-01-0.365305096E-01-0.318984687E-01-0.267662108E-01
-0.211601779E-01-0.151033159E-01-0.861384626E-02-0.170454360E-02 0.561765814E-02
 0.133518409E-01 0.215031747E-01 0.300829280E-01 0.391083695E-01 0.486023054E-01
 0.585916489E-01 0.691033751E-01 0.801538900E-01 0.917220116E-01 0.103636362E+00
 0.114816874E+00 0.124365032E+00 0.132074684E+00 0.137795120E+00 0.141390443E+00
 0.142759308E+00 0.142389968E+00 0.141516775E+00 0.140492305E+00 0.139467746E+00
 0.902945176E-01 0.885274783E-01 0.809657946E-01 0.716165379E-01 0.627186596E-01
 0.542753898E-01 0.462773070E-01 0.387060083E-01 0.315379947E-01 0.247474890E-01
 0.183085520E-01 0.121966666E-01 0.638983818E-02 0.869229611E-03-0.438058656E-02
-0.937165506E-02-0.141128208E-01-0.186099373E-01-0.228660163E-01-0.268812291E-01
-0.306527428E-01-0.341743864E-01-0.374361575E-01-0.404236615E-01-0.431174897E-01
-0.454925671E-01-0.475174487E-01-0.491532423E-01-0.503515787E-01-0.510500781E-01
-0.511617102E-01-0.506511293E-01-0.495402217E-01-0.478336625E-01-0.455391034E-01
-0.426660068E-01-0.392267518E-01-0.352361128E-01-0.307102446E-01-0.256653670E-01
-0.201163720E-01-0.140755204E-01-0.755128358E-02-0.547284144E-03 0.693874853E-02
 0.149161369E-01 0.234027095E-01 0.324267857E-01 0.420300663E-01 0.522720180E-01
 0.632368326E-01 0.750453174E-01 0.878769755E-01 0.102017082E+00 0.117679395E+00
 0.132121474E+00 0.144007862E+00 0.153277561E+00 0.159802511E+00 0.163255438E+00
 0.163494974E+00 0.160258308E+00 0.156574383E+00 0.153435126E+00 0.150831640E+00
 0.940702632E-01 0.925736874E-01 0.853986964E-01 0.763294026E-01 0.676470026E-01
 0.593549944E-01 0.514366440E-01 0.438742302E-01 0.366504826E-01 0.297488403E-01
 0.231535956E-01 0.168501176E-01 0.108251870E-01 0.506730052E-02-0.433092733E-03
-0.568343699E-02-0.106889866E-01-0.154527538E-01-0.199754536E-01-0.242554117E-01
-0.282884259E-01-0.320675746E-01-0.355829820E-01-0.388215780E-01-0.417668670E-01
-0.443987474E-01-0.466934033E-01-0.486233085E-01-0.501574427E-01-0.512621440E-01
-0.515469834E-01-0.509638228E-01-0.498424321E-01-0.481298566E-01-0.458448939E-01
-0.429922231E-01-0.395803042E-01-0.356181115E-01-0.311152637E-01-0.260810051E-01
-0.205231532E-01-0.144471424E-01-0.785506796E-02-0.744633551E-03 0.689207995E-02
 0.150701627E-01 0.238139164E-01 0.331596918E-01 0.431599990E-01 0.538895763E-01
 0.654547065E-01 0.780076683E-01 0.917689577E-01 0.107056692E+00 0.124293834E+00
 0.141809702E+00 0.156084776E+00 0.167017654E+00 0.174643680E+00 0.178903654E+00
 0.179364175E+00 0.175817788E+00 0.169432625E+00 0.164336801E+00 0.160389155E+00
 0.959349424E-01 0.946395025E-01 0.874560252E-01 0.786936730E-01 0.703448802E-01
 0.623287633E-01 0.546090640E-01 0.471672937E-01 0.399930440E-01 0.330790542E-01
 0.264191851E-01 0.200077556E-01 0.138394888E-01 0.790968630E-02 0.221448392E-02
-0.324891717E-02-0.848203897E-02-0.134849558E-01-0.182561483E-01-0.227923729E-01
-0.270885490E-01-0.311376471E-01-0.349306203E-01-0.384563729E-01-0.417018011E-01
-0.446519703E-01-0.472904891E-01-0.496001691E-01-0.515641905E-01-0.528248250E-01
-0.533565879E-01-0.531387478E-01-0.521640815E-01-0.503480397E-01-0.480264425E-01
-0.451354012E-01-0.416912995E-01-0.376968198E-01-0.331587344E-01-0.280830041E-01
-0.224736184E-01-0.163323544E-01-0.965833478E-02-0.244729780E-02 0.530941598E-02
 0.136261648E-01 0.225246958E-01 0.320363827E-01 0.422051921E-01 0.530917048E-01
 0.647783875E-01 0.773762912E-01 0.910326838E-01 0.105938062E+00 0.122331254E+00
 0.140416011E+00 0.156272784E+00 0.168553710E+00 0.177354082E+00 0.182699457E+00
 0.184675619E+00 0.182835698E+00 0.177105799E+00 0.171062365E+00 0.166643009E+00
 0.947804153E-01 0.931769162E-01 0.867641270E-01 0.788302571E-01 0.710983574E-01
 0.635154918E-01 0.560935587E-01 0.488466807E-01 0.417857133E-01 0.349182785E-01
 0.282494482E-01 0.217824392E-01 0.155192558E-01 0.946123339E-02 0.360950571E-02
-0.203461433E-02-0.746932160E-02-0.126920706E-01-0.176993776E-01-0.224866774E-01
-0.270482153E-01-0.313769914E-01-0.354647599E-01-0.393021069E-01-0.428786017E-01
-0.461830944E-01-0.492041707E-01-0.519308038E-01-0.540237091E-01-0.554636866E-01
-0.562289841E-01-0.562970340E-01-0.556448959E-01-0.542459078E-01-0.520864241E-01
-0.490707010E-01-0.455577932E-01-0.414808095E-01-0.368611030E-01-0.317053720E-01
-0.260144845E-01-0.197879430E-01-0.130242771E-01-0.572051248E-02 0.212852354E-02
 0.105309710E-01 0.194987785E-01 0.290485956E-01 0.392026901E-01 0.499897301E-01
 0.614452362E-01 0.736112297E-01 0.865346193E-01 0.100264549E+00 0.114852436E+00
 0.130379587E+00 0.146122321E+00 0.158430502E+00 0.167722285E+00 0.174212769E+00
 0.177787140E+00 0.178660467E+00 0.176452741E+00 0.171859324E+00 0.168619335E+00
 0.925697535E-01 0.903649256E-01 0.846766829E-01 0.777176768E-01 0.705816820E-01
 0.634023845E-01 0.562616438E-01 0.492065772E-01 0.422665775E-01 0.354612246E-01
 0.288041532E-01 0.223051887E-01 0.159716923E-01 0.980945583E-02 0.382334646E-02
-0.198219903E-02-0.760280155E-02-0.130338557E-01-0.182703100E-01-0.233065188E-01
-0.281361397E-01-0.327520967E-01-0.371466093E-01-0.413112752E-01-0.452372581E-01
-0.489155576E-01-0.523373671E-01-0.551788732E-01-0.574257188E-01-0.590589643E-01
-0.600563847E-01-0.603934638E-01-0.600440279E-01-0.589804575E-01-0.571745224E-01
-0.545944870E-01-0.512241535E-01-0.469628349E-01-0.422129780E-01-0.369502082E-01
-0.311562531E-01-0.248268396E-01-0.179616958E-01-0.105614886E-01-0.262710708E-02
 0.584056368E-02 0.148406336E-01 0.243719015E-01 0.344320461E-01 0.450160243E-01
 0.561131127E-01 0.677017793E-01 0.797406808E-01 0.921525136E-01 0.104792409E+00
 0.117378838E+00 0.129372135E+00 0.140071660E+00 0.149049088E+00 0.156154111E+00
 0.161361039E+00 0.164735138E+00 0.166483283E+00 0.167079404E+00 0.167198226E+00
 0.914518312E-01 0.892492831E-01 0.833375826E-01 0.763966888E-01 0.694145635E-01
 0.624155290E-01 0.554346927E-01 0.485036112E-01 0.416476354E-01 0.348864459E-01
 0.282352865E-01 0.217061285E-01 0.153086055E-01 0.905072410E-02 0.293942541E-02
-0.301898038E-02-0.881847739E-02-0.144530777E-01-0.199166238E-01-0.252026450E-01
-0.303042699E-01-0.352141894E-01-0.399246812E-01-0.444277041E-01-0.487150177E-01
-0.527784154E-01-0.563082322E-01-0.592938587E-01-0.617190003E-01-0.635627881E-01
-0.648007914E-01-0.654058680E-01-0.653487518E-01-0.645983443E-01-0.631216466E-01
-0.608827658E-01-0.578412563E-01-0.539430976E-01-0.491270609E-01-0.437991358E-01
-0.378944911E-01-0.314409658E-01-0.244504530E-01-0.169298854E-01-0.888704602E-02
-0.331945776E-03 0.872256793E-02 0.182599034E-01 0.282581877E-01 0.386878625E-01
 0.495080538E-01 0.606612898E-01 0.720658600E-01 0.836054012E-01 0.951161683E-01
 0.106377184E+00 0.117117897E+00 0.127059191E+00 0.135971382E+00 0.143708721E+00
 0.150214180E+00 0.155516624E+00 0.159729540E+00 0.163038790E+00 0.165660471E+00
 0.895469934E-01 0.872651339E-01 0.814847797E-01 0.745564476E-01 0.676142797E-01
 0.606782511E-01 0.537654869E-01 0.468931645E-01 0.400772579E-01 0.333319716E-01
 0.266696364E-01 0.201009251E-01 0.136351325E-01 0.728050293E-02 0.104452483E-02
-0.506579317E-02-0.110436901E-01-0.168824568E-01-0.225752778E-01-0.281151123E-01
-0.334946252E-01-0.387061425E-01-0.437416807E-01-0.485929847E-01-0.532516614E-01
-0.574215762E-01-0.610951707E-01-0.642583221E-01-0.668914244E-01-0.689703524E-01
-0.704674795E-01-0.713524595E-01-0.715930462E-01-0.711556375E-01-0.700057670E-01
-0.681085065E-01-0.654290020E-01-0.619339272E-01-0.575969703E-01-0.524099655E-01
-0.462721363E-01-0.396302752E-01-0.324689299E-01-0.247806869E-01-0.165754836E-01
-0.787049904E-02 0.131233293E-02 0.109460037E-01 0.209969468E-01 0.314229243E-01
 0.421703644E-01 0.531711504E-01 0.643390566E-01 0.755664408E-01 0.867225230E-01
 0.976556391E-01 0.108201720E+00 0.118199296E+00 0.127507150E+00 0.136018813E+00
 0.143670797E+00 0.150444776E+00 0.156364173E+00 0.161484927E+00 0.165880904E+00
 0.872464925E-01 0.848909840E-01 0.789982229E-01 0.720423833E-01 0.651035011E-01
 0.581875183E-01 0.513010733E-01 0.444515608E-01 0.376470760E-01 0.308960266E-01
 0.242067929E-01 0.175874680E-01 0.110457679E-01 0.458903704E-02-0.177567417E-02
-0.804149173E-02-0.142015899E-01-0.202490650E-01-0.261768252E-01-0.319774896E-01
-0.376433320E-01-0.431662425E-01-0.485377163E-01-0.537488982E-01-0.585170276E-01
-0.628372431E-01-0.666973069E-01-0.700786337E-01-0.729572177E-01-0.753046423E-01
-0.770890340E-01-0.782760158E-01-0.788296014E-01-0.787130073E-01-0.778894126E-01
-0.763225406E-01-0.739772171E-01-0.708195642E-01-0.668165535E-01-0.619329847E-01
-0.561206825E-01-0.493250228E-01-0.419990830E-01-0.340887532E-01-0.256425813E-01
-0.166940652E-01-0.727335969E-02 0.258704182E-02 0.128489984E-01 0.234666597E-01
 0.343848318E-01 0.455375314E-01 0.568467826E-01 0.682220459E-01 0.795608610E-01
 0.907513052E-01 0.101676501E+00 0.112220943E+00 0.122277394E+00 0.131753102E+00
 0.140574098E+00 0.148687094E+00 0.156059086E+00 0.162674755E+00 0.168532789E+00
 0.842306465E-01 0.817634910E-01 0.757415816E-01 0.687575117E-01 0.618229248E-01
 0.549254939E-01 0.480596833E-01 0.412241668E-01 0.344209336E-01 0.276540685E-01
 0.209288243E-01 0.142510021E-01 0.762663316E-02 0.106183463E-02-0.543721905E-02
-0.118642552E-01-0.182128251E-01-0.244762134E-01-0.306473449E-01-0.367187038E-01
-0.426822640E-01-0.485294461E-01-0.542510822E-01-0.595778823E-01-0.645077154E-01
-0.690303072E-01-0.731280819E-01-0.767770931E-01-0.799479783E-01-0.826069117E-01
-0.847166553E-01-0.862376243E-01-0.871289223E-01-0.873493552E-01-0.868583918E-01
-0.856170207E-01-0.835883990E-01-0.807383657E-01-0.770356879E-01-0.724522248E-01
-0.669638962E-01-0.605561808E-01-0.532358065E-01-0.449104905E-01-0.360864364E-01
-0.267715883E-01-0.169840306E-01-0.675017806E-02 0.389444130E-02 0.149059910E-01
 0.262328144E-01 0.378154777E-01 0.495866425E-01 0.614710897E-01 0.733861998E-01
 0.852430314E-01 0.969480500E-01 0.108405285E+00 0.119518645E+00 0.130194068E+00
 0.140341222E+00 0.149874866E+00 0.158716217E+00 0.166794449E+00 0.174049094E+00
 0.801380724E-01 0.774783790E-01 0.715348795E-01 0.645984784E-01 0.577295311E-01
 0.508923531E-01 0.440703928E-01 0.372593924E-01 0.304603651E-01 0.236765761E-01
 0.169122219E-01 0.101718968E-01 0.346039585E-02-0.321733579E-02-0.985616446E-02
-0.164506901E-01-0.229951497E-01-0.294833165E-01-0.359083936E-01-0.422629341E-01
-0.485387333E-01-0.547267832E-01-0.605715141E-01-0.660739541E-01-0.712261871E-01
-0.760120824E-01-0.804080814E-01-0.843840539E-01-0.879042149E-01-0.909281522E-01
-0.934119672E-01-0.953094661E-01-0.965733603E-01-0.971565321E-01-0.970131978E-01
-0.960999951E-01-0.943768695E-01-0.918077379E-01-0.883608907E-01-0.840089992E-01
-0.787287205E-01-0.724995360E-01-0.652998462E-01-0.570953600E-01-0.478482246E-01
-0.380871259E-01-0.278248601E-01-0.170792565E-01-0.588635821E-02 0.571013615E-02
 0.176619012E-01 0.299165007E-01 0.424171202E-01 0.551021546E-01 0.679047927E-01
 0.807526112E-01 0.935671851E-01 0.106263421E+00 0.118748747E+00 0.130921945E+00
 0.142672136E+00 0.153878465E+00 0.164411470E+00 0.174137399E+00 0.182926029E+00
 0.748919323E-01 0.718683451E-01 0.661101863E-01 0.595351420E-01 0.528761074E-01
 0.461592488E-01 0.394063704E-01 0.326302685E-01 0.258393120E-01 0.190394968E-01
 0.122355008E-01 0.543128373E-02-0.136950461E-02-0.816323794E-02-0.149460882E-01
-0.217138436E-01-0.284617543E-01-0.351843908E-01-0.418755300E-01-0.485280231E-01
-0.551336966E-01-0.614509583E-01-0.674847141E-01-0.732301995E-01-0.786735564E-01
-0.837924033E-01-0.885565355E-01-0.929287374E-01-0.968656912E-01-0.100319102E+00
-0.103236936E+00-0.105564751E+00-0.107247189E+00-0.108229458E+00-0.108458772E+00
-0.107885718E+00-0.106465429E+00-0.104158454E+00-0.100931279E+00-0.967563987E-01
-0.916117579E-01-0.854794905E-01-0.783436298E-01-0.701869875E-01-0.609887503E-01
-0.507189855E-01-0.399029553E-01-0.285036955E-01-0.165956225E-01-0.423319358E-02
 0.853673555E-02 0.216695704E-01 0.351204388E-01 0.488426238E-01 0.627862290E-01
 0.768966079E-01 0.911122486E-01 0.105361894E+00 0.119560510E+00 0.133604094E+00
 0.147363603E+00 0.160678953E+00 0.173355848E+00 0.185169235E+00 0.195877969E+00
 0.695112199E-01 0.661772117E-01 0.605211928E-01 0.540932305E-01 0.475379899E-01
 0.408908576E-01 0.341817290E-01 0.274281316E-01 0.206399355E-01 0.138226878E-01
 0.697956979E-02 0.112579553E-03-0.677673565E-02-0.136867957E-01-0.206156578E-01
-0.275607873E-01-0.345188603E-01-0.414856337E-01-0.484557822E-01-0.554227866E-01
-0.621591359E-01-0.686745346E-01-0.749684572E-01-0.810304731E-01-0.868406370E-01
-0.923699215E-01-0.975807905E-01-0.102427989E+00-0.106859498E+00-0.110817678E+00
-0.114240706E+00-0.117064118E+00-0.119222552E+00-0.120651558E+00-0.121289410E+00
-0.121078826E+00-0.119968504E+00-0.117914319E+00-0.114880145E+00-0.110838190E+00
-0.105768822E+00-0.996598676E-01-0.925055891E-01-0.843058378E-01-0.750662014E-01
-0.648009479E-01-0.535430051E-01-0.412085876E-01-0.283779483E-01-0.150717683E-01
-0.131624448E-02 0.128609333E-01 0.274322331E-01 0.423703976E-01 0.576476380E-01
 0.732339695E-01 0.890945867E-01 0.105185650E+00 0.121447824E+00 0.137796536E+00
 0.154107690E+00 0.170198157E+00 0.185802326E+00 0.200553909E+00 0.213997349E+00
 0.643531978E-01 0.608373322E-01 0.550244488E-01 0.484584793E-01 0.418415852E-01
 0.351777487E-01 0.284703057E-01 0.217215735E-01 0.149319023E-01 0.810003374E-02
 0.122382166E-02-0.569910742E-02-0.126708644E-01-0.196929537E-01-0.267660432E-01
-0.338898115E-01-0.410628058E-01-0.482823513E-01-0.555444211E-01-0.626353621E-01
-0.695706755E-01-0.763552636E-01-0.829835609E-01-0.894396305E-01-0.956972986E-01
-0.101720490E+00-0.107463688E+00-0.112872630E+00-0.117885314E+00-0.122433230E+00
-0.126442969E+00-0.129838035E+00-0.132540941E+00-0.134475365E+00-0.135568485E+00
-0.135753095E+00-0.134969637E+00-0.133167773E+00-0.130307585E+00-0.126360118E+00
-0.121307380E+00-0.115141563E+00-0.107863687E+00-0.994816422E-01-0.900074467E-01
-0.794533342E-01-0.678247884E-01-0.551053584E-01-0.412644446E-01-0.269087274E-01
-0.120581677E-01 0.327050011E-02 0.190665200E-01 0.353247486E-01 0.520448051E-01
 0.692300647E-01 0.868860558E-01 0.105017543E+00 0.123623155E+00 0.142685592E+00
 0.162153810E+00 0.181910425E+00 0.201711193E+00 0.221068263E+00 0.239043191E+00
 0.587999411E-01 0.550907999E-01 0.490094982E-01 0.423292555E-01 0.356531106E-01
 0.289698504E-01 0.222684350E-01 0.155368550E-01 0.876320526E-02 0.193638599E-02
-0.495346216E-02-0.119147282E-01-0.189542323E-01-0.260772221E-01-0.332873985E-01
-0.405869558E-01-0.479765907E-01-0.554555021E-01-0.628232211E-01-0.701018646E-01
-0.773028880E-01-0.844270140E-01-0.914640278E-01-0.983926430E-01-0.105180442E+00
-0.111783959E+00-0.118149050E+00-0.124211505E+00-0.129898056E+00-0.135127723E+00
-0.139813632E+00-0.143865123E+00-0.147190243E+00-0.149698421E+00-0.151303336E+00
-0.151925638E+00-0.151495457E+00-0.149954572E+00-0.147257984E+00-0.143374681E+00
-0.138287753E+00-0.131993458E+00-0.124499448E+00-0.115822114E+00-0.105982989E+00
-0.950042009E-01-0.829030573E-01-0.696861818E-01-0.553457811E-01-0.398549885E-01
-0.238364972E-01-0.730565842E-02 0.974497292E-02 0.273353048E-01 0.454957373E-01
 0.642680526E-01 0.837071911E-01 0.103883162E+00 0.124882706E+00 0.146810025E+00
 0.169785500E+00 0.193939015E+00 0.219386354E+00 0.246110395E+00 0.272584796E+00
 0.523496009E-01 0.483990908E-01 0.422545932E-01 0.355064906E-01 0.288233142E-01
 0.221787468E-01 0.155421048E-01 0.888366997E-02 0.217710994E-02-0.459974213E-02
-0.114649655E-01-0.184329953E-01-0.255151391E-01-0.327200592E-01-0.400541760E-01
-0.475219935E-01-0.551262796E-01-0.626784340E-01-0.702075437E-01-0.777323693E-01
-0.852610767E-01-0.927907750E-01-0.100307062E+00-0.107783571E+00-0.115181662E+00
-0.122450270E+00-0.129526109E+00-0.136334151E+00-0.142788664E+00-0.148794651E+00
-0.154249847E+00-0.159047246E+00-0.163078055E+00-0.166234925E+00-0.168415532E+00
-0.169525951E+00-0.169483915E+00-0.168221608E+00-0.165687695E+00-0.161848485E+00
-0.156688109E+00-0.150207549E+00-0.142422527E+00-0.133360296E+00-0.123055518E+00
-0.111545272E+00-0.988635495E-01-0.850356668E-01-0.700735822E-01-0.539731160E-01
-0.367169194E-01-0.189951956E-01-0.744895777E-03 0.180863589E-01 0.375569835E-01
 0.577412099E-01 0.787367672E-01 0.100673042E+00 0.123721398E+00 0.148109719E+00
 0.174144670E+00 0.202249154E+00 0.233035639E+00 0.267472118E+00 0.303818971E+00
 0.449312702E-01 0.407116972E-01 0.344724320E-01 0.277527720E-01 0.211925302E-01
 0.147218071E-01 0.827417895E-02 0.179550401E-02-0.475600688E-02-0.114120021E-01
-0.181963872E-01-0.251272693E-01-0.322183780E-01-0.394800901E-01-0.469202660E-01
-0.545448251E-01-0.621747300E-01-0.698455870E-01-0.775834993E-01-0.854045972E-01
-0.933144018E-01-0.101307057E+00-0.109364480E+00-0.117455624E+00-0.125535831E+00
-0.133546397E+00-0.141414538E+00-0.149053782E+00-0.156364903E+00-0.163237467E+00
-0.169552073E+00-0.175183311E+00-0.180003181E+00-0.183885083E+00-0.186708152E+00
-0.188361511E+00-0.188748404E+00-0.187789649E+00-0.185426489E+00-0.181622058E+00
-0.176361859E+00-0.169652656E+00-0.161520094E+00-0.152004942E+00-0.141158178E+00
-0.129034936E+00-0.115687579E+00-0.101157464E+00-0.854650512E-01-0.685958862E-01
-0.504773892E-01-0.317733064E-01-0.124910418E-01 0.739513151E-02 0.279379003E-01
 0.492180474E-01 0.713494271E-01 0.944873914E-01 0.118841656E+00 0.144695222E+00
 0.172431454E+00 0.202571079E+00 0.235815242E+00 0.273073941E+00 0.313419759E+00
 0.360645652E-01 0.315087810E-01 0.251453165E-01 0.187412128E-01 0.126144094E-01
 0.658150902E-02 0.528240576E-03-0.561622810E-02-0.118975891E-01-0.183468927E-01
-0.249862839E-01-0.318321362E-01-0.388967171E-01-0.461890623E-01-0.537162423E-01
-0.613050796E-01-0.689959675E-01-0.768212602E-01-0.848046467E-01-0.929603055E-01
-0.101291828E+00-0.109791078E+00-0.118436962E+00-0.127194315E+00-0.136012822E+00
-0.144826382E+00-0.153552681E+00-0.162093401E+00-0.170335129E+00-0.178150967E+00
-0.185402974E+00-0.191945493E+00-0.197629288E+00-0.202306286E+00-0.205834746E+00
-0.208084628E+00-0.208942592E+00-0.208316624E+00-0.206139401E+00-0.202370554E+00
-0.196997300E+00-0.190033436E+00-0.181516588E+00-0.171504080E+00-0.160067186E+00
-0.147284627E+00-0.133235052E+00-0.117989220E+00-0.101602010E+00-0.841050670E-01
-0.655018613E-01-0.457705669E-01-0.255277343E-01-0.475073373E-02 0.166051704E-01
 0.386119597E-01 0.613725856E-01 0.850269347E-01 0.109761491E+00 0.135824263E+00
 0.163547367E+00 0.193381965E+00 0.225952953E+00 0.262138665E+00 0.301307052E+00
 0.238950737E-01 0.184792355E-01 0.132727502E-01 0.825362187E-02 0.320333382E-02
-0.201016525E-02-0.743397232E-02-0.130922487E-01-0.190006308E-01-0.251709595E-01
-0.316132754E-01-0.383366011E-01-0.453486033E-01-0.526526049E-01-0.600750633E-01
-0.676575452E-01-0.754361525E-01-0.834405869E-01-0.916928649E-01-0.100205980E+00
-0.108982444E+00-0.118012652E+00-0.127273306E+00-0.136725828E+00-0.146314934E+00
-0.155967578E+00-0.165592194E+00-0.175078765E+00-0.184299454E+00-0.193110347E+00
-0.201354057E+00-0.208863571E+00-0.215466887E+00-0.220992684E+00-0.225276589E+00
-0.228167474E+00-0.229533851E+00-0.229269356E+00-0.227297261E+00-0.223573238E+00
-0.218086496E+00-0.210858732E+00-0.201941222E+00-0.191409975E+00-0.179359496E+00
-0.165895358E+00-0.151126146E+00-0.135155246E+00-0.118072830E+00-0.999484286E-01
-0.808244422E-01-0.607097968E-01-0.395708792E-01-0.180434510E-01 0.389255281E-02
 0.262890179E-01 0.492193699E-01 0.727771670E-01 0.970779806E-01 0.122262657E+00
 0.148501903E+00 0.176003531E+00 0.205030993E+00 0.235985100E+00 0.268858522E+00
 0.105454810E-01 0.387482508E-02 0.601531763E-03-0.234713405E-02-0.606925180E-02
-0.103469398E-01-0.150766214E-01-0.202072505E-01-0.257125739E-01-0.315796025E-01
-0.378038660E-01-0.443884619E-01-0.513468832E-01-0.584844016E-01-0.658356473E-01
-0.734365731E-01-0.813205615E-01-0.895159990E-01-0.980444551E-01-0.106918797E+00
-0.116141394E+00-0.125702098E+00-0.135576308E+00-0.145722911E+00-0.156082511E+00
-0.166575894E+00-0.177102998E+00-0.187542647E+00-0.197752997E+00-0.207573295E+00
-0.216826692E+00-0.225324392E+00-0.232871056E+00-0.239271343E+00-0.244337127E+00
-0.247895166E+00-0.249794662E+00-0.249914005E+00-0.248166203E+00-0.244502589E+00
-0.238914296E+00-0.231431261E+00-0.222119048E+00-0.211073443E+00-0.198413253E+00
-0.184272066E+00-0.168789178E+00-0.152100548E+00-0.134330004E+00-0.115581430E+00
-0.959319100E-01-0.754265115E-01-0.540758371E-01-0.318606086E-01-0.951808877E-02
 0.130210957E-01 0.358065702E-01 0.588797815E-01 0.822746828E-01 0.106011212E+00
 0.130079940E+00 0.154410511E+00 0.178804591E+00 0.202788457E+00 0.225368634E+00
 0.135384768E-02-0.574710825E-02-0.854397472E-02-0.108698830E-01-0.139154941E-01
-0.175818894E-01-0.217942614E-01-0.264993627E-01-0.316612273E-01-0.372559056E-01
-0.432669520E-01-0.496814884E-01-0.564862713E-01-0.635206327E-01-0.708351284E-01
-0.784717649E-01-0.864663720E-01-0.948486701E-01-0.103641234E+00-0.112857893E+00
-0.122501753E+00-0.132563010E+00-0.143016562E+00-0.153819740E+00-0.164910004E+00
-0.176203057E+00-0.187591478E+00-0.198944017E+00-0.210105985E+00-0.220900849E+00
-0.231133208E+00-0.240593344E+00-0.249063194E+00-0.256323725E+00-0.262163311E+00
-0.266386569E+00-0.268823177E+00-0.269335896E+00-0.267827213E+00-0.264243633E+00
-0.258577764E+00-0.250867456E+00-0.241192192E+00-0.229667112E+00-0.216434926E+00
-0.201656535E+00-0.185500905E+00-0.168134853E+00-0.149713248E+00-0.130369857E+00
-0.110208541E+00-0.892942846E-01-0.676413849E-01-0.451932475E-01-0.226953961E-01
-0.193632470E-03 0.222951416E-01 0.447553694E-01 0.671578720E-01 0.894465223E-01
 0.111521408E+00 0.133215681E+00 0.154266030E+00 0.174285725E+00 0.192768872E+00
-0.461680535E-02-0.119021107E-01-0.149744274E-01-0.171514973E-01-0.199348554E-01
-0.232997797E-01-0.272130091E-01-0.316445529E-01-0.365703478E-01-0.419721976E-01
-0.478357449E-01-0.541459322E-01-0.607455000E-01-0.676648915E-01-0.749396309E-01
-0.826056078E-01-0.906964913E-01-0.992417261E-01-0.108264528E+00-0.117779799E+00
-0.127791762E+00-0.138291448E+00-0.149254009E+00-0.160636023E+00-0.172372892E+00
-0.184376478E+00-0.196533442E+00-0.208704203E+00-0.220723063E+00-0.232399747E+00
-0.243522450E+00-0.253862649E+00-0.263181657E+00-0.271238714E+00-0.277800351E+00
-0.282650441E+00-0.285600185E+00-0.286497384E+00-0.285234004E+00-0.281751573E+00
-0.276043445E+00-0.268154204E+00-0.258175790E+00-0.246240839E+00-0.232513860E+00
-0.217180774E+00-0.200437784E+00-0.182480335E+00-0.163492724E+00-0.143638790E+00
-0.123054385E+00-0.101841792E+00-0.800674483E-01-0.577664897E-01-0.349643230E-01
-0.124563174E-01 0.977130793E-02 0.316972733E-01 0.532735996E-01 0.744235888E-01
 0.950356200E-01 0.114955939E+00 0.133983776E+00 0.151873827E+00 0.168351725E+00
-0.887616631E-02-0.163005032E-01-0.193607993E-01-0.215049665E-01-0.241998658E-01
-0.274358969E-01-0.311996751E-01-0.354786627E-01-0.402637795E-01-0.455513895E-01
-0.513460599E-01-0.574611723E-01-0.639202371E-01-0.707536191E-01-0.779953003E-01
-0.856802016E-01-0.938418433E-01-0.102510221E+00-0.111709617E+00-0.121456258E+00
-0.131755739E+00-0.142600298E+00-0.153965831E+00-0.165808916E+00-0.178063869E+00
-0.190640152E+00-0.203420237E+00-0.216258347E+00-0.228980437E+00-0.241385445E+00
-0.253248453E+00-0.264325708E+00-0.274361551E+00-0.283097118E+00-0.290280521E+00
-0.295677930E+00-0.299084455E+00-0.300334692E+00-0.299311012E+00-0.295949847E+00
-0.290244341E+00-0.282243997E+00-0.272050530E+00-0.259810686E+00-0.245706812E+00
-0.229945511E+00-0.212745681E+00-0.194326594E+00-0.174896970E+00-0.154645175E+00
-0.133731067E+00-0.112279333E+00-0.903731734E-01-0.680463240E-01-0.452665240E-01
-0.228283461E-01-0.814912608E-03 0.207157191E-01 0.417030118E-01 0.620716847E-01
 0.817259103E-01 0.100547224E+00 0.118395910E+00 0.135116741E+00 0.150549650E+00
-0.114858495E-01-0.189864859E-01-0.219692048E-01-0.241420791E-01-0.268399902E-01
-0.300433841E-01-0.337444730E-01-0.379406363E-01-0.426323190E-01-0.478219092E-01
-0.535130464E-01-0.595249981E-01-0.658976436E-01-0.726697966E-01-0.798798278E-01
-0.875651240E-01-0.957609043E-01-0.104498595E+00-0.113803893E+00-0.123694450E+00
-0.134177297E+00-0.145245969E+00-0.156877369E+00-0.169028670E+00-0.181634039E+00
-0.194601893E+00-0.207812473E+00-0.221116424E+00-0.234334409E+00-0.247258440E+00
-0.259654850E+00-0.271269500E+00-0.281834841E+00-0.291079164E+00-0.298737258E+00
-0.304562062E+00-0.308336645E+00-0.309885114E+00-0.309082001E+00-0.305858910E+00
-0.300207734E+00-0.292180330E+00-0.281884372E+00-0.269476026E+00-0.255149752E+00
-0.239126608E+00-0.221641555E+00-0.202931151E+00-0.183222085E+00-0.162721336E+00
-0.141608357E+00-0.120029561E+00-0.980954841E-01-0.758815855E-01-0.534358062E-01
-0.308022741E-01-0.882926676E-02 0.124868536E-01 0.331167728E-01 0.530076846E-01
 0.720879361E-01 0.902705267E-01 0.107457310E+00 0.123544604E+00 0.138430461E+00
-0.121107800E-01-0.195439793E-01-0.228481833E-01-0.251955632E-01-0.279944595E-01
-0.312285312E-01-0.349105783E-01-0.390566960E-01-0.436802246E-01-0.487916283E-01
-0.543989800E-01-0.603325404E-01-0.666353777E-01-0.733492151E-01-0.805145726E-01
-0.881703645E-01-0.963529795E-01-0.105094880E+00-0.114422746E+00-0.124355271E+00
-0.134900555E+00-0.146053210E+00-0.157791212E+00-0.170072615E+00-0.182832316E+00
-0.195979014E+00-0.209392756E+00-0.222923294E+00-0.236389622E+00-0.249581128E+00
-0.262260586E+00-0.274169147E+00-0.285033762E+00-0.294576228E+00-0.302524328E+00
-0.308623821E+00-0.312650621E+00-0.314422309E+00-0.313807905E+00-0.310734808E+00
-0.305192530E+00-0.297232419E+00-0.286963612E+00-0.274545640E+00-0.260178119E+00
-0.244088724E+00-0.226520330E+00-0.207718313E+00-0.187918797E+00-0.167338639E+00
-0.146167308E+00-0.124560848E+00-0.102637857E+00-0.804768056E-01-0.581136420E-01
-0.355365090E-01-0.136549482E-01 0.751331635E-02 0.279359650E-01 0.475659892E-01
 0.663433596E-01 0.841977820E-01 0.101052463E+00 0.116828717E+00 0.131451458E+00
-0.111527378E-01-0.182249919E-01-0.222405475E-01-0.250378475E-01-0.279303864E-01
-0.311579946E-01-0.347953625E-01-0.388792679E-01-0.434322879E-01-0.484704785E-01
-0.540064350E-01-0.598709807E-01-0.661068782E-01-0.727549195E-01-0.798548982E-01
-0.874452665E-01-0.955621824E-01-0.104238048E+00-0.113499641E+00-0.123365931E+00
-0.133845463E+00-0.144933507E+00-0.156608939E+00-0.168830946E+00-0.181535751E+00
-0.194633648E+00-0.208006486E+00-0.221505940E+00-0.234953001E+00-0.248139039E+00
-0.260828674E+00-0.272764683E+00-0.283675104E+00-0.293282539E+00-0.301314801E+00
-0.307516962E+00-0.311663568E+00-0.313570142E+00-0.313102990E+00-0.310186386E+00
-0.304806322E+00-0.297010601E+00-0.286904961E+00-0.274645805E+00-0.260430247E+00
-0.244484022E+00-0.227048829E+00-0.208369672E+00-0.188683033E+00-0.168206811E+00
-0.147132024E+00-0.125616461E+00-0.103780113E+00-0.817017034E-01-0.594155416E-01
-0.369077735E-01-0.150937047E-01 0.600295654E-02 0.263469052E-01 0.458907187E-01
 0.645759478E-01 0.823354721E-01 0.990969688E-01 0.114787184E+00 0.129336849E+00
-0.116746537E-01-0.190878846E-01-0.221360847E-01-0.242592823E-01-0.268675108E-01
-0.299278814E-01-0.334438160E-01-0.374268778E-01-0.418893918E-01-0.468444340E-01
-0.523086786E-01-0.581143908E-01-0.642896220E-01-0.708676353E-01-0.778843239E-01
-0.853760019E-01-0.933774337E-01-0.101919994E+00-0.111029737E+00-0.120725118E+00
-0.131014496E+00-0.141893372E+00-0.153341278E+00-0.165318683E+00-0.177763820E+00
-0.190589756E+00-0.203682035E+00-0.216896906E+00-0.230060950E+00-0.242971957E+00
-0.255401701E+00-0.267100632E+00-0.277804703E+00-0.287244171E+00-0.295153886E+00
-0.301284909E+00-0.305416197E+00-0.307365716E+00-0.307000101E+00-0.304241568E+00
-0.299071848E+00-0.291532308E+00-0.281720549E+00-0.269783616E+00-0.255908400E+00
-0.240310267E+00-0.223220751E+00-0.204875275E+00-0.185501739E+00-0.165310621E+00
-0.144486830E+00-0.123183660E+00-0.101518482E+00-0.795699582E-01-0.573753603E-01
-0.349250585E-01-0.131330229E-01 0.797899347E-02 0.283742845E-01 0.480009206E-01
 0.667933300E-01 0.846750736E-01 0.101562686E+00 0.117370613E+00 0.132016957E+00
-0.100169983E-01-0.173734333E-01-0.202722698E-01-0.221372135E-01-0.245182980E-01
-0.274052881E-01-0.307878405E-01-0.346604884E-01-0.390208177E-01-0.438678823E-01
-0.492004231E-01-0.550133437E-01-0.611646958E-01-0.676861554E-01-0.746138915E-01
-0.819839686E-01-0.898302794E-01-0.981830657E-01-0.107067168E+00-0.116500065E+00
-0.126489490E+00-0.137030810E+00-0.148104176E+00-0.159671575E+00-0.171673834E+00
-0.184027985E+00-0.196624935E+00-0.209328040E+00-0.221972585E+00-0.234366789E+00
-0.246294275E+00-0.257518619E+00-0.267789513E+00-0.276851147E+00-0.284451634E+00
-0.290353864E+00-0.294346392E+00-0.296253860E+00-0.295945913E+00-0.293343931E+00
-0.288424730E+00-0.281220943E+00-0.271818012E+00-0.260347992E+00-0.246980876E+00
-0.231913984E+00-0.215360403E+00-0.197537482E+00-0.178655967E+00-0.158910334E+00
-0.138471171E+00-0.117479302E+00-0.960427150E-01-0.742369443E-01-0.521122403E-01
-0.297169276E-01-0.790732447E-02 0.133130420E-01 0.339067206E-01 0.538114160E-01
 0.729443878E-01 0.912059098E-01 0.108483627E+00 0.124658719E+00 0.139614061E+00
-0.696539227E-02-0.142111061E-01-0.166756827E-01-0.183894467E-01-0.206491221E-01
-0.234378148E-01-0.267416053E-01-0.305467397E-01-0.348415934E-01-0.396171249E-01
-0.448663756E-01-0.505831502E-01-0.567598231E-01-0.632442981E-01-0.700860396E-01
-0.773234442E-01-0.849894732E-01-0.931126252E-01-0.101716071E+00-0.110815920E+00
-0.120419070E+00-0.130520731E+00-0.141101792E+00-0.152126104E+00-0.163537830E+00
-0.175258994E+00-0.187187493E+00-0.199195802E+00-0.211130574E+00-0.222813651E+00
-0.234044358E+00-0.244603574E+00-0.254259527E+00-0.262775093E+00-0.269916624E+00
-0.275463432E+00-0.279217750E+00-0.281014204E+00-0.280727774E+00-0.278280050E+00
-0.273642570E+00-0.266837597E+00-0.257935375E+00-0.247048721E+00-0.234325439E+00
-0.219938576E+00-0.204076067E+00-0.186929941E+00-0.168686092E+00-0.149514973E+00
-0.129563421E+00-0.108947732E+00-0.877469257E-01-0.659941062E-01-0.436592884E-01
-0.215443093E-01 0.259860710E-03 0.216863919E-01 0.426642001E-01 0.631049052E-01
 0.828963369E-01 0.101900034E+00 0.119952641E+00 0.136872426E+00 0.152471542E+00
-0.167588214E-02-0.868634414E-02-0.112773469E-01-0.129237706E-01-0.151540665E-01
-0.179427303E-01-0.212587267E-01-0.250747781E-01-0.293698162E-01-0.341294743E-01
-0.393462591E-01-0.450208932E-01-0.511669256E-01-0.575971194E-01-0.643585250E-01
-0.714677200E-01-0.789481923E-01-0.868239850E-01-0.951159075E-01-0.103838764E+00
-0.112998880E+00-0.122591667E+00-0.132599220E+00-0.142987877E+00-0.153705865E+00
-0.164681241E+00-0.175820187E+00-0.187005907E+00-0.198098436E+00-0.208935559E+00
-0.219334945E+00-0.229097784E+00-0.238013864E+00-0.245868161E+00-0.252448350E+00
-0.257553339E+00-0.261001796E+00-0.262640566E+00-0.262351573E+00-0.260057420E+00
-0.255724519E+00-0.249363765E+00-0.241028294E+00-0.230809122E+00-0.218828231E+00
-0.205230325E+00-0.190173402E+00-0.173819035E+00-0.156323016E+00-0.137826532E+00
-0.118448623E+00-0.982804447E-01-0.773823187E-01-0.557875372E-01-0.335230678E-01
-0.113910725E-01 0.106163714E-01 0.324705653E-01 0.541134253E-01 0.754540488E-01
 0.963609517E-01 0.116653197E+00 0.136094466E+00 0.154395655E+00 0.171232998E+00
 0.534748379E-02-0.136984442E-02-0.386241474E-02-0.556312874E-02-0.793200172E-02
-0.108837364E-01-0.143508837E-01-0.182878021E-01-0.226649847E-01-0.274637900E-01
-0.326726027E-01-0.382836647E-01-0.442890525E-01-0.506724454E-01-0.574528202E-01
-0.644877851E-01-0.718102679E-01-0.794484243E-01-0.874249563E-01-0.957557186E-01
-0.104447879E+00-0.113498040E+00-0.122890279E+00-0.132594168E+00-0.142562851E+00
-0.152731314E+00-0.163015038E+00-0.173309103E+00-0.183488220E+00-0.193407476E+00
-0.202904388E+00-0.211802006E+00-0.219913408E+00-0.227047160E+00-0.233013973E+00
-0.237633795E+00-0.240743175E+00-0.242202297E+00-0.241901040E+00-0.239763692E+00
-0.235751763E+00-0.229864582E+00-0.222137675E+00-0.212639004E+00-0.201463193E+00
-0.188724369E+00-0.174547940E+00-0.159061879E+00-0.142387956E+00-0.124633163E+00
-0.105881177E+00-0.861830637E-01-0.655449629E-01-0.439066254E-01-0.220145062E-01
 0.849544595E-04 0.223739538E-01 0.448347926E-01 0.674334690E-01 0.901042596E-01
 0.112729877E+00 0.135114044E+00 0.156946480E+00 0.177771062E+00 0.196990550E+00
 0.147880418E-01 0.854132045E-02 0.615473324E-02 0.394704845E-02 0.104795885E-02
-0.234415638E-02-0.615143543E-02-0.103383763E-01-0.148873255E-01-0.197892040E-01
-0.250394288E-01-0.306358580E-01-0.365777537E-01-0.428659283E-01-0.495062657E-01
-0.565059744E-01-0.637029111E-01-0.711277500E-01-0.788056850E-01-0.867548063E-01
-0.949840173E-01-0.103491791E+00-0.112264879E+00-0.121276781E+00-0.130486250E+00
-0.139835939E+00-0.149251312E+00-0.158640027E+00-0.167892009E+00-0.176880270E+00
-0.185462549E+00-0.193484157E+00-0.200781658E+00-0.207187504E+00-0.212535560E+00
-0.216667026E+00-0.219436496E+00-0.220717862E+00-0.220409289E+00-0.218437240E+00
-0.214758798E+00-0.209362313E+00-0.202266142E+00-0.193515524E+00-0.183177769E+00
-0.171336234E+00-0.158083141E+00-0.143512040E+00-0.127710044E+00-0.110750593E+00
-0.926869139E-01-0.735473260E-01-0.533331074E-01-0.320204459E-01-0.103413388E-01
 0.117799034E-01 0.344003104E-01 0.575691909E-01 0.813278109E-01 0.105701134E+00
 0.130679399E+00 0.156180695E+00 0.181971774E+00 0.207494140E+00 0.231575876E+00
 0.285506714E-01 0.236003790E-01 0.192359462E-01 0.152677111E-01 0.113386726E-01
 0.726954825E-02 0.299454690E-02-0.151846698E-02-0.628825882E-02-0.113271419E-01
-0.166439340E-01-0.222454797E-01-0.281376187E-01-0.343260057E-01-0.408169292E-01
-0.476173125E-01-0.547347814E-01-0.619854480E-01-0.693994537E-01-0.770005956E-01
-0.847993940E-01-0.927960500E-01-0.100980282E+00-0.109330066E+00-0.117810398E+00
-0.126372144E+00-0.134951174E+00-0.143468007E+00-0.151827812E+00-0.159921274E+00
-0.167626068E+00-0.174809054E+00-0.181329533E+00-0.187042981E+00-0.191805497E+00
-0.195478708E+00-0.197934657E+00-0.199060515E+00-0.198762745E+00-0.196970344E+00
-0.193636730E+00-0.188740388E+00-0.182283849E+00-0.174291119E+00-0.164803728E+00
-0.153875485E+00-0.141566262E+00-0.127935022E+00-0.113032512E+00-0.968938097E-01
-0.795314908E-01-0.609311685E-01-0.410546139E-01-0.205301233E-01 0.672427064E-03
 0.226189587E-01 0.454005562E-01 0.691319332E-01 0.939534083E-01 0.120034657E+00
 0.147579849E+00 0.176836222E+00 0.208115771E+00 0.241891503E+00 0.278154373E+00
 0.401945151E-01 0.359219871E-01 0.311650522E-01 0.264255516E-01 0.218286589E-01
 0.172452722E-01 0.125862025E-01 0.779373571E-02 0.283028628E-02-0.232933857E-02
-0.770264212E-02-0.133022908E-01-0.191379078E-01-0.252172668E-01-0.315471478E-01
-0.381339863E-01-0.449847579E-01-0.521087013E-01-0.593004934E-01-0.666114241E-01
-0.740398616E-01-0.815848038E-01-0.892395452E-01-0.969875827E-01-0.104801014E+00
-0.112639457E+00-0.120449483E+00-0.128164336E+00-0.135704115E+00-0.142976478E+00
-0.149877921E+00-0.156295642E+00-0.162110195E+00-0.167198405E+00-0.171437100E+00
-0.174706861E+00-0.176895961E+00-0.177904174E+00-0.177645996E+00-0.176053271E+00
-0.173076749E+00-0.168686599E+00-0.162871614E+00-0.155637100E+00-0.147001609E+00
-0.136992410E+00-0.125639960E+00-0.112971306E+00-0.990023315E-01-0.837281048E-01
-0.671092868E-01-0.490486957E-01-0.302040204E-01-0.105541274E-01 0.996079482E-02
 0.314358100E-01 0.540024415E-01 0.778346360E-01 0.103159897E+00 0.130276769E+00
 0.159581587E+00 0.191609830E+00 0.227100775E+00 0.267091483E+00 0.310837865E+00
 0.499968939E-01 0.461382195E-01 0.414866209E-01 0.366661809E-01 0.318837352E-01
 0.270885248E-01 0.222339705E-01 0.172817092E-01 0.122021530E-01 0.697310595E-02
 0.157803716E-02-0.399541110E-02-0.975652598E-02-0.157122593E-01-0.218675956E-01
-0.282255076E-01-0.347862504E-01-0.415453278E-01-0.484883450E-01-0.556411333E-01
-0.627965257E-01-0.699730664E-01-0.771795288E-01-0.844084471E-01-0.916404650E-01
-0.988444537E-01-0.105977707E+00-0.112985924E+00-0.119803391E+00-0.126353666E+00
-0.132550657E+00-0.138300225E+00-0.143502221E+00-0.148052961E+00-0.151847959E+00
-0.154785067E+00-0.156767383E+00-0.157706350E+00-0.157524198E+00-0.156155989E+00
-0.153550953E+00-0.149672791E+00-0.144499108E+00-0.138019726E+00-0.130234048E+00
-0.121147349E+00-0.110766232E+00-0.990932733E-01-0.861214548E-01-0.718294233E-01
-0.561809503E-01-0.391382165E-01-0.213718768E-01-0.277747144E-02 0.167487990E-01
 0.373291932E-01 0.591173768E-01 0.823112652E-01 0.107169397E+00 0.134033769E+00
 0.163362354E+00 0.195773154E+00 0.232095942E+00 0.273406655E+00 0.318615884E+00
 0.588765815E-01 0.553717613E-01 0.509866998E-01 0.462791845E-01 0.415184349E-01
 0.366910025E-01 0.317807309E-01 0.267720893E-01 0.216512699E-01 0.164065380E-01
 0.110281818E-01 0.550832460E-02-0.159256830E-03-0.597928138E-02-0.119550312E-01
-0.180883743E-01-0.243798196E-01-0.308289006E-01-0.374356993E-01-0.442059226E-01
-0.511483960E-01-0.580194741E-01-0.648650900E-01-0.716698095E-01-0.784209073E-01
-0.850948244E-01-0.916591808E-01-0.980717912E-01-0.104280122E+00-0.110222250E+00
-0.115827903E+00-0.121019669E+00-0.125714719E+00-0.129826725E+00-0.133267969E+00
-0.135951698E+00-0.137794524E+00-0.138718575E+00-0.138653576E+00-0.137538314E+00
-0.135321632E+00-0.131962702E+00-0.127430603E+00-0.121703006E+00-0.114764035E+00
-0.106601283E+00-0.972017273E-01-0.865463391E-01-0.746024847E-01-0.613120534E-01
-0.465698838E-01-0.310287885E-01-0.146821039E-01 0.252345763E-02 0.206690561E-01
 0.398604050E-01 0.602310449E-01 0.819495693E-01 0.105230778E+00 0.130352378E+00
 0.157681003E+00 0.187716693E+00 0.221180737E+00 0.259215981E+00 0.299783885E+00
 0.674359500E-01 0.642833337E-01 0.601351820E-01 0.555870309E-01 0.509121306E-01
 0.461182967E-01 0.412124284E-01 0.361988395E-01 0.310791358E-01 0.258527994E-01
 0.205179807E-01 0.150722228E-01 0.951303449E-02 0.383831514E-02-0.195332803E-02
-0.786234811E-02-0.138880974E-01-0.200287178E-01-0.262809955E-01-0.326397531E-01
-0.390950628E-01-0.456265099E-01-0.522639565E-01-0.587551370E-01-0.651416183E-01
-0.713997856E-01-0.775112286E-01-0.834479704E-01-0.891685039E-01-0.946237147E-01
-0.997575149E-01-0.104507297E+00-0.108805537E+00-0.112581342E+00-0.115761951E+00
-0.118274398E+00-0.120047398E+00-0.121013105E+00-0.121108584E+00-0.120276898E+00
-0.118467771E+00-0.115637764E+00-0.111749925E+00-0.106772862E+00-0.100679323E+00
-0.934442133E-01-0.850422233E-01-0.754451528E-01-0.646194443E-01-0.525252931E-01
-0.391211025E-01-0.250761118E-01-0.103071677E-01 0.525621604E-02 0.216858834E-01
 0.390612110E-01 0.574724860E-01 0.770231634E-01 0.978313610E-01 0.120030232E+00
 0.143765569E+00 0.169186562E+00 0.196414351E+00 0.225389302E+00 0.254283428E+00
 0.759939626E-01 0.732066929E-01 0.692895353E-01 0.648740754E-01 0.602534264E-01
 0.554687530E-01 0.505543873E-01 0.455335714E-01 0.404202379E-01 0.352218263E-01
 0.299416650E-01 0.245807245E-01 0.191388298E-01 0.136154974E-01 0.801052433E-02
 0.232440978E-02-0.344131654E-02-0.928381179E-02-0.151986228E-01-0.211793147E-01
-0.272170454E-01-0.333007164E-01-0.394194648E-01-0.455517434E-01-0.517294742E-01
-0.576782785E-01-0.634468794E-01-0.690359920E-01-0.743949115E-01-0.794867054E-01
-0.842700750E-01-0.886942074E-01-0.927051157E-01-0.962462202E-01-0.992583260E-01
-0.101680532E+00-0.103452459E+00-0.104515746E+00-0.104815051E+00-0.104298577E+00
-0.102918327E+00-0.100630023E+00-0.973927155E-01-0.931680351E-01-0.879192129E-01
-0.816098079E-01-0.742022544E-01-0.656561702E-01-0.559259132E-01-0.449572466E-01
-0.333398059E-01-0.210624896E-01-0.809504371E-02 0.560020562E-02 0.200639777E-01
 0.353375338E-01 0.514599234E-01 0.684637502E-01 0.863680616E-01 0.105166115E+00
 0.124803871E+00 0.145141140E+00 0.165880695E+00 0.186436027E+00 0.205711514E+00
 0.849664211E-01 0.826059282E-01 0.788821653E-01 0.744287446E-01 0.696903467E-01
 0.647908896E-01 0.597915463E-01 0.547217801E-01 0.495957918E-01 0.444200076E-01
 0.391967297E-01 0.339261629E-01 0.286076181E-01 0.232402999E-01 0.178238302E-01
 0.123586357E-01 0.684625469E-02 0.128959061E-02-0.430684909E-02-0.993671268E-02
-0.155915795E-01-0.212607756E-01-0.269311406E-01-0.325859115E-01-0.382052809E-01
-0.437506735E-01-0.492259450E-01-0.546711609E-01-0.597953312E-01-0.646400452E-01
-0.691987425E-01-0.734118745E-01-0.772397444E-01-0.806432068E-01-0.835767090E-01
-0.859873444E-01-0.878237933E-01-0.890373960E-01-0.895816088E-01-0.894115269E-01
-0.884833932E-01-0.867541730E-01-0.841808990E-01-0.807198063E-01-0.763253346E-01
-0.709493458E-01-0.645407960E-01-0.570460334E-01-0.484070368E-01-0.391884148E-01
-0.293752141E-01-0.189509615E-01-0.789625198E-02 0.380917732E-02 0.161833707E-01
 0.292383693E-01 0.429753810E-01 0.573782958E-01 0.724047646E-01 0.879737958E-01
 0.103948630E+00 0.120114207E+00 0.136151224E+00 0.151617318E+00 0.165963069E+00
 0.956024304E-01 0.942781493E-01 0.897227898E-01 0.843581930E-01 0.791331157E-01
 0.739488006E-01 0.687847435E-01 0.636312813E-01 0.584816039E-01 0.533299521E-01
 0.481712110E-01 0.430008881E-01 0.378152505E-01 0.326114669E-01 0.273877662E-01
 0.221435763E-01 0.168796703E-01 0.115982918E-01 0.630329596E-02 0.100028666E-02
-0.430324022E-02-0.959775504E-02-0.148715340E-01-0.201104730E-01-0.252981000E-01
-0.304156262E-01-0.354464985E-01-0.403706878E-01-0.451471768E-01-0.497793518E-01
-0.543116815E-01-0.584185570E-01-0.621460639E-01-0.654992163E-01-0.684520230E-01
-0.709303021E-01-0.728910342E-01-0.742998347E-01-0.751233920E-01-0.753272250E-01
-0.748749748E-01-0.737278238E-01-0.718436092E-01-0.691752881E-01-0.656688437E-01
-0.612613186E-01-0.558814518E-01-0.494608954E-01-0.425426774E-01-0.351072773E-01
-0.271371640E-01-0.186156463E-01-0.952689163E-02 0.142518213E-03 0.104007721E-01
 0.212468877E-01 0.326657146E-01 0.446218885E-01 0.570527650E-01 0.698605701E-01
 0.829043612E-01 0.959932134E-01 0.108883671E+00 0.121285796E+00 0.132882610E+00
 0.104751676E+00 0.104066744E+00 0.993983671E-01 0.935394093E-01 0.879513249E-01
 0.825437307E-01 0.772576705E-01 0.720561370E-01 0.669147149E-01 0.618162118E-01
 0.567479618E-01 0.517003760E-01 0.466662236E-01 0.416402146E-01 0.366187990E-01
 0.316000544E-01 0.265836325E-01 0.215707738E-01 0.165643152E-01 0.115687391E-01
 0.659023318E-02 0.163674308E-02-0.328197097E-02-0.815430190E-02-0.129668266E-01
-0.177044068E-01-0.223504175E-01-0.268859453E-01-0.312891454E-01-0.355394185E-01
-0.396102443E-01-0.434475504E-01-0.470382608E-01-0.503965206E-01-0.535768531E-01
-0.562037863E-01-0.583259985E-01-0.599524230E-01-0.610730425E-01-0.616679937E-01
-0.617114119E-01-0.611726455E-01-0.600156896E-01-0.581966750E-01-0.556581505E-01
-0.523169413E-01-0.480373576E-01-0.433361009E-01-0.381898694E-01-0.325820595E-01
-0.264968630E-01-0.199174602E-01-0.128263487E-01-0.520723546E-02 0.295177498E-02
 0.116538741E-01 0.208883565E-01 0.306249149E-01 0.408079848E-01 0.513518378E-01
 0.621373467E-01 0.730115175E-01 0.837910101E-01 0.942705721E-01 0.104236752E+00
 0.111813791E+00 0.111473791E+00 0.107039563E+00 0.101233713E+00 0.956365466E-01
 0.902220160E-01 0.849547163E-01 0.798038691E-01 0.747443810E-01 0.697563514E-01
 0.648241863E-01 0.599357709E-01 0.550818369E-01 0.502555184E-01 0.454519950E-01
 0.406682715E-01 0.359030403E-01 0.311565604E-01 0.264306236E-01 0.217285156E-01
 0.170550216E-01 0.124164149E-01 0.782048609E-02 0.327654113E-02-0.120459055E-02
-0.561054889E-02-0.992740318E-02-0.141395014E-01-0.182293598E-01-0.221777428E-01
-0.259627607E-01-0.295595862E-01-0.329466723E-01-0.361025482E-01-0.389953554E-01
-0.415557548E-01-0.437514298E-01-0.455618612E-01-0.469694026E-01-0.479563028E-01
-0.485038608E-01-0.485922396E-01-0.482006222E-01-0.473078080E-01-0.458942093E-01
-0.439475477E-01-0.414785109E-01-0.385623276E-01-0.352301672E-01-0.314895250E-01
-0.273330323E-01-0.227427110E-01-0.176928621E-01-0.121531617E-01-0.609280216E-02
 0.513981679E-03 0.768117560E-02 0.154036880E-01 0.236505438E-01 0.323597901E-01
 0.414362177E-01 0.507527478E-01 0.601557642E-01 0.694742873E-01 0.785319135E-01
 0.117598779E+00 0.117598198E+00 0.113194793E+00 0.107562929E+00 0.102132283E+00
 0.968722254E-01 0.917588621E-01 0.867681652E-01 0.818784609E-01 0.770713091E-01
 0.723316297E-01 0.676473677E-01 0.630091652E-01 0.584099218E-01 0.538445376E-01
 0.493096448E-01 0.448034368E-01 0.403255261E-01 0.358768590E-01 0.314596631E-01
 0.270773824E-01 0.227346905E-01 0.184374545E-01 0.141927479E-01 0.100088557E-01
 0.589529285E-02 0.186283491E-02-0.207643188E-02-0.590906339E-02-0.962022413E-02
-0.131936260E-01-0.166116413E-01-0.198557433E-01-0.229057111E-01-0.257380344E-01
-0.283255763E-01-0.306457970E-01-0.326807648E-01-0.344157591E-01-0.358382128E-01
-0.369371064E-01-0.377028733E-01-0.381276570E-01-0.382060036E-01-0.379361436E-01
-0.373219848E-01-0.363752916E-01-0.351151973E-01-0.335535966E-01-0.316903479E-01
-0.295112841E-01-0.269871391E-01-0.240732115E-01-0.207105298E-01-0.168295819E-01
-0.123575190E-01-0.722891791E-02-0.139873428E-02 0.514511624E-02 0.123723559E-01
 0.202061329E-01 0.285249092E-01 0.371704772E-01 0.459611639E-01 0.547081195E-01
 0.121761687E+00 0.121953718E+00 0.117985435E+00 0.112641461E+00 0.107488796E+00
 0.102503695E+00 0.976580903E-01 0.929275975E-01 0.882921889E-01 0.837358013E-01
 0.792456418E-01 0.748116449E-01 0.704259723E-01 0.660826862E-01 0.617774390E-01
 0.575073026E-01 0.532705635E-01 0.490666367E-01 0.448959507E-01 0.407598801E-01
 0.366607197E-01 0.326016322E-01 0.285866465E-01 0.246206410E-01 0.207093600E-01
 0.168594159E-01 0.130783161E-01 0.937447697E-02 0.575723778E-02 0.223686337E-02
-0.117548299E-02-0.446780538E-02-0.762736890E-02-0.106407134E-01-0.134937651E-01
-0.161724798E-01-0.186643507E-01-0.209591351E-01-0.230490472E-01-0.249287598E-01
-0.265954509E-01-0.280489214E-01-0.292918421E-01-0.303300377E-01-0.311727300E-01
-0.318324491E-01-0.323241204E-01-0.326624624E-01-0.328569189E-01-0.329064317E-01
-0.327940136E-01-0.324807875E-01-0.318998434E-01-0.309512410E-01-0.295011681E-01
-0.273897778E-01-0.244510267E-01-0.205421615E-01-0.155736152E-01-0.952985603E-02
-0.247793039E-02 0.543515151E-02 0.139958533E-01 0.229491312E-01 0.320317373E-01
 0.124721132E+00 0.125077814E+00 0.121426918E+00 0.116482392E+00 0.111752011E+00
 0.107173570E+00 0.102706522E+00 0.983271599E-01 0.940203369E-01 0.897753686E-01
 0.855842605E-01 0.814408436E-01 0.773403272E-01 0.732790604E-01 0.692543983E-01
 0.652645230E-01 0.613083877E-01 0.573856197E-01 0.534964465E-01 0.496416576E-01
 0.458225533E-01 0.420409143E-01 0.382989980E-01 0.345995352E-01 0.309457220E-01
 0.273412578E-01 0.237903520E-01 0.202977415E-01 0.168687087E-01 0.135090593E-01
 0.102251014E-01 0.702355616E-02 0.391143654E-02 0.895856007E-03-0.201627077E-02
-0.481870165E-02-0.750648789E-02-0.100765321E-01-0.125280423E-01-0.148629202E-01
-0.170861334E-01-0.192060918E-01-0.212350078E-01-0.231891759E-01-0.250890702E-01
-0.269590002E-01-0.288260989E-01-0.307181757E-01-0.326601490E-01-0.346687622E-01
-0.367449820E-01-0.388629250E-01-0.409539938E-01-0.428854972E-01-0.444367565E-01
-0.452876799E-01-0.450520180E-01-0.433692969E-01-0.399987884E-01-0.348564573E-01
-0.280126389E-01-0.196870193E-01-0.102418754E-01-0.140510805E-03 0.101502631E-01
 0.126131028E+00 0.126436189E+00 0.123217046E+00 0.119106740E+00 0.115058355E+00
 0.111033887E+00 0.107039094E+00 0.103077613E+00 0.991508588E-01 0.952589214E-01
 0.914012492E-01 0.875770152E-01 0.837854221E-01 0.800258070E-01 0.762977079E-01
 0.726009086E-01 0.689353868E-01 0.653012991E-01 0.616989285E-01 0.581286624E-01
 0.545909591E-01 0.510863103E-01 0.476152487E-01 0.441783555E-01 0.407762714E-01
 0.374097303E-01 0.340796039E-01 0.307869464E-01 0.275330264E-01 0.243193489E-01
 0.211476479E-01 0.180198271E-01 0.149378460E-01 0.119035281E-01 0.891827419E-02
 0.598266954E-02 0.309600797E-02 0.255755411E-03-0.254301471E-02-0.530821783E-02
-0.805139076E-02-0.107883643E-01-0.135399550E-01-0.163326617E-01-0.191992819E-01
-0.221793652E-01-0.253193211E-01-0.286719445E-01-0.322949663E-01-0.362479389E-01
-0.405862965E-01-0.453503244E-01-0.505449139E-01-0.561013445E-01-0.617988817E-01
-0.670944899E-01-0.709427670E-01-0.723041296E-01-0.707385093E-01-0.661715493E-01
-0.586984567E-01-0.485872142E-01-0.364290178E-01-0.233451501E-01-0.105116190E-01
 0.126786232E+00 0.126828507E+00 0.124503992E+00 0.121271275E+00 0.117877074E+00
 0.114396356E+00 0.110875964E+00 0.107341550E+00 0.103807628E+00 0.100282870E+00
 0.967727900E-01 0.932811648E-01 0.898107514E-01 0.863637403E-01 0.829419121E-01
 0.795467421E-01 0.761794150E-01 0.728407949E-01 0.695313960E-01 0.662513450E-01
 0.630003437E-01 0.597776473E-01 0.565820634E-01 0.534119606E-01 0.502653159E-01
 0.471397713E-01 0.440327190E-01 0.409414023E-01 0.378630124E-01 0.347947963E-01
 0.317341127E-01 0.286784507E-01 0.256253909E-01 0.225724634E-01 0.195169020E-01
 0.164552890E-01 0.133830793E-01 0.102940192E-01 0.717946095E-02 0.402758317E-02
 0.822499685E-03-0.245674117E-02-0.583729194E-02-0.935379881E-02-0.130498959E-01
-0.169799328E-01-0.212110151E-01-0.258253682E-01-0.309230406E-01-0.366247408E-01
-0.430742316E-01-0.504392385E-01-0.589093603E-01-0.686914101E-01-0.800148249E-01
-0.932326615E-01-0.104276478E+00-0.109345175E+00-0.109447643E+00-0.105121672E+00
-0.959630460E-01-0.823820382E-01-0.637514815E-01-0.438781306E-01-0.275154654E-01
 0.128495574E+00 0.128724024E+00 0.126564607E+00 0.123621829E+00 0.120606564E+00
 0.117532298E+00 0.114415757E+00 0.111271769E+00 0.108112015E+00 0.104945526E+00
 0.101779468E+00 0.986197889E-01 0.954715386E-01 0.923391357E-01 0.892263576E-01
 0.861363560E-01 0.830716044E-01 0.800338238E-01 0.770239010E-01 0.740418062E-01
 0.710865706E-01 0.681562126E-01 0.652477369E-01 0.623571724E-01 0.594795942E-01
 0.566092469E-01 0.537396856E-01 0.508639775E-01 0.479748957E-01 0.450651795E-01
 0.421277322E-01 0.391558036E-01 0.361430757E-01 0.330836326E-01 0.299717970E-01
 0.268017817E-01 0.235672053E-01 0.202604271E-01 0.168717317E-01 0.133883636E-01
 0.979341846E-02 0.606456632E-02 0.217256648E-02-0.192050589E-02-0.626344653E-02
-0.109187318E-01-0.159662645E-01-0.215085335E-01-0.276779048E-01-0.346470028E-01
-0.426433086E-01-0.519686192E-01-0.630215630E-01-0.763166845E-01-0.924919024E-01
-0.110401697E+00-0.122475646E+00-0.128634304E+00-0.129271179E+00-0.124154322E+00
-0.113451295E+00-0.962492749E-01-0.736530423E-01-0.536354519E-01-0.366938971E-01
 0.130154848E+00 0.130580217E+00 0.128606126E+00 0.125940099E+00 0.123243302E+00
 0.120513298E+00 0.117752358E+00 0.114964373E+00 0.112154417E+00 0.109328412E+00
 0.106492847E+00 0.103654467E+00 0.100820020E+00 0.979959369E-01 0.951880515E-01
 0.924013853E-01 0.896399319E-01 0.869064927E-01 0.842025056E-01 0.815279856E-01
 0.788813680E-01 0.762594342E-01 0.736573189E-01 0.710684359E-01 0.684845895E-01
 0.658960789E-01 0.632919371E-01 0.606602319E-01 0.579884909E-01 0.552641526E-01
 0.524750613E-01 0.496099070E-01 0.466585830E-01 0.436123498E-01 0.404637940E-01
 0.372065380E-01 0.338346884E-01 0.303420424E-01 0.267211143E-01 0.229619741E-01
 0.190509651E-01 0.149692781E-01 0.106913708E-01 0.618313719E-02 0.139968388E-02
-0.371752353E-02-0.924455747E-02-0.152806267E-01-0.219565500E-01-0.294482186E-01
-0.379991382E-01-0.479599386E-01-0.598576665E-01-0.744938254E-01-0.927910581E-01
-0.108280323E+00-0.118549354E+00-0.123739406E+00-0.123737052E+00-0.118510805E+00
-0.106979378E+00-0.884408727E-01-0.689229891E-01-0.519942120E-01-0.371610634E-01
 0.131495073E+00 0.132110685E+00 0.130474105E+00 0.128105462E+00 0.125730574E+00
 0.123340219E+00 0.120924681E+00 0.118478730E+00 0.116001979E+00 0.113498181E+00
 0.110974148E+00 0.108438529E+00 0.105900772E+00 0.103370242E+00 0.100855619E+00
 0.983644128E-01 0.959026515E-01 0.934746042E-01 0.910826325E-01 0.887270123E-01
 0.864057988E-01 0.841146335E-01 0.818466991E-01 0.795925632E-01 0.773402303E-01
 0.750752240E-01 0.727808699E-01 0.704387873E-01 0.680295527E-01 0.655335411E-01
 0.629319400E-01 0.602076687E-01 0.573462360E-01 0.543362945E-01 0.511698350E-01
 0.478419103E-01 0.443499573E-01 0.406927466E-01 0.368690565E-01 0.328762159E-01
 0.287086088E-01 0.243562050E-01 0.198031273E-01 0.150262471E-01 0.999371707E-02
 0.466331933E-02-0.101951405E-02-0.712424191E-02-0.137386043E-01-0.209733695E-01
-0.289693847E-01-0.379095748E-01-0.480470955E-01-0.598379187E-01-0.725031942E-01
-0.824386328E-01-0.892394260E-01-0.926361606E-01-0.925717056E-01-0.884737745E-01
-0.801429749E-01-0.673735291E-01-0.546364598E-01-0.424869768E-01-0.310983416E-01
 0.132619664E+00 0.133467153E+00 0.132065296E+00 0.130039230E+00 0.128040761E+00
 0.126031041E+00 0.123982795E+00 0.121881954E+00 0.119726293E+00 0.117522217E+00
 0.115281485E+00 0.113018528E+00 0.110748470E+00 0.108485758E+00 0.106243379E+00
 0.104032300E+00 0.101861224E+00 0.997364074E-01 0.976615176E-01 0.956375077E-01
 0.936624035E-01 0.917310566E-01 0.898348838E-01 0.879615545E-01 0.860947892E-01
 0.842142999E-01 0.822959989E-01 0.803125724E-01 0.782345086E-01 0.760316625E-01
 0.736750215E-01 0.711387843E-01 0.684021488E-01 0.654506609E-01 0.622768104E-01
 0.588798001E-01 0.552643910E-01 0.514391921E-01 0.474145189E-01 0.432002507E-01
 0.388038568E-01 0.342288427E-01 0.294735823E-01 0.245306399E-01 0.193864387E-01
 0.140213752E-01 0.841046311E-02 0.252481946E-02-0.366521208E-02-0.101836305E-01
-0.170351602E-01-0.241751671E-01-0.314408652E-01-0.384114571E-01-0.445147119E-01
-0.498146564E-01-0.537726767E-01-0.558870845E-01-0.559293814E-01-0.539324693E-01
-0.502138063E-01-0.446350239E-01-0.375209041E-01-0.296923593E-01-0.216673668E-01
 0.133103296E+00 0.134187266E+00 0.133190915E+00 0.131680429E+00 0.130210415E+00
 0.128682792E+00 0.127048597E+00 0.125295386E+00 0.123433411E+00 0.121484600E+00
 0.119475543E+00 0.117433295E+00 0.115383044E+00 0.113346957E+00 0.111343659E+00
 0.109388262E+00 0.107492417E+00 0.105664574E+00 0.103909999E+00 0.102230810E+00
 0.100625716E+00 0.990896225E-01 0.976130739E-01 0.961815342E-01 0.947746113E-01
 0.933654383E-01 0.919203907E-01 0.903994516E-01 0.887575895E-01 0.869472623E-01
 0.849220306E-01 0.826407224E-01 0.800714716E-01 0.771948472E-01 0.740052685E-01
 0.705105886E-01 0.667297840E-01 0.626893416E-01 0.584191456E-01 0.539486259E-01
 0.493038073E-01 0.445054732E-01 0.395684317E-01 0.345017128E-01 0.293094702E-01
 0.239925887E-01 0.185510274E-01 0.129872384E-01 0.731117837E-02 0.154777337E-02
-0.425227638E-02-0.999840442E-02-0.155473184E-01-0.207059961E-01-0.252634939E-01
-0.290152673E-01-0.317553245E-01-0.333015472E-01-0.335426442E-01-0.324581154E-01
-0.301049799E-01-0.266016852E-01-0.221464727E-01-0.170032829E-01-0.114351790E-01
 0.132313550E+00 0.133498028E+00 0.133526295E+00 0.133112073E+00 0.132508606E+00
 0.131610289E+00 0.130404994E+00 0.128941119E+00 0.127281159E+00 0.125485957E+00
 0.123610139E+00 0.121700473E+00 0.119795457E+00 0.117925771E+00 0.116115250E+00
 0.114382043E+00 0.112739749E+00 0.111198284E+00 0.109764412E+00 0.108441927E+00
 0.107231416E+00 0.106129721E+00 0.105128884E+00 0.104214728E+00 0.103365026E+00
 0.102547430E+00 0.101717532E+00 0.100817822E+00 0.997785553E-01 0.985215604E-01
 0.969672948E-01 0.950442478E-01 0.926983804E-01 0.899004713E-01 0.866494849E-01
 0.829714686E-01 0.789139792E-01 0.745374188E-01 0.699056461E-01 0.650782287E-01
 0.601057671E-01 0.550282672E-01 0.498757064E-01 0.446698926E-01 0.394269526E-01
 0.341601782E-01 0.288831163E-01 0.236130562E-01 0.183750093E-01 0.132061783E-01
 0.816058367E-02 0.331276376E-02-0.124132377E-02-0.538810110E-02-0.900458824E-02
-0.119682178E-01-0.141670154E-01-0.155115183E-01-0.159469079E-01-0.154609447E-01
-0.140858004E-01-0.118956724E-01-0.900100451E-02-0.553688454E-02-0.164627528E-02
 0.131382927E+00 0.132772982E+00 0.133998588E+00 0.135118738E+00 0.135992691E+00
 0.135580152E+00 0.134555832E+00 0.133128911E+00 0.131440312E+00 0.129598469E+00
 0.127689451E+00 0.125779793E+00 0.123918548E+00 0.122140184E+00 0.120468505E+00
 0.118920095E+00 0.117506973E+00 0.116238378E+00 0.115121715E+00 0.114162944E+00
 0.113366432E+00 0.112734221E+00 0.112264670E+00 0.111950248E+00 0.111774199E+00
 0.111705840E+00 0.111694530E+00 0.111663148E+00 0.111503899E+00 0.111081280E+00
 0.110246532E+00 0.108861677E+00 0.106823996E+00 0.104083061E+00 0.100648284E+00
 0.965866894E-01 0.920094550E-01 0.870482475E-01 0.818298906E-01 0.764597505E-01
 0.710167140E-01 0.655559599E-01 0.601146258E-01 0.547177047E-01 0.493830107E-01
 0.441252962E-01 0.389596336E-01 0.339043736E-01 0.289837644E-01 0.242302157E-01
 0.196859986E-01 0.154039301E-01 0.114465989E-01 0.788380392E-02 0.478834240E-02
 0.223059952E-02 0.272506964E-03-0.103854702E-02-0.167505606E-02-0.163303514E-02
-0.933322764E-03 0.379625155E-03 0.224136421E-02 0.457320223E-02 0.728920428E-02
 0.131182894E+00 0.132965058E+00 0.134942293E+00 0.137255132E+00 0.139860079E+00
 0.140867412E+00 0.139939457E+00 0.138054341E+00 0.135949925E+00 0.133754343E+00
 0.131580606E+00 0.129508793E+00 0.127584398E+00 0.125829354E+00 0.124253616E+00
 0.122862384E+00 0.121659927E+00 0.120651364E+00 0.119843438E+00 0.119244799E+00
 0.118865840E+00 0.118718222E+00 0.118813820E+00 0.119162746E+00 0.119769596E+00
 0.120626718E+00 0.121702269E+00 0.122920014E+00 0.124130175E+00 0.125085652E+00
 0.125467151E+00 0.124972202E+00 0.123392262E+00 0.120634317E+00 0.116725191E+00
 0.111822270E+00 0.106200121E+00 0.100169741E+00 0.939812809E-01 0.877937227E-01
 0.816955715E-01 0.757323354E-01 0.699259192E-01 0.642863512E-01 0.588187911E-01
 0.535276793E-01 0.484194681E-01 0.435044542E-01 0.387980640E-01 0.343217291E-01
 0.301032029E-01 0.261762682E-01 0.225797053E-01 0.193554368E-01 0.165459495E-01
 0.141911795E-01 0.123251658E-01 0.109728174E-01 0.101472028E-01 0.984772947E-02
 0.100594806E-01 0.107538272E-01 0.118902633E-01 0.134192118E-01 0.152854109E-01
 0.130791947E+00 0.132761076E+00 0.135028586E+00 0.137757957E+00 0.141080067E+00
 0.143326089E+00 0.144014835E+00 0.143091381E+00 0.140560120E+00 0.137584195E+00
 0.134874955E+00 0.132517174E+00 0.130486071E+00 0.128745824E+00 0.127269164E+00
 0.126038775E+00 0.125046015E+00 0.124289766E+00 0.123775676E+00 0.123515666E+00
 0.123527817E+00 0.123836599E+00 0.124473557E+00 0.125477880E+00 0.126896217E+00
 0.128780991E+00 0.131184340E+00 0.134139985E+00 0.137603194E+00 0.141212672E+00
 0.143954858E+00 0.145031497E+00 0.144168943E+00 0.141256779E+00 0.136266500E+00
 0.129374042E+00 0.121399574E+00 0.113390096E+00 0.105717137E+00 0.984468907E-01
 0.915684402E-01 0.850517079E-01 0.788651854E-01 0.729817972E-01 0.673805997E-01
 0.620470904E-01 0.569730885E-01 0.521565340E-01 0.476012118E-01 0.433164462E-01
 0.393165760E-01 0.356202014E-01 0.322490893E-01 0.292267445E-01 0.265766997E-01
 0.243205912E-01 0.224761963E-01 0.210556146E-01 0.200637747E-01 0.194974281E-01
 0.193447657E-01 0.195857082E-01 0.201928075E-01 0.211326722E-01 0.223677102E-01
 0.129900306E+00 0.131811395E+00 0.133909851E+00 0.136212289E+00 0.138707280E+00
 0.141317144E+00 0.143434182E+00 0.143984765E+00 0.142800540E+00 0.139734700E+00
 0.136636436E+00 0.134194002E+00 0.132220969E+00 0.130615935E+00 0.129319832E+00
 0.128299341E+00 0.127538085E+00 0.127032101E+00 0.126787752E+00 0.126821175E+00
 0.127158225E+00 0.127833202E+00 0.128894687E+00 0.130411416E+00 0.132476076E+00
 0.135214910E+00 0.138804600E+00 0.143503338E+00 0.149719879E+00 0.158075228E+00
 0.164423332E+00 0.167431206E+00 0.167509705E+00 0.164405107E+00 0.157985941E+00
 0.147762805E+00 0.135264486E+00 0.124761917E+00 0.115577586E+00 0.107342154E+00
 0.998314098E-01 0.928999037E-01 0.864500105E-01 0.804146454E-01 0.747471601E-01
 0.694152117E-01 0.643971041E-01 0.596794933E-01 0.552558526E-01 0.511253066E-01
 0.472916104E-01 0.437621549E-01 0.405469015E-01 0.376572050E-01 0.351045728E-01
 0.328994021E-01 0.310497172E-01 0.295600742E-01 0.284306444E-01 0.276566148E-01
 0.272279214E-01 0.271293558E-01 0.273410194E-01 0.278390553E-01 0.285965931E-01
 0.128606275E+00 0.130431131E+00 0.132277831E+00 0.134094805E+00 0.135846704E+00
 0.137498870E+00 0.138997927E+00 0.140259117E+00 0.140451148E+00 0.138427794E+00
 0.136056632E+00 0.134140611E+00 0.132582694E+00 0.131330222E+00 0.130346298E+00
 0.129610047E+00 0.129112199E+00 0.128852919E+00 0.128841579E+00 0.129097566E+00
 0.129652232E+00 0.130540341E+00 0.131815299E+00 0.133558080E+00 0.135877460E+00
 0.138923377E+00 0.142909825E+00 0.148153991E+00 0.155138895E+00 0.164427355E+00
 0.171696171E+00 0.175355956E+00 0.175777718E+00 0.172815070E+00 0.166221440E+00
 0.155433536E+00 0.142318130E+00 0.131313741E+00 0.121811047E+00 0.113378830E+00
 0.105749868E+00 0.987575725E-01 0.922942087E-01 0.862865150E-01 0.806824043E-01
 0.754440278E-01 0.705439672E-01 0.659629405E-01 0.616882294E-01 0.577124171E-01
 0.540323444E-01 0.506480895E-01 0.475620180E-01 0.447778329E-01 0.422996320E-01
 0.401310064E-01 0.382741876E-01 0.367293209E-01 0.354938656E-01 0.345622003E-01
 0.339254178E-01 0.335713364E-01 0.334847271E-01 0.336476937E-01 0.340401940E-01
 0.670393527E+00 0.684134901E+00 0.694051206E+00 0.706010461E+00 0.718747735E+00
 0.731973231E+00 0.745668948E+00 0.760063946E+00 0.774888754E+00 0.790327013E+00
 0.806175351E+00 0.822918594E+00 0.840059042E+00 0.858018398E+00 0.876585960E+00
 0.895875990E+00 0.916113496E+00 0.937170327E+00 0.959005177E+00 0.981721103E+00
 0.100551009E+01 0.103024912E+01 0.105607367E+01 0.108307886E+01 0.111128199E+01
 0.114071381E+01 0.117146862E+01 0.120378697E+01 0.123752892E+01 0.127294910E+01
 0.131010354E+01 0.134894478E+01 0.138996494E+01 0.143303931E+01 0.147819972E+01
 0.152586031E+01 0.157604945E+01 0.162912703E+01 0.168499017E+01 0.174381471E+01
 0.180629492E+01 0.187246633E+01 0.194242024E+01 0.201635480E+01 0.209478116E+01
 0.217868161E+01 0.226731658E+01 0.236101270E+01 0.246161556E+01 0.256860304E+01
 0.268216896E+01 0.280348420E+01 0.293330312E+01 0.307106280E+01 0.321964383E+01
 0.337757301E+01 0.354796410E+01 0.373170996E+01 0.393117547E+01 0.414722538E+01
 0.438740921E+01 0.465521955E+01 0.497071314E+01 0.540087366E+01 0.691208744E+01
   86  117
 0.111962593E+01-0.200000003E+00 0.110478032E+01-0.150000006E+00 0.109029019E+01
-0.500000007E-01 0.110004985E+01 0.500000007E-01 0.111458766E+01 0.100000001E+00
 0.113467598E+01 0.150000006E+00 0.115875006E+01 0.200037256E+00 0.118722963E+01
 0.250000000E+00 0.121815741E+01 0.300000012E+00 0.125166559E+01 0.349999994E+00
 0.128803182E+01 0.400000006E+00 0.131812501E+01 0.437636793E+00 0.134468746E+01
 0.469585687E+00 0.137130177E+01 0.500000000E+00 0.141996431E+01 0.550000012E+00
 0.145093751E+01 0.578755260E+00 0.147749996E+01 0.602098763E+00 0.153062499E+01
 0.643193662E+00 0.155718756E+01 0.662270069E+00 0.161031246E+01 0.695348620E+00
 0.163687503E+01 0.710712850E+00 0.169000006E+01 0.736352921E+00 0.172295415E+01
 0.750000000E+00 0.176968753E+01 0.767210484E+00 0.182281256E+01 0.780543029E+00
 0.187593746E+01 0.788311064E+00 0.192906249E+01 0.789787471E+00 0.198218751E+01
 0.782303035E+00 0.203531241E+01 0.756900966E+00 0.206187510E+01 0.730084121E+00
 0.208843756E+01 0.688787937E+00 0.211500001E+01 0.631681025E+00 0.214156246E+01
 0.559008241E+00 0.215985131E+01 0.500000000E+00 0.217594767E+01 0.449999988E+00
 0.219468760E+01 0.391108304E+00 0.222125006E+01 0.308841914E+00 0.223890638E+01
 0.250000000E+00 0.225333118E+01 0.200000003E+00 0.227437496E+01 0.105621949E+00
 0.228172660E+01 0.500000007E-01 0.228255391E+01-0.500000007E-01 0.227437496E+01
-0.113918036E+00 0.225550628E+01-0.200000003E+00 0.224075007E+01-0.250000000E+00
 0.222125006E+01-0.310044974E+00 0.219468760E+01-0.381956130E+00 0.216812491E+01
-0.447722346E+00 0.214589000E+01-0.500000000E+00 0.212217450E+01-0.550000012E+00
 0.209600568E+01-0.600000024E+00 0.206700301E+01-0.649999976E+00 0.203531241E+01
-0.698427737E+00 0.200874996E+01-0.737391770E+00 0.198218751E+01-0.774348080E+00
 0.195562506E+01-0.809228718E+00 0.192188299E+01-0.850000024E+00 0.188133919E+01
-0.899999976E+00 0.184937501E+01-0.937988400E+00 0.182281256E+01-0.969922602E+00
 0.179624999E+01-0.100055015E+01 0.175126910E+01-0.104999995E+01 0.171656251E+01
-0.108956146E+01 0.169000006E+01-0.112158561E+01 0.164633703E+01-0.116562688E+01
 0.162923646E+01-0.118580520E+01 0.160789967E+01-0.114999998E+01 0.157830787E+01
-0.110000002E+01 0.154969597E+01-0.104999995E+01 0.152149940E+01-0.100000000E+01
 0.149349463E+01-0.949999988E+00 0.146558416E+01-0.899999976E+00 0.143775058E+01
-0.850000024E+00 0.141003311E+01-0.800000012E+00 0.138250959E+01-0.750000000E+00
 0.135527837E+01-0.699999988E+00 0.132844198E+01-0.649999976E+00 0.130209470E+01
-0.600000024E+00 0.127631271E+01-0.550000012E+00 0.125115168E+01-0.500000000E+00
 0.122665167E+01-0.449999988E+00 0.120286071E+01-0.400000006E+00 0.117989087E+01
-0.349999994E+00 0.115804350E+01-0.300000012E+00 0.113218749E+01-0.233421087E+00
 0.111962593E+01-0.200000003E+00
 0.101600003E+01 0.000000000E+00 0.101600003E+01 0.963999987E+00 0.101600003E+01
 0.967999995E+00 0.101600003E+01 0.100100005E+01 0.101600003E+01 0.101900005E+01
 0.101600003E+01 0.107700002E+01 0.101600003E+01 0.107000005E+01 0.101600003E+01
 0.109599996E+01 0.101600003E+01 0.111300004E+01 0.101600003E+01 0.113800001E+01
 0.101600003E+01 0.114699996E+01 0.101199996E+01 0.116499996E+01 0.100100005E+01
 0.121700001E+01 0.102900004E+01 0.121700001E+01 0.104200006E+01 0.116240001E+01
 0.104600000E+01 0.116237998E+01 0.105599999E+01 0.116260004E+01 0.109700000E+01
 0.116450000E+01 0.110800004E+01 0.116594005E+01 0.111600006E+01 0.116591001E+01
 0.113399994E+01 0.116895998E+01 0.114800000E+01 0.117174995E+01 0.116199994E+01
 0.117556000E+01 0.118099999E+01 0.118299997E+01 0.118200004E+01 0.118350005E+01
 0.118499994E+01 0.118499994E+01 0.119000006E+01 0.118799996E+01 0.119500005E+01
 0.119099998E+01 0.120099998E+01 0.119599998E+01 0.120899999E+01 0.120200002E+01
 0.121500003E+01 0.120799994E+01 0.122200000E+01 0.121399999E+01 0.122800004E+01
 0.122099996E+01 0.123399997E+01 0.123099995E+01 0.123899996E+01 0.123800004E+01
 0.124199998E+01 0.124399996E+01 0.124800003E+01 0.125399995E+01 0.125800002E+01
 0.127800000E+01 0.126300001E+01 0.128999996E+01 0.127999997E+01 0.133099997E+01
 0.127999997E+01 0.134700000E+01 0.127999997E+01 0.134800005E+01 0.130999994E+01
 0.134800005E+01 0.132799995E+01 0.134800005E+01 0.136099994E+01 0.134800005E+01
 0.138000000E+01 0.134800005E+01 0.141900003E+01 0.134800005E+01 0.141900003E+01
 0.130999994E+01 0.137199998E+01 0.130999994E+01 0.137167001E+01 0.129237998E+01
 0.137003005E+01 0.128268003E+01 0.136688006E+01 0.125644004E+01 0.136719000E+01
 0.122955000E+01 0.137178004E+01 0.119576001E+01 0.137223995E+01 0.119402003E+01
 0.138662004E+01 0.116487002E+01 0.138707995E+01 0.116420996E+01 0.140382004E+01
 0.115696001E+01 0.141127002E+01 0.115730000E+01 0.141857004E+01 0.116131997E+01
 0.142100000E+01 0.116400003E+01 0.148662996E+01 0.124049997E+01 0.149730003E+01
 0.123458004E+01 0.149761999E+01 0.123427999E+01 0.149744999E+01 0.123174000E+01
 0.149275005E+01 0.121329999E+01 0.149259996E+01 0.121061003E+01 0.149260998E+01
 0.120485997E+01 0.149278998E+01 0.120213997E+01 0.149339998E+01 0.119641995E+01
 0.149469995E+01 0.118510997E+01 0.149621999E+01 0.116069996E+01 0.147981000E+01
 0.112425995E+01 0.148081994E+01 0.112256002E+01 0.148149002E+01 0.112137997E+01
 0.148645997E+01 0.111691999E+01 0.149094999E+01 0.111439002E+01 0.150304997E+01
 0.111243999E+01 0.159696996E+01 0.109489000E+01 0.162549996E+01 0.108529997E+01
 0.163751996E+01 0.107988000E+01 0.164699996E+01 0.107700002E+01 0.178499997E+01
 0.107700002E+01 0.206999993E+01 0.103999996E+01 0.212800002E+01 0.992999971E+00
 0.224499989E+01 0.708999991E+00 0.233956003E+01 0.461430013E+00 0.234707999E+01
 0.415829986E+00 0.234912992E+01 0.272179991E+00 0.235103011E+01 0.170179993E+00
 0.235157990E+01 0.701199993E-01 0.235124993E+01-0.317899995E-01 0.235050988E+01
-0.144350007E+00 0.234964991E+01-0.214829996E+00 0.234870005E+01-0.326689988E+00
 0.234759998E+01-0.386770010E+00 0.234019995E+01-0.453040004E+00 0.232942009E+01
-0.477569997E+00 0.213400006E+01-0.972999990E+00 0.178600001E+01-0.117400002E+01
 0.176800001E+01-0.121099997E+01 0.176800001E+01-0.125000000E+01 0.168200004E+01
-0.125000000E+01 0.137199998E+01-0.125000000E+01 0.137199998E+01-0.132900000E+01
 0.141999996E+01-0.132900000E+01 0.141999996E+01-0.136300004E+01 0.127300000E+01
-0.136300004E+01 0.115300000E+01-0.136300004E+01 0.101600003E+01-0.122300005E+01
 0.101600003E+01-0.122300005E+01 0.101600003E+01-0.829999983E+00 0.101600003E+01
-0.800000012E+00 0.101600003E+01-0.414999992E+00 0.101600003E+01-0.400000006E+00
 0.101600003E+01-0.100000005E-02 0.101600003E+01 0.000000000E+00
    0 0.170000005E+01    1
 0.000000000E+00 0.000000000E+00 0.000000000E+00 0.000000000E+00 0.000000000E+00
 0.000000000E+00 0.000000000E+00 0.000000000E+00 0.000000000E+00 0.000000000E+00
 0.000000000E+00 0.000000000E+00 0.000000000E+00 0.000000000E+00 0.000000000E+00
 0.000000000E+00 0.000000000E+00 0.000000000E+00 0.000000000E+00 0.000000000E+00
 0.000000000E+00 0.000000000E+00 0.000000000E+00 0.000000000E+00 0.000000000E+00
 0.000000000E+00 0.000000000E+00 0.000000000E+00 0.000000000E+00 0.000000000E+00
 0.000000000E+00 0.000000000E+00 0.000000000E+00 0.000000000E+00 0.000000000E+00
 0.000000000E+00 0.000000000E+00 0.000000000E+00 0.000000000E+00 0.000000000E+00
 0.000000000E+00 0.000000000E+00 0.000000000E+00 0.000000000E+00 0.000000000E+00
 0.000000000E+00 0.000000000E+00 0.000000000E+00 0.000000000E+00 0.000000000E+00
 0.000000000E+00 0.000000000E+00 0.000000000E+00 0.000000000E+00 0.000000000E+00
 0.000000000E+00 0.000000000E+00 0.000000000E+00 0.000000000E+00 0.000000000E+00
 0.000000000E+00 0.000000000E+00 0.000000000E+00 0.000000000E+00 0.000000000E+00
 0.000000000E+00 0.744916722E-01 0.106150597E+00 0.130708531E+00 0.151679561E+00
 0.170426339E+00 0.187645346E+00 0.203658327E+00 0.218830779E+00 0.233270839E+00
 0.245901525E+00 0.259386241E+00 0.272465080E+00 0.285260201E+00 0.297683746E+00
 0.309858114E+00 0.321900189E+00 0.333731323E+00 0.345429003E+00 0.356997997E+00
 0.368428797E+00 0.379846752E+00 0.391186774E+00 0.402442157E+00 0.413714528E+00
 0.424949020E+00 0.436179489E+00 0.447450995E+00 0.458705395E+00 0.470025301E+00
 0.481401324E+00 0.492790639E+00 0.504306734E+00 0.515891314E+00 0.527537346E+00
 0.539332569E+00 0.551221073E+00 0.563268781E+00 0.575437188E+00 0.587733448E+00
 0.600250423E+00 0.612935781E+00 0.625813246E+00 0.638889194E+00 0.652175248E+00
 0.665769577E+00 0.679579973E+00 0.693626583E+00 0.708020627E+00 0.722714841E+00
 0.737736106E+00 0.753092945E+00 0.768852055E+00 0.784976780E+00 0.801556647E+00
 0.818545401E+00 0.836022556E+00 0.854019582E+00 0.872537017E+00 0.891623616E+00
 0.911401272E+00 0.931847215E+00 0.953151941E+00 0.975569367E+00 0.100000000E+01
    1
 0.000000000E+00 0.000000000E+00 0.000000000E+00 0.000000000E+00 0.000000000E+00
 0.000000000E+00 0.000000000E+00 0.000000000E+00 0.000000000E+00 0.000000000E+00
 0.000000000E+00 0.000000000E+00 0.000000000E+00 0.000000000E+00 0.000000000E+00
 0.000000000E+00 0.000000000E+00 0.000000000E+00 0.000000000E+00 0.000000000E+00
 0.000000000E+00 0.000000000E+00 0.000000000E+00 0.000000000E+00 0.000000000E+00
 0.000000000E+00 0.000000000E+00 0.000000000E+00 0.000000000E+00 0.000000000E+00
 0.000000000E+00 0.000000000E+00 0.000000000E+00 0.000000000E+00 0.000000000E+00
 0.000000000E+00 0.000000000E+00 0.000000000E+00 0.000000000E+00 0.000000000E+00
 0.000000000E+00 0.000000000E+00 0.000000000E+00 0.000000000E+00 0.000000000E+00
 0.000000000E+00 0.000000000E+00 0.000000000E+00 0.000000000E+00 0.000000000E+00
 0.000000000E+00 0.000000000E+00 0.000000000E+00 0.000000000E+00 0.000000000E+00
 0.000000000E+00 0.000000000E+00 0.000000000E+00 0.000000000E+00 0.000000000E+00
 0.000000000E+00 0.000000000E+00 0.000000000E+00 0.000000000E+00 0.000000000E+00
&BASIS
 EE2BDRY= 32*0.00000000      ,
 EEBDRY= 32*0.00000000      ,
 EEKNT= 32*0.00000000      ,
 EETENS=  5.00000000    ,
 FF2BDRY= 64*0.00000000      ,
 FFBDRY=  2.25707006    , -9.09133244    ,  6.81143951    , 61*0.00000000      ,
 FFKNT= 64*0.00000000      ,
 FFTENS=  0.00000000    ,
 KEE2BDRY= 32*0          ,
 KEEBDRY= 32*0          ,
 KEEFNC=          0,
 KEEKNT=          0,
 KFF2BDRY= 64*0          ,
 KFFBDRY= 64*0          ,
 KFFFNC=          0,
 KFFKNT=          0,
 KPP2BDRY= 64*0          ,
 KPPBDRY= 64*0          ,
 KPPFNC=          0,
 KPPKNT=          0,
 KWW2BDRY= 64*0          ,
 KWWBDRY= 64*0          ,
 KWWFNC=          0,
 KWWKNT=          0,
 PP2BDRY= 64*0.00000000      ,
 PPBDRY=  793569.812    , -590157.188    , 62*0.00000000      ,
 PPKNT= 64*0.00000000      ,
 PPTENS=  0.00000000    ,
 WW2BDRY= 64*0.00000000      ,
 WWBDRY= -1218.40808    ,  12546.0029    , 62*0.00000000      ,
 WWKNT= 64*0.00000000      ,
 WWTENS=  0.00000000    ,
 /
