  EFITD    01/21/2000    #180523  4300ms           7  65  65
 0.170000005E+01 0.320000005E+01 0.169550002E+01 0.839999974E+00 0.000000000E+00
 0.181571114E+01-0.425759330E-01-0.256153196E+00-0.968394044E-03-0.197327304E+01
 0.888412250E+06-0.256153196E+00 0.000000000E+00 0.181571114E+01 0.000000000E+00
-0.425759330E-01 0.000000000E+00-0.968394044E-03 0.000000000E+00 0.000000000E+00
-0.335943055E+01-0.335696220E+01-0.335463166E+01-0.335243583E+01-0.335037160E+01
-0.334843612E+01-0.334662652E+01-0.334493923E+01-0.334337115E+01-0.334191966E+01
-0.334058118E+01-0.333935261E+01-0.333823085E+01-0.333721280E+01-0.333629489E+01
-0.333547425E+01-0.333474755E+01-0.333411121E+01-0.333356261E+01-0.333309793E+01
-0.333271432E+01-0.333240819E+01-0.333217645E+01-0.333201551E+01-0.333192229E+01
-0.333189368E+01-0.333192587E+01-0.333201599E+01-0.333216071E+01-0.333235621E+01
-0.333259988E+01-0.333288789E+01-0.333321714E+01-0.333358407E+01-0.333398581E+01
-0.333441854E+01-0.333487940E+01-0.333536458E+01-0.333587122E+01-0.333639574E+01
-0.333693480E+01-0.333748531E+01-0.333804393E+01-0.333860707E+01-0.333917165E+01
-0.333973432E+01-0.334029198E+01-0.334084105E+01-0.334137821E+01-0.334190035E+01
-0.334240413E+01-0.334288597E+01-0.334334326E+01-0.334377193E+01-0.334416938E+01
-0.334453177E+01-0.334485626E+01-0.334513927E+01-0.334537745E+01-0.334556770E+01
-0.334570670E+01-0.334579134E+01-0.334581804E+01-0.334578347E+01-0.334568453E+01
 0.108119266E+06 0.105358461E+06 0.102631672E+06 0.999388984E+05 0.972801328E+05
 0.946553906E+05 0.920646562E+05 0.895079375E+05 0.869852266E+05 0.844965391E+05
 0.820418594E+05 0.796211953E+05 0.772345469E+05 0.748819062E+05 0.725632891E+05
 0.702786797E+05 0.680280859E+05 0.658115078E+05 0.636289375E+05 0.614803867E+05
 0.593658477E+05 0.572853242E+05 0.552388125E+05 0.532263164E+05 0.512478359E+05
 0.493033672E+05 0.473929141E+05 0.455164727E+05 0.436740469E+05 0.418656328E+05
 0.400912344E+05 0.383508516E+05 0.366444805E+05 0.349721250E+05 0.333337812E+05
 0.317294512E+05 0.301591367E+05 0.286228359E+05 0.271205508E+05 0.256522773E+05
 0.242180176E+05 0.228177734E+05 0.214515430E+05 0.201193262E+05 0.188211230E+05
 0.175569336E+05 0.163267598E+05 0.151305986E+05 0.139684512E+05 0.128403184E+05
 0.117461992E+05 0.106860947E+05 0.966000293E+04 0.866792578E+04 0.770986328E+04
 0.678581396E+04 0.589577881E+04 0.503975732E+04 0.421775000E+04 0.342975684E+04
 0.267577759E+04 0.195581226E+04 0.126986084E+04 0.617923462E+03 0.000000000E+00
-0.213832998E+01-0.201951575E+01-0.190346801E+01-0.179018617E+01-0.167967057E+01
-0.157192099E+01-0.146693754E+01-0.136472023E+01-0.126526904E+01-0.116858399E+01
-0.107466507E+01-0.983512282E+00-0.895125568E+00-0.809504926E+00-0.726650476E+00
-0.646562099E+00-0.569239914E+00-0.494683772E+00-0.422893763E+00-0.353869885E+00
-0.287612110E+00-0.224120468E+00-0.163394943E+00-0.105435535E+00-0.502422452E-01
 0.218492909E-02 0.518459827E-01 0.987409204E-01 0.142869741E+00 0.184232444E+00
 0.222829014E+00 0.258659482E+00 0.291723818E+00 0.322022051E+00 0.349554151E+00
 0.374320149E+00 0.396320015E+00 0.415553778E+00 0.432021409E+00 0.445722938E+00
 0.456658334E+00 0.464827597E+00 0.470230758E+00 0.472867817E+00 0.472738743E+00
 0.469843537E+00 0.464182228E+00 0.455754817E+00 0.444561243E+00 0.430601597E+00
 0.413875818E+00 0.394383907E+00 0.372125894E+00 0.347101748E+00 0.319311470E+00
 0.288755119E+00 0.255432606E+00 0.219344005E+00 0.180489272E+00 0.138868421E+00
 0.944814533E-01 0.473283678E-01-0.259083556E-02-0.552761592E-01-0.110727601E+00
-0.696671062E+06-0.688140438E+06-0.679609750E+06-0.671079125E+06-0.662548438E+06
-0.654017812E+06-0.645487125E+06-0.636956500E+06-0.628425812E+06-0.619895188E+06
-0.611364500E+06-0.602833875E+06-0.594303188E+06-0.585772562E+06-0.577241875E+06
-0.568711250E+06-0.560180562E+06-0.551649938E+06-0.543119250E+06-0.534588562E+06
-0.526057938E+06-0.517527281E+06-0.508996625E+06-0.500465969E+06-0.491935312E+06
-0.483404656E+06-0.474874000E+06-0.466343344E+06-0.457812688E+06-0.449282031E+06
-0.440751375E+06-0.432220719E+06-0.423690062E+06-0.415159406E+06-0.406628719E+06
-0.398098062E+06-0.389567406E+06-0.381036750E+06-0.372506094E+06-0.363975438E+06
-0.355444781E+06-0.346914125E+06-0.338383469E+06-0.329852812E+06-0.321322156E+06
-0.312791500E+06-0.304260844E+06-0.295730188E+06-0.287199531E+06-0.278668875E+06
-0.270138219E+06-0.261607562E+06-0.253076906E+06-0.244546250E+06-0.236015594E+06
-0.227484938E+06-0.218954281E+06-0.210423625E+06-0.201892969E+06-0.193362297E+06
-0.184831641E+06-0.176300984E+06-0.167770328E+06-0.159239672E+06-0.150709016E+06
 0.849682465E-01 0.773982257E-01 0.690043196E-01 0.597449392E-01 0.496967249E-01
 0.390523635E-01 0.280897431E-01 0.171227679E-01 0.875489693E-02 0.564851565E-02
 0.205301167E-02-0.448446069E-02-0.123175234E-01-0.185207948E-01-0.235284809E-01
-0.274914578E-01-0.304098707E-01-0.321967490E-01-0.326379463E-01-0.312951803E-01
-0.273257699E-01-0.235190485E-01-0.220247656E-01-0.222031530E-01-0.237680543E-01
-0.266427789E-01-0.309066381E-01-0.368046314E-01-0.448106453E-01-0.555990525E-01
-0.639247224E-01-0.680530518E-01-0.685202554E-01-0.650287643E-01-0.574197955E-01
-0.451383069E-01-0.301940106E-01-0.179355163E-01-0.753469812E-02 0.154828816E-02
 0.967642944E-02 0.171037614E-01 0.240111612E-01 0.305268317E-01 0.367403142E-01
 0.427129306E-01 0.484854952E-01 0.540837832E-01 0.595223606E-01 0.648072585E-01
 0.699379668E-01 0.749090165E-01 0.797112957E-01 0.843332931E-01 0.887622908E-01
 0.929854885E-01 0.969910696E-01 0.100769147E+00 0.104312517E+00 0.107617162E+00
 0.110682510E+00 0.113511436E+00 0.116109952E+00 0.118486822E+00 0.120652929E+00
 0.844284147E-01 0.757252499E-01 0.658708289E-01 0.547227971E-01 0.422868319E-01
 0.288001169E-01 0.162072238E-01 0.730173895E-02 0.266226241E-02 0.243485020E-02
 0.123364374E-02-0.244336412E-02-0.729534496E-02-0.119573837E-01-0.161015037E-01
-0.196040869E-01-0.223663487E-01-0.242775455E-01-0.252033081E-01-0.249982085E-01
-0.236642584E-01-0.223263595E-01-0.220279377E-01-0.228484925E-01-0.247805864E-01
-0.278673396E-01-0.322409645E-01-0.381651483E-01-0.461147763E-01-0.567240715E-01
-0.649786517E-01-0.690984204E-01-0.695363954E-01-0.661462471E-01-0.586627163E-01
-0.464435779E-01-0.316407718E-01-0.193217359E-01-0.872308575E-02 0.663938757E-03
 0.916968379E-02 0.170207620E-01 0.243779756E-01 0.313570984E-01 0.380413234E-01
 0.444894023E-01 0.507412590E-01 0.568220280E-01 0.627449825E-01 0.685137957E-01
 0.741242468E-01 0.795658454E-01 0.848232508E-01 0.898778364E-01 0.947093144E-01
 0.992974266E-01 0.103623644E+00 0.107672699E+00 0.111433826E+00 0.114901587E+00
 0.118076190E+00 0.120963313E+00 0.123573482E+00 0.125921130E+00 0.128023505E+00
 0.864004493E-01 0.771708041E-01 0.663829371E-01 0.535241365E-01 0.384132490E-01
 0.258173365E-01 0.168754291E-01 0.118041085E-01 0.107707875E-01 0.102744466E-01
 0.874053128E-02 0.616577081E-02 0.292127160E-02-0.576215039E-03-0.400633132E-02
-0.715881633E-02-0.989935920E-02-0.121457903E-01-0.138672357E-01-0.151087679E-01
-0.160339288E-01-0.169265158E-01-0.180859584E-01-0.197256859E-01-0.219754986E-01
-0.249229334E-01-0.286413021E-01-0.331943035E-01-0.385952890E-01-0.444896594E-01
-0.491722636E-01-0.514987111E-01-0.512320437E-01-0.482598543E-01-0.425024331E-01
-0.340449251E-01-0.241152719E-01-0.144412126E-01-0.534059666E-02 0.321255554E-02
 0.112969410E-01 0.189957935E-01 0.263835751E-01 0.335221700E-01 0.404603183E-01
 0.472342260E-01 0.538684614E-01 0.603768863E-01 0.667635202E-01 0.730232522E-01
 0.791426301E-01 0.851007923E-01 0.908706263E-01 0.964205042E-01 0.101716407E+00
 0.106724516E+00 0.111414067E+00 0.115759991E+00 0.119745173E+00 0.123361826E+00
 0.126611888E+00 0.129506409E+00 0.132064104E+00 0.134309337E+00 0.136269882E+00
 0.916644558E-01 0.828909054E-01 0.725631341E-01 0.603056177E-01 0.465711169E-01
 0.368120186E-01 0.317258239E-01 0.286456607E-01 0.258306228E-01 0.230368469E-01
 0.200845040E-01 0.169066899E-01 0.135482755E-01 0.101194140E-01 0.674533052E-02
 0.353508047E-02 0.568111485E-03-0.211092434E-02-0.449619908E-02-0.662496127E-02
-0.857753679E-02-0.104658995E-01-0.124101331E-01-0.145138092E-01-0.168490373E-01
-0.194497406E-01-0.223035067E-01-0.253313854E-01-0.283480398E-01-0.310174935E-01
-0.328830443E-01-0.335158072E-01-0.326328501E-01-0.301108435E-01-0.259826388E-01
-0.204614624E-01-0.139378440E-01-0.685188035E-02 0.467431761E-03 0.783483870E-02
 0.151634654E-01 0.224208366E-01 0.296017900E-01 0.367132835E-01 0.437659137E-01
 0.507690497E-01 0.577279180E-01 0.646416992E-01 0.715021491E-01 0.782924965E-01
 0.849866942E-01 0.915490910E-01 0.979348123E-01 0.104091331E+00 0.109961376E+00
 0.115487270E+00 0.120616101E+00 0.125305071E+00 0.129525870E+00 0.133267313E+00
 0.136535913E+00 0.139354020E+00 0.141756400E+00 0.143785670E+00 0.145487800E+00
 0.100430652E+00 0.930248797E-01 0.842170343E-01 0.741683543E-01 0.639748052E-01
 0.566839688E-01 0.506190322E-01 0.453705639E-01 0.406625345E-01 0.362960435E-01
 0.321335606E-01 0.280953050E-01 0.241527669E-01 0.203153007E-01 0.166132096E-01
 0.130823376E-01 0.975264702E-02 0.664084172E-02 0.374622550E-02 0.104950042E-02
-0.148503156E-02-0.390344858E-02-0.625307206E-02-0.857217144E-02-0.108803725E-01
-0.131702032E-01-0.153989736E-01-0.174806584E-01-0.192804094E-01-0.206187367E-01
-0.212929901E-01-0.211136285E-01-0.199402515E-01-0.177049823E-01-0.144222025E-01
-0.101857800E-01-0.515021570E-02 0.504349882E-03 0.660958746E-02 0.130318385E-01
 0.196767226E-01 0.264830198E-01 0.334135368E-01 0.404467322E-01 0.475701094E-01
 0.547752380E-01 0.620538853E-01 0.693948343E-01 0.767810047E-01 0.841865689E-01
 0.915740728E-01 0.988917574E-01 0.106071651E+00 0.113029756E+00 0.119669586E+00
 0.125889972E+00 0.131596088E+00 0.136711255E+00 0.141186580E+00 0.145006523E+00
 0.148189560E+00 0.150783613E+00 0.152857199E+00 0.154488415E+00 0.155755252E+00
 0.113034189E+00 0.107910313E+00 0.993704200E-01 0.900471583E-01 0.813188478E-01
 0.733813867E-01 0.662573278E-01 0.598324202E-01 0.539696775E-01 0.485472195E-01
 0.434686616E-01 0.386653952E-01 0.340948664E-01 0.297359172E-01 0.255823247E-01
 0.216359999E-01 0.179009680E-01 0.143788503E-01 0.110661602E-01 0.795349479E-02
 0.502666784E-02 0.226962101E-02-0.331292569E-03-0.278228777E-02-0.507706963E-02
-0.719226897E-02-0.908392575E-02-0.106858155E-01-0.119108809E-01-0.126571525E-01
-0.128186345E-01-0.122995116E-01-0.110281324E-01-0.896731205E-02-0.611894438E-02
-0.252211536E-02 0.175502349E-02 0.662776921E-02 0.120082702E-01 0.178161655E-01
 0.239845719E-01 0.304617397E-01 0.372098237E-01 0.442022718E-01 0.514207669E-01
 0.588521399E-01 0.664854050E-01 0.743086711E-01 0.823057070E-01 0.904516578E-01
 0.987075642E-01 0.107013159E+00 0.115278386E+00 0.123376019E+00 0.131141320E+00
 0.138386399E+00 0.144929066E+00 0.150623381E+00 0.155380502E+00 0.159179062E+00
 0.162067860E+00 0.164156586E+00 0.165591434E+00 0.166523680E+00 0.167086661E+00
 0.124446332E+00 0.120858096E+00 0.112716436E+00 0.103288040E+00 0.945049003E-01
 0.863475353E-01 0.787863806E-01 0.717758909E-01 0.652568191E-01 0.591665693E-01
 0.534477346E-01 0.480527952E-01 0.429457873E-01 0.381017365E-01 0.335047133E-01
 0.291452110E-01 0.250175335E-01 0.211176127E-01 0.174416155E-01 0.139854942E-01
 0.107454881E-01 0.771952979E-02 0.490930583E-02 0.232269056E-02-0.238287812E-04
-0.210313289E-02-0.387629890E-02-0.529276999E-02-0.629237248E-02-0.680956244E-02
-0.677990727E-02-0.614792667E-02-0.487338845E-02-0.293473131E-02-0.330386596E-03
 0.292238616E-02 0.679099979E-02 0.112327058E-01 0.162003301E-01 0.216474570E-01
 0.275322739E-01 0.338198319E-01 0.404829197E-01 0.475018807E-01 0.548638254E-01
 0.625614300E-01 0.705914572E-01 0.789529309E-01 0.876445994E-01 0.966611356E-01
 0.105986796E+00 0.115584292E+00 0.125374377E+00 0.135200113E+00 0.144779891E+00
 0.153712049E+00 0.161598712E+00 0.168158963E+00 0.173236609E+00 0.176791161E+00
 0.178924859E+00 0.179911375E+00 0.180116966E+00 0.179852560E+00 0.179326028E+00
 0.133038059E+00 0.130307868E+00 0.122513965E+00 0.113329783E+00 0.104632162E+00
 0.964138657E-01 0.886637196E-01 0.813601315E-01 0.744742304E-01 0.679735467E-01
 0.618256591E-01 0.560010448E-01 0.504747592E-01 0.452270694E-01 0.402432382E-01
 0.355128124E-01 0.310287308E-01 0.267864931E-01 0.227836072E-01 0.190194473E-01
 0.154955443E-01 0.122162923E-01 0.918997265E-02 0.642995024E-02 0.395584945E-02
 0.179452216E-02-0.194096629E-04-0.144365814E-02-0.242929743E-02-0.292325462E-02
-0.287367357E-02-0.224221661E-02-0.100774318E-02 0.839780492E-03 0.329989824E-02
 0.636277860E-02 0.100108171E-01 0.142209344E-01 0.189672355E-01 0.242236424E-01
 0.299661774E-01 0.361747295E-01 0.428342931E-01 0.499357432E-01 0.574763156E-01
 0.654599220E-01 0.738974363E-01 0.828069821E-01 0.922143087E-01 0.102153018E+00
 0.112664334E+00 0.123795196E+00 0.135591835E+00 0.148080900E+00 0.161133721E+00
 0.173307642E+00 0.183429182E+00 0.191321507E+00 0.196839109E+00 0.199815676E+00
 0.200084269E+00 0.198293269E+00 0.196143895E+00 0.193990856E+00 0.191944167E+00
 0.139200091E+00 0.136953279E+00 0.129641503E+00 0.120742716E+00 0.112204432E+00
 0.104037747E+00 0.962429419E-01 0.888120458E-01 0.817318037E-01 0.749860108E-01
 0.685574859E-01 0.624295920E-01 0.565873571E-01 0.510181226E-01 0.457118675E-01
 0.406611897E-01 0.358611792E-01 0.313092433E-01 0.270050094E-01 0.229503606E-01
 0.191496741E-01 0.156102199E-01 0.123426970E-01 0.936186872E-02 0.668722112E-02
 0.434362376E-02 0.236204010E-02 0.780512404E-03-0.353985088E-03-0.981384655E-03
-0.101871660E-02-0.432045403E-03 0.758762006E-03 0.254965085E-02 0.493356353E-02
 0.790158566E-02 0.114420773E-01 0.155414343E-01 0.201852564E-01 0.253596082E-01
 0.310523063E-01 0.372541547E-01 0.439601205E-01 0.511704758E-01 0.588919818E-01
 0.671392456E-01 0.759364814E-01 0.853198916E-01 0.953411981E-01 0.106072977E+00
 0.117617272E+00 0.130120173E+00 0.143798918E+00 0.158995390E+00 0.175950155E+00
 0.191517800E+00 0.204097748E+00 0.213632837E+00 0.219994679E+00 0.222817719E+00
 0.221924797E+00 0.217156515E+00 0.212020248E+00 0.207600042E+00 0.203852430E+00
 0.143512934E+00 0.141553193E+00 0.134610146E+00 0.125968367E+00 0.117614292E+00
 0.109562658E+00 0.101810805E+00 0.943541303E-01 0.871869028E-01 0.803024769E-01
 0.736936405E-01 0.673530772E-01 0.612738729E-01 0.554499999E-01 0.498766489E-01
 0.445504822E-01 0.394697748E-01 0.346345343E-01 0.300465841E-01 0.257097315E-01
 0.216299314E-01 0.178155322E-01 0.142775541E-01 0.110299708E-01 0.808996987E-02
 0.547816558E-02 0.321871345E-02 0.133930973E-02-0.129046515E-03-0.115287898E-02
-0.136385043E-02-0.718281022E-03 0.475469162E-03 0.226644520E-02 0.463682413E-02
 0.758146401E-02 0.110917045E-01 0.151590304E-01 0.197758991E-01 0.249359738E-01
 0.306346212E-01 0.368696786E-01 0.436424538E-01 0.509589165E-01 0.588311292E-01
 0.672789887E-01 0.763325170E-01 0.860350281E-01 0.964475423E-01 0.107655361E+00
 0.119777776E+00 0.132982656E+00 0.147507682E+00 0.163685828E+00 0.181943804E+00
 0.200445935E+00 0.215375945E+00 0.226598039E+00 0.234140471E+00 0.237944156E+00
 0.237566993E+00 0.232831195E+00 0.225040659E+00 0.218654722E+00 0.213537946E+00
 0.146325439E+00 0.144589916E+00 0.137648508E+00 0.129246578E+00 0.121132843E+00
 0.113260292E+00 0.105616502E+00 0.981998295E-01 0.910120159E-01 0.840549320E-01
 0.773296282E-01 0.708363131E-01 0.645746663E-01 0.585442409E-01 0.527448989E-01
 0.471771061E-01 0.418422222E-01 0.367427170E-01 0.318823643E-01 0.272663999E-01
 0.229016710E-01 0.187967848E-01 0.149622094E-01 0.114103407E-01 0.815549493E-02
 0.521376915E-02 0.260272203E-02 0.340756116E-03-0.155397295E-02-0.274087326E-02
-0.319521921E-02-0.289800856E-02-0.184424198E-02 0.411215551E-04 0.244617322E-02
 0.542718777E-02 0.896539446E-02 0.130544165E-01 0.176927596E-01 0.228800159E-01
 0.286164992E-01 0.349037647E-01 0.417455658E-01 0.491489992E-01 0.571257956E-01
 0.656938106E-01 0.748788565E-01 0.847170725E-01 0.952579379E-01 0.106568307E+00
 0.118737511E+00 0.131883696E+00 0.146160617E+00 0.161763787E+00 0.178935409E+00
 0.197876677E+00 0.214371413E+00 0.226963773E+00 0.235751525E+00 0.240766078E+00
 0.242111549E+00 0.239327759E+00 0.232356608E+00 0.225048825E+00 0.219494447E+00
 0.146820754E+00 0.144892097E+00 0.138564527E+00 0.130753100E+00 0.123034887E+00
 0.115410216E+00 0.107911907E+00 0.100564778E+00 0.933862627E-01 0.863886625E-01
 0.795807466E-01 0.729688331E-01 0.665576905E-01 0.603511631E-01 0.543526895E-01
 0.485657528E-01 0.429941826E-01 0.376424342E-01 0.325157978E-01 0.276205502E-01
 0.229640901E-01 0.185550041E-01 0.144030945E-01 0.105193388E-01 0.691575417E-02
 0.360515644E-02 0.600755098E-03-0.208444055E-02-0.412475877E-02-0.549976015E-02
-0.618751440E-02-0.616623741E-02-0.541474996E-02-0.390958367E-02-0.164112134E-02
 0.147127430E-02 0.508722430E-02 0.922957435E-02 0.139164934E-01 0.191548448E-01
 0.249481313E-01 0.312983803E-01 0.382079557E-01 0.456808209E-01 0.537234694E-01
 0.623457171E-01 0.715615451E-01 0.813898891E-01 0.918554440E-01 0.102989264E+00
 0.114828922E+00 0.127417713E+00 0.140802622E+00 0.155031309E+00 0.170152426E+00
 0.186246112E+00 0.202530757E+00 0.215091527E+00 0.224375859E+00 0.230617493E+00
 0.233700365E+00 0.233864650E+00 0.230714291E+00 0.225005314E+00 0.220753670E+00
 0.147001415E+00 0.144786745E+00 0.138680890E+00 0.131297141E+00 0.123831287E+00
 0.116365559E+00 0.108962074E+00 0.101658888E+00 0.944808051E-01 0.874450430E-01
 0.805641338E-01 0.738475695E-01 0.673028901E-01 0.609364212E-01 0.547538176E-01
 0.487604886E-01 0.429619215E-01 0.373639315E-01 0.319728628E-01 0.267957281E-01
 0.218403041E-01 0.171151720E-01 0.126297064E-01 0.839399919E-02 0.441870792E-02
 0.714823895E-03-0.270666042E-02-0.553271687E-02-0.774636585E-02-0.932703912E-02
-0.102516972E-01-0.104956087E-01-0.100325048E-01-0.883386564E-02-0.686755683E-02
-0.409022067E-02-0.452714681E-03 0.370378117E-02 0.844014343E-02 0.137419859E-01
 0.196091887E-01 0.260378551E-01 0.330245309E-01 0.405668989E-01 0.486634895E-01
 0.573133938E-01 0.665159374E-01 0.762701482E-01 0.865736976E-01 0.974210426E-01
 0.108800128E+00 0.120686755E+00 0.133034915E+00 0.145759597E+00 0.158703074E+00
 0.171561420E+00 0.183754861E+00 0.194532409E+00 0.203436613E+00 0.210309714E+00
 0.215129375E+00 0.217972040E+00 0.219066709E+00 0.218928710E+00 0.218288109E+00
 0.147564679E+00 0.145455763E+00 0.138962850E+00 0.131359637E+00 0.123823911E+00
 0.116348632E+00 0.108946808E+00 0.101635121E+00 0.944290310E-01 0.873416141E-01
 0.803837031E-01 0.735643506E-01 0.668913200E-01 0.603715479E-01 0.540114790E-01
 0.478173718E-01 0.417955518E-01 0.359525830E-01 0.302954540E-01 0.248316620E-01
 0.195692871E-01 0.145170260E-01 0.968415570E-02 0.508046662E-02 0.716129143E-03
-0.339849968E-02-0.696218153E-02-0.996073708E-02-0.123753231E-01-0.141835213E-01
-0.153603256E-01-0.158789773E-01-0.157116279E-01-0.148298871E-01-0.132054808E-01
-0.108115729E-01-0.762735493E-02-0.364677585E-02 0.121610740E-02 0.660688244E-02
 0.125860069E-01 0.191286225E-01 0.262230486E-01 0.338617191E-01 0.420362055E-01
 0.507358722E-01 0.599471293E-01 0.696523264E-01 0.798280612E-01 0.904425457E-01
 0.101451792E+00 0.112793878E+00 0.124380901E+00 0.136087850E+00 0.147739142E+00
 0.159098327E+00 0.169876426E+00 0.179776207E+00 0.188554406E+00 0.196058720E+00
 0.202232942E+00 0.207113639E+00 0.210828483E+00 0.213582829E+00 0.215614244E+00
 0.146653831E+00 0.144491419E+00 0.138136938E+00 0.130470768E+00 0.122873172E+00
 0.115353256E+00 0.107915811E+00 0.100567080E+00 0.933141038E-01 0.861640647E-01
 0.791239589E-01 0.722004920E-01 0.654000863E-01 0.587290004E-01 0.521934554E-01
 0.457997397E-01 0.395543724E-01 0.334642082E-01 0.275365412E-01 0.217791758E-01
 0.162004810E-01 0.108094011E-01 0.561543647E-02 0.628581620E-03-0.414077798E-02
-0.840279926E-02-0.121455397E-01-0.153514845E-01-0.179986153E-01-0.200614482E-01
-0.215120427E-01-0.223209448E-01-0.224580877E-01-0.218936261E-01-0.205987934E-01
-0.185467843E-01-0.157135967E-01-0.120779276E-01-0.761762448E-02-0.232784706E-02
 0.387568166E-02 0.105963619E-01 0.178468004E-01 0.256318953E-01 0.339408070E-01
 0.427556746E-01 0.520535000E-01 0.618055090E-01 0.719756931E-01 0.825187415E-01
 0.933773369E-01 0.104478829E+00 0.115731455E+00 0.127020881E+00 0.138208419E+00
 0.149133563E+00 0.159623101E+00 0.169507384E+00 0.178639159E+00 0.186909139E+00
 0.194254741E+00 0.200662196E+00 0.206162736E+00 0.210822433E+00 0.214726344E+00
 0.144978255E+00 0.142754763E+00 0.136263102E+00 0.128537565E+00 0.120898135E+00
 0.113344312E+00 0.105875030E+00 0.984898955E-01 0.911899209E-01 0.839774758E-01
 0.768559799E-01 0.698296353E-01 0.629031658E-01 0.560817122E-01 0.493707955E-01
 0.427763127E-01 0.363046117E-01 0.299625229E-01 0.237574354E-01 0.176973529E-01
 0.117909275E-01 0.604747934E-02 0.476989342E-03-0.490993913E-02-0.983478781E-02
-0.142876087E-01-0.182519685E-01-0.217059646E-01-0.246232562E-01-0.269741137E-01
-0.287264604E-01-0.298469048E-01-0.303017329E-01-0.300578270E-01-0.290834829E-01
-0.273490231E-01-0.248270743E-01-0.214922260E-01-0.173197892E-01-0.122838859E-01
-0.634853588E-02 0.526244636E-03 0.793569442E-02 0.159250367E-01 0.244495347E-01
 0.334771015E-01 0.429772660E-01 0.529149845E-01 0.632485598E-01 0.739283040E-01
 0.848951638E-01 0.960792080E-01 0.107398279E+00 0.118757434E+00 0.130049542E+00
 0.141158015E+00 0.151961610E+00 0.162341312E+00 0.172187641E+00 0.181407258E+00
 0.189927518E+00 0.197698280E+00 0.204691231E+00 0.210896924E+00 0.216320500E+00
 0.142247096E+00 0.139910489E+00 0.133271649E+00 0.125510231E+00 0.117863595E+00
 0.110310964E+00 0.102839015E+00 0.954394117E-01 0.881081522E-01 0.808443502E-01
 0.736491904E-01 0.665252358E-01 0.594759881E-01 0.525056534E-01 0.456190445E-01
 0.388215519E-01 0.321191661E-01 0.255185347E-01 0.190269966E-01 0.126526700E-01
 0.640448043E-02 0.292204932E-03-0.567351189E-02-0.112256315E-01-0.163563360E-01
-0.210503750E-01-0.252860021E-01-0.290359519E-01-0.322684608E-01-0.349483490E-01
-0.370381325E-01-0.384991653E-01-0.392927378E-01-0.393811427E-01-0.387286246E-01
-0.373021550E-01-0.350719914E-01-0.320119783E-01-0.280996468E-01-0.233164206E-01
-0.176485647E-01-0.110919895E-01-0.366231939E-02 0.471045403E-02 0.135823153E-01
 0.229464155E-01 0.327867642E-01 0.430692174E-01 0.537509136E-01 0.647826642E-01
 0.761089996E-01 0.876675695E-01 0.993885249E-01 0.111194372E+00 0.123000398E+00
 0.134715840E+00 0.146245807E+00 0.157493606E+00 0.168363273E+00 0.178761810E+00
 0.188600838E+00 0.197797850E+00 0.206277311E+00 0.213972077E+00 0.220825389E+00
 0.138062850E+00 0.135510787E+00 0.128988057E+00 0.121302284E+00 0.113747768E+00
 0.106273554E+00 0.988530144E-01 0.914755017E-01 0.841375664E-01 0.768391043E-01
 0.695816427E-01 0.623676442E-01 0.552002341E-01 0.480830818E-01 0.410204157E-01
 0.340170786E-01 0.270785969E-01 0.202112626E-01 0.134222414E-01 0.671963999E-02
 0.112594971E-03-0.638866052E-02-0.125288442E-01-0.183027498E-01-0.236968026E-01
-0.286898613E-01-0.332540832E-01-0.373558663E-01-0.409569107E-01-0.440153405E-01
-0.464869365E-01-0.483263955E-01-0.494886227E-01-0.499299765E-01-0.496094488E-01
-0.484896787E-01-0.465377867E-01-0.437259600E-01-0.400317796E-01-0.354382694E-01
-0.299336053E-01-0.235100240E-01-0.161602143E-01-0.786641426E-02 0.139409513E-02
 0.111672785E-01 0.214829799E-01 0.322740562E-01 0.434877761E-01 0.550752692E-01
 0.669868514E-01 0.791698173E-01 0.915673152E-01 0.104117744E+00 0.116754398E+00
 0.129405260E+00 0.141992748E+00 0.154433250E+00 0.166636333E+00 0.178503558E+00
 0.189927205E+00 0.200789601E+00 0.210964084E+00 0.220318973E+00 0.228725448E+00
 0.132336959E+00 0.129350007E+00 0.123094529E+00 0.115900852E+00 0.108643919E+00
 0.101345196E+00 0.940264836E-01 0.867003351E-01 0.793746486E-01 0.720547661E-01
 0.647446513E-01 0.574475676E-01 0.501665473E-01 0.429047346E-01 0.356656387E-01
 0.284533296E-01 0.212726295E-01 0.141292484E-01 0.702992734E-02-0.174363468E-04
-0.700366823E-02-0.136855086E-01-0.200611483E-01-0.261195283E-01-0.318409726E-01
-0.371978730E-01-0.421555080E-01-0.466729701E-01-0.507042520E-01-0.541994721E-01
-0.571062341E-01-0.593710653E-01-0.609409288E-01-0.617647320E-01-0.617947541E-01
-0.609879568E-01-0.593070649E-01-0.567213967E-01-0.532073677E-01-0.487486124E-01
-0.433357395E-01-0.369657017E-01-0.296409428E-01-0.213692486E-01-0.121678468E-01
-0.207332824E-02 0.897225924E-02 0.204722453E-01 0.324020348E-01 0.447297990E-01
 0.574195199E-01 0.704321414E-01 0.837258697E-01 0.972559825E-01 0.110974289E+00
 0.124828078E+00 0.138758361E+00 0.152697250E+00 0.166564077E+00 0.180260137E+00
 0.193662137E+00 0.206615418E+00 0.218929350E+00 0.230379581E+00 0.240722373E+00
 0.126310050E+00 0.122919656E+00 0.116908476E+00 0.110004082E+00 0.102940023E+00
 0.957688242E-01 0.885304660E-01 0.812479779E-01 0.739342719E-01 0.665966049E-01
 0.592391193E-01 0.518643521E-01 0.444741547E-01 0.370703228E-01 0.296549965E-01
 0.222309660E-01 0.148018980E-01 0.737252459E-02-0.511909420E-04-0.746189663E-02
-0.146284904E-01-0.215535406E-01-0.282296315E-01-0.346397683E-01-0.407578461E-01
-0.465492457E-01-0.519715920E-01-0.569756590E-01-0.615065396E-01-0.655049458E-01
-0.689087510E-01-0.716546699E-01-0.736800060E-01-0.749245062E-01-0.753320679E-01
-0.748524293E-01-0.734424964E-01-0.710674599E-01-0.677014664E-01-0.633277968E-01
-0.579386465E-01-0.515343025E-01-0.441218875E-01-0.357135832E-01-0.263241120E-01
-0.159657635E-01-0.463643158E-02 0.767267914E-02 0.204427727E-01 0.336480662E-01
 0.472620428E-01 0.612580962E-01 0.756098926E-01 0.902913511E-01 0.105276130E+00
 0.120536402E+00 0.136040553E+00 0.151749462E+00 0.167610496E+00 0.183548108E+00
 0.199449673E+00 0.215144843E+00 0.230378717E+00 0.244786590E+00 0.257899880E+00
 0.120746508E+00 0.117147952E+00 0.110984288E+00 0.103964105E+00 0.968688503E-01
 0.897089615E-01 0.824934542E-01 0.752290785E-01 0.679193959E-01 0.605654232E-01
 0.531665832E-01 0.457216166E-01 0.382292159E-01 0.306884944E-01 0.230993032E-01
 0.154624647E-01 0.777994189E-02 0.550101904E-04-0.770759908E-02-0.152888196E-01
-0.226966497E-01-0.299285799E-01-0.369717628E-01-0.438032076E-01-0.503901131E-01
-0.566903427E-01-0.626530945E-01-0.682198480E-01-0.733255446E-01-0.779000521E-01
-0.818698853E-01-0.851601586E-01-0.876966938E-01-0.894081891E-01-0.902284086E-01
-0.900981575E-01-0.889670700E-01-0.867949724E-01-0.835527852E-01-0.792228281E-01
-0.737985224E-01-0.672833994E-01-0.596894696E-01-0.510348491E-01-0.413406938E-01
-0.306273270E-01-0.189099051E-01-0.619580457E-02 0.751878601E-02 0.217068754E-01
 0.363491774E-01 0.514301695E-01 0.669388697E-01 0.828694776E-01 0.992214754E-01
 0.115999140E+00 0.133210406E+00 0.150864497E+00 0.168967396E+00 0.187513679E+00
 0.206471249E+00 0.225752607E+00 0.245158166E+00 0.264246136E+00 0.282035351E+00
 0.114867203E+00 0.111056484E+00 0.104603104E+00 0.974674150E-01 0.903180912E-01
 0.831459984E-01 0.759426579E-01 0.686984807E-01 0.614036545E-01 0.540488102E-01
 0.466254689E-01 0.391263478E-01 0.315454975E-01 0.238783769E-01 0.161218885E-01
 0.827438757E-02 0.335717807E-03-0.769272912E-02-0.156034064E-01-0.234106667E-01
-0.311181266E-01-0.387185924E-01-0.461939722E-01-0.535153113E-01-0.606428906E-01
-0.675266087E-01-0.741065741E-01-0.803139806E-01-0.860724375E-01-0.912995040E-01
-0.959086865E-01-0.998116881E-01-0.102920920E+00-0.105152108E+00-0.106426969E+00
-0.106675684E+00-0.105839126E+00-0.103870608E+00-0.100737073E+00-0.964195728E-01
-0.909129828E-01-0.842249095E-01-0.763738081E-01-0.673863664E-01-0.572941825E-01
-0.461299457E-01-0.339232795E-01-0.206965208E-01-0.646016514E-02 0.879221503E-02
 0.245299079E-01 0.407458954E-01 0.574423708E-01 0.746335015E-01 0.923460498E-01
 0.110620119E+00 0.129510537E+00 0.149088666E+00 0.169444531E+00 0.190688834E+00
 0.212954700E+00 0.236397967E+00 0.261192083E+00 0.287476540E+00 0.313924730E+00
 0.108098440E+00 0.104026087E+00 0.975053534E-01 0.902942196E-01 0.831336230E-01
 0.759977996E-01 0.688567609E-01 0.616816990E-01 0.544472672E-01 0.471322909E-01
 0.397196226E-01 0.321956575E-01 0.245497972E-01 0.167739671E-01 0.886222813E-02
 0.810514612E-03-0.738353236E-02-0.155227734E-01-0.236284547E-01-0.317112170E-01
-0.397708006E-01-0.477957092E-01-0.557628833E-01-0.636374652E-01-0.713727474E-01
-0.789103284E-01-0.861806348E-01-0.931037888E-01-0.995909423E-01-0.105545983E+00
-0.110867828E+00-0.115452990E+00-0.119198568E+00-0.122005381E+00-0.123781219E+00
-0.124443918E+00-0.123924121E+00-0.122167550E+00-0.119136527E+00-0.114810690E+00
-0.109186798E+00-0.102277555E+00-0.941094533E-01-0.847198442E-01-0.741532296E-01
-0.624569394E-01-0.496765412E-01-0.358509123E-01-0.210071933E-01-0.515558384E-02
 0.117162541E-01 0.290732291E-01 0.469213277E-01 0.652931333E-01 0.842404142E-01
 0.103834808E+00 0.124172017E+00 0.145378515E+00 0.167621136E+00 0.191120744E+00
 0.216172963E+00 0.243181780E+00 0.272721708E+00 0.305672199E+00 0.340339571E+00
 0.100371063E+00 0.960111618E-01 0.893841907E-01 0.821929350E-01 0.751493201E-01
 0.681822598E-01 0.612245202E-01 0.542217419E-01 0.471323282E-01 0.399251021E-01
 0.325767510E-01 0.250697937E-01 0.173910186E-01 0.953039713E-02 0.148028845E-02
-0.676507270E-02-0.150169441E-01-0.233032573E-01-0.316419154E-01-0.400403328E-01
-0.484948456E-01-0.569900796E-01-0.654983297E-01-0.739790648E-01-0.823786110E-01
-0.906301513E-01-0.986540765E-01-0.106358796E+00-0.113642111E+00-0.120393120E+00
-0.126494750E+00-0.131826699E+00-0.136269033E+00-0.139705852E+00-0.142029256E+00
-0.143143088E+00-0.142966390E+00-0.141436249E+00-0.138509780E+00-0.134165138E+00
-0.128401414E+00-0.121237367E+00-0.112709053E+00-0.102866329E+00-0.917686746E-01
-0.794801861E-01-0.660642534E-01-0.515779555E-01-0.360665880E-01-0.195587929E-01
-0.206353795E-02 0.164278504E-01 0.353280865E-01 0.547156297E-01 0.746661425E-01
 0.952692851E-01 0.116639920E+00 0.138928860E+00 0.162335813E+00 0.187127113E+00
 0.213660121E+00 0.242415562E+00 0.274034381E+00 0.309340447E+00 0.347439617E+00
 0.911951885E-01 0.864810720E-01 0.797042251E-01 0.728264749E-01 0.662158132E-01
 0.596842207E-01 0.531156249E-01 0.464386120E-01 0.396075211E-01 0.325917155E-01
 0.253697149E-01 0.179259237E-01 0.102486629E-01 0.232884521E-02-0.584091479E-02
-0.140769202E-01-0.224124212E-01-0.308718216E-01-0.394700468E-01-0.482117385E-01
-0.570903197E-01-0.660870224E-01-0.751699582E-01-0.842932835E-01-0.933966413E-01
-0.102404892E+00-0.111228302E+00-0.119763277E+00-0.127893746E+00-0.135493219E+00
-0.142427579E+00-0.148558527E+00-0.153747648E+00-0.157860830E+00-0.160772964E+00
-0.162372515E+00-0.162565708E+00-0.161280051E+00-0.158466950E+00-0.154102951E+00
-0.148189932E+00-0.140753597E+00-0.131840840E+00-0.121515796E+00-0.109854914E+00
-0.969411582E-01-0.828576609E-01-0.676807836E-01-0.514725521E-01-0.342717096E-01
-0.160815958E-01 0.314979092E-02 0.228377227E-01 0.429909304E-01 0.636502355E-01
 0.848850980E-01 0.106794208E+00 0.129510000E+00 0.153207138E+00 0.178115875E+00
 0.204542428E+00 0.232900620E+00 0.263761997E+00 0.297929525E+00 0.334800571E+00
 0.786264315E-01 0.730109438E-01 0.674411803E-01 0.619790368E-01 0.564561971E-01
 0.507459827E-01 0.448026620E-01 0.386026651E-01 0.321308449E-01 0.253760740E-01
 0.183295794E-01 0.109843072E-01 0.333469408E-02-0.462426292E-02-0.127087552E-01
-0.209544860E-01-0.293903332E-01-0.380374752E-01-0.469083153E-01-0.560052544E-01
-0.653193891E-01-0.748291761E-01-0.844991282E-01-0.942786857E-01-0.104101308E+00
-0.113883942E+00-0.123527020E+00-0.132915080E+00-0.141918108E+00-0.150393769E+00
-0.158190459E+00-0.165151164E+00-0.171118155E+00-0.175938144E+00-0.179467812E+00
-0.181579188E+00-0.182164773E+00-0.181141853E+00-0.178455591E+00-0.174080923E+00
-0.168022662E+00-0.160314158E+00-0.151014239E+00-0.140202790E+00-0.127975196E+00
-0.114435904E+00-0.996915400E-01-0.838437155E-01-0.669820383E-01-0.491774343E-01
-0.304765627E-01-0.108988807E-01 0.955885276E-02 0.303480681E-01 0.514887236E-01
 0.730297267E-01 0.950398445E-01 0.117606193E+00 0.140835658E+00 0.164857566E+00
 0.189827666E+00 0.215934575E+00 0.243417010E+00 0.272639841E+00 0.303588271E+00
 0.649831891E-01 0.580955520E-01 0.544507802E-01 0.510619693E-01 0.468697138E-01
 0.420933776E-01 0.368376002E-01 0.311537962E-01 0.250681918E-01 0.185938478E-01
 0.117364870E-01 0.449833088E-02-0.311681209E-02-0.109175351E-01-0.189375114E-01
-0.272068735E-01-0.357507765E-01-0.445878841E-01-0.537288040E-01-0.631744340E-01
-0.729142800E-01-0.829247758E-01-0.931676179E-01-0.103588276E+00-0.114114784E+00
-0.124656960E+00-0.135106102E+00-0.145335495E+00-0.155201778E+00-0.164547160E+00
-0.173202813E+00-0.180993155E+00-0.187741086E+00-0.193273962E+00-0.197429880E+00
-0.200064093E+00-0.201054975E+00-0.200309142E+00-0.197765276E+00-0.193396449E+00
-0.187210485E+00-0.179248512E+00-0.169581711E+00-0.158306316E+00-0.145537481E+00
-0.131402180E+00-0.116031781E+00-0.995543897E-01-0.820878446E-01-0.637333170E-01
-0.445702262E-01-0.246530250E-01-0.401071971E-02 0.173499174E-01 0.388065018E-01
 0.604205951E-01 0.822370574E-01 0.104293488E+00 0.126620233E+00 0.149234101E+00
 0.172123849E+00 0.195220932E+00 0.218337193E+00 0.241028294E+00 0.262367010E+00
 0.555730872E-01 0.482436083E-01 0.450582653E-01 0.422835127E-01 0.387611315E-01
 0.345892794E-01 0.298420507E-01 0.245714746E-01 0.188112520E-01 0.125810131E-01
 0.588849559E-02-0.127218547E-02-0.868002139E-02-0.163585618E-01-0.243352596E-01
-0.326368548E-01-0.412865616E-01-0.503019243E-01-0.596928596E-01-0.694596991E-01
-0.795912221E-01-0.900626704E-01-0.100833774E+00-0.111846983E+00-0.123025931E+00
-0.134274319E+00-0.145475522E+00-0.156492770E+00-0.167170539E+00-0.177336857E+00
-0.186806813E+00-0.195387363E+00-0.202883035E+00-0.209102586E+00-0.213866219E+00
-0.217012838E+00-0.218406916E+00-0.217944488E+00-0.215557635E+00-0.211217329E+00
-0.204934046E+00-0.196756244E+00-0.186766893E+00-0.175077975E+00-0.161823764E+00
-0.147153005E+00-0.131220713E+00-0.114179954E+00-0.961740837E-01-0.773294494E-01
-0.577486232E-01-0.375033543E-01-0.166253131E-01 0.491046067E-02 0.264583919E-01
 0.479811430E-01 0.694646314E-01 0.908944905E-01 0.112242833E+00 0.133456111E+00
 0.154439613E+00 0.175036073E+00 0.194998235E+00 0.213964194E+00 0.231461346E+00
 0.494183302E-01 0.418939665E-01 0.384317599E-01 0.357989259E-01 0.325323753E-01
 0.286559425E-01 0.242018458E-01 0.191989802E-01 0.136702992E-01 0.763326138E-02
 0.110304391E-02-0.589948939E-02-0.131781539E-01-0.207753908E-01-0.287258998E-01
-0.370592214E-01-0.457997620E-01-0.549657345E-01-0.645675138E-01-0.746057704E-01
-0.850693285E-01-0.959330276E-01-0.107155509E+00-0.118677177E+00-0.130418420E+00
-0.142278224E+00-0.154133528E+00-0.165839314E+00-0.177229837E+00-0.188120976E+00
-0.198313981E+00-0.207600459E+00-0.215768710E+00-0.222610921E+00-0.227931127E+00
-0.231553331E+00-0.233329192E+00-0.233144775E+00-0.230925798E+00-0.226640821E+00
-0.220302179E+00-0.211964577E+00-0.201721162E+00-0.189697862E+00-0.176045895E+00
-0.160933465E+00-0.144536838E+00-0.127031654E+00-0.108584829E+00-0.893472582E-01
-0.694479868E-01-0.489899553E-01-0.280484557E-01-0.667538168E-02 0.150821842E-01
 0.365468822E-01 0.577287488E-01 0.786065608E-01 0.991344675E-01 0.119239785E+00
 0.138817191E+00 0.157721981E+00 0.175765723E+00 0.192718595E+00 0.208323881E+00
 0.450222939E-01 0.373533778E-01 0.338962600E-01 0.312913992E-01 0.281090066E-01
 0.243575387E-01 0.200492330E-01 0.151954498E-01 0.980401970E-02 0.387725560E-02
-0.259092241E-02-0.938929338E-02-0.165339485E-01-0.240510721E-01-0.319694243E-01
-0.403166302E-01-0.491168126E-01-0.583885461E-01-0.681428388E-01-0.783809870E-01
-0.890923291E-01-0.100251861E+00-0.111817889E+00-0.123729736E+00-0.135905772E+00
-0.148241818E+00-0.160610273E+00-0.172860131E+00-0.184817985E+00-0.196290493E+00
-0.207068160E+00-0.216930583E+00-0.225653097E+00-0.233014494E+00-0.238805652E+00
-0.242838144E+00-0.244952798E+00-0.245027050E+00-0.242980704E+00-0.238779694E+00
-0.232437149E+00-0.224012092E+00-0.213605389E+00-0.201353714E+00-0.187421694E+00
-0.171993017E+00-0.155261040E+00-0.137419701E+00-0.118654817E+00-0.991367549E-01
-0.790139586E-01-0.584077276E-01-0.374072716E-01-0.160632655E-01 0.562564842E-02
 0.269702654E-01 0.478981212E-01 0.683562607E-01 0.882878974E-01 0.107621886E+00
 0.126267672E+00 0.144113511E+00 0.161027908E+00 0.176864997E+00 0.191474542E+00
 0.423156247E-01 0.345677994E-01 0.311824679E-01 0.285468232E-01 0.253598075E-01
 0.216396451E-01 0.173930414E-01 0.126214828E-01 0.732322037E-02 0.149431650E-02
-0.487071741E-02-0.115624582E-01-0.186164938E-01-0.260664392E-01-0.339441858E-01
-0.422789827E-01-0.510960557E-01-0.604149289E-01-0.702475011E-01-0.805959329E-01
-0.914502740E-01-0.102786094E+00-0.114561930E+00-0.126716927E+00-0.139168680E+00
-0.151811525E+00-0.164515451E+00-0.177126020E+00-0.189465344E+00-0.201334402E+00
-0.212516889E+00-0.222784624E+00-0.231904328E+00-0.239645734E+00-0.245790452E+00
-0.250141263E+00-0.252530932E+00-0.252830207E+00-0.250953913E+00-0.246865094E+00
-0.240576416E+00-0.232148752E+00-0.221687317E+00-0.209335297E+00-0.195265859E+00
-0.179672852E+00-0.162761196E+00-0.144737333E+00-0.125800610E+00-0.106135674E+00
-0.859065205E-01-0.652522147E-01-0.442847125E-01-0.230896883E-01-0.173290458E-02
 0.197198857E-01 0.405505896E-01 0.607579499E-01 0.803117976E-01 0.991608202E-01
 0.117236435E+00 0.134455919E+00 0.150726259E+00 0.165949389E+00 0.180029079E+00
 0.416216031E-01 0.339394584E-01 0.302394088E-01 0.274314806E-01 0.241445545E-01
 0.203946102E-01 0.161685608E-01 0.114495941E-01 0.622320175E-02 0.477346242E-03
-0.579799851E-02-0.124027431E-01-0.193760376E-01-0.267543420E-01-0.345714279E-01
-0.428577885E-01-0.516395494E-01-0.609369874E-01-0.707627162E-01-0.811196044E-01
-0.919984430E-01-0.103375517E+00-0.115210071E+00-0.127441838E+00-0.139988840E+00
-0.152745605E+00-0.165581971E+00-0.178342938E+00-0.190849513E+00-0.202900991E+00
-0.214278832E+00-0.224751875E+00-0.234083340E+00-0.242038950E+00-0.248395905E+00
-0.252952397E+00-0.255536646E+00-0.256015122E+00-0.254298985E+00-0.250348270E+00
-0.244173706E+00-0.235835284E+00-0.225438550E+00-0.213128254E+00-0.199080274E+00
-0.183492273E+00-0.166573942E+00-0.148537397E+00-0.129588291E+00-0.109918334E+00
-0.896989778E-01-0.690769628E-01-0.481711291E-01-0.270703547E-01-0.583135709E-02
 0.155262975E-01 0.362282842E-01 0.562564433E-01 0.755791441E-01 0.941509381E-01
 0.111914113E+00 0.128801301E+00 0.144739062E+00 0.159652308E+00 0.173469454E+00
 0.425535217E-01 0.352322794E-01 0.308331493E-01 0.275783036E-01 0.241962653E-01
 0.204530731E-01 0.162745938E-01 0.116233267E-01 0.647542346E-02 0.813180464E-03
-0.537796132E-02-0.118987951E-01-0.187878553E-01-0.260806885E-01-0.338104740E-01
-0.420074016E-01-0.506974794E-01-0.599010214E-01-0.696308166E-01-0.798900723E-01
-0.906701237E-01-0.101948015E+00-0.113683999E+00-0.125819087E+00-0.138272896E+00
-0.150941744E+00-0.163697600E+00-0.176387742E+00-0.188835606E+00-0.200842991E+00
-0.212193698E+00-0.222658843E+00-0.232003465E+00-0.239994660E+00-0.246410415E+00
-0.251048982E+00-0.253737837E+00-0.254341960E+00-0.252770215E+00-0.248979852E+00
-0.242978081E+00-0.234821260E+00-0.224611059E+00-0.212488502E+00-0.198625982E+00
-0.183218136E+00-0.166472211E+00-0.148598492E+00-0.129801542E+00-0.110272579E+00
-0.901832879E-01-0.696812123E-01-0.488865972E-01-0.278903414E-01-0.675186003E-02
 0.145058837E-01 0.351068527E-01 0.550317466E-01 0.742483288E-01 0.927113965E-01
 0.110364489E+00 0.127142668E+00 0.142976016E+00 0.157793909E+00 0.171529651E+00
 0.421067216E-01 0.344706401E-01 0.310015660E-01 0.283925515E-01 0.252856873E-01
 0.217092894E-01 0.176572613E-01 0.131159937E-01 0.807131641E-02 0.250836322E-02
-0.359146344E-02-0.100335311E-01-0.168384314E-01-0.240349565E-01-0.316534638E-01
-0.397227257E-01-0.482678898E-01-0.573087037E-01-0.668576434E-01-0.769178793E-01
-0.874810740E-01-0.985250250E-01-0.110011287E+00-0.121882796E+00-0.134061784E+00
-0.146447971E+00-0.158917561E+00-0.171322823E+00-0.183493018E+00-0.195236340E+00
-0.206343547E+00-0.216592863E+00-0.225756407E+00-0.233607873E+00-0.239931062E+00
-0.244528830E+00-0.247231752E+00-0.247906044E+00-0.246459916E+00-0.242847860E+00
-0.237072483E+00-0.229183748E+00-0.219275534E+00-0.207480028E+00-0.193960190E+00
-0.178900987E+00-0.162500098E+00-0.144958690E+00-0.126472816E+00-0.107225820E+00
-0.873822868E-01-0.670835748E-01-0.464455485E-01-0.255595054E-01-0.449912250E-02
 0.166588631E-01 0.371907949E-01 0.570907146E-01 0.763256177E-01 0.948440805E-01
 0.112580895E+00 0.129460678E+00 0.145401821E+00 0.160321176E+00 0.174139440E+00
 0.437847190E-01 0.362157896E-01 0.329015814E-01 0.305516236E-01 0.276749022E-01
 0.242789704E-01 0.203714576E-01 0.159553681E-01 0.110310074E-01 0.559792994E-02
-0.342078885E-03-0.677808141E-02-0.135266716E-01-0.206303820E-01-0.281238277E-01
-0.360365808E-01-0.443934239E-01-0.532134511E-01-0.625085831E-01-0.722817257E-01
-0.825247690E-01-0.932163373E-01-0.104319587E+00-0.115780018E+00-0.127523452E+00
-0.139454484E+00-0.151455417E+00-0.163386002E+00-0.175084263E+00-0.186368346E+00
-0.197039858E+00-0.206888527E+00-0.215698078E+00-0.223253444E+00-0.229348689E+00
-0.233795285E+00-0.236430302E+00-0.237123773E+00-0.235784650E+00-0.232365027E+00
-0.226861909E+00-0.219316632E+00-0.209811985E+00-0.198466882E+00-0.185429603E+00
-0.170869574E+00-0.154968634E+00-0.137912259E+00-0.119881205E+00-0.101043917E+00
-0.815499499E-01-0.615241565E-01-0.410610661E-01-0.202180315E-01 0.996359042E-03
 0.218715705E-01 0.423203483E-01 0.622777008E-01 0.816786662E-01 0.100448921E+00
 0.118501328E+00 0.135735899E+00 0.152042463E+00 0.167305693E+00 0.181412563E+00
 0.468378440E-01 0.393913276E-01 0.365107246E-01 0.343233086E-01 0.315818824E-01
 0.283008441E-01 0.244914908E-01 0.201645643E-01 0.153280431E-01 0.998583809E-02
 0.413619913E-02-0.223224238E-02-0.890955329E-02-0.159160122E-01-0.232762210E-01
-0.310149137E-01-0.391542837E-01-0.477118641E-01-0.566986091E-01-0.661170408E-01
-0.759592652E-01-0.862049460E-01-0.968192592E-01-0.107750870E+00-0.118930183E+00
-0.130267873E+00-0.141654029E+00-0.152957916E+00-0.164028749E+00-0.174697429E+00
-0.184779644E+00-0.194079995E+00-0.202397451E+00-0.209531814E+00-0.215290904E+00
-0.219498038E+00-0.221999496E+00-0.222671151E+00-0.221424028E+00-0.218208149E+00
-0.213014275E+00-0.205873623E+00-0.196855217E+00-0.186061442E+00-0.173621744E+00
-0.159685418E+00-0.144413441E+00-0.127970487E+00-0.110517070E+00-0.922024027E-01
-0.731583089E-01-0.534940548E-01-0.332921632E-01-0.126046529E-01 0.855193939E-02
 0.294262469E-01 0.499926358E-01 0.702067316E-01 0.900052264E-01 0.109303392E+00
 0.127992526E+00 0.145938799E+00 0.162985116E+00 0.178957269E+00 0.193675667E+00
 0.520778112E-01 0.448760651E-01 0.418941602E-01 0.397931822E-01 0.371037647E-01
 0.338490978E-01 0.300575811E-01 0.257539321E-01 0.209569596E-01 0.156794637E-01
 0.992914848E-02 0.371043128E-02-0.297145965E-02-0.992332026E-02-0.171714425E-01
-0.247412007E-01-0.326550566E-01-0.409302562E-01-0.495774038E-01-0.585989840E-01
-0.679876953E-01-0.777246580E-01-0.877775848E-01-0.980990380E-01-0.108624846E+00
-0.119272895E+00-0.129942343E+00-0.140513524E+00-0.150848657E+00-0.160793483E+00
-0.170179918E+00-0.178829879E+00-0.186560050E+00-0.193187565E+00-0.198536396E+00
-0.202443913E+00-0.204767480E+00-0.205390334E+00-0.204226553E+00-0.201224431E+00
-0.196368322E+00-0.189678326E+00-0.181208238E+00-0.171041593E+00-0.159286305E+00
-0.146068171E+00-0.131523669E+00-0.115792587E+00-0.990108773E-01-0.813040510E-01
-0.627815798E-01-0.435327590E-01-0.236253049E-01-0.310962973E-02 0.179627296E-01
 0.389015451E-01 0.597160459E-01 0.803828090E-01 0.100848965E+00 0.121028848E+00
 0.140797198E+00 0.159981355E+00 0.178356051E+00 0.195646137E+00 0.211543798E+00
 0.590188205E-01 0.521194562E-01 0.492548160E-01 0.471264608E-01 0.443311073E-01
 0.409498401E-01 0.370465517E-01 0.326641649E-01 0.278300643E-01 0.225611627E-01
 0.168674197E-01 0.107542239E-01 0.422384636E-02-0.272453064E-02-0.989458244E-02
-0.173160508E-01-0.250158440E-01-0.330113284E-01-0.413127951E-01-0.499229953E-01
-0.588357002E-01-0.680340677E-01-0.774890259E-01-0.871577486E-01-0.969823226E-01
-0.106888704E+00-0.116786145E+00-0.126567110E+00-0.136107996E+00-0.145270526E+00
-0.153904215E+00-0.161849603E+00-0.168942407E+00-0.175018430E+00-0.179919079E+00
-0.183496967E+00-0.185621619E+00-0.186184540E+00-0.185103506E+00-0.182325616E+00
-0.177828848E+00-0.171622008E+00-0.163742974E+00-0.154255509E+00-0.143244505E+00
-0.130810410E+00-0.117062800E+00-0.102113768E+00-0.860711038E-01-0.690317526E-01
-0.510752201E-01-0.322563425E-01-0.125954803E-01 0.793892890E-02 0.287009757E-01
 0.496509373E-01 0.707742423E-01 0.920555964E-01 0.113463402E+00 0.134935126E+00
 0.156358704E+00 0.177546829E+00 0.198204115E+00 0.217897415E+00 0.236060470E+00
 0.683126748E-01 0.618887320E-01 0.591506027E-01 0.565618612E-01 0.532862768E-01
 0.495140702E-01 0.453196391E-01 0.407366678E-01 0.357816964E-01 0.304629896E-01
 0.247843917E-01 0.187470596E-01 0.123501476E-01 0.559057202E-02-0.153838738E-02
-0.883588381E-02-0.163538232E-01-0.240969975E-01-0.320727639E-01-0.402847156E-01
-0.487286523E-01-0.573906749E-01-0.662457496E-01-0.752564594E-01-0.843718722E-01
-0.935267657E-01-0.102641113E+00-0.111620121E+00-0.120354898E+00-0.128723696E+00
-0.136594027E+00-0.143825397E+00-0.150272906E+00-0.155791372E+00-0.160239890E+00
-0.163486689E+00-0.165413782E+00-0.165921345E+00-0.164931327E+00-0.162390053E+00
-0.158269599E+00-0.152567893E+00-0.145307228E+00-0.136531651E+00-0.126302928E+00
-0.114695765E+00-0.101792127E+00-0.876754001E-01-0.724243373E-01-0.561074391E-01
-0.387779847E-01-0.204704925E-01-0.119943509E-02 0.190387443E-01 0.396257825E-01
 0.606298782E-01 0.821037591E-01 0.104093455E+00 0.126637131E+00 0.149756908E+00
 0.173441261E+00 0.197609723E+00 0.222038314E+00 0.246195778E+00 0.268972367E+00
 0.817878544E-01 0.766346455E-01 0.720210820E-01 0.677675232E-01 0.635320395E-01
 0.591422021E-01 0.545347109E-01 0.496787429E-01 0.445564799E-01 0.391565263E-01
 0.334712006E-01 0.274953153E-01 0.212257840E-01 0.146620302E-01 0.780773489E-02
 0.675636402E-03-0.676159933E-02-0.143158585E-01-0.220111869E-01-0.298628360E-01
-0.378717482E-01-0.460282117E-01-0.543121435E-01-0.626923069E-01-0.711254403E-01
-0.795556381E-01-0.879139677E-01-0.961186141E-01-0.104075409E+00-0.111679003E+00
-0.118814625E+00-0.125360399E+00-0.131190330E+00-0.136177734E+00-0.140199006E+00
-0.143137589E+00-0.144887835E+00-0.145358622E+00-0.144476339E+00-0.142187074E+00
-0.138457790E+00-0.133276477E+00-0.126650929E+00-0.118606620E+00-0.109183252E+00
-0.984305739E-01-0.864033625E-01-0.731559545E-01-0.587363727E-01-0.431804918E-01
-0.265067052E-01-0.871265493E-02 0.102214627E-01 0.297591574E-01 0.499338545E-01
 0.708102733E-01 0.924756974E-01 0.115038835E+00 0.138631612E+00 0.163412452E+00
 0.189570904E+00 0.217335507E+00 0.246994138E+00 0.278985083E+00 0.313291341E+00
 0.932500660E-01 0.887733549E-01 0.838077739E-01 0.788400769E-01 0.739925429E-01
 0.691410676E-01 0.642001182E-01 0.591146387E-01 0.538491346E-01 0.483803302E-01
 0.426927134E-01 0.367759280E-01 0.306232274E-01 0.242304653E-01 0.175951608E-01
 0.107147163E-01 0.358148851E-02-0.381427910E-02-0.112617435E-01-0.188047476E-01
-0.264334884E-01-0.341386050E-01-0.419050828E-01-0.497085899E-01-0.575141683E-01
-0.652755946E-01-0.729351789E-01-0.804239139E-01-0.876620263E-01-0.945599526E-01
-0.101019837E+00-0.106937490E+00-0.112204820E+00-0.116712593E+00-0.120353542E+00
-0.123025551E+00-0.124634817E+00-0.125098705E+00-0.124348253E+00-0.122329898E+00
-0.119006567E+00-0.114357695E+00-0.108378395E+00-0.101077557E+00-0.924750417E-01
-0.825979933E-01-0.714762956E-01-0.591372773E-01-0.455994196E-01-0.308645442E-01
-0.149066607E-01 0.234741182E-02 0.203298479E-01 0.390673839E-01 0.586213581E-01
 0.790850371E-01 0.100585118E+00 0.123287432E+00 0.147407234E+00 0.173225313E+00
 0.201112628E+00 0.231568396E+00 0.265280396E+00 0.303213328E+00 0.344649822E+00
 0.102958038E+00 0.989043042E-01 0.940659717E-01 0.890480876E-01 0.840515867E-01
 0.790279806E-01 0.739329755E-01 0.687303692E-01 0.633926243E-01 0.578995198E-01
 0.522365607E-01 0.463935658E-01 0.403636061E-01 0.341422819E-01 0.277271662E-01
 0.211175419E-01 0.143147316E-01 0.732468767E-02 0.163611840E-03-0.719324220E-02
-0.145304156E-01-0.218590535E-01-0.291805584E-01-0.364806019E-01-0.437336341E-01
-0.509033613E-01-0.579431951E-01-0.647965744E-01-0.713974014E-01-0.776709840E-01
-0.835352391E-01-0.889023617E-01-0.936807841E-01-0.977774188E-01-0.101100102E+00
-0.103560165E+00-0.105074912E+00-0.105569951E+00-0.104981117E+00-0.103255957E+00
-0.100354530E+00-0.962495133E-01-0.909255221E-01-0.843775868E-01-0.766088963E-01
-0.676276833E-01-0.574435331E-01-0.460630283E-01-0.334852785E-01-0.196982231E-01
-0.467859348E-02 0.115962671E-01 0.285585858E-01 0.463076457E-01 0.649440214E-01
 0.845863894E-01 0.105383255E+00 0.127524808E+00 0.151258036E+00 0.176907763E+00
 0.204906195E+00 0.235832468E+00 0.270458221E+00 0.309776515E+00 0.352727830E+00
 0.111793712E+00 0.108105086E+00 0.103549048E+00 0.986664593E-01 0.937187523E-01
 0.886935890E-01 0.835762024E-01 0.783525556E-01 0.730104521E-01 0.675398186E-01
 0.619326942E-01 0.561830364E-01 0.502865613E-01 0.442405380E-01 0.380436815E-01
 0.316960476E-01 0.251989271E-01 0.185545795E-01 0.117647899E-01 0.482584070E-02
-0.226869760E-02-0.927360728E-02-0.162269473E-01-0.231072530E-01-0.298961047E-01
-0.365651958E-01-0.430784635E-01-0.493913330E-01-0.554504320E-01-0.611946918E-01
-0.665564612E-01-0.714628473E-01-0.758372918E-01-0.796013847E-01-0.826767832E-01
-0.849871784E-01-0.864602849E-01-0.870296285E-01-0.866361186E-01-0.852291435E-01
-0.827672407E-01-0.792182013E-01-0.745584965E-01-0.687721670E-01-0.618489683E-01
-0.537818596E-01-0.445636511E-01-0.341825895E-01-0.226161461E-01-0.982124452E-02
 0.428359536E-02 0.191376917E-01 0.347553752E-01 0.511922687E-01 0.685296357E-01
 0.868720263E-01 0.106350742E+00 0.127130941E+00 0.149422407E+00 0.173495561E+00
 0.199706078E+00 0.228535563E+00 0.260668784E+00 0.297163367E+00 0.336021602E+00
 0.120337851E+00 0.117012084E+00 0.112708211E+00 0.108003698E+00 0.103164025E+00
 0.981976241E-01 0.931122452E-01 0.879131928E-01 0.826032311E-01 0.771831423E-01
 0.716524795E-01 0.660103038E-01 0.602557138E-01 0.543882586E-01 0.484082364E-01
 0.423168950E-01 0.361165926E-01 0.298109185E-01 0.234048963E-01 0.169056077E-01
 0.103250248E-01 0.368573354E-02-0.303956866E-02-0.959887635E-02-0.160269476E-01
-0.222959667E-01-0.283837207E-01-0.342595913E-01-0.398808271E-01-0.451984107E-01
-0.501577854E-01-0.546993501E-01-0.587600507E-01-0.622748211E-01-0.651779026E-01
-0.674043447E-01-0.688915625E-01-0.695808381E-01-0.694184452E-01-0.683565065E-01
-0.663534179E-01-0.633739233E-01-0.593886636E-01-0.543734245E-01-0.483078696E-01
-0.411739126E-01-0.329538137E-01-0.236280747E-01-0.131735634E-01-0.156309549E-02
 0.112304026E-01 0.246403981E-01 0.387456156E-01 0.536152087E-01 0.693209246E-01
 0.859426633E-01 0.103571795E+00 0.122313641E+00 0.142289728E+00 0.163639531E+00
 0.186521083E+00 0.211108491E+00 0.237578571E+00 0.266023189E+00 0.294804990E+00
 0.128897637E+00 0.125947654E+00 0.121888749E+00 0.117333680E+00 0.112567805E+00
 0.107632510E+00 0.102562472E+00 0.973815322E-01 0.921044275E-01 0.867395774E-01
 0.812914371E-01 0.757622272E-01 0.701530948E-01 0.644649491E-01 0.586990416E-01
 0.528573655E-01 0.469429716E-01 0.409602672E-01 0.349153206E-01 0.288162511E-01
 0.226736553E-01 0.165004674E-01 0.103094811E-01 0.412422977E-02-0.208438328E-02
-0.804648176E-02-0.138045214E-01-0.193558298E-01-0.246487856E-01-0.296458304E-01
-0.343061909E-01-0.385809802E-01-0.424192548E-01-0.457685664E-01-0.485749096E-01
-0.507835373E-01-0.523408800E-01-0.531959049E-01-0.533008613E-01-0.526117012E-01
-0.510882027E-01-0.486938134E-01-0.453952923E-01-0.411620326E-01-0.359652489E-01
-0.297769662E-01-0.225689337E-01-0.143113434E-01-0.497105578E-02 0.549084973E-02
 0.165687818E-01 0.282780230E-01 0.406509005E-01 0.537267923E-01 0.675483942E-01
 0.821595788E-01 0.976030305E-01 0.113916539E+00 0.131126851E+00 0.149238914E+00
 0.168216929E+00 0.187949240E+00 0.208181038E+00 0.228368998E+00 0.247373432E+00
 0.137880385E+00 0.135366991E+00 0.131513327E+00 0.126936480E+00 0.122071840E+00
 0.117042348E+00 0.111908987E+00 0.106701531E+00 0.101434812E+00 0.961160511E-01
 0.907485187E-01 0.853334591E-01 0.798713341E-01 0.743625462E-01 0.688079521E-01
 0.632092878E-01 0.575693920E-01 0.518925302E-01 0.461845957E-01 0.404533520E-01
 0.347086564E-01 0.289626475E-01 0.232299548E-01 0.175287798E-01 0.118802954E-01
 0.632405281E-02 0.858357002E-03-0.455432385E-02-0.963055063E-02-0.144076757E-01
-0.188780278E-01-0.229841918E-01-0.266882330E-01-0.299535263E-01-0.327382647E-01
-0.349944569E-01-0.366762318E-01-0.377407447E-01-0.381476656E-01-0.378586240E-01
-0.368367732E-01-0.350463353E-01-0.324520320E-01-0.290183388E-01-0.247087106E-01
-0.194849707E-01-0.133072464E-01-0.613444019E-02 0.207696087E-02 0.108387852E-01
 0.201678369E-01 0.300828367E-01 0.406054966E-01 0.517585613E-01 0.635629594E-01
 0.760342255E-01 0.891779736E-01 0.102983706E+00 0.117416240E+00 0.132403702E+00
 0.147820309E+00 0.163462922E+00 0.179021522E+00 0.194053829E+00 0.207995802E+00
 0.148513243E+00 0.147036940E+00 0.142375290E+00 0.136912912E+00 0.131583527E+00
 0.126289845E+00 0.121012010E+00 0.115741007E+00 0.110470772E+00 0.105196357E+00
 0.999135375E-01 0.946187899E-01 0.893093646E-01 0.839834958E-01 0.786404759E-01
 0.732808411E-01 0.679064915E-01 0.625208020E-01 0.571287833E-01 0.517371930E-01
 0.463546738E-01 0.409918912E-01 0.356616825E-01 0.303792115E-01 0.251619518E-01
 0.200296119E-01 0.149996653E-01 0.100928592E-01 0.535029033E-02 0.770213490E-03
-0.368889817E-02-0.771680661E-02-0.113559496E-01-0.146109033E-01-0.174578670E-01
-0.198287815E-01-0.216849726E-01-0.229962710E-01-0.237340536E-01-0.238691084E-01
-0.233709738E-01-0.222074445E-01-0.203437991E-01-0.177415200E-01-0.143565983E-01
-0.101379622E-01-0.502823852E-02 0.102632772E-02 0.755443564E-02 0.145755382E-01
 0.221080780E-01 0.301703513E-01 0.387802869E-01 0.479538329E-01 0.577021688E-01
 0.680278018E-01 0.789196417E-01 0.903470218E-01 0.102252580E+00 0.114544228E+00
 0.127086639E+00 0.139693618E+00 0.152124166E+00 0.164087430E+00 0.175261989E+00
 0.157677874E+00 0.156845465E+00 0.152086079E+00 0.146150365E+00 0.140477702E+00
 0.134979248E+00 0.129597247E+00 0.124295659E+00 0.119050965E+00 0.113846846E+00
 0.108671509E+00 0.103516243E+00 0.983747318E-01 0.932426006E-01 0.881172195E-01
 0.829976127E-01 0.778843760E-01 0.727796778E-01 0.676872954E-01 0.626126230E-01
 0.575627461E-01 0.525464602E-01 0.475743450E-01 0.426587500E-01 0.378137715E-01
 0.330551192E-01 0.283998754E-01 0.238672439E-01 0.194791555E-01 0.152561590E-01
 0.112242345E-01 0.743544009E-02 0.390290143E-02 0.613904267E-03-0.248212903E-02
-0.503762206E-02-0.709825056E-02-0.867355336E-02-0.975608267E-02-0.103297522E-01
-0.103733968E-01-0.986193400E-02-0.876592658E-02-0.704947626E-02-0.466540642E-02
-0.154498243E-02 0.242473860E-02 0.679538073E-02 0.115883974E-01 0.168204159E-01
 0.225082655E-01 0.286704283E-01 0.353265330E-01 0.424953997E-01 0.501918234E-01
 0.584222302E-01 0.671794564E-01 0.764369816E-01 0.861430839E-01 0.962157696E-01
 0.106539205E+00 0.116962895E+00 0.127304792E+00 0.137359604E+00 0.146912679E+00
 0.164784014E+00 0.164304823E+00 0.159789458E+00 0.153919563E+00 0.148251742E+00
 0.142760634E+00 0.137411729E+00 0.132175133E+00 0.127026618E+00 0.121947117E+00
 0.116921850E+00 0.111939520E+00 0.106991664E+00 0.102072224E+00 0.971771553E-01
 0.923042670E-01 0.874530077E-01 0.826244131E-01 0.778209865E-01 0.730467364E-01
 0.683071092E-01 0.636090040E-01 0.589607656E-01 0.543721914E-01 0.498545095E-01
 0.454203635E-01 0.410838425E-01 0.368606001E-01 0.327679180E-01 0.288246144E-01
 0.250518583E-01 0.214734357E-01 0.181097854E-01 0.149809308E-01 0.121161900E-01
 0.957929157E-02 0.739932200E-02 0.559404725E-02 0.417818222E-02 0.316615426E-02
 0.257292716E-02 0.241418066E-02 0.270622224E-02 0.346549554E-02 0.470695179E-02
 0.643925462E-02 0.865155738E-02 0.112782698E-01 0.142932916E-01 0.176923033E-01
 0.214851573E-01 0.256921463E-01 0.303413905E-01 0.354658440E-01 0.410992019E-01
 0.472703502E-01 0.539965592E-01 0.612760484E-01 0.690810308E-01 0.773524195E-01
 0.859973803E-01 0.948905572E-01 0.103879325E+00 0.112792991E+00 0.121454909E+00
 0.170631722E+00 0.170499146E+00 0.166026697E+00 0.160340860E+00 0.154849902E+00
 0.149524003E+00 0.144340008E+00 0.139274701E+00 0.134307206E+00 0.129419833E+00
 0.124598257E+00 0.119831160E+00 0.115109861E+00 0.110427946E+00 0.105780981E+00
 0.101166241E+00 0.965825319E-01 0.920300558E-01 0.875103176E-01 0.830260664E-01
 0.785812289E-01 0.741808936E-01 0.698312819E-01 0.655397400E-01 0.613147505E-01
 0.571658947E-01 0.531039052E-01 0.491406694E-01 0.452892669E-01 0.415639654E-01
 0.379802734E-01 0.345547758E-01 0.313047059E-01 0.282486342E-01 0.254079178E-01
 0.228070244E-01 0.204658862E-01 0.183998849E-01 0.166211277E-01 0.151394783E-01
 0.139631024E-01 0.130986348E-01 0.125510180E-01 0.123229781E-01 0.124140456E-01
 0.128190340E-01 0.135264136E-01 0.145191066E-01 0.157874431E-01 0.173336547E-01
 0.191738997E-01 0.213394966E-01 0.238774102E-01 0.268491972E-01 0.303273294E-01
 0.343879312E-01 0.390998982E-01 0.445117243E-01 0.506386757E-01 0.574531592E-01
 0.648803413E-01 0.727999508E-01 0.810543522E-01 0.894618481E-01 0.978332311E-01
 0.174881265E+00 0.174950287E+00 0.170918226E+00 0.165527672E+00 0.160322219E+00
 0.155278906E+00 0.150370568E+00 0.145573631E+00 0.140868843E+00 0.136240870E+00
 0.131677538E+00 0.127169415E+00 0.122709237E+00 0.118291616E+00 0.113912746E+00
 0.109570183E+00 0.105262689E+00 0.100990124E+00 0.967533141E-01 0.925539955E-01
 0.883947760E-01 0.842790678E-01 0.802110806E-01 0.761958212E-01 0.722390339E-01
 0.683472827E-01 0.645278618E-01 0.607888848E-01 0.571392328E-01 0.535885543E-01
 0.501472317E-01 0.468262769E-01 0.436372533E-01 0.405922085E-01 0.377035774E-01
 0.349835753E-01 0.324427672E-01 0.300894007E-01 0.279292297E-01 0.259655099E-01
 0.241989791E-01 0.226277802E-01 0.212472845E-01 0.200499222E-01 0.190250669E-01
 0.181592759E-01 0.174373090E-01 0.168447159E-01 0.163726360E-01 0.160228908E-01
 0.158134159E-01 0.157843158E-01 0.160041861E-01 0.165753234E-01 0.176346954E-01
 0.193460975E-01 0.218800455E-01 0.253838208E-01 0.299510118E-01 0.356002487E-01
 0.422664285E-01 0.498032384E-01 0.579967089E-01 0.665905774E-01 0.753200874E-01
 0.177946106E+00 0.178189263E+00 0.174480900E+00 0.169494212E+00 0.164714858E+00
 0.160082296E+00 0.155557171E+00 0.151116699E+00 0.146746382E+00 0.142436147E+00
 0.138178483E+00 0.133967698E+00 0.129799455E+00 0.125670508E+00 0.121578604E+00
 0.117522292E+00 0.113500856E+00 0.109514222E+00 0.105562888E+00 0.101647861E+00
 0.977706090E-01 0.939330310E-01 0.901374221E-01 0.863864943E-01 0.826833546E-01
 0.790314972E-01 0.754348487E-01 0.718977749E-01 0.684250444E-01 0.650218502E-01
 0.616937652E-01 0.584466383E-01 0.552864745E-01 0.522192605E-01 0.492506474E-01
 0.463855267E-01 0.436274111E-01 0.409779362E-01 0.384363942E-01 0.359993912E-01
 0.336604863E-01 0.314098336E-01 0.292338748E-01 0.271150768E-01 0.250318944E-01
 0.229591150E-01 0.208688844E-01 0.187327955E-01 0.165253915E-01 0.142293861E-01
 0.118433423E-01 0.939290505E-02 0.694701495E-02 0.463983743E-02 0.269534043E-02
 0.143920525E-02 0.126516377E-02 0.254149735E-02 0.551531930E-02 0.102749141E-01
 0.167520288E-01 0.247267708E-01 0.338342115E-01 0.436064750E-01 0.535719544E-01
 0.179490358E+00 0.179694802E+00 0.176420599E+00 0.172262982E+00 0.168162897E+00
 0.164084092E+00 0.160032839E+00 0.156013161E+00 0.152026787E+00 0.148074120E+00
 0.144154906E+00 0.140268609E+00 0.136414707E+00 0.132592812E+00 0.128802747E+00
 0.125044510E+00 0.121318266E+00 0.117624380E+00 0.113963261E+00 0.110335402E+00
 0.106741294E+00 0.103181437E+00 0.996562913E-01 0.961662978E-01 0.927119106E-01
 0.892935693E-01 0.859118104E-01 0.825672299E-01 0.792605877E-01 0.759927854E-01
 0.727648735E-01 0.695779994E-01 0.664332882E-01 0.633316636E-01 0.602735728E-01
 0.572586060E-01 0.542850420E-01 0.513493232E-01 0.484455153E-01 0.455647036E-01
 0.426943973E-01 0.398178436E-01 0.369133465E-01 0.339535736E-01 0.309048984E-01
 0.277269259E-01 0.243723001E-01 0.207870658E-01 0.169120096E-01 0.126856277E-01
 0.805003103E-02 0.296205562E-02-0.258612167E-02-0.852784049E-02-0.146416603E-01
-0.203771088E-01-0.246703699E-01-0.264621135E-01-0.253026541E-01-0.211133640E-01
-0.139868278E-01-0.419053575E-02 0.767898234E-02 0.204845332E-01 0.330326110E-01
 0.180301324E+00 0.180262223E+00 0.177870333E+00 0.174577966E+00 0.171126813E+00
 0.167589992E+00 0.164013535E+00 0.160422727E+00 0.156831995E+00 0.153250039E+00
 0.149682447E+00 0.146133125E+00 0.142604992E+00 0.139100343E+00 0.135621116E+00
 0.132168904E+00 0.128744990E+00 0.125350296E+00 0.121985383E+00 0.118650369E+00
 0.115344897E+00 0.112068117E+00 0.108818665E+00 0.105594680E+00 0.102393851E+00
 0.992134586E-01 0.960504636E-01 0.929016396E-01 0.897636339E-01 0.866330862E-01
 0.835067257E-01 0.803813636E-01 0.772539005E-01 0.741211474E-01 0.709796399E-01
 0.678252652E-01 0.646528304E-01 0.614554472E-01 0.582238920E-01 0.549458191E-01
 0.516048744E-01 0.481796861E-01 0.446427129E-01 0.409589410E-01 0.370843187E-01
 0.329639576E-01 0.285299607E-01 0.236988533E-01 0.183686186E-01 0.124154864E-01
 0.569108501E-02-0.197890238E-02-0.107929604E-01-0.209690128E-01-0.327494144E-01
-0.465027690E-01-0.580861457E-01-0.636264160E-01-0.641530529E-01-0.602107756E-01
-0.513797738E-01-0.380685478E-01-0.196264405E-01 0.737604496E-04 0.161919650E-01
 0.182133287E+00 0.182289556E+00 0.180067286E+00 0.177066073E+00 0.173994169E+00
 0.170864493E+00 0.167693272E+00 0.164495006E+00 0.161281198E+00 0.158060789E+00
 0.154840901E+00 0.151627511E+00 0.148425698E+00 0.145239934E+00 0.142074019E+00
 0.138931140E+00 0.135813802E+00 0.132723689E+00 0.129661635E+00 0.126627535E+00
 0.123620249E+00 0.120637611E+00 0.117676377E+00 0.114732251E+00 0.111799911E+00
 0.108873174E+00 0.105945095E+00 0.103008181E+00 0.100054607E+00 0.970765054E-01
 0.940661505E-01 0.910161585E-01 0.879196301E-01 0.847700909E-01 0.815613568E-01
 0.782872215E-01 0.749409497E-01 0.715146661E-01 0.679984763E-01 0.643795729E-01
 0.606410839E-01 0.567608066E-01 0.527097024E-01 0.484501012E-01 0.439334773E-01
 0.390975587E-01 0.338624604E-01 0.281252898E-01 0.217524972E-01 0.145688774E-01
 0.634193001E-02-0.323910802E-02-0.145877898E-01-0.282412712E-01-0.448677577E-01
-0.633185506E-01-0.758887753E-01-0.825082436E-01-0.835806876E-01-0.788627565E-01
-0.685102493E-01-0.515713803E-01-0.291517396E-01-0.936643034E-02 0.728931790E-02
 0.183902130E+00 0.184261933E+00 0.182230264E+00 0.179509610E+00 0.176759154E+00
 0.173976392E+00 0.171163455E+00 0.168324083E+00 0.165463239E+00 0.162586778E+00
 0.159701124E+00 0.156812981E+00 0.153929099E+00 0.151055872E+00 0.148199111E+00
 0.145363823E+00 0.142553940E+00 0.139772177E+00 0.137019873E+00 0.134296879E+00
 0.131601393E+00 0.128929958E+00 0.126277342E+00 0.123636559E+00 0.120998949E+00
 0.118354253E+00 0.115690887E+00 0.112996273E+00 0.110257238E+00 0.107460521E+00
 0.104593292E+00 0.101643607E+00 0.986007974E-01 0.954556689E-01 0.922004730E-01
 0.888286307E-01 0.853341967E-01 0.817110762E-01 0.779520422E-01 0.740475655E-01
 0.699845552E-01 0.657449216E-01 0.613039844E-01 0.566286668E-01 0.516752638E-01
 0.463865995E-01 0.406881049E-01 0.344821885E-01 0.276396051E-01 0.199856460E-01
 0.112766679E-01 0.115831173E-02-0.109091830E-01-0.257592406E-01-0.443713628E-01
-0.602000095E-01-0.708278716E-01-0.764212832E-01-0.768699795E-01-0.721316114E-01
-0.610707924E-01-0.429180190E-01-0.237704888E-01-0.723889796E-02 0.719052600E-02
 0.185344994E+00 0.185900211E+00 0.184210330E+00 0.181791052E+00 0.179366156E+00
 0.176926494E+00 0.174462363E+00 0.171968505E+00 0.169444472E+00 0.166894019E+00
 0.164323866E+00 0.161742628E+00 0.159159720E+00 0.156584442E+00 0.154025435E+00
 0.151490122E+00 0.148984462E+00 0.146512598E+00 0.144076735E+00 0.141676962E+00
 0.139311060E+00 0.136974365E+00 0.134659618E+00 0.132356942E+00 0.130053699E+00
 0.127734780E+00 0.125382721E+00 0.122978322E+00 0.120501280E+00 0.117931105E+00
 0.115248136E+00 0.112434559E+00 0.109475277E+00 0.106358506E+00 0.103076026E+00
 0.996228755E-01 0.959967449E-01 0.921968594E-01 0.882226825E-01 0.840724558E-01
 0.797416419E-01 0.752215162E-01 0.704977289E-01 0.655489266E-01 0.603453703E-01
 0.548473671E-01 0.490034632E-01 0.427481756E-01 0.359990261E-01 0.286525209E-01
 0.205784198E-01 0.116100311E-01 0.151965348E-02-0.101179667E-01-0.225616749E-01
-0.324146301E-01-0.393450260E-01-0.430605076E-01-0.435034223E-01-0.401157029E-01
-0.326980203E-01-0.207966678E-01-0.878431648E-02 0.274939509E-02 0.135939550E-01
 0.186567485E+00 0.187357977E+00 0.185906559E+00 0.183833480E+00 0.181788623E+00
 0.179733217E+00 0.177640066E+00 0.175495133E+00 0.173296168E+00 0.171049550E+00
 0.168766975E+00 0.166462839E+00 0.164152190E+00 0.161849439E+00 0.159567490E+00
 0.157317236E+00 0.155107275E+00 0.152943730E+00 0.150830135E+00 0.148767233E+00
 0.146752775E+00 0.144781291E+00 0.142843723E+00 0.140927181E+00 0.139014706E+00
 0.137085155E+00 0.135113448E+00 0.133071184E+00 0.130927667E+00 0.128651544E+00
 0.126212642E+00 0.123584129E+00 0.120744430E+00 0.117678560E+00 0.114378877E+00
 0.110844761E+00 0.107081532E+00 0.103098683E+00 0.989077017E-01 0.945198759E-01
 0.899443179E-01 0.851863772E-01 0.802465007E-01 0.751195773E-01 0.697947070E-01
 0.642554834E-01 0.584808104E-01 0.524468124E-01 0.461305268E-01 0.395174362E-01
 0.326170698E-01 0.254970528E-01 0.183604211E-01 0.117001133E-01 0.607934408E-02
 0.102178194E-02-0.297981198E-02-0.537293358E-02-0.592296291E-02-0.470246933E-02
-0.208964455E-02 0.239355606E-02 0.864802301E-02 0.157700721E-01 0.231857914E-01
 0.187143981E+00 0.188173473E+00 0.187130645E+00 0.185576364E+00 0.184063330E+00
 0.182493627E+00 0.180818379E+00 0.179025158E+00 0.177124158E+00 0.175137267E+00
 0.173090979E+00 0.171012312E+00 0.168926388E+00 0.166855305E+00 0.164817631E+00
 0.162828401E+00 0.160899192E+00 0.159038335E+00 0.157251000E+00 0.155539140E+00
 0.153901234E+00 0.152331933E+00 0.150821328E+00 0.149354309E+00 0.147909701E+00
 0.146459639E+00 0.144969210E+00 0.143396899E+00 0.141695946E+00 0.139816999E+00
 0.137711838E+00 0.135337695E+00 0.132661462E+00 0.129662976E+00 0.126336500E+00
 0.122690342E+00 0.118744448E+00 0.114526793E+00 0.110069081E+00 0.105402812E+00
 0.100556239E+00 0.955524966E-01 0.904088616E-01 0.851369649E-01 0.797437653E-01
 0.742332712E-01 0.686089620E-01 0.628774464E-01 0.570536219E-01 0.511683300E-01
 0.452791005E-01 0.394832566E-01 0.339269415E-01 0.287919473E-01 0.242499914E-01
 0.204460230E-01 0.175402015E-01 0.156946145E-01 0.150166126E-01 0.155363623E-01
 0.172307156E-01 0.200417265E-01 0.238266755E-01 0.283464734E-01 0.333406776E-01
 0.186437398E+00 0.187573567E+00 0.187558144E+00 0.187102437E+00 0.186458841E+00
 0.185521990E+00 0.184279785E+00 0.182780370E+00 0.181086063E+00 0.179257601E+00
 0.177349538E+00 0.175408572E+00 0.173473135E+00 0.171573862E+00 0.169734523E+00
 0.167973220E+00 0.166303486E+00 0.164735198E+00 0.163275093E+00 0.161926910E+00
 0.160691202E+00 0.159564659E+00 0.158539072E+00 0.157599807E+00 0.156723917E+00
 0.155877903E+00 0.155015811E+00 0.154078007E+00 0.152992204E+00 0.151677266E+00
 0.150050640E+00 0.148038030E+00 0.145583272E+00 0.142655835E+00 0.139254540E+00
 0.135406315E+00 0.131160542E+00 0.126580134E+00 0.121731862E+00 0.116678298E+00
 0.111473046E+00 0.106158987E+00 0.100768842E+00 0.953270867E-01 0.898524597E-01
 0.843608230E-01 0.788683221E-01 0.733947977E-01 0.679676682E-01 0.626260862E-01
 0.574249402E-01 0.524373576E-01 0.477538034E-01 0.434763953E-01 0.397104323E-01
 0.365577601E-01 0.341121517E-01 0.324518308E-01 0.316292085E-01 0.316633694E-01
 0.325376540E-01 0.341989659E-01 0.365577862E-01 0.394947380E-01 0.428759269E-01
 0.185580775E+00 0.186929464E+00 0.188114777E+00 0.189195022E+00 0.190029725E+00
 0.189583346E+00 0.188527375E+00 0.187070251E+00 0.185352594E+00 0.183482766E+00
 0.181546792E+00 0.179611266E+00 0.177725181E+00 0.175922990E+00 0.174228385E+00
 0.172657907E+00 0.171223521E+00 0.169934481E+00 0.168798268E+00 0.167821035E+00
 0.167007372E+00 0.166359529E+00 0.165876046E+00 0.165549397E+00 0.165362418E+00
 0.165283546E+00 0.165260404E+00 0.165213153E+00 0.165030077E+00 0.164570674E+00
 0.163680598E+00 0.162216559E+00 0.160071671E+00 0.157193169E+00 0.153590262E+00
 0.149331942E+00 0.144533128E+00 0.139330238E+00 0.133855030E+00 0.128217444E+00
 0.122500300E+00 0.116762154E+00 0.111043058E+00 0.105370559E+00 0.997647047E-01
 0.942422301E-01 0.888198689E-01 0.835172459E-01 0.783593357E-01 0.733784884E-01
 0.686157122E-01 0.641209632E-01 0.599518791E-01 0.561711565E-01 0.528428108E-01
 0.500280149E-01 0.477807708E-01 0.461434163E-01 0.451423191E-01 0.447845086E-01
 0.450558215E-01 0.459208153E-01 0.473246276E-01 0.491971038E-01 0.514588617E-01
 0.185444504E+00 0.187193230E+00 0.189137563E+00 0.191415191E+00 0.193981454E+00
 0.194955125E+00 0.194000319E+00 0.192091271E+00 0.189963371E+00 0.187745124E+00
 0.185549855E+00 0.183457807E+00 0.181514502E+00 0.179741785E+00 0.178149402E+00
 0.176742405E+00 0.175524935E+00 0.174502090E+00 0.173680827E+00 0.173070192E+00
 0.172681272E+00 0.172526628E+00 0.172619149E+00 0.172969878E+00 0.173584104E+00
 0.174454287E+00 0.175547674E+00 0.176785409E+00 0.178012341E+00 0.178972378E+00
 0.179334506E+00 0.178784847E+00 0.177106515E+00 0.174202025E+00 0.170097932E+00
 0.164956093E+00 0.159059897E+00 0.152730972E+00 0.146228537E+00 0.139718100E+00
 0.133292705E+00 0.127001181E+00 0.120868124E+00 0.114905737E+00 0.109120972E+00
 0.103519715E+00 0.981093943E-01 0.929007903E-01 0.879092589E-01 0.831554160E-01
 0.786653757E-01 0.744703636E-01 0.706056207E-01 0.671087354E-01 0.640174001E-01
 0.613668710E-01 0.591872856E-01 0.575010590E-01 0.563205928E-01 0.556465685E-01
 0.554670542E-01 0.557576306E-01 0.564825535E-01 0.575969182E-01 0.590495542E-01
 0.185100734E+00 0.187056169E+00 0.189308316E+00 0.192015573E+00 0.195305824E+00
 0.197517887E+00 0.198174223E+00 0.197222456E+00 0.194669530E+00 0.191675350E+00
 0.188949540E+00 0.186577246E+00 0.184533745E+00 0.182782799E+00 0.181296617E+00
 0.180057347E+00 0.179055989E+00 0.178291172E+00 0.177768588E+00 0.177500710E+00
 0.177506879E+00 0.177813664E+00 0.178455070E+00 0.179472879E+00 0.180916324E+00
 0.182840317E+00 0.185299292E+00 0.188328311E+00 0.191880837E+00 0.195582509E+00
 0.198383957E+00 0.199457884E+00 0.198519036E+00 0.195450649E+00 0.190220833E+00
 0.183009535E+00 0.174663514E+00 0.166265070E+00 0.158199042E+00 0.150535524E+00
 0.143265560E+00 0.136360779E+00 0.129791409E+00 0.123531990E+00 0.117562987E+00
 0.111870900E+00 0.106448077E+00 0.101292469E+00 0.964073539E-01 0.918009877E-01
 0.874860957E-01 0.834791511E-01 0.797993466E-01 0.764673278E-01 0.735036656E-01
 0.709272549E-01 0.687536225E-01 0.669933781E-01 0.656508952E-01 0.647233576E-01
 0.642002895E-01 0.640636384E-01 0.642884001E-01 0.648437515E-01 0.656945705E-01
 0.184239507E+00 0.186179489E+00 0.188298374E+00 0.190603524E+00 0.193080306E+00
 0.195653558E+00 0.197723955E+00 0.198229492E+00 0.197008625E+00 0.193919823E+00
 0.190806702E+00 0.188355759E+00 0.186379313E+00 0.184772685E+00 0.183475986E+00
 0.182455093E+00 0.181692719E+00 0.181183934E+00 0.180934370E+00 0.180959836E+00
 0.181287050E+00 0.181955904E+00 0.183020890E+00 0.184554383E+00 0.186653405E+00
 0.189449772E+00 0.193127289E+00 0.197953701E+00 0.204351768E+00 0.212962791E+00
 0.219497845E+00 0.222575486E+00 0.222616330E+00 0.219353065E+00 0.212644786E+00
 0.201981246E+00 0.188940436E+00 0.177937612E+00 0.168273434E+00 0.159569055E+00
 0.151596993E+00 0.144211814E+00 0.137317345E+00 0.130848274E+00 0.124759376E+00
 0.119019151E+00 0.113606088E+00 0.108506419E+00 0.103712708E+00 0.992227346E-01
 0.950385779E-01 0.911656767E-01 0.876118690E-01 0.843863040E-01 0.814983621E-01
 0.789565146E-01 0.767671913E-01 0.749338269E-01 0.734559968E-01 0.723288804E-01
 0.715428963E-01 0.710837692E-01 0.709328279E-01 0.710676089E-01 0.714626759E-01
 0.182963580E+00 0.184912547E+00 0.186848551E+00 0.188701212E+00 0.190435201E+00
 0.192030042E+00 0.193451747E+00 0.194632664E+00 0.194756895E+00 0.192690372E+00
 0.190295383E+00 0.188373476E+00 0.186822087E+00 0.185578451E+00 0.184605360E+00
 0.183880314E+00 0.183391795E+00 0.183137625E+00 0.183124989E+00 0.183371201E+00
 0.183905452E+00 0.184774220E+00 0.186040968E+00 0.187789664E+00 0.190134630E+00
 0.193233520E+00 0.197310269E+00 0.202695161E+00 0.209889024E+00 0.219473794E+00
 0.226977170E+00 0.230751023E+00 0.231171295E+00 0.228076771E+00 0.221201971E+00
 0.209955364E+00 0.196261257E+00 0.184707239E+00 0.174665809E+00 0.165697679E+00
 0.157535911E+00 0.150018334E+00 0.143042386E+00 0.136538759E+00 0.130457565E+00
 0.124761559E+00 0.119422838E+00 0.114420913E+00 0.109741427E+00 0.105375074E+00
 0.101316661E+00 0.975641981E-01 0.941179916E-01 0.909797475E-01 0.881517231E-01
 0.856358930E-01 0.834331289E-01 0.815425366E-01 0.799609274E-01 0.786823481E-01
 0.776979327E-01 0.769958124E-01 0.765613094E-01 0.763772205E-01 0.764242932E-01
 0.756488144E+00 0.771648288E+00 0.782758176E+00 0.795706689E+00 0.809658945E+00
 0.824148834E+00 0.839079976E+00 0.854624391E+00 0.870679915E+00 0.887561202E+00
 0.904878616E+00 0.922342479E+00 0.940831542E+00 0.960155308E+00 0.980136275E+00
 0.100080562E+01 0.102209151E+01 0.104449928E+01 0.106774890E+01 0.109184015E+01
 0.111690247E+01 0.114296997E+01 0.117008436E+01 0.119835567E+01 0.122785962E+01
 0.125855756E+01 0.129057121E+01 0.132397640E+01 0.135879362E+01 0.139522409E+01
 0.143341970E+01 0.147328162E+01 0.151490176E+01 0.155842364E+01 0.160423887E+01
 0.165231752E+01 0.170265067E+01 0.175541031E+01 0.181067228E+01 0.186917257E+01
 0.193070889E+01 0.199517512E+01 0.206301427E+01 0.213472795E+01 0.221060157E+01
 0.229027796E+01 0.237434649E+01 0.246348095E+01 0.255774379E+01 0.265707302E+01
 0.276278472E+01 0.287482452E+01 0.299280477E+01 0.311962032E+01 0.325331283E+01
 0.339617133E+01 0.354964256E+01 0.371390939E+01 0.389315176E+01 0.408741522E+01
 0.430371189E+01 0.454851770E+01 0.483893824E+01 0.524750328E+01 0.689113140E+01
   85  117
 0.111367345E+01-0.200000003E+00 0.109916854E+01-0.150000006E+00 0.108539510E+01
-0.500000007E-01 0.109442174E+01 0.500000007E-01 0.110841763E+01 0.100000001E+00
 0.113218749E+01 0.160210133E+00 0.115875006E+01 0.213569447E+00 0.118531251E+01
 0.260257214E+00 0.121187496E+01 0.302780062E+00 0.124448907E+01 0.349999994E+00
 0.128152204E+01 0.400000006E+00 0.131812501E+01 0.444825798E+00 0.134468746E+01
 0.475686282E+00 0.137125003E+01 0.504962623E+00 0.141639340E+01 0.550000012E+00
 0.145093751E+01 0.581261694E+00 0.147749996E+01 0.603815496E+00 0.153062499E+01
 0.643599153E+00 0.155718756E+01 0.662069201E+00 0.161031246E+01 0.694106758E+00
 0.163687503E+01 0.708952367E+00 0.169000006E+01 0.733872831E+00 0.173056972E+01
 0.750000000E+00 0.176968753E+01 0.763747394E+00 0.182281256E+01 0.776825905E+00
 0.187593746E+01 0.784495711E+00 0.192906249E+01 0.786017895E+00 0.198218751E+01
 0.778676927E+00 0.203531241E+01 0.753295541E+00 0.206187510E+01 0.726898670E+00
 0.208843756E+01 0.685720384E+00 0.211500001E+01 0.628038526E+00 0.214156246E+01
 0.553858578E+00 0.215813947E+01 0.500000000E+00 0.217409825E+01 0.449999988E+00
 0.219468760E+01 0.384782434E+00 0.222125006E+01 0.300791115E+00 0.223622513E+01
 0.250000000E+00 0.225044823E+01 0.200000003E+00 0.227185202E+01 0.100000001E+00
 0.227874446E+01 0.500000007E-01 0.228036046E+01-0.500000007E-01 0.227437496E+01
-0.104852669E+00 0.225471830E+01-0.200000003E+00 0.224049926E+01-0.250000000E+00
 0.222125006E+01-0.311024606E+00 0.219468760E+01-0.385163993E+00 0.216962576E+01
-0.449999988E+00 0.214807534E+01-0.500000000E+00 0.212447643E+01-0.550000012E+00
 0.209846449E+01-0.600000024E+00 0.206968188E+01-0.649999976E+00 0.203784871E+01
-0.699999988E+00 0.200874996E+01-0.741104424E+00 0.198218751E+01-0.777223289E+00
 0.195562506E+01-0.811396718E+00 0.192309308E+01-0.850000024E+00 0.188154292E+01
-0.899999976E+00 0.184937501E+01-0.937350512E+00 0.182281256E+01-0.967876494E+00
 0.179211676E+01-0.100000000E+01 0.174843669E+01-0.104999995E+01 0.171656251E+01
-0.108658648E+01 0.169000006E+01-0.111779332E+01 0.165107512E+01-0.114999998E+01
 0.162666011E+01-0.118440723E+01 0.158375001E+01-0.111878133E+01 0.155718756E+01
-0.107197154E+01 0.153062499E+01-0.102551734E+01 0.150406253E+01-0.978927553E+00
 0.147749996E+01-0.932140291E+00 0.145093751E+01-0.885128558E+00 0.142437506E+01
-0.837840676E+00 0.139781249E+01-0.790188849E+00 0.137125003E+01-0.742051125E+00
 0.134468746E+01-0.693274915E+00 0.131812501E+01-0.643681467E+00 0.129156256E+01
-0.593070626E+00 0.126499999E+01-0.541226804E+00 0.123843753E+01-0.487926692E+00
 0.121187496E+01-0.432933003E+00 0.118531251E+01-0.375927478E+00 0.115875006E+01
-0.316260397E+00 0.113218749E+01-0.252196103E+00 0.111367345E+01-0.200000003E+00
 0.101600003E+01 0.000000000E+00 0.101600003E+01 0.963999987E+00 0.101600003E+01
 0.967999995E+00 0.101600003E+01 0.100100005E+01 0.101600003E+01 0.101900005E+01
 0.101600003E+01 0.107700002E+01 0.101600003E+01 0.107000005E+01 0.101600003E+01
 0.109599996E+01 0.101600003E+01 0.111300004E+01 0.101600003E+01 0.113800001E+01
 0.101600003E+01 0.114699996E+01 0.101199996E+01 0.116499996E+01 0.100100005E+01
 0.121700001E+01 0.102900004E+01 0.121700001E+01 0.104200006E+01 0.116240001E+01
 0.104600000E+01 0.116237998E+01 0.105599999E+01 0.116260004E+01 0.109700000E+01
 0.116450000E+01 0.110800004E+01 0.116594005E+01 0.111600006E+01 0.116591001E+01
 0.113399994E+01 0.116895998E+01 0.114800000E+01 0.117174995E+01 0.116199994E+01
 0.117556000E+01 0.118099999E+01 0.118299997E+01 0.118200004E+01 0.118350005E+01
 0.118499994E+01 0.118499994E+01 0.119000006E+01 0.118799996E+01 0.119500005E+01
 0.119099998E+01 0.120099998E+01 0.119599998E+01 0.120899999E+01 0.120200002E+01
 0.121500003E+01 0.120799994E+01 0.122200000E+01 0.121399999E+01 0.122800004E+01
 0.122099996E+01 0.123399997E+01 0.123099995E+01 0.123899996E+01 0.123800004E+01
 0.124199998E+01 0.124399996E+01 0.124800003E+01 0.125399995E+01 0.125800002E+01
 0.127800000E+01 0.126300001E+01 0.128999996E+01 0.127999997E+01 0.133099997E+01
 0.127999997E+01 0.134700000E+01 0.127999997E+01 0.134800005E+01 0.130999994E+01
 0.134800005E+01 0.132799995E+01 0.134800005E+01 0.136099994E+01 0.134800005E+01
 0.138000000E+01 0.134800005E+01 0.141900003E+01 0.134800005E+01 0.141900003E+01
 0.130999994E+01 0.137199998E+01 0.130999994E+01 0.137167001E+01 0.129237998E+01
 0.137003005E+01 0.128268003E+01 0.136688006E+01 0.125644004E+01 0.136719000E+01
 0.122955000E+01 0.137178004E+01 0.119576001E+01 0.137223995E+01 0.119402003E+01
 0.138662004E+01 0.116487002E+01 0.138707995E+01 0.116420996E+01 0.140382004E+01
 0.115696001E+01 0.141127002E+01 0.115730000E+01 0.141857004E+01 0.116131997E+01
 0.142100000E+01 0.116400003E+01 0.148662996E+01 0.124049997E+01 0.149730003E+01
 0.123458004E+01 0.149761999E+01 0.123427999E+01 0.149744999E+01 0.123174000E+01
 0.149275005E+01 0.121329999E+01 0.149259996E+01 0.121061003E+01 0.149260998E+01
 0.120485997E+01 0.149278998E+01 0.120213997E+01 0.149339998E+01 0.119641995E+01
 0.149469995E+01 0.118510997E+01 0.149621999E+01 0.116069996E+01 0.147981000E+01
 0.112425995E+01 0.148081994E+01 0.112256002E+01 0.148149002E+01 0.112137997E+01
 0.148645997E+01 0.111691999E+01 0.149094999E+01 0.111439002E+01 0.150304997E+01
 0.111243999E+01 0.159696996E+01 0.109489000E+01 0.162549996E+01 0.108529997E+01
 0.163751996E+01 0.107988000E+01 0.164699996E+01 0.107700002E+01 0.178499997E+01
 0.107700002E+01 0.206999993E+01 0.103999996E+01 0.212800002E+01 0.992999971E+00
 0.224499989E+01 0.708999991E+00 0.233956003E+01 0.461430013E+00 0.234707999E+01
 0.415829986E+00 0.234912992E+01 0.272179991E+00 0.235103011E+01 0.170179993E+00
 0.235157990E+01 0.701199993E-01 0.235124993E+01-0.317899995E-01 0.235050988E+01
-0.144350007E+00 0.234964991E+01-0.214829996E+00 0.234870005E+01-0.326689988E+00
 0.234759998E+01-0.386770010E+00 0.234019995E+01-0.453040004E+00 0.232942009E+01
-0.477569997E+00 0.213400006E+01-0.972999990E+00 0.178600001E+01-0.117400002E+01
 0.176800001E+01-0.121099997E+01 0.176800001E+01-0.125000000E+01 0.168200004E+01
-0.125000000E+01 0.137199998E+01-0.125000000E+01 0.137199998E+01-0.132900000E+01
 0.141999996E+01-0.132900000E+01 0.141999996E+01-0.136300004E+01 0.127300000E+01
-0.136300004E+01 0.115300000E+01-0.136300004E+01 0.101600003E+01-0.122300005E+01
 0.101600003E+01-0.122300005E+01 0.101600003E+01-0.829999983E+00 0.101600003E+01
-0.800000012E+00 0.101600003E+01-0.414999992E+00 0.101600003E+01-0.400000006E+00
 0.101600003E+01-0.100000005E-02 0.101600003E+01 0.000000000E+00
    0 0.170000005E+01    1
 0.000000000E+00 0.000000000E+00 0.000000000E+00 0.000000000E+00 0.000000000E+00
 0.000000000E+00 0.000000000E+00 0.000000000E+00 0.000000000E+00 0.000000000E+00
 0.000000000E+00 0.000000000E+00 0.000000000E+00 0.000000000E+00 0.000000000E+00
 0.000000000E+00 0.000000000E+00 0.000000000E+00 0.000000000E+00 0.000000000E+00
 0.000000000E+00 0.000000000E+00 0.000000000E+00 0.000000000E+00 0.000000000E+00
 0.000000000E+00 0.000000000E+00 0.000000000E+00 0.000000000E+00 0.000000000E+00
 0.000000000E+00 0.000000000E+00 0.000000000E+00 0.000000000E+00 0.000000000E+00
 0.000000000E+00 0.000000000E+00 0.000000000E+00 0.000000000E+00 0.000000000E+00
 0.000000000E+00 0.000000000E+00 0.000000000E+00 0.000000000E+00 0.000000000E+00
 0.000000000E+00 0.000000000E+00 0.000000000E+00 0.000000000E+00 0.000000000E+00
 0.000000000E+00 0.000000000E+00 0.000000000E+00 0.000000000E+00 0.000000000E+00
 0.000000000E+00 0.000000000E+00 0.000000000E+00 0.000000000E+00 0.000000000E+00
 0.000000000E+00 0.000000000E+00 0.000000000E+00 0.000000000E+00 0.000000000E+00
 0.000000000E+00 0.775687173E-01 0.110492416E+00 0.136044741E+00 0.157824665E+00
 0.177282318E+00 0.195135802E+00 0.211769387E+00 0.227496058E+00 0.241193250E+00
 0.255627662E+00 0.269604951E+00 0.283069998E+00 0.296276212E+00 0.309189856E+00
 0.321743965E+00 0.334116727E+00 0.346297830E+00 0.358350664E+00 0.370278388E+00
 0.382033437E+00 0.393718451E+00 0.405352056E+00 0.416909128E+00 0.428437799E+00
 0.439926267E+00 0.451402098E+00 0.462897062E+00 0.474360466E+00 0.485871136E+00
 0.497428745E+00 0.509024501E+00 0.520662725E+00 0.532356203E+00 0.544149935E+00
 0.556035221E+00 0.568011284E+00 0.580097079E+00 0.592265785E+00 0.604611754E+00
 0.617103755E+00 0.629723191E+00 0.642500818E+00 0.655461133E+00 0.668642759E+00
 0.681998193E+00 0.695558190E+00 0.709362566E+00 0.723417699E+00 0.737711847E+00
 0.752286375E+00 0.767172456E+00 0.782304585E+00 0.797847390E+00 0.813668251E+00
 0.829872966E+00 0.846469998E+00 0.863485932E+00 0.880951583E+00 0.898881674E+00
 0.917385817E+00 0.936492145E+00 0.956331909E+00 0.977183700E+00 0.100000000E+01
    1
 0.000000000E+00 0.000000000E+00 0.000000000E+00 0.000000000E+00 0.000000000E+00
 0.000000000E+00 0.000000000E+00 0.000000000E+00 0.000000000E+00 0.000000000E+00
 0.000000000E+00 0.000000000E+00 0.000000000E+00 0.000000000E+00 0.000000000E+00
 0.000000000E+00 0.000000000E+00 0.000000000E+00 0.000000000E+00 0.000000000E+00
 0.000000000E+00 0.000000000E+00 0.000000000E+00 0.000000000E+00 0.000000000E+00
 0.000000000E+00 0.000000000E+00 0.000000000E+00 0.000000000E+00 0.000000000E+00
 0.000000000E+00 0.000000000E+00 0.000000000E+00 0.000000000E+00 0.000000000E+00
 0.000000000E+00 0.000000000E+00 0.000000000E+00 0.000000000E+00 0.000000000E+00
 0.000000000E+00 0.000000000E+00 0.000000000E+00 0.000000000E+00 0.000000000E+00
 0.000000000E+00 0.000000000E+00 0.000000000E+00 0.000000000E+00 0.000000000E+00
 0.000000000E+00 0.000000000E+00 0.000000000E+00 0.000000000E+00 0.000000000E+00
 0.000000000E+00 0.000000000E+00 0.000000000E+00 0.000000000E+00 0.000000000E+00
 0.000000000E+00 0.000000000E+00 0.000000000E+00 0.000000000E+00 0.000000000E+00
&BASIS
 EE2BDRY= 32*0.00000000      ,
 EEBDRY= 32*0.00000000      ,
 EEKNT= 32*0.00000000      ,
 EETENS=  5.00000000    ,
 FF2BDRY= 64*0.00000000      ,
 FFBDRY=  2.13832998    , -7.69261265    ,  5.66501045    , 61*0.00000000      ,
 FFKNT= 64*0.00000000      ,
 FFTENS=  0.00000000    ,
 KEE2BDRY= 32*0          ,
 KEEBDRY= 32*0          ,
 KEEFNC=          0,
 KEEKNT=          0,
 KFF2BDRY= 64*0          ,
 KFFBDRY= 64*0          ,
 KFFFNC=          0,
 KFFKNT=          0,
 KPP2BDRY= 64*0          ,
 KPPBDRY= 64*0          ,
 KPPFNC=          0,
 KPPKNT=          0,
 KWW2BDRY= 64*0          ,
 KWWBDRY= 64*0          ,
 KWWFNC=          0,
 KWWKNT=          0,
 PP2BDRY= 64*0.00000000      ,
 PPBDRY=  696671.062    , -545962.062    , 62*0.00000000      ,
 PPKNT= 64*0.00000000      ,
 PPTENS=  0.00000000    ,
 WW2BDRY= 64*0.00000000      ,
 WWBDRY= -617.092041    , -27764.0117    , 62*0.00000000      ,
 WWKNT= 64*0.00000000      ,
 WWTENS=  0.00000000    ,
 /
