  EFITD    01/21/2000    #180526  4750ms           7  65  65
 0.170000005E+01 0.320000005E+01 0.169550002E+01 0.839999974E+00 0.000000000E+00
 0.183164120E+01-0.368985720E-01-0.301694661E+00-0.403405130E-01-0.196211863E+01
 0.892939312E+06-0.301694661E+00 0.000000000E+00 0.183164120E+01 0.000000000E+00
-0.368985720E-01 0.000000000E+00-0.403405130E-01 0.000000000E+00 0.000000000E+00
-0.332608032E+01-0.332338452E+01-0.332085490E+01-0.331848764E+01-0.331627941E+01
-0.331422615E+01-0.331232452E+01-0.331057072E+01-0.330896068E+01-0.330749106E+01
-0.330615759E+01-0.330495691E+01-0.330388474E+01-0.330293751E+01-0.330211115E+01
-0.330140185E+01-0.330080557E+01-0.330031848E+01-0.329993677E+01-0.329965615E+01
-0.329947257E+01-0.329938245E+01-0.329938149E+01-0.329946589E+01-0.329963160E+01
-0.329987431E+01-0.330019021E+01-0.330057549E+01-0.330102563E+01-0.330153704E+01
-0.330210567E+01-0.330272722E+01-0.330339766E+01-0.330411339E+01-0.330486989E+01
-0.330566335E+01-0.330648971E+01-0.330734491E+01-0.330822492E+01-0.330912590E+01
-0.331004381E+01-0.331097436E+01-0.331191397E+01-0.331285834E+01-0.331380343E+01
-0.331474543E+01-0.331568050E+01-0.331660438E+01-0.331751299E+01-0.331840277E+01
-0.331926942E+01-0.332010913E+01-0.332091808E+01-0.332169199E+01-0.332242703E+01
-0.332311916E+01-0.332376480E+01-0.332435966E+01-0.332489967E+01-0.332538128E+01
-0.332580042E+01-0.332615304E+01-0.332643509E+01-0.332664275E+01-0.332677221E+01
 0.128132438E+06 0.125077758E+06 0.122056492E+06 0.119068641E+06 0.116114203E+06
 0.113193188E+06 0.110305586E+06 0.107451406E+06 0.104630633E+06 0.101843281E+06
 0.990893516E+05 0.963688281E+05 0.936817266E+05 0.910280391E+05 0.884077734E+05
 0.858209141E+05 0.832674766E+05 0.807474531E+05 0.782608516E+05 0.758076641E+05
 0.733878906E+05 0.710015312E+05 0.686485938E+05 0.663290703E+05 0.640429609E+05
 0.617902695E+05 0.595709961E+05 0.573851367E+05 0.552326914E+05 0.531136680E+05
 0.510280586E+05 0.489758633E+05 0.469570859E+05 0.449717227E+05 0.430197812E+05
 0.411012500E+05 0.392161367E+05 0.373644414E+05 0.355461641E+05 0.337613008E+05
 0.320098516E+05 0.302918203E+05 0.286072070E+05 0.269560078E+05 0.253382266E+05
 0.237538594E+05 0.222029102E+05 0.206853770E+05 0.192012598E+05 0.177505586E+05
 0.163332744E+05 0.149494062E+05 0.135989541E+05 0.122819189E+05 0.109982988E+05
 0.974809570E+04 0.853130859E+04 0.734793848E+04 0.619798438E+04 0.508144629E+04
 0.399832422E+04 0.294861890E+04 0.193232959E+04 0.949456665E+03 0.000000000E+00
-0.226401186E+01-0.212554955E+01-0.199032378E+01-0.185833466E+01-0.172958195E+01
-0.160406590E+01-0.148178637E+01-0.136274350E+01-0.124693704E+01-0.113436723E+01
-0.102503395E+01-0.918937266E+00-0.816077113E+00-0.716453552E+00-0.620066524E+00
-0.526916087E+00-0.437002152E+00-0.350324839E+00-0.266884059E+00-0.186679825E+00
-0.109712176E+00-0.359810852E-01 0.345134474E-01 0.101771414E+00 0.165792823E+00
 0.226577669E+00 0.284125954E+00 0.338437676E+00 0.389512837E+00 0.437351435E+00
 0.481953502E+00 0.523318946E+00 0.561447918E+00 0.596340239E+00 0.627996027E+00
 0.656415284E+00 0.681597948E+00 0.703544080E+00 0.722253621E+00 0.737726629E+00
 0.749963045E+00 0.758962870E+00 0.764726222E+00 0.767252922E+00 0.766543150E+00
 0.762596726E+00 0.755413830E+00 0.744994283E+00 0.731338263E+00 0.714445591E+00
 0.694316447E+00 0.670950711E+00 0.644348383E+00 0.614509523E+00 0.581434071E+00
 0.545122087E+00 0.505573511E+00 0.462788403E+00 0.416766733E+00 0.367508501E+00
 0.315013707E+00 0.259282351E+00 0.200314417E+00 0.138109937E+00 0.726688877E-01
-0.752117250E+06-0.743934312E+06-0.735751375E+06-0.727568438E+06-0.719385562E+06
-0.711202625E+06-0.703019688E+06-0.694836750E+06-0.686653812E+06-0.678470938E+06
-0.670288000E+06-0.662105062E+06-0.653922125E+06-0.645739188E+06-0.637556312E+06
-0.629373375E+06-0.621190438E+06-0.613007500E+06-0.604824562E+06-0.596641688E+06
-0.588458750E+06-0.580275812E+06-0.572092875E+06-0.563909938E+06-0.555727062E+06
-0.547544125E+06-0.539361188E+06-0.531178250E+06-0.522995344E+06-0.514812406E+06
-0.506629469E+06-0.498446562E+06-0.490263625E+06-0.482080688E+06-0.473897781E+06
-0.465714844E+06-0.457531938E+06-0.449349000E+06-0.441166062E+06-0.432983156E+06
-0.424800219E+06-0.416617312E+06-0.408434375E+06-0.400251438E+06-0.392068531E+06
-0.383885594E+06-0.375702688E+06-0.367519750E+06-0.359336812E+06-0.351153906E+06
-0.342970969E+06-0.334788031E+06-0.326605125E+06-0.318422188E+06-0.310239281E+06
-0.302056344E+06-0.293873406E+06-0.285690500E+06-0.277507562E+06-0.269324656E+06
-0.261141719E+06-0.252958797E+06-0.244775859E+06-0.236592938E+06-0.228410016E+06
 0.558131598E-01 0.487492345E-01 0.409248173E-01 0.323112644E-01 0.229827203E-01
 0.131160254E-01 0.296638045E-02-0.717400759E-02-0.149051240E-01-0.177628398E-01
-0.209862255E-01-0.267552529E-01-0.337062851E-01-0.394549258E-01-0.443399064E-01
-0.484760664E-01-0.518602356E-01-0.544220395E-01-0.559913032E-01-0.562198386E-01
-0.544361286E-01-0.529085994E-01-0.533942543E-01-0.554029010E-01-0.587406941E-01
-0.633987263E-01-0.695184469E-01-0.774147213E-01-0.876536444E-01-0.101022758E+00
-0.111537725E+00-0.117220186E+00-0.118681327E+00-0.115574919E+00-0.107711181E+00
-0.944482312E-01-0.780785233E-01-0.647150278E-01-0.534164496E-01-0.435756929E-01
-0.347910225E-01-0.267859288E-01-0.193656422E-01-0.123922499E-01-0.576847652E-02
 0.573687954E-03 0.668105809E-02 0.125848791E-01 0.183047373E-01 0.238513201E-01
 0.292284600E-01 0.344347320E-01 0.394648202E-01 0.443107300E-01 0.489629433E-01
 0.534115061E-01 0.576470532E-01 0.616616718E-01 0.654496253E-01 0.690078735E-01
 0.723363012E-01 0.754377469E-01 0.783178359E-01 0.809845626E-01 0.834478140E-01
 0.557470433E-01 0.476876348E-01 0.385455713E-01 0.281961616E-01 0.166500825E-01
 0.413025124E-02-0.757315941E-02-0.158896036E-01-0.202791393E-01-0.205962583E-01
-0.217703804E-01-0.251751728E-01-0.296990629E-01-0.342044234E-01-0.384057872E-01
-0.421913303E-01-0.454749838E-01-0.481652804E-01-0.501552708E-01-0.513325334E-01
-0.517075136E-01-0.522025451E-01-0.536795259E-01-0.562284812E-01-0.598792657E-01
-0.647174716E-01-0.709236413E-01-0.788220167E-01-0.889725983E-01-0.102112748E+00
-0.112519950E+00-0.118164480E+00-0.119565792E+00-0.116556160E+00-0.108830810E+00
-0.956542268E-01-0.794854313E-01-0.661173388E-01-0.546810366E-01-0.446005426E-01
-0.355050899E-01-0.271428637E-01-0.193367265E-01-0.119597139E-01-0.492040999E-02
 0.184643967E-02 0.838627014E-02 0.147291357E-01 0.208929013E-01 0.268856045E-01
 0.327073224E-01 0.383517370E-01 0.438076369E-01 0.490603782E-01 0.540934391E-01
 0.588899888E-01 0.634344518E-01 0.677139014E-01 0.717192218E-01 0.754458681E-01
 0.788941979E-01 0.820693448E-01 0.849807486E-01 0.876413137E-01 0.900664851E-01
 0.580934361E-01 0.495700762E-01 0.395708047E-01 0.276282672E-01 0.135825882E-01
 0.181624736E-02-0.661763083E-02-0.115134595E-01-0.127126630E-01-0.134263681E-01
-0.151038170E-01-0.177625213E-01-0.210882258E-01-0.247284956E-01-0.284126252E-01
-0.319628082E-01-0.352660231E-01-0.382542983E-01-0.409037620E-01-0.432544500E-01
-0.454447232E-01-0.477129258E-01-0.503131784E-01-0.534336790E-01-0.571991131E-01
-0.617043637E-01-0.670364797E-01-0.732745677E-01-0.804406330E-01-0.881353691E-01
-0.944146216E-01-0.979737118E-01-0.985437706E-01-0.959973410E-01-0.902438536E-01
-0.813811570E-01-0.708136708E-01-0.605177879E-01-0.508594923E-01-0.418126211E-01
-0.332913361E-01-0.252047796E-01-0.174718555E-01-0.100251734E-01-0.281136925E-02
 0.420978060E-02 0.110665467E-01 0.177763868E-01 0.243469458E-01 0.307769291E-01
 0.370569527E-01 0.431704856E-01 0.490950532E-01 0.548037961E-01 0.602674559E-01
 0.654567108E-01 0.703446940E-01 0.749094114E-01 0.791357160E-01 0.830165818E-01
 0.865535289E-01 0.897561088E-01 0.926406980E-01 0.952287689E-01 0.975449830E-01
 0.636228621E-01 0.555358306E-01 0.459403358E-01 0.344975144E-01 0.216373540E-01
 0.123794330E-01 0.737687387E-02 0.419102935E-02 0.122860447E-02-0.173420075E-02
-0.486689247E-02-0.823978428E-02-0.118241543E-01-0.155328754E-01-0.192641653E-01
-0.229287595E-01-0.264617167E-01-0.298270285E-01-0.330210328E-01-0.360758752E-01
-0.390594378E-01-0.420659445E-01-0.451965854E-01-0.485389158E-01-0.521534644E-01
-0.560657270E-01-0.602547005E-01-0.646274760E-01-0.689718872E-01-0.729047135E-01
-0.759050697E-01-0.774838328E-01-0.773185119E-01-0.752688795E-01-0.713732168E-01
-0.658761412E-01-0.592252500E-01-0.519252643E-01-0.443544164E-01-0.367270857E-01
-0.291455109E-01-0.216498151E-01-0.142487371E-01-0.693672197E-02 0.296630751E-03
 0.746126194E-02 0.145635447E-01 0.216043368E-01 0.285776462E-01 0.354696438E-01
 0.422579944E-01 0.489116162E-01 0.553911179E-01 0.616501942E-01 0.676382706E-01
 0.733042955E-01 0.786013007E-01 0.834910870E-01 0.879480466E-01 0.919615924E-01
 0.955366194E-01 0.986921191E-01 0.101458184E+00 0.103872105E+00 0.105974495E+00
 0.726474226E-01 0.658557191E-01 0.575987957E-01 0.480605252E-01 0.383051969E-01
 0.311676487E-01 0.251280405E-01 0.198191795E-01 0.149905169E-01 0.104584815E-01
 0.609297911E-02 0.181469007E-02-0.241014734E-02-0.658118445E-02-0.106785586E-01
-0.146762589E-01-0.185520276E-01-0.222937595E-01-0.259030741E-01-0.293963179E-01
-0.328026600E-01-0.361588970E-01-0.395015031E-01-0.428573824E-01-0.462347046E-01
-0.496139899E-01-0.529387258E-01-0.561055094E-01-0.589570403E-01-0.612862371E-01
-0.628602654E-01-0.634617135E-01-0.629296303E-01-0.611863062E-01-0.582484081E-01
-0.542238839E-01-0.492904298E-01-0.436554998E-01-0.375134684E-01-0.310194343E-01
-0.242838394E-01-0.173793249E-01-0.103509994E-01-0.322582270E-02 0.398006430E-02
 0.112558696E-01 0.185920317E-01 0.259769298E-01 0.333940126E-01 0.408191085E-01
 0.482177772E-01 0.555429496E-01 0.627333596E-01 0.697137713E-01 0.763982236E-01
 0.826967433E-01 0.885249600E-01 0.938142836E-01 0.985202566E-01 0.102627508E+00
 0.106150493E+00 0.109129705E+00 0.111624151E+00 0.113702014E+00 0.115432091E+00
 0.857788920E-01 0.812963694E-01 0.729462653E-01 0.636864081E-01 0.550127551E-01
 0.470809117E-01 0.399049856E-01 0.333756655E-01 0.273628831E-01 0.217500273E-01
 0.164433196E-01 0.113739809E-01 0.649687601E-02 0.178656192E-02-0.276823598E-02
-0.717049930E-02-0.114201019E-01-0.155176939E-01-0.194670204E-01-0.232755672E-01
-0.269534979E-01-0.305110272E-01-0.339544788E-01-0.372815840E-01-0.404765271E-01
-0.435052589E-01-0.463116616E-01-0.488155223E-01-0.509138964E-01-0.524874479E-01
-0.534125902E-01-0.535775274E-01-0.528984740E-01-0.513317212E-01-0.488789976E-01
-0.455852710E-01-0.415293947E-01-0.368097201E-01-0.315286778E-01-0.257805437E-01
-0.196444802E-01-0.131825693E-01-0.644108141E-02 0.546641997E-03 0.775683578E-02
 0.151719917E-01 0.227776896E-01 0.305594578E-01 0.384993739E-01 0.465720594E-01
 0.547396280E-01 0.629453883E-01 0.711065903E-01 0.791084021E-01 0.868041068E-01
 0.940276161E-01 0.100617938E+00 0.106445320E+00 0.111429259E+00 0.115547888E+00
 0.118840374E+00 0.121399313E+00 0.123350233E+00 0.124825031E+00 0.125941887E+00
 0.974799693E-01 0.945291445E-01 0.863822177E-01 0.767437667E-01 0.677908510E-01
 0.594761483E-01 0.517512597E-01 0.445603617E-01 0.378388874E-01 0.315212347E-01
 0.255476367E-01 0.198681224E-01 0.144438781E-01 0.924675912E-02 0.425761472E-02
-0.535963278E-03-0.514189294E-02-0.956545584E-02-0.138104698E-01-0.178796295E-01
-0.217739865E-01-0.254916269E-01-0.290257260E-01-0.323622487E-01-0.354775973E-01
-0.383366272E-01-0.408914648E-01-0.430816486E-01-0.448361896E-01-0.460778810E-01
-0.467299707E-01-0.467245355E-01-0.460112467E-01-0.445629209E-01-0.423767790E-01
-0.394727662E-01-0.358892642E-01-0.316769741E-01-0.268922187E-01-0.215909034E-01
-0.158240553E-01-0.963518769E-02-0.305927289E-02 0.387708959E-02 0.111547820E-01
 0.187608432E-01 0.266868509E-01 0.349269584E-01 0.434753150E-01 0.523223206E-01
 0.614486076E-01 0.708147958E-01 0.803436413E-01 0.898899809E-01 0.992034450E-01
 0.107934587E+00 0.115737259E+00 0.122362539E+00 0.127668500E+00 0.131614909E+00
 0.134285539E+00 0.135910392E+00 0.136801049E+00 0.137229010E+00 0.137382522E+00
 0.105998300E+00 0.103869647E+00 0.959602073E-01 0.864504799E-01 0.774682760E-01
 0.689911842E-01 0.609953888E-01 0.534490347E-01 0.463153385E-01 0.395557396E-01
 0.331329852E-01 0.270134825E-01 0.211687293E-01 0.155758141E-01 0.102172280E-01
 0.508025102E-02 0.156180671E-03-0.456036907E-02-0.907191448E-02-0.133781992E-01
-0.174758900E-01-0.213579126E-01-0.250124987E-01-0.284220912E-01-0.315622725E-01
-0.344009288E-01-0.368978269E-01-0.390048474E-01-0.406670198E-01-0.418245532E-01
-0.424163565E-01-0.423864536E-01-0.416979715E-01-0.403367057E-01-0.383028463E-01
-0.356088988E-01-0.322770737E-01-0.283364411E-01-0.238197632E-01-0.187604111E-01
-0.131897368E-01-0.713506667E-02-0.618359132E-03 0.634459360E-02 0.137445778E-01
 0.215791408E-01 0.298526771E-01 0.385764875E-01 0.477687754E-01 0.574544296E-01
 0.676639974E-01 0.784305260E-01 0.897807106E-01 0.101711527E+00 0.114070401E+00
 0.125652507E+00 0.135465935E+00 0.143318906E+00 0.149064735E+00 0.152557313E+00
 0.153670698E+00 0.152947232E+00 0.151783079E+00 0.150525182E+00 0.149305597E+00
 0.111798935E+00 0.110105328E+00 0.102637395E+00 0.933564454E-01 0.844756588E-01
 0.759972408E-01 0.679121688E-01 0.602036491E-01 0.528506078E-01 0.458302200E-01
 0.391197391E-01 0.326978713E-01 0.265457332E-01 0.206474140E-01 0.149902105E-01
 0.956463255E-02 0.436427630E-02-0.614311139E-03-0.537171215E-02-0.990558043E-02
-0.142104374E-01-0.182773136E-01-0.220932811E-01-0.256409347E-01-0.288978778E-01
-0.318362825E-01-0.344225280E-01-0.366168097E-01-0.383724459E-01-0.396340564E-01
-0.403329432E-01-0.403756164E-01-0.397267193E-01-0.384151042E-01-0.364521481E-01
-0.338531695E-01-0.306353439E-01-0.268182233E-01-0.224224795E-01-0.174684152E-01
-0.119745405E-01-0.595629029E-02 0.575159502E-03 0.761396997E-02 0.151607189E-01
 0.232236031E-01 0.318199545E-01 0.409783274E-01 0.507415310E-01 0.611713007E-01
 0.723557398E-01 0.844220445E-01 0.975601077E-01 0.112071380E+00 0.128175363E+00
 0.143017277E+00 0.155179456E+00 0.164602578E+00 0.171159849E+00 0.174513817E+00
 0.174510762E+00 0.170932353E+00 0.166943043E+00 0.163553372E+00 0.160740525E+00
 0.115515448E+00 0.114065550E+00 0.106944703E+00 0.978962183E-01 0.891792476E-01
 0.808007345E-01 0.727482289E-01 0.650082007E-01 0.575671978E-01 0.504120663E-01
 0.435301401E-01 0.369095579E-01 0.305396225E-01 0.244111884E-01 0.185169298E-01
 0.128515428E-01 0.741188647E-02 0.219707121E-02-0.279143732E-02-0.754970452E-02
-0.120711690E-01-0.163464602E-01-0.203631818E-01-0.241057295E-01-0.275551155E-01
-0.306888744E-01-0.334810540E-01-0.359022990E-01-0.379200615E-01-0.394990370E-01
-0.406021886E-01-0.408056155E-01-0.400571860E-01-0.387193933E-01-0.367384814E-01
-0.341401920E-01-0.309351999E-01-0.271382201E-01-0.227633175E-01-0.178227536E-01
-0.123266438E-01-0.628238032E-02 0.306215719E-03 0.743995141E-02 0.151255382E-01
 0.233771876E-01 0.322187170E-01 0.416864455E-01 0.518333539E-01 0.627352297E-01
 0.744999796E-01 0.872818381E-01 0.101302847E+00 0.116880171E+00 0.134429753E+00
 0.152243555E+00 0.166744709E+00 0.177818969E+00 0.185497358E+00 0.189720809E+00
 0.190059081E+00 0.186319157E+00 0.179701731E+00 0.174393624E+00 0.170257747E+00
 0.117513955E+00 0.116253957E+00 0.109088168E+00 0.100285694E+00 0.918306112E-01
 0.836558491E-01 0.757356957E-01 0.680590346E-01 0.606204458E-01 0.534161776E-01
 0.464426763E-01 0.396963172E-01 0.331735536E-01 0.268712845E-01 0.207871646E-01
 0.149199367E-01 0.926967524E-02 0.383800012E-02-0.137175177E-02-0.635438785E-02
-0.111027453E-01-0.156076085E-01-0.198576674E-01-0.238395352E-01-0.275378283E-01
-0.309353266E-01-0.340132527E-01-0.367517471E-01-0.391306542E-01-0.411308780E-01
-0.423647203E-01-0.428028628E-01-0.424222536E-01-0.412156545E-01-0.390923060E-01
-0.364251696E-01-0.331504345E-01-0.292947628E-01-0.248696711E-01-0.198804848E-01
-0.143308081E-01-0.822276343E-02-0.155621790E-02 0.567220384E-02 0.134702725E-01
 0.218515415E-01 0.308370907E-01 0.404577777E-01 0.507572144E-01 0.617956854E-01
 0.736553222E-01 0.864464939E-01 0.100315019E+00 0.115448691E+00 0.132082239E+00
 0.150413603E+00 0.166472688E+00 0.178891107E+00 0.187762409E+00 0.193112940E+00
 0.195033208E+00 0.193077818E+00 0.187179491E+00 0.180960312E+00 0.176383823E+00
 0.116796181E+00 0.115247943E+00 0.108773410E+00 0.100670986E+00 0.927036405E-01
 0.848493800E-01 0.771332383E-01 0.695753470E-01 0.621894971E-01 0.549848191E-01
 0.479672141E-01 0.411404297E-01 0.345069133E-01 0.280684754E-01 0.218268484E-01
 0.157840960E-01 0.994297955E-02 0.430722209E-02-0.111827988E-02-0.632730732E-02
-0.113122296E-01-0.160639938E-01-0.205721967E-01-0.248252694E-01-0.288107488E-01
-0.325155966E-01-0.359264612E-01-0.390300825E-01-0.418139473E-01-0.439123064E-01
-0.453014635E-01-0.459556542E-01-0.458488427E-01-0.449551828E-01-0.432455055E-01
-0.407063626E-01-0.372378044E-01-0.332547612E-01-0.287338216E-01-0.236573312E-01
-0.180214532E-01-0.118255969E-01-0.506896060E-02 0.225061830E-02 0.101374462E-01
 0.185987595E-01 0.276455749E-01 0.372935794E-01 0.475640111E-01 0.584843792E-01
 0.700888112E-01 0.824175701E-01 0.955152810E-01 0.109428197E+00 0.124204352E+00
 0.139921829E+00 0.155845240E+00 0.168281719E+00 0.177652523E+00 0.184175149E+00
 0.187735125E+00 0.188552558E+00 0.186246604E+00 0.181523606E+00 0.178166464E+00
 0.115501866E+00 0.113503508E+00 0.107428566E+00 0.999701321E-01 0.923883244E-01
 0.847882405E-01 0.772416517E-01 0.697903112E-01 0.624600276E-01 0.552677028E-01
 0.482248515E-01 0.413396619E-01 0.346182361E-01 0.280654952E-01 0.216858126E-01
 0.154834911E-01 0.946315285E-02 0.363002531E-02-0.200982369E-02-0.744932331E-02
-0.126803024E-01-0.176934935E-01-0.224786736E-01-0.270250496E-01-0.313219130E-01
-0.353594348E-01-0.391282476E-01-0.426193662E-01-0.454870611E-01-0.477125049E-01
-0.492723174E-01-0.501397885E-01-0.502857380E-01-0.496785715E-01-0.482832901E-01
-0.460597165E-01-0.429531746E-01-0.389008559E-01-0.343213044E-01-0.291459356E-01
-0.234013107E-01-0.170964375E-01-0.102338493E-01-0.281524844E-02 0.515754893E-02
 0.136826197E-01 0.227579009E-01 0.323808752E-01 0.425477438E-01 0.532517806E-01
 0.644803494E-01 0.762096792E-01 0.883957669E-01 0.100958094E+00 0.113747731E+00
 0.126477718E+00 0.138600454E+00 0.149406075E+00 0.158460781E+00 0.165612489E+00
 0.170835942E+00 0.174198374E+00 0.175910577E+00 0.176453456E+00 0.176510856E+00
 0.114898451E+00 0.112958923E+00 0.106507510E+00 0.988865718E-01 0.913055316E-01
 0.837654620E-01 0.762855858E-01 0.688863695E-01 0.615851581E-01 0.543955937E-01
 0.473282561E-01 0.403914601E-01 0.335920043E-01 0.269357376E-01 0.204280503E-01
 0.140742538E-01 0.787988771E-02 0.185098895E-02-0.400568079E-02-0.968242995E-02
-0.151704438E-01-0.204596296E-01-0.255385600E-01-0.303948298E-01-0.350167416E-01
-0.393991061E-01-0.435369164E-01-0.471049733E-01-0.500890613E-01-0.524687618E-01
-0.542189144E-01-0.553108305E-01-0.557132214E-01-0.553928837E-01-0.543151721E-01
-0.524446256E-01-0.497464575E-01-0.461922437E-01-0.417714082E-01-0.363770425E-01
-0.304673575E-01-0.240210928E-01-0.170239545E-01-0.947815180E-02-0.139171537E-02
 0.722425384E-02 0.163555406E-01 0.259839352E-01 0.360857323E-01 0.466293506E-01
 0.575717427E-01 0.688530654E-01 0.803890079E-01 0.920602530E-01 0.103699684E+00
 0.115082495E+00 0.125934005E+00 0.135971189E+00 0.144961387E+00 0.152757213E+00
 0.159301341E+00 0.164623648E+00 0.168839723E+00 0.172138527E+00 0.174739555E+00
 0.112948015E+00 0.110923313E+00 0.104610033E+00 0.969455987E-01 0.893388167E-01
 0.818004832E-01 0.743368119E-01 0.669549480E-01 0.596621670E-01 0.524653457E-01
 0.453707948E-01 0.383842774E-01 0.315111578E-01 0.247565713E-01 0.181256346E-01
 0.116236201E-01 0.525613548E-02-0.970693305E-03-0.705004623E-02-0.129741849E-01
-0.187341236E-01-0.243190229E-01-0.297149122E-01-0.349017754E-01-0.398466364E-01
-0.445715003E-01-0.487784334E-01-0.524583422E-01-0.555929765E-01-0.581578799E-01
-0.601241440E-01-0.614596903E-01-0.621302724E-01-0.621003285E-01-0.613336489E-01
-0.597939193E-01-0.574449785E-01-0.542504191E-01-0.501704328E-01-0.451507680E-01
-0.391293839E-01-0.325701982E-01-0.254090279E-01-0.176869687E-01-0.942831300E-02
-0.653439958E-03 0.861405674E-02 0.183451530E-01 0.285039302E-01 0.390457362E-01
 0.499146357E-01 0.610402338E-01 0.723340362E-01 0.836860985E-01 0.949632525E-01
 0.106011391E+00 0.116664052E+00 0.126757637E+00 0.136149198E+00 0.144731149E+00
 0.152439594E+00 0.159256414E+00 0.165205836E+00 0.170345068E+00 0.174749464E+00
 0.110274166E+00 0.108165964E+00 0.101709574E+00 0.939988792E-01 0.863786712E-01
 0.788464546E-01 0.713990331E-01 0.640339628E-01 0.567502789E-01 0.495485328E-01
 0.424304791E-01 0.353987440E-01 0.284565948E-01 0.216078032E-01 0.148565732E-01
 0.820755959E-02 0.166588393E-02-0.476281717E-02-0.110723674E-01-0.172560588E-01
-0.233067628E-01-0.292172451E-01-0.349810012E-01-0.405943468E-01-0.457636565E-01
-0.505201966E-01-0.548299104E-01-0.586636141E-01-0.619914904E-01-0.647813156E-01
-0.669982582E-01-0.686053187E-01-0.695640892E-01-0.698355287E-01-0.693807155E-01
-0.681615621E-01-0.661413074E-01-0.632848218E-01-0.595589131E-01-0.549334213E-01
-0.493869819E-01-0.429191701E-01-0.354254805E-01-0.274206419E-01-0.188990235E-01
-0.986504555E-02-0.344075321E-03 0.962887704E-02 0.200118907E-01 0.307558160E-01
 0.418029055E-01 0.530851781E-01 0.645229816E-01 0.760242790E-01 0.874851421E-01
 0.987922326E-01 0.109827317E+00 0.120473646E+00 0.130622953E+00 0.140181720E+00
 0.149075449E+00 0.157250673E+00 0.164674371E+00 0.171331495E+00 0.177221090E+00
 0.106517158E+00 0.104275808E+00 0.976708382E-01 0.899440199E-01 0.823526680E-01
 0.748694390E-01 0.674747750E-01 0.601550676E-01 0.529021434E-01 0.457118489E-01
 0.385827981E-01 0.315154567E-01 0.245115478E-01 0.175737143E-01 0.107053071E-01
 0.391029194E-02-0.280678691E-02-0.944083277E-02-0.159862190E-01-0.224368479E-01
-0.287862774E-01-0.350279473E-01-0.411555320E-01-0.468810312E-01-0.522091761E-01
-0.571362935E-01-0.616440512E-01-0.657058358E-01-0.692893267E-01-0.723578706E-01
-0.748715550E-01-0.767882094E-01-0.780644566E-01-0.786567032E-01-0.785221532E-01
-0.776196942E-01-0.759105980E-01-0.733590499E-01-0.699324086E-01-0.656010956E-01
-0.603376292E-01-0.541127399E-01-0.468827635E-01-0.385964699E-01-0.297783148E-01
-0.203788485E-01-0.104659712E-01-0.906408823E-04 0.107001681E-01 0.218575839E-01
 0.333278626E-01 0.450507142E-01 0.569583587E-01 0.689752102E-01 0.810182244E-01
 0.929979458E-01 0.104820266E+00 0.116388626E+00 0.127606377E+00 0.138378918E+00
 0.148615375E+00 0.158230007E+00 0.167143434E+00 0.175284296E+00 0.182591498E+00
 0.101206310E+00 0.987204909E-01 0.922463611E-01 0.846392065E-01 0.772028267E-01
 0.698695406E-01 0.626005456E-01 0.553770624E-01 0.481902212E-01 0.410361886E-01
 0.339138210E-01 0.268235672E-01 0.197668970E-01 0.127460370E-01 0.576385949E-02
-0.117616158E-02-0.806994922E-02-0.149128074E-01-0.216994062E-01-0.284237824E-01
-0.350793563E-01-0.416589528E-01-0.478875712E-01-0.537699312E-01-0.593014397E-01
-0.644684136E-01-0.692479983E-01-0.736095086E-01-0.775158107E-01-0.809247196E-01
-0.837902725E-01-0.860640407E-01-0.876964256E-01-0.886379555E-01-0.888405144E-01
-0.882585123E-01-0.868498310E-01-0.845765769E-01-0.814055428E-01-0.773083344E-01
-0.722611621E-01-0.662444755E-01-0.592435114E-01-0.512539148E-01-0.422944874E-01
-0.322701037E-01-0.217692442E-01-0.108122975E-01 0.569784548E-03 0.123390201E-01
 0.244516321E-01 0.368583724E-01 0.495044962E-01 0.623296276E-01 0.752676129E-01
 0.882463306E-01 0.101187401E+00 0.114005700E+00 0.126608491E+00 0.138894334E+00
 0.150751904E+00 0.162059590E+00 0.172686800E+00 0.182498202E+00 0.191361755E+00
 0.941162556E-01 0.911402330E-01 0.850032791E-01 0.780173466E-01 0.710056648E-01
 0.639614165E-01 0.568953641E-01 0.498147346E-01 0.427243672E-01 0.356276929E-01
 0.285273194E-01 0.214254502E-01 0.143241957E-01 0.722579751E-02 0.132813730E-03
-0.695173023E-02-0.140242232E-01-0.210803635E-01-0.281150751E-01-0.351224206E-01
-0.420955233E-01-0.487738512E-01-0.551649742E-01-0.612664632E-01-0.670663714E-01
-0.725436211E-01-0.776685700E-01-0.824038163E-01-0.867052823E-01-0.905233994E-01
-0.938044861E-01-0.964922011E-01-0.985290334E-01-0.998579189E-01-0.100423731E+00
-0.100174725E+00-0.990637988E-01-0.970494747E-01-0.940965489E-01-0.901763663E-01
-0.852665976E-01-0.793505833E-01-0.724161714E-01-0.644536391E-01-0.554506443E-01
-0.453786440E-01-0.342029892E-01-0.225417968E-01-0.104227616E-01 0.212246412E-02
 0.150588034E-01 0.283480249E-01 0.419487432E-01 0.558161251E-01 0.699012652E-01
 0.841500387E-01 0.985012874E-01 0.112884089E+00 0.127213746E+00 0.141386628E+00
 0.155273736E+00 0.168714538E+00 0.181513146E+00 0.193441540E+00 0.204254195E+00
 0.863766149E-01 0.828449354E-01 0.772496015E-01 0.708465278E-01 0.642173812E-01
 0.574425384E-01 0.505724289E-01 0.436348692E-01 0.366453081E-01 0.296124462E-01
 0.225412529E-01 0.154346935E-01 0.829475559E-02 0.112311635E-02-0.607842626E-02
-0.133076543E-01-0.205617100E-01-0.278369337E-01-0.351287052E-01-0.424313247E-01
-0.494991206E-01-0.563437827E-01-0.629665330E-01-0.693584532E-01-0.755007565E-01
-0.813651755E-01-0.869145319E-01-0.921034068E-01-0.968791917E-01-0.101183236E+00
-0.104952320E+00-0.108120292E+00-0.110619798E+00-0.112384185E+00-0.113349378E+00
-0.113455638E+00-0.112649180E+00-0.110883430E+00-0.108119935E+00-0.104328685E+00
-0.994879380E-01-0.935833007E-01-0.866061300E-01-0.785510242E-01-0.694123805E-01
-0.591802821E-01-0.478383414E-01-0.353605039E-01-0.223797914E-01-0.892355666E-02
 0.498075783E-02 0.193057973E-01 0.340243429E-01 0.491090901E-01 0.645319670E-01
 0.802627727E-01 0.962667316E-01 0.112500481E+00 0.128905699E+00 0.145399347E+00
 0.161859274E+00 0.178104013E+00 0.193867907E+00 0.208780333E+00 0.222375363E+00
 0.796310827E-01 0.758454725E-01 0.701540411E-01 0.637589544E-01 0.572229587E-01
 0.505705774E-01 0.438219383E-01 0.369913913E-01 0.300876070E-01 0.231150482E-01
 0.160755087E-01 0.896930695E-02 0.179616234E-02-0.544421701E-02-0.127517385E-01
-0.201256555E-01-0.275643673E-01-0.350652747E-01-0.426246114E-01-0.500114933E-01
-0.572426729E-01-0.643242523E-01-0.712517425E-01-0.780101195E-01-0.845739543E-01
-0.909076259E-01-0.969658047E-01-0.102694087E+00-0.108029962E+00-0.112904102E+00
-0.117241926E+00-0.120965429E+00-0.123995304E+00-0.126253173E+00-0.127663866E+00
-0.128157690E+00-0.127672404E+00-0.126154914E+00-0.123562448E+00-0.119863145E+00
-0.115035906E+00-0.109069534E+00-0.101960979E+00-0.937129334E-01-0.843306035E-01
-0.738180205E-01-0.621740744E-01-0.493880250E-01-0.354342125E-01-0.209568422E-01
-0.597640034E-02 0.949042011E-02 0.254312269E-01 0.418383405E-01 0.587089285E-01
 0.760445595E-01 0.938499197E-01 0.112130016E+00 0.130885005E+00 0.150100678E+00
 0.169731259E+00 0.189667597E+00 0.209677190E+00 0.229281455E+00 0.247515768E+00
 0.729117319E-01 0.688953772E-01 0.629695803E-01 0.565068237E-01 0.499781184E-01
 0.433810949E-01 0.367135070E-01 0.299713351E-01 0.231493618E-01 0.162417945E-01
 0.924286433E-02 0.214727828E-02-0.504947174E-02-0.123509141E-01-0.197594836E-01
-0.272764694E-01-0.349019766E-01-0.426348746E-01-0.502584837E-01-0.577953570E-01
-0.652574897E-01-0.726461932E-01-0.799518302E-01-0.871536583E-01-0.942196995E-01
-0.101106815E+00-0.107760973E+00-0.114117898E+00-0.120103978E+00-0.125637621E+00
-0.130631045E+00-0.134992346E+00-0.138628036E+00-0.141445711E+00-0.143356860E+00
-0.144279718E+00-0.144141749E+00-0.142881870E+00-0.140452057E+00-0.136818185E+00
-0.131960079E+00-0.125870645E+00-0.118554048E+00-0.110023081E+00-0.100295648E+00
-0.893906131E-01-0.773230642E-01-0.640989691E-01-0.497092344E-01-0.341229886E-01
-0.179933440E-01-0.132797018E-02 0.158741847E-01 0.336245745E-01 0.519468896E-01
 0.708786026E-01 0.904724523E-01 0.110798016E+00 0.131943122E+00 0.154014856E+00
 0.177138999E+00 0.201455548E+00 0.227101028E+00 0.254110813E+00 0.281007051E+00
 0.656319931E-01 0.613570511E-01 0.553461313E-01 0.488286316E-01 0.423199981E-01
 0.357978679E-01 0.292365681E-01 0.226114579E-01 0.159008540E-01 0.908657629E-02
 0.215381384E-02-0.490926160E-02-0.121118929E-01-0.194610674E-01-0.269617978E-01
-0.346174128E-01-0.424297899E-01-0.501952879E-01-0.579425320E-01-0.656900853E-01
-0.734460950E-01-0.812078193E-01-0.889610946E-01-0.966798440E-01-0.104325734E+00
-0.111847967E+00-0.119183443E+00-0.126257241E+00-0.132983506E+00-0.139266968E+00
-0.145004839E+00-0.150089279E+00-0.154410377E+00-0.157859311E+00-0.160331950E+00
-0.161732197E+00-0.161975339E+00-0.160990790E+00-0.158724263E+00-0.155138969E+00
-0.150215909E+00-0.143953010E+00-0.136363119E+00-0.127471045E+00-0.117309548E+00
-0.105914593E+00-0.933199301E-01-0.795510784E-01-0.646188259E-01-0.485120639E-01
-0.311898198E-01-0.133136939E-01 0.512532331E-02 0.241518151E-01 0.438109823E-01
 0.641713515E-01 0.853286386E-01 0.107411891E+00 0.130592853E+00 0.155099943E+00
 0.181240097E+00 0.209435225E+00 0.240292713E+00 0.274762720E+00 0.311099857E+00
 0.576077141E-01 0.530504324E-01 0.469330251E-01 0.404416434E-01 0.340609252E-01
 0.277247839E-01 0.213709790E-01 0.149490908E-01 0.842051208E-02 0.175622792E-02
-0.506557664E-02-0.120614255E-01-0.192438457E-01-0.266220924E-01-0.342025496E-01
-0.419896543E-01-0.497905873E-01-0.576395057E-01-0.655614808E-01-0.735719875E-01
-0.816761628E-01-0.898679793E-01-0.981293991E-01-0.106429525E+00-0.114723951E+00
-0.122954316E+00-0.131048188E+00-0.138919443E+00-0.146469116E+00-0.153586969E+00
-0.160153627E+00-0.166043416E+00-0.171127811E+00-0.175279364E+00-0.178375930E+00
-0.180304945E+00-0.180967540E+00-0.180282086E+00-0.178187013E+00-0.174642429E+00
-0.169630751E+00-0.163155764E+00-0.155240476E+00-0.145923644E+00-0.135255247E+00
-0.123290993E+00-0.110086188E+00-0.956891328E-01-0.801341608E-01-0.634344891E-01
-0.455746427E-01-0.265022051E-01-0.689477706E-02 0.132685509E-01 0.340462290E-01
 0.555258170E-01 0.778264180E-01 0.101106703E+00 0.125577837E+00 0.151522249E+00
 0.179320395E+00 0.209486708E+00 0.242711172E+00 0.279886305E+00 0.320084840E+00
 0.483138934E-01 0.434119627E-01 0.371897370E-01 0.309926886E-01 0.250286218E-01
 0.191227868E-01 0.131647503E-01 0.708591612E-02 0.842202979E-03-0.559623586E-02
-0.122508230E-01-0.191378891E-01-0.262704603E-01-0.336585343E-01-0.413064137E-01
-0.490276329E-01-0.568597354E-01-0.648330748E-01-0.729699880E-01-0.812837407E-01
-0.897773430E-01-0.984423533E-01-0.107257597E+00-0.116188012E+00-0.125183612E+00
-0.134178728E+00-0.143091649E+00-0.151824802E+00-0.160265535E+00-0.168287724E+00
-0.175754145E+00-0.182519704E+00-0.188435450E+00-0.193353266E+00-0.197130933E+00
-0.199637383E+00-0.200757772E+00-0.200397953E+00-0.198488027E+00-0.194984585E+00
-0.189871565E+00-0.183159411E+00-0.174882591E+00-0.165095672E+00-0.153867990E+00
-0.141277447E+00-0.127403393E+00-0.112319343E+00-0.960854366E-01-0.787412450E-01
-0.602994673E-01-0.407420509E-01-0.200226977E-01 0.109084731E-02 0.227022003E-01
 0.449114889E-01 0.678355396E-01 0.916208923E-01 0.116456576E+00 0.142590150E+00
 0.170350686E+00 0.200183287E+00 0.232703254E+00 0.268774718E+00 0.307768136E+00
 0.360442027E-01 0.303272922E-01 0.251263753E-01 0.202286448E-01 0.152990716E-01
 0.101911966E-01 0.485399878E-02-0.738023664E-03-0.660079950E-02-0.127460277E-01
-0.191836860E-01-0.259238835E-01-0.329792947E-01-0.403699428E-01-0.478959903E-01
-0.555913262E-01-0.634886995E-01-0.716160461E-01-0.799943060E-01-0.886357278E-01
-0.975422785E-01-0.106704049E+00-0.116097622E+00-0.125684544E+00-0.135409936E+00
-0.145201340E+00-0.154968157E+00-0.164601490E+00-0.173974887E+00-0.182945952E+00
-0.191358879E+00-0.199048191E+00-0.205843225E+00-0.211573705E+00-0.216075733E+00
-0.219198182E+00-0.220808700E+00-0.220799372E+00-0.219091088E+00-0.215636462E+00
-0.210420996E+00-0.203462347E+00-0.194807500E+00-0.184528247E+00-0.172715142E+00
-0.159470156E+00-0.144898668E+00-0.129100874E+00-0.112162843E+00-0.941470936E-01
-0.750817284E-01-0.549457371E-01-0.336440727E-01-0.119342711E-01 0.101749469E-01
 0.327256508E-01 0.557881743E-01 0.794550031E-01 0.103840806E+00 0.129084989E+00
 0.155355930E+00 0.182858005E+00 0.211849943E+00 0.242725626E+00 0.275475353E+00
 0.224855468E-01 0.155059360E-01 0.122444825E-01 0.940203294E-02 0.578024657E-02
 0.159385533E-02-0.305665983E-02-0.812204834E-02-0.135766054E-01-0.194065385E-01
-0.256044008E-01-0.321658216E-01-0.390867256E-01-0.463600494E-01-0.538241416E-01
-0.615293533E-01-0.695146918E-01-0.778105110E-01-0.864387751E-01-0.954121724E-01
-0.104732677E+00-0.114389844E+00-0.124358892E+00-0.134598821E+00-0.145050690E+00
-0.155636072E+00-0.166256174E+00-0.176791400E+00-0.187101960E+00-0.197029456E+00
-0.206399634E+00-0.215026394E+00-0.222717002E+00-0.229278401E+00-0.234524280E+00
-0.238282502E+00-0.240402371E+00-0.240761399E+00-0.239270598E+00-0.235878184E+00
-0.230571166E+00-0.223374560E+00-0.214348421E+00-0.203582674E+00-0.191190153E+00
-0.177298531E+00-0.162041217E+00-0.145548195E+00-0.127936885E+00-0.109303668E+00
-0.897166207E-01-0.692107677E-01-0.477896556E-01-0.254441909E-01-0.297665666E-02
 0.196784437E-01 0.425675474E-01 0.657298043E-01 0.891974866E-01 0.112989239E+00
 0.137094691E+00 0.161443129E+00 0.185837209E+00 0.209807336E+00 0.232370228E+00
 0.130846212E-01 0.566831836E-02 0.289970730E-02 0.680136145E-03-0.226883148E-02
-0.584844919E-02-0.998483878E-02-0.146257505E-01-0.197362602E-01-0.252937637E-01
-0.312839150E-01-0.376971290E-01-0.445239134E-01-0.516129285E-01-0.589952171E-01
-0.667048469E-01-0.747740120E-01-0.832304135E-01-0.920952335E-01-0.101381160E+00
-0.111090407E+00-0.121212468E+00-0.131721869E+00-0.142575905E+00-0.153712466E+00
-0.165048182E+00-0.176477119E+00-0.187870160E+00-0.199075297E+00-0.209919259E+00
-0.220210329E+00-0.229742751E+00-0.238302469E+00-0.245674267E+00-0.251649737E+00
-0.256035954E+00-0.258663952E+00-0.259396434E+00-0.258134365E+00-0.254821211E+00
-0.249445200E+00-0.242038369E+00-0.232673571E+00-0.221458539E+00-0.208528280E+00
-0.194035947E+00-0.178142905E+00-0.161008671E+00-0.142781049E+00-0.123587042E+00
-0.103524141E+00-0.826515406E-01-0.609788969E-01-0.384458750E-01-0.158578698E-01
 0.673229201E-02 0.293037202E-01 0.518383794E-01 0.743055195E-01 0.966481417E-01
 0.118766196E+00 0.140493572E+00 0.161568835E+00 0.181608737E+00 0.200112268E+00
 0.697754696E-02-0.621257350E-03-0.368491979E-02-0.575834746E-02-0.844728854E-02
-0.117273694E-01-0.155653479E-01-0.199313574E-01-0.248018671E-01-0.301605165E-01
-0.359986946E-01-0.423179902E-01-0.489448495E-01-0.559044778E-01-0.632270575E-01
-0.709444061E-01-0.790871382E-01-0.876823291E-01-0.967512801E-01-0.106307246E+00
-0.116353117E+00-0.126878858E+00-0.137858972E+00-0.149249807E+00-0.160987079E+00
-0.172983691E+00-0.185128018E+00-0.197282985E+00-0.209286287E+00-0.220951751E+00
-0.232072368E+00-0.242424890E+00-0.251776099E+00-0.259890586E+00-0.266539752E+00
-0.271511436E+00-0.274619430E+00-0.275712579E+00-0.274682015E+00-0.271466434E+00
-0.266054541E+00-0.258484572E+00-0.248840690E+00-0.237246856E+00-0.223858356E+00
-0.208851799E+00-0.192414373E+00-0.174733087E+00-0.155984566E+00-0.136325985E+00
-0.115887500E+00-0.947669148E-01-0.730275586E-01-0.507032275E-01-0.278207939E-01
-0.523793697E-02 0.170599353E-01 0.390510261E-01 0.606866963E-01 0.818898603E-01
 0.102549009E+00 0.122511059E+00 0.141576558E+00 0.159502164E+00 0.176015899E+00
 0.260931090E-02-0.513120415E-02-0.818125531E-02-0.102246637E-01-0.128286378E-01
-0.159828048E-01-0.196726602E-01-0.238839518E-01-0.286044516E-01-0.338239148E-01
-0.395320617E-01-0.457127616E-01-0.522184931E-01-0.590922609E-01-0.663721934E-01
-0.740936548E-01-0.822890699E-01-0.909867659E-01-0.100209169E+00-0.109970696E+00
-0.120275334E+00-0.131113961E+00-0.142461523E+00-0.154274181E+00-0.166486472E+00
-0.179008871E+00-0.191725746E+00-0.204494238E+00-0.217144161E+00-0.229479402E+00
-0.241280869E+00-0.252311289E+00-0.262321919E+00-0.271060735E+00-0.278282344E+00
-0.283758342E+00-0.287287891E+00-0.288707644E+00-0.287900001E+00-0.284798920E+00
-0.279392868E+00-0.271724463E+00-0.261886865E+00-0.250017017E+00-0.236286670E+00
-0.220891744E+00-0.204040766E+00-0.185943440E+00-0.166799903E+00-0.146791145E+00
-0.126070917E+00-0.104758821E+00-0.829337686E-01-0.606251247E-01-0.377945192E-01
-0.152981170E-01 0.677483156E-02 0.283635017E-01 0.494060442E-01 0.698266402E-01
 0.895294026E-01 0.108396217E+00 0.126288101E+00 0.143050790E+00 0.158525392E+00
-0.657895143E-04-0.788410194E-02-0.108514372E-01-0.129297329E-01-0.155445617E-01
-0.186741538E-01-0.223095417E-01-0.264475495E-01-0.310887415E-01-0.362369865E-01
-0.419010743E-01-0.479152463E-01-0.543026589E-01-0.610950440E-01-0.683269948E-01
-0.760331601E-01-0.842462927E-01-0.929954648E-01-0.102304056E+00-0.112187572E+00
-0.122651078E+00-0.133686438E+00-0.145269364E+00-0.157356367E+00-0.169881731E+00
-0.182754844E+00-0.195857972E+00-0.209044859E+00-0.222140566E+00-0.234942630E+00
-0.247224078E+00-0.258738279E+00-0.269225806E+00-0.278423190E+00-0.286073029E+00
-0.291935176E+00-0.295797914E+00-0.297488660E+00-0.296882629E+00-0.293909550E+00
-0.288556635E+00-0.280868739E+00-0.270944327E+00-0.258928806E+00-0.245005071E+00
-0.229382247E+00-0.212283790E+00-0.193935499E+00-0.174554527E+00-0.154339656E+00
-0.133463621E+00-0.112067454E+00-0.902574658E-01-0.681060255E-01-0.456592888E-01
-0.229622498E-01-0.930624723E-03 0.204410125E-01 0.411239453E-01 0.610655770E-01
 0.801943839E-01 0.984235853E-01 0.115655355E+00 0.131786451E+00 0.146715418E+00
-0.677082979E-03-0.841949414E-02-0.117324255E-01-0.140035618E-01-0.167353805E-01
-0.199085232E-01-0.235355683E-01-0.276332553E-01-0.322159529E-01-0.372956097E-01
-0.428822935E-01-0.488085039E-01-0.551135056E-01-0.618350990E-01-0.690102801E-01
-0.766747892E-01-0.848620534E-01-0.936017334E-01-0.102917828E+00-0.112826541E+00
-0.123333715E+00-0.134432063E+00-0.146098107E+00-0.158289120E+00-0.170939907E+00
-0.183960125E+00-0.197231844E+00-0.210608125E+00-0.223912612E+00-0.236940667E+00
-0.249462277E+00-0.261226952E+00-0.271970540E+00-0.281424195E+00-0.289324522E+00
-0.295425266E+00-0.299508631E+00-0.301396400E+00-0.300959051E+00-0.298122674E+00
-0.292872339E+00-0.285252303E+00-0.275362253E+00-0.263350427E+00-0.249404103E+00
-0.233738229E+00-0.216583222E+00-0.198172763E+00-0.178732544E+00-0.158470392E+00
-0.137568265E+00-0.116176084E+00-0.944074169E-01-0.723364800E-01-0.499951541E-01
-0.273667928E-01-0.543399435E-02 0.157850217E-01 0.362576246E-01 0.559365675E-01
 0.747616515E-01 0.926624984E-01 0.109562285E+00 0.125382364E+00 0.140047729E+00
 0.370001217E-03-0.698436750E-02-0.110689932E-01-0.138364248E-01-0.166822094E-01
-0.198610462E-01-0.234520882E-01-0.274943225E-01-0.320117846E-01-0.370217040E-01
-0.425376371E-01-0.483918935E-01-0.546248145E-01-0.612744167E-01-0.683774799E-01
-0.759693906E-01-0.840832293E-01-0.927483886E-01-0.101988800E+00-0.111820720E+00
-0.122250289E+00-0.133270711E+00-0.144859254E+00-0.156974182E+00-0.169551596E+00
-0.182502657E+00-0.195711225E+00-0.209032282E+00-0.222291619E+00-0.235286742E+00
-0.247789785E+00-0.259552211E+00-0.270311505E+00-0.279800057E+00-0.287755191E+00
-0.293930620E+00-0.298107892E+00-0.300107360E+00-0.299797416E+00-0.297101438E+00
-0.292001456E+00-0.284538358E+00-0.274808407E+00-0.262956679E+00-0.249167606E+00
-0.233653784E+00-0.216643944E+00-0.198370770E+00-0.179059699E+00-0.158918917E+00
-0.138131246E+00-0.116847627E+00-0.951823294E-01-0.732089728E-01-0.509568118E-01
-0.284062419E-01-0.654659420E-02 0.145971235E-01 0.349887386E-01 0.545802005E-01
 0.733125657E-01 0.911183134E-01 0.107924782E+00 0.123658448E+00 0.138249829E+00
-0.212319806E-03-0.792795885E-02-0.109995930E-01-0.130677456E-01-0.156253520E-01
-0.186383016E-01-0.221106000E-01-0.260546859E-01-0.304836873E-01-0.354113765E-01
-0.408550352E-01-0.466487855E-01-0.528188683E-01-0.593963005E-01-0.664140433E-01
-0.739051476E-01-0.819011182E-01-0.904301852E-01-0.995154232E-01-0.109172568E+00
-0.119407512E+00-0.130213663E+00-0.141568944E+00-0.153432846E+00-0.165743440E+00
-0.178414613E+00-0.191333815E+00-0.204360619E+00-0.217326254E+00-0.230034605E+00
-0.242264912E+00-0.253776252E+00-0.264314085E+00-0.273618430E+00-0.281433821E+00
-0.287520111E+00-0.291663498E+00-0.293687135E+00-0.293460131E+00-0.290904194E+00
-0.285997510E+00-0.278774977E+00-0.269325137E+00-0.257783920E+00-0.244325772E+00
-0.229153007E+00-0.212484077E+00-0.194541946E+00-0.175543189E+00-0.155688152E+00
-0.135153115E+00-0.114084065E+00-0.925921872E-01-0.707507059E-01-0.485917181E-01
-0.260997061E-01-0.426310394E-02 0.168953743E-01 0.373382792E-01 0.570130087E-01
 0.758533403E-01 0.937822089E-01 0.110715561E+00 0.126567289E+00 0.141255006E+00
 0.143903669E-02-0.621920684E-02-0.913880765E-02-0.109416032E-01-0.132673699E-01
-0.161051415E-01-0.194439683E-01-0.232781228E-01-0.276051685E-01-0.324243642E-01
-0.377350226E-01-0.435331650E-01-0.496779382E-01-0.562003143E-01-0.631321371E-01
-0.705050379E-01-0.783491209E-01-0.866913125E-01-0.955535844E-01-0.104950808E+00
-0.114888415E+00-0.125359818E+00-0.136343688E+00-0.147801042E+00-0.159672588E+00
-0.171876103E+00-0.184304371E+00-0.196823806E+00-0.209274158E+00-0.221469402E+00
-0.233200327E+00-0.244238645E+00-0.254343152E+00-0.263267368E+00-0.270768732E+00
-0.276618600E+00-0.280612648E+00-0.282580584E+00-0.282394737E+00-0.279976249E+00
-0.275298893E+00-0.268389374E+00-0.259324700E+00-0.248226538E+00-0.235253066E+00
-0.220589027E+00-0.204434857E+00-0.186995730E+00-0.168471009E+00-0.149045065E+00
-0.128879502E+00-0.108107500E+00-0.868305042E-01-0.651186109E-01-0.430180579E-01
-0.205761045E-01 0.128050637E-02 0.225494131E-01 0.431930684E-01 0.631485879E-01
 0.823324472E-01 0.100644045E+00 0.117970139E+00 0.134191066E+00 0.149188876E+00
 0.450742012E-02-0.304150349E-02-0.550903566E-02-0.715910690E-02-0.936334394E-02
-0.121035669E-01-0.153648686E-01-0.191325452E-01-0.233941060E-01-0.281398185E-01
-0.333624817E-01-0.390570238E-01-0.452209190E-01-0.517164059E-01-0.585743338E-01
-0.658252463E-01-0.734981075E-01-0.816187263E-01-0.902080461E-01-0.992801338E-01
-0.108840026E+00-0.118881270E+00-0.129383489E+00-0.140309736E+00-0.151604086E+00
-0.163189232E+00-0.174964815E+00-0.186806098E+00-0.198563814E+00-0.210065097E+00
-0.221115723E+00-0.231504098E+00-0.241006643E+00-0.249394864E+00-0.256443530E+00
-0.261939794E+00-0.265692443E+00-0.267540842E+00-0.267362565E+00-0.265079111E+00
-0.260659516E+00-0.254120678E+00-0.245525286E+00-0.234976754E+00-0.222611979E+00
-0.208592370E+00-0.193094000E+00-0.176297262E+00-0.158377081E+00-0.139493808E+00
-0.119785160E+00-0.993591025E-01-0.782868341E-01-0.565933548E-01-0.342386253E-01
-0.120874690E-01 0.976205152E-02 0.312395580E-01 0.522718281E-01 0.727688968E-01
 0.926172286E-01 0.111677036E+00 0.129783660E+00 0.146754086E+00 0.162399203E+00
 0.988241564E-02 0.257153111E-02-0.385395033E-04-0.162451202E-02-0.380364526E-02
-0.654900400E-02-0.982779823E-02-0.136109786E-01-0.178755447E-01-0.226045903E-01
-0.277864803E-01-0.334139429E-01-0.394834168E-01-0.459946208E-01-0.528056808E-01
-0.599468388E-01-0.674466044E-01-0.753302872E-01-0.836183578E-01-0.923245549E-01
-0.101453900E+00-0.111000553E+00-0.120945536E+00-0.131254524E+00-0.141875684E+00
-0.152737677E+00-0.163748160E+00-0.174792841E+00-0.185735300E+00-0.196417943E+00
-0.206664115E+00-0.216281533E+00-0.225067228E+00-0.232813641E+00-0.239315853E+00
-0.244379580E+00-0.247829273E+00-0.249515906E+00-0.249323741E+00-0.247175440E+00
-0.243035167E+00-0.236909211E+00-0.228844151E+00-0.218922600E+00-0.207256868E+00
-0.193981141E+00-0.179242566E+00-0.163191989E+00-0.145974800E+00-0.127722472E+00
-0.108545050E+00-0.885253400E-01-0.677160919E-01-0.461440906E-01-0.238324776E-01
-0.164914737E-02 0.204148274E-01 0.423301607E-01 0.640376434E-01 0.854450762E-01
 0.106419533E+00 0.126778513E+00 0.146283954E+00 0.164644927E+00 0.181535706E+00
 0.170198567E-01 0.100079244E-01 0.749361468E-02 0.584474113E-02 0.351540023E-02
 0.594536599E-03-0.284758676E-02-0.676338887E-02-0.111220041E-01-0.159038790E-01
-0.210970864E-01-0.266950037E-01-0.326948948E-01-0.390970707E-01-0.459043309E-01
-0.529648140E-01-0.603079535E-01-0.679597631E-01-0.759413019E-01-0.842669606E-01
-0.929425582E-01-0.101963505E+00-0.111312903E+00-0.120959669E+00-0.130856797E+00
-0.140939698E+00-0.151125059E+00-0.161310032E+00-0.171372280E+00-0.181170806E+00
-0.190547854E+00-0.199331999E+00-0.207342312E+00-0.214393675E+00-0.220302969E+00
-0.224895835E+00-0.228013590E+00-0.229519948E+00-0.229306668E+00-0.227298066E+00
-0.223453715E+00-0.217769042E+00-0.210273892E+00-0.201029003E+00-0.190120533E+00
-0.177653342E+00-0.163743138E+00-0.148508117E+00-0.132060409E+00-0.114497714E+00
-0.958946422E-01-0.762932822E-01-0.556900650E-01-0.340127163E-01-0.120668998E-01
 0.100956205E-01 0.324545763E-01 0.549907535E-01 0.776689053E-01 0.100422025E+00
 0.123131394E+00 0.145598978E+00 0.167512327E+00 0.188412592E+00 0.207699373E+00
 0.266350992E-01 0.201028697E-01 0.176945925E-01 0.155110229E-01 0.126245692E-01
 0.924066082E-02 0.543934247E-02 0.125694880E-02-0.328860478E-02-0.818837713E-02
-0.134383775E-01-0.190376900E-01-0.249875374E-01-0.312908143E-01-0.379518494E-01
-0.449762568E-01-0.521962233E-01-0.596401989E-01-0.673316345E-01-0.752872303E-01
-0.835146904E-01-0.920114219E-01-0.100763179E+00-0.109742694E+00-0.118908338E+00
-0.128202945E+00-0.137552783E+00-0.146867141E+00-0.156038284E+00-0.164942339E+00
-0.173440903E+00-0.181383714E+00-0.188612163E+00-0.194963813E+00-0.200277418E+00
-0.204398751E+00-0.207186222E+00-0.208516419E+00-0.208289012E+00-0.206430331E+00
-0.202895790E+00-0.197670400E+00-0.190767705E+00-0.182226717E+00-0.172107533E+00
-0.160485402E+00-0.147443995E+00-0.133068055E+00-0.117435925E+00-0.100612327E+00
-0.826421604E-01-0.635457486E-01-0.433171093E-01-0.219262540E-01-0.167590406E-03
 0.220374446E-01 0.447467528E-01 0.680096969E-01 0.918671563E-01 0.116343401E+00
 0.141427651E+00 0.167036548E+00 0.192934662E+00 0.218560070E+00 0.242735118E+00
 0.406998768E-01 0.355003141E-01 0.310263541E-01 0.270137135E-01 0.230571330E-01
 0.189682115E-01 0.146777667E-01 0.101519497E-01 0.537087396E-02 0.321299856E-03
-0.500649819E-02-0.106203174E-01-0.165269449E-01-0.227327570E-01-0.292441640E-01
-0.360680185E-01-0.432120077E-01-0.504870601E-01-0.579221584E-01-0.655403957E-01
-0.733517408E-01-0.813557729E-01-0.895409733E-01-0.978840813E-01-0.106349230E+00
-0.114887021E+00-0.123433776E+00-0.131911084E+00-0.140225962E+00-0.148271516E+00
-0.155928373E+00-0.163066879E+00-0.169550106E+00-0.175237402E+00-0.179988697E+00
-0.183669060E+00-0.186153397E+00-0.187330902E+00-0.187109038E+00-0.185416520E+00
-0.182205260E+00-0.177450880E+00-0.171151772E+00-0.163326681E+00-0.154010907E+00
-0.143251240E+00-0.131099969E+00-0.117608063E+00-0.102817982E+00-0.867563263E-01
-0.694270208E-01-0.508070700E-01-0.308503881E-01-0.102372458E-01 0.110605946E-01
 0.331086554E-01 0.559980609E-01 0.798436478E-01 0.104785793E+00 0.130994096E+00
 0.158672437E+00 0.188067600E+00 0.219490945E+00 0.253415138E+00 0.289828837E+00
 0.524946600E-01 0.479782708E-01 0.431092940E-01 0.383094177E-01 0.336644463E-01
 0.290425271E-01 0.243519861E-01 0.195331685E-01 0.145469857E-01 0.936703291E-02
 0.397478463E-02-0.164330995E-02-0.749761751E-02-0.135964863E-01-0.199470893E-01
-0.265561901E-01-0.334312022E-01-0.405821875E-01-0.477990061E-01-0.551340692E-01
-0.625867918E-01-0.701578856E-01-0.778373182E-01-0.856055245E-01-0.934327170E-01
-0.101277784E+00-0.109087415E+00-0.116795696E+00-0.124324113E+00-0.131582215E+00
-0.138468787E+00-0.144873694E+00-0.150680244E+00-0.155768201E+00-0.160017177E+00
-0.163310245E+00-0.165537715E+00-0.166600704E+00-0.166414246E+00-0.164909780E+00
-0.162036583E+00-0.157762334E+00-0.152072266E+00-0.144967169E+00-0.136460215E+00
-0.126572549E+00-0.115327820E+00-0.102745734E+00-0.888341665E-01-0.735794082E-01
-0.569319502E-01-0.387817323E-01-0.198382065E-01-0.822404836E-04 0.205453113E-01
 0.421396121E-01 0.648326874E-01 0.887991861E-01 0.114267372E+00 0.141536504E+00
 0.171003565E+00 0.203204438E+00 0.238878712E+00 0.279063880E+00 0.323009044E+00
 0.623865537E-01 0.582858697E-01 0.535243526E-01 0.486382283E-01 0.437996835E-01
 0.389569923E-01 0.340622105E-01 0.290756095E-01 0.239663310E-01 0.187110566E-01
 0.132922884E-01 0.769686140E-02 0.191484950E-02-0.406114943E-02-0.102363797E-01
-0.166138858E-01-0.231938511E-01-0.299716778E-01-0.369331986E-01-0.441076607E-01
-0.512880795E-01-0.585170723E-01-0.657791942E-01-0.730587244E-01-0.803339332E-01
-0.875734836E-01-0.947353169E-01-0.101766191E+00-0.108601734E+00-0.115167074E+00
-0.121377900E+00-0.127142027E+00-0.132361367E+00-0.136934236E+00-0.140758127E+00
-0.143732533E+00-0.145761907E+00-0.146758452E+00-0.146644503E+00-0.145354584E+00
-0.142836452E+00-0.139051542E+00-0.133974373E+00-0.127590835E+00-0.119895637E+00
-0.110888675E+00-0.100570492E+00-0.889370069E-01-0.759739652E-01-0.616522767E-01
-0.459279567E-01-0.287569650E-01-0.108656622E-01 0.785484258E-02 0.275109410E-01
 0.482267961E-01 0.701577961E-01 0.935035720E-01 0.118524477E+00 0.145564392E+00
 0.175083101E+00 0.207700029E+00 0.244245276E+00 0.285793394E+00 0.331242681E+00
 0.713200346E-01 0.675739348E-01 0.630731732E-01 0.582980290E-01 0.534787327E-01
 0.486008935E-01 0.436473452E-01 0.386014543E-01 0.334483199E-01 0.281751789E-01
 0.227714255E-01 0.172284450E-01 0.115394453E-01 0.569936400E-02-0.295151112E-03
-0.644563185E-02-0.127515877E-01-0.192102976E-01-0.258170310E-01-0.325670801E-01
-0.394454859E-01-0.464777797E-01-0.534353629E-01-0.603257790E-01-0.671469197E-01
-0.738803744E-01-0.804966316E-01-0.869553462E-01-0.932054669E-01-0.991863906E-01
-0.104829177E+00-0.110057794E+00-0.114790775E+00-0.118943110E+00-0.122428328E+00
-0.125160694E+00-0.127057478E+00-0.128041133E+00-0.128041163E+00-0.126995549E+00
-0.124851726E+00-0.121566765E+00-0.117106929E+00-0.111446396E+00-0.104565136E+00
-0.964459106E-01-0.870701820E-01-0.764126480E-01-0.644333586E-01-0.510653034E-01
-0.361914337E-01-0.205160081E-01-0.403406052E-02 0.133085195E-01 0.315945409E-01
 0.509316809E-01 0.714556575E-01 0.933375135E-01 0.116794907E+00 0.142108917E+00
 0.169650257E+00 0.199923545E+00 0.233654097E+00 0.271984041E+00 0.312848061E+00
 0.798819810E-01 0.764892176E-01 0.722285956E-01 0.676142573E-01 0.628823340E-01
 0.580397882E-01 0.530923791E-01 0.480432026E-01 0.428927056E-01 0.376393199E-01
 0.322803073E-01 0.268124640E-01 0.212327112E-01 0.155385062E-01 0.972816814E-02
 0.380109041E-02-0.224214001E-02-0.839978550E-02-0.146692917E-01-0.210480522E-01
-0.275344923E-01-0.341330692E-01-0.408518873E-01-0.474213399E-01-0.538822375E-01
-0.602101088E-01-0.663869828E-01-0.723855495E-01-0.781648606E-01-0.836764649E-01
-0.888650045E-01-0.936686024E-01-0.980205089E-01-0.101850554E+00-0.105086587E+00
-0.107656091E+00-0.109487973E+00-0.110514283E+00-0.110671572E+00-0.109901950E+00
-0.108153671E+00-0.105381288E+00-0.101545230E+00-0.966109261E-01-0.905473381E-01
-0.833250210E-01-0.749137551E-01-0.652799010E-01-0.543839857E-01-0.421800241E-01
-0.286206119E-01-0.144291716E-01 0.482468517E-03 0.161880385E-01 0.327619575E-01
 0.502859876E-01 0.688528642E-01 0.885687992E-01 0.109555237E+00 0.131949648E+00
 0.155903831E+00 0.181576356E+00 0.209105104E+00 0.238468423E+00 0.267853916E+00
 0.884035006E-01 0.853743330E-01 0.813477039E-01 0.768702179E-01 0.721985698E-01
 0.673721060E-01 0.624231398E-01 0.573731624E-01 0.522347130E-01 0.470141210E-01
 0.417138338E-01 0.363341086E-01 0.308741741E-01 0.253330432E-01 0.197100565E-01
 0.140052373E-01 0.821954105E-02 0.235497835E-02-0.358532602E-02-0.959707890E-02
-0.156745911E-01-0.218100306E-01-0.279904678E-01-0.341918953E-01-0.404470749E-01
-0.464700684E-01-0.523114391E-01-0.579726435E-01-0.634019002E-01-0.685623437E-01
-0.734129623E-01-0.779030621E-01-0.819788799E-01-0.855840817E-01-0.886595994E-01
-0.911445171E-01-0.929782167E-01-0.941019133E-01-0.944595188E-01-0.939981639E-01
-0.926683322E-01-0.904237553E-01-0.872209743E-01-0.830185488E-01-0.777760744E-01
-0.714529008E-01-0.640067309E-01-0.553918816E-01-0.455568284E-01-0.344407745E-01
-0.226794984E-01-0.102617098E-01 0.284424843E-02 0.166777652E-01 0.312813558E-01
 0.466981456E-01 0.629691631E-01 0.801292062E-01 0.981998891E-01 0.117177568E+00
 0.137012109E+00 0.157568350E+00 0.178554788E+00 0.199385539E+00 0.218933940E+00
 0.972952172E-01 0.946880355E-01 0.908527970E-01 0.863475427E-01 0.815734267E-01
 0.766475946E-01 0.716274306E-01 0.665402636E-01 0.613990203E-01 0.562092327E-01
 0.509725548E-01 0.456886701E-01 0.403564423E-01 0.349746533E-01 0.295425002E-01
 0.240599383E-01 0.185279399E-01 0.129486909E-01 0.732579594E-02 0.166451256E-02
-0.402787747E-02-0.974150281E-02-0.154630821E-01-0.211753044E-01-0.268577859E-01
-0.324708372E-01-0.380193666E-01-0.435467698E-01-0.487487614E-01-0.536698215E-01
-0.583044365E-01-0.625916570E-01-0.664917007E-01-0.699655265E-01-0.729674399E-01
-0.754439309E-01-0.773430616E-01-0.786155090E-01-0.792139024E-01-0.790922046E-01
-0.782051608E-01-0.765077621E-01-0.739545301E-01-0.704985932E-01-0.660906360E-01
-0.606781058E-01-0.542049222E-01-0.466118567E-01-0.378347002E-01-0.284816492E-01
-0.185369160E-01-0.798327010E-02 0.319960946E-02 0.150330178E-01 0.275361054E-01
 0.407220684E-01 0.545932837E-01 0.691348314E-01 0.843055025E-01 0.100025296E+00
 0.116157964E+00 0.132487848E+00 0.148692518E+00 0.164321959E+00 0.178813413E+00
 0.107718900E+00 0.106110200E+00 0.101501018E+00 0.961451083E-01 0.909224823E-01
 0.857390910E-01 0.805748701E-01 0.754201785E-01 0.702681690E-01 0.651129857E-01
 0.599494055E-01 0.547728017E-01 0.495792739E-01 0.443657823E-01 0.391303077E-01
 0.338719673E-01 0.285911541E-01 0.232896637E-01 0.179708377E-01 0.126397414E-01
 0.730338041E-02 0.197095587E-02-0.334588997E-02-0.863294862E-02-0.138735557E-01
-0.190487206E-01-0.241419263E-01-0.291331504E-01-0.339804962E-01-0.386888720E-01
-0.433068164E-01-0.474922955E-01-0.512949228E-01-0.547213778E-01-0.577457584E-01
-0.602910668E-01-0.623133518E-01-0.637776777E-01-0.646500960E-01-0.648951977E-01
-0.644752383E-01-0.633495525E-01-0.614734963E-01-0.587968044E-01-0.552613549E-01
-0.507990420E-01-0.453324690E-01-0.387870558E-01-0.317477696E-01-0.241940375E-01
-0.161075760E-01-0.747110788E-02 0.173172716E-02 0.115148695E-01 0.218870193E-01
 0.328476802E-01 0.443821251E-01 0.564552769E-01 0.690045580E-01 0.819318444E-01
 0.950952172E-01 0.108301774E+00 0.121304676E+00 0.133809015E+00 0.145491555E+00
 0.116694637E+00 0.115704499E+00 0.111005738E+00 0.105200909E+00 0.996511132E-01
 0.942712724E-01 0.890056714E-01 0.838192031E-01 0.786885768E-01 0.735973045E-01
 0.685331523E-01 0.634868070E-01 0.584511608E-01 0.534209646E-01 0.483926311E-01
 0.433641151E-01 0.383348987E-01 0.333059952E-01 0.282799918E-01 0.232611168E-01
 0.182553381E-01 0.132704508E-01 0.831615739E-02 0.340409228E-02-0.145223131E-02
-0.623755669E-02-0.109351361E-01-0.155258980E-01-0.199877713E-01-0.243000686E-01
-0.284359157E-01-0.323394090E-01-0.359979235E-01-0.394277573E-01-0.426881947E-01
-0.453819558E-01-0.475614332E-01-0.492369384E-01-0.503986813E-01-0.510262996E-01
-0.510928705E-01-0.505661778E-01-0.494080260E-01-0.475715287E-01-0.449949540E-01
-0.415886045E-01-0.372058712E-01-0.324036106E-01-0.271573756E-01-0.214501396E-01
-0.152659863E-01-0.858807284E-02-0.139890646E-02 0.631779246E-02 0.145738991E-01
 0.233725458E-01 0.327028930E-01 0.425343663E-01 0.528109036E-01 0.634459779E-01
 0.743192136E-01 0.852758437E-01 0.961301401E-01 0.106673956E+00 0.116690606E+00
 0.123678267E+00 0.123028323E+00 0.118565522E+00 0.112826645E+00 0.107284032E+00
 0.101913072E+00 0.966803730E-01 0.915568173E-01 0.865186229E-01 0.815468505E-01
 0.766265988E-01 0.717462599E-01 0.668969154E-01 0.620719008E-01 0.572665259E-01
 0.524778366E-01 0.477044992E-01 0.429467186E-01 0.382061936E-01 0.334861241E-01
 0.287912078E-01 0.241276827E-01 0.195033289E-01 0.149275055E-01 0.104111284E-01
 0.596669270E-02 0.160829793E-02-0.264818664E-02-0.678500813E-02-0.107825957E-01
-0.146186138E-01-0.182676259E-01-0.217076596E-01-0.249167960E-01-0.278620515E-01
-0.304705631E-01-0.327086300E-01-0.345549919E-01-0.359913446E-01-0.369991958E-01
-0.375588872E-01-0.376494378E-01-0.372486934E-01-0.363339782E-01-0.348842889E-01
-0.328864865E-01-0.303522646E-01-0.273631550E-01-0.239535887E-01-0.201329365E-01
-0.158950109E-01-0.112226661E-01-0.609083334E-02-0.469712541E-03 0.567103177E-02
 0.123567069E-01 0.196008086E-01 0.273976848E-01 0.357156768E-01 0.444919690E-01
 0.536302887E-01 0.630022436E-01 0.724527091E-01 0.818089917E-01 0.908930078E-01
 0.129427075E+00 0.129113704E+00 0.124698654E+00 0.119140267E+00 0.113770820E+00
 0.108561672E+00 0.103490293E+00 0.985339880E-01 0.936722234E-01 0.888875052E-01
 0.841654763E-01 0.794946551E-01 0.748660937E-01 0.702729970E-01 0.657104701E-01
 0.611752681E-01 0.566656552E-01 0.521812849E-01 0.477231070E-01 0.432933494E-01
 0.388954580E-01 0.345341265E-01 0.302152634E-01 0.259460248E-01 0.217348076E-01
 0.175912771E-01 0.135264033E-01 0.955251884E-02 0.568336667E-02 0.193414732E-02
-0.167840475E-02-0.513613410E-02-0.841990579E-02-0.115087498E-01-0.143781565E-01
-0.169996917E-01-0.193497129E-01-0.214093775E-01-0.231631752E-01-0.245977603E-01
-0.257013552E-01-0.264636297E-01-0.268760007E-01-0.269324202E-01-0.266308151E-01
-0.259752888E-01-0.249786191E-01-0.236618407E-01-0.220387001E-01-0.201106109E-01
-0.178647079E-01-0.152728148E-01-0.122911790E-01-0.886167027E-02-0.491554057E-02
-0.380658719E-03 0.480771251E-02 0.106939357E-01 0.172893927E-01 0.245630648E-01
 0.324372947E-01 0.407896824E-01 0.494611040E-01 0.582689643E-01 0.670235455E-01
 0.133628830E+00 0.133513182E+00 0.129522264E+00 0.124251336E+00 0.119160503E+00
 0.114227384E+00 0.109425455E+00 0.104731627E+00 0.100126915E+00 0.955960751E-01
 0.911269486E-01 0.867099613E-01 0.823376551E-01 0.780043751E-01 0.737059936E-01
 0.694397241E-01 0.652039647E-01 0.609981827E-01 0.568228699E-01 0.526794381E-01
 0.485702269E-01 0.444984436E-01 0.404681936E-01 0.364844501E-01 0.325530805E-01
 0.286808610E-01 0.248755012E-01 0.211456604E-01 0.175009817E-01 0.139520820E-01
 0.105105434E-01 0.718885195E-02 0.400030706E-02 0.959021796E-03-0.192018505E-02
-0.462245569E-02-0.713448320E-02-0.944527611E-02-0.115463510E-01-0.134317372E-01
-0.150980176E-01-0.165444780E-01-0.177733731E-01-0.187902823E-01-0.196044091E-01
-0.202285834E-01-0.206783954E-01-0.209695511E-01-0.211126395E-01-0.211078003E-01
-0.209392216E-01-0.205691792E-01-0.199318696E-01-0.189283974E-01-0.174259264E-01
-0.152655058E-01-0.122818919E-01-0.833303761E-02-0.333000533E-02 0.274217315E-02
 0.981594250E-02 0.177438185E-01 0.263118260E-01 0.352645218E-01 0.443383306E-01
 0.136674643E+00 0.136727497E+00 0.133050755E+00 0.128172666E+00 0.123497099E+00
 0.118965052E+00 0.114537969E+00 0.110193275E+00 0.105916508E+00 0.101697519E+00
 0.975287035E-01 0.934041962E-01 0.893194750E-01 0.852710903E-01 0.812565386E-01
 0.772741288E-01 0.733228847E-01 0.694025084E-01 0.655132681E-01 0.616559982E-01
 0.578320473E-01 0.540432557E-01 0.502919555E-01 0.465809628E-01 0.429136120E-01
 0.392937474E-01 0.357257724E-01 0.322146565E-01 0.287659559E-01 0.253858045E-01
 0.220808852E-01 0.188583452E-01 0.157256871E-01 0.126905590E-01 0.976046268E-02
 0.694225542E-02 0.424150750E-02 0.166192150E-02-0.795133761E-03-0.313102780E-02
-0.535025401E-02-0.746082561E-02-0.947466213E-02-0.114079090E-01-0.132810567E-01
-0.151186483E-01-0.169482660E-01-0.187983979E-01-0.206948202E-01-0.226552915E-01
-0.246819183E-01-0.267500542E-01-0.287924074E-01-0.306776054E-01-0.321862139E-01
-0.329992324E-01-0.327313133E-01-0.310226660E-01-0.276330579E-01-0.224787835E-01
-0.156303402E-01-0.730745681E-02 0.212759781E-02 0.122115510E-01 0.224776603E-01
 0.138228968E+00 0.138248727E+00 0.134996831E+00 0.130922630E+00 0.126909181E+00
 0.122918919E+00 0.118956409E+00 0.115024798E+00 0.111125298E+00 0.107258007E+00
 0.103422411E+00 0.996178016E-01 0.958434641E-01 0.920988098E-01 0.883834511E-01
 0.846972093E-01 0.810400993E-01 0.774122849E-01 0.738140792E-01 0.702458918E-01
 0.667081997E-01 0.632015392E-01 0.597264990E-01 0.562837347E-01 0.528740026E-01
 0.494981632E-01 0.461572632E-01 0.428525582E-01 0.395855568E-01 0.363580510E-01
 0.331721008E-01 0.300299749E-01 0.269340482E-01 0.238865912E-01 0.208894853E-01
 0.179438274E-01 0.150494212E-01 0.122042485E-01 0.940388069E-02 0.664086873E-02
 0.390410121E-02 0.117811107E-02-0.155763759E-02-0.432946393E-02-0.717011560E-02
-0.101192454E-01-0.132235410E-01-0.165362749E-01-0.201158635E-01-0.240227953E-01
-0.283136852E-01-0.330302678E-01-0.381791368E-01-0.436934270E-01-0.493542664E-01
-0.546201728E-01-0.584466681E-01-0.597946756E-01-0.582245030E-01-0.536618456E-01
-0.462015606E-01-0.361109599E-01-0.239805914E-01-0.109314015E-01 0.186081533E-02
 0.139027178E+00 0.138806283E+00 0.136428192E+00 0.133212924E+00 0.129841298E+00
 0.126385763E+00 0.122891106E+00 0.119381867E+00 0.115872018E+00 0.112369984E+00
 0.108881168E+00 0.105409279E+00 0.101957060E+00 0.985266715E-01 0.951198563E-01
 0.917380527E-01 0.883824006E-01 0.850537270E-01 0.817525089E-01 0.784788504E-01
 0.752324387E-01 0.720125288E-01 0.688179731E-01 0.656471699E-01 0.624981895E-01
 0.593687706E-01 0.562564433E-01 0.531586185E-01 0.500726923E-01 0.469961502E-01
 0.439266190E-01 0.408619083E-01 0.377999432E-01 0.347386450E-01 0.316756554E-01
 0.286079962E-01 0.255315788E-01 0.224406160E-01 0.193269234E-01 0.161791332E-01
 0.129817901E-01 0.971433707E-02 0.634997105E-02 0.285432837E-02-0.816023268E-03
-0.471534021E-02-0.891076401E-02-0.134847369E-01-0.185377542E-01-0.241912771E-01
-0.305902548E-01-0.379041284E-01-0.463248417E-01-0.560621843E-01-0.673490241E-01
-0.805420056E-01-0.915725753E-01-0.966388285E-01-0.967513099E-01-0.924478248E-01
-0.833223313E-01-0.697831213E-01-0.511999242E-01-0.313798971E-01-0.150780240E-01
 0.140828237E+00 0.140790433E+00 0.138589248E+00 0.135671422E+00 0.132679552E+00
 0.129628032E+00 0.126533806E+00 0.123411715E+00 0.120273396E+00 0.117127851E+00
 0.113982193E+00 0.110842280E+00 0.107713096E+00 0.104598925E+00 0.101503409E+00
 0.984295905E-01 0.953797922E-01 0.923556164E-01 0.893578455E-01 0.863863677E-01
 0.834401399E-01 0.805171579E-01 0.776144117E-01 0.747279450E-01 0.718528628E-01
 0.689834952E-01 0.661134943E-01 0.632360429E-01 0.603440776E-01 0.574305281E-01
 0.544885211E-01 0.515115708E-01 0.484936498E-01 0.454291813E-01 0.423128493E-01
 0.391392671E-01 0.359024853E-01 0.325953066E-01 0.292084832E-01 0.257297345E-01
 0.221426357E-01 0.184253305E-01 0.145490440E-01 0.104762968E-01 0.615871744E-02
 0.153421320E-02-0.347678922E-02-0.897654518E-02-0.150973452E-01-0.220120233E-01
-0.299487859E-01-0.392110124E-01-0.502002612E-01-0.634357557E-01-0.795618147E-01
-0.974386930E-01-0.109496206E+00-0.115658797E+00-0.116321623E+00-0.111251138E+00
-0.100611039E+00-0.834821314E-01-0.609641001E-01-0.410309583E-01-0.241772570E-01
 0.142595217E+00 0.142755210E+00 0.140744939E+00 0.138103902E+00 0.135428891E+00
 0.132718831E+00 0.129976854E+00 0.127207562E+00 0.124416448E+00 0.121609680E+00
 0.118793793E+00 0.115975462E+00 0.113161258E+00 0.110357381E+00 0.107569404E+00
 0.104802087E+00 0.102059178E+00 0.993432477E-01 0.966555700E-01 0.939959809E-01
 0.913628042E-01 0.887527540E-01 0.861608908E-01 0.835806355E-01 0.810037777E-01
 0.784206688E-01 0.758203790E-01 0.731910691E-01 0.705203637E-01 0.677958503E-01
 0.650055408E-01 0.621383265E-01 0.591843463E-01 0.561351515E-01 0.529836640E-01
 0.497238785E-01 0.463503115E-01 0.428572223E-01 0.392376110E-01 0.354820751E-01
 0.315774977E-01 0.275056493E-01 0.232415907E-01 0.187518504E-01 0.139922155E-01
 0.890487898E-02 0.341457315E-02-0.257702451E-02-0.919974875E-02-0.166284498E-01
-0.251056831E-01-0.349816978E-01-0.467850007E-01-0.613229573E-01-0.795310661E-01
-0.949521437E-01-0.105185814E+00-0.110380746E+00-0.110425599E+00-0.105286270E+00
-0.938712880E-01-0.754624158E-01-0.560767017E-01-0.392767973E-01-0.245660990E-01
 0.144077927E+00 0.144429371E+00 0.142745182E+00 0.140396148E+00 0.138037100E+00
 0.135660410E+00 0.133258030E+00 0.130825996E+00 0.128364712E+00 0.125878319E+00
 0.123373590E+00 0.120858945E+00 0.118343443E+00 0.115835987E+00 0.113344796E+00
 0.110876918E+00 0.108437978E+00 0.106031917E+00 0.103660814E+00 0.101324737E+00
 0.990215540E-01 0.967468172E-01 0.944936201E-01 0.922524929E-01 0.900114179E-01
 0.877559111E-01 0.854693279E-01 0.831333101E-01 0.807284787E-01 0.782352984E-01
 0.756350309E-01 0.729107559E-01 0.700481683E-01 0.670361519E-01 0.638670102E-01
 0.605361424E-01 0.570414104E-01 0.533820540E-01 0.495573878E-01 0.455653146E-01
 0.414008424E-01 0.370546132E-01 0.325114764E-01 0.277491007E-01 0.227365252E-01
 0.174325518E-01 0.117838159E-01 0.572235417E-02-0.837646192E-03-0.800433476E-02
-0.159148127E-01-0.247463603E-01-0.347433425E-01-0.463502705E-01-0.588043369E-01
-0.685841665E-01-0.753097907E-01-0.787066594E-01-0.787182227E-01-0.747800246E-01
-0.666941628E-01-0.541808382E-01-0.416575260E-01-0.296873171E-01-0.184542388E-01
 0.145366803E+00 0.145944104E+00 0.144491374E+00 0.142473131E+00 0.140477002E+00
 0.138468251E+00 0.136422768E+00 0.134328470E+00 0.132183969E+00 0.129995733E+00
 0.127775043E+00 0.125535563E+00 0.123291522E+00 0.121056490E+00 0.118842639E+00
 0.116660230E+00 0.114517383E+00 0.112419888E+00 0.110371076E+00 0.108371638E+00
 0.106419414E+00 0.104509167E+00 0.102632217E+00 0.100776210E+00 0.989248455E-01
 0.970578045E-01 0.951509625E-01 0.931769907E-01 0.911063626E-01 0.889088809E-01
 0.865555704E-01 0.840206668E-01 0.812834650E-01 0.783296973E-01 0.751521215E-01
 0.717502683E-01 0.681293532E-01 0.642984882E-01 0.602685735E-01 0.560501255E-01
 0.516513251E-01 0.470764190E-01 0.423245989E-01 0.373893045E-01 0.322579257E-01
 0.269119833E-01 0.213277973E-01 0.154781062E-01 0.933535583E-02 0.287841796E-02
-0.389324641E-02-0.109284539E-01-0.180532821E-01-0.248274822E-01-0.306849387E-01
-0.358152911E-01-0.396971144E-01-0.418162681E-01-0.419439673E-01-0.401253700E-01
-0.366950855E-01-0.314123221E-01-0.245316867E-01-0.168952141E-01-0.903543551E-02
 0.146065712E+00 0.146875307E+00 0.145808518E+00 0.144276693E+00 0.142779589E+00
 0.141228884E+00 0.139580727E+00 0.137824461E+00 0.135969996E+00 0.134037882E+00
 0.132052839E+00 0.130040050E+00 0.128022924E+00 0.126022086E+00 0.124054916E+00
 0.122135520E+00 0.120274834E+00 0.118480749E+00 0.116758190E+00 0.115109041E+00
 0.113531902E+00 0.112021640E+00 0.110568792E+00 0.109158821E+00 0.107771359E+00
 0.106379516E+00 0.104949601E+00 0.103441499E+00 0.101810031E+00 0.100007512E+00
 0.979873314E-01 0.957082212E-01 0.931382850E-01 0.902581662E-01 0.870625079E-01
 0.835595131E-01 0.797686204E-01 0.757169127E-01 0.714349523E-01 0.669529140E-01
 0.622975938E-01 0.574906021E-01 0.525475927E-01 0.474784747E-01 0.422883332E-01
 0.369790457E-01 0.315516666E-01 0.260098595E-01 0.203649718E-01 0.146434922E-01
 0.889778975E-02 0.321983080E-02-0.224719080E-02-0.731493067E-02-0.117857745E-01
-0.154746929E-01-0.181910377E-01-0.197600555E-01-0.200725347E-01-0.191054344E-01
-0.169054344E-01-0.135721900E-01-0.928623602E-02-0.430278620E-02 0.111706508E-02
 0.145602152E+00 0.146523207E+00 0.146401539E+00 0.145880327E+00 0.145187169E+00
 0.144226342E+00 0.142987236E+00 0.141514286E+00 0.139864847E+00 0.138094857E+00
 0.136254549E+00 0.134387031E+00 0.132527858E+00 0.130705476E+00 0.128942087E+00
 0.127254695E+00 0.125656158E+00 0.124155931E+00 0.122760557E+00 0.121473774E+00
 0.120296232E+00 0.119224899E+00 0.118251972E+00 0.117363431E+00 0.116537154E+00
 0.115740813E+00 0.114929929E+00 0.114046797E+00 0.113021351E+00 0.111775003E+00
 0.110227786E+00 0.108307771E+00 0.105960675E+00 0.103157170E+00 0.998963788E-01
 0.962047353E-01 0.921303928E-01 0.877345130E-01 0.830818191E-01 0.782327726E-01
 0.732389018E-01 0.681410953E-01 0.629702061E-01 0.577488728E-01 0.524940528E-01
 0.472198054E-01 0.419404283E-01 0.366738811E-01 0.314457305E-01 0.262935013E-01
 0.212710723E-01 0.164520182E-01 0.119299460E-01 0.781415310E-02 0.422137138E-02
 0.126697996E-02-0.943420280E-03-0.232450315E-02-0.282272161E-02-0.242405594E-02
-0.115602068E-02 0.913776166E-03 0.368162943E-02 0.701774377E-02 0.107824756E-01
 0.144998521E+00 0.146124139E+00 0.147104174E+00 0.147991493E+00 0.148657307E+00
 0.148154914E+00 0.147098139E+00 0.145677567E+00 0.144021928E+00 0.142230436E+00
 0.140382007E+00 0.138537809E+00 0.136743009E+00 0.135029584E+00 0.133419767E+00
 0.131929278E+00 0.130569756E+00 0.129350320E+00 0.128278524E+00 0.127360597E+00
 0.126601309E+00 0.126003161E+00 0.125564948E+00 0.125279590E+00 0.125130638E+00
 0.125087574E+00 0.125099719E+00 0.125089645E+00 0.124948949E+00 0.124541283E+00
 0.123716861E+00 0.122336715E+00 0.120297350E+00 0.117547974E+00 0.114098035E+00
 0.110015124E+00 0.105411336E+00 0.100419529E+00 0.951677859E-01 0.897626802E-01
 0.842841938E-01 0.787884891E-01 0.733136088E-01 0.678853393E-01 0.625221953E-01
 0.572395101E-01 0.520528331E-01 0.469807982E-01 0.420477130E-01 0.372857302E-01
 0.327364281E-01 0.284513477E-01 0.244911052E-01 0.209228043E-01 0.178160071E-01
 0.152377328E-01 0.132469730E-01 0.118891234E-01 0.111909918E-01 0.111572631E-01
 0.117690405E-01 0.129846483E-01 0.147427106E-01 0.169673692E-01 0.195749681E-01
 0.145028770E+00 0.146529183E+00 0.148210391E+00 0.150199562E+00 0.152456626E+00
 0.153262511E+00 0.152310297E+00 0.150490344E+00 0.148474663E+00 0.146380678E+00
 0.144311965E+00 0.142342091E+00 0.140513033E+00 0.138845295E+00 0.137348503E+00
 0.136028111E+00 0.134888858E+00 0.133936435E+00 0.133178309E+00 0.132623881E+00
 0.132284433E+00 0.132172614E+00 0.132301241E+00 0.132681310E+00 0.133318111E+00
 0.134204507E+00 0.135308832E+00 0.136554584E+00 0.137791067E+00 0.138769433E+00
 0.139168024E+00 0.138681993E+00 0.137101054E+00 0.134331197E+00 0.130399212E+00
 0.125463426E+00 0.119800337E+00 0.113723308E+00 0.107484594E+00 0.101244800E+00
 0.950936899E-01 0.890778005E-01 0.832199082E-01 0.775308013E-01 0.720162615E-01
 0.666812062E-01 0.615323782E-01 0.565801784E-01 0.518398918E-01 0.473325364E-01
 0.430851355E-01 0.391304120E-01 0.355057418E-01 0.322513655E-01 0.294079315E-01
 0.270135812E-01 0.251008105E-01 0.236934647E-01 0.228041615E-01 0.224325210E-01
 0.225644391E-01 0.231725462E-01 0.242178310E-01 0.256522428E-01 0.274219066E-01
 0.144857183E+00 0.146549210E+00 0.148515329E+00 0.150902763E+00 0.153829813E+00
 0.155778512E+00 0.156312048E+00 0.155381888E+00 0.152993590E+00 0.150206745E+00
 0.147669643E+00 0.145460173E+00 0.143556133E+00 0.141925052E+00 0.140542507E+00
 0.139393315E+00 0.138470545E+00 0.137774467E+00 0.137311831E+00 0.137095779E+00
 0.137145862E+00 0.137488365E+00 0.138156667E+00 0.139191493E+00 0.140640736E+00
 0.142557874E+00 0.144995868E+00 0.147989064E+00 0.151492491E+00 0.155142203E+00
 0.157917067E+00 0.159012601E+00 0.158152550E+00 0.155224904E+00 0.150200218E+00
 0.143255144E+00 0.135215357E+00 0.127135381E+00 0.119389720E+00 0.112045735E+00
 0.105093315E+00 0.985032022E-01 0.922447070E-01 0.862914994E-01 0.806232467E-01
 0.752258897E-01 0.700914785E-01 0.652179495E-01 0.606088936E-01 0.562731847E-01
 0.522245243E-01 0.484806560E-01 0.450623371E-01 0.419919491E-01 0.392918624E-01
 0.369826108E-01 0.350810476E-01 0.335985944E-01 0.325398259E-01 0.319014862E-01
 0.316720791E-01 0.318320990E-01 0.323548317E-01 0.332077034E-01 0.343539380E-01
 0.144202456E+00 0.145871103E+00 0.147710994E+00 0.149732769E+00 0.151924551E+00
 0.154216871E+00 0.156059802E+00 0.156480104E+00 0.155327946E+00 0.152472526E+00
 0.149598196E+00 0.147332430E+00 0.145504266E+00 0.144019008E+00 0.142823279E+00
 0.141887516E+00 0.141197667E+00 0.140751243E+00 0.140555486E+00 0.140627131E+00
 0.140993014E+00 0.141692311E+00 0.142778039E+00 0.144320354E+00 0.146413222E+00
 0.149184406E+00 0.152812406E+00 0.157557681E+00 0.163832113E+00 0.172261015E+00
 0.178668097E+00 0.181709796E+00 0.181798562E+00 0.178677186E+00 0.172211602E+00
 0.161907509E+00 0.149303719E+00 0.138701588E+00 0.129419252E+00 0.121085890E+00
 0.113477290E+00 0.106448792E+00 0.999038070E-01 0.937762633E-01 0.880202726E-01
 0.826039538E-01 0.775058046E-01 0.727123916E-01 0.682168901E-01 0.640179366E-01
 0.601186752E-01 0.565257557E-01 0.532483086E-01 0.502968393E-01 0.476820134E-01
 0.454134420E-01 0.434984900E-01 0.419411995E-01 0.407414176E-01 0.398942046E-01
 0.393895693E-01 0.392125212E-01 0.393435098E-01 0.397590958E-01 0.404328667E-01
 0.143148631E+00 0.144795313E+00 0.146449968E+00 0.148056820E+00 0.149583682E+00
 0.151005730E+00 0.152283654E+00 0.153348550E+00 0.153450146E+00 0.151549622E+00
 0.149348572E+00 0.147580087E+00 0.146151721E+00 0.145007789E+00 0.144116297E+00
 0.143458962E+00 0.143027678E+00 0.142823040E+00 0.142854244E+00 0.143139824E+00
 0.143709138E+00 0.144607440E+00 0.145895854E+00 0.147655055E+00 0.149994850E+00
 0.153067052E+00 0.157088131E+00 0.162378475E+00 0.169425130E+00 0.178795040E+00
 0.186133355E+00 0.189837739E+00 0.190279201E+00 0.187306881E+00 0.180668756E+00
 0.169794336E+00 0.156561717E+00 0.145440653E+00 0.135818452E+00 0.127263203E+00
 0.119509175E+00 0.112392254E+00 0.105807126E+00 0.996823311E-01 0.939668491E-01
 0.886232629E-01 0.836241171E-01 0.789498016E-01 0.745870546E-01 0.705278292E-01
 0.667682290E-01 0.633075908E-01 0.601475015E-01 0.572909117E-01 0.547412001E-01
 0.525013059E-01 0.505729020E-01 0.489556864E-01 0.476467982E-01 0.466404185E-01
 0.459275655E-01 0.454960950E-01 0.453309007E-01 0.454142764E-01 0.457264148E-01
 0.686702490E+00 0.700782835E+00 0.710960269E+00 0.722964525E+00 0.736115873E+00
 0.749592960E+00 0.763550997E+00 0.778137386E+00 0.793294370E+00 0.808974683E+00
 0.825308859E+00 0.842024565E+00 0.859513938E+00 0.877733171E+00 0.896628082E+00
 0.916272104E+00 0.936724424E+00 0.957966685E+00 0.980107367E+00 0.100318468E+01
 0.102723408E+01 0.105223334E+01 0.107832861E+01 0.110557616E+01 0.113402891E+01
 0.116368699E+01 0.119474649E+01 0.122725034E+01 0.126114905E+01 0.129670298E+01
 0.133398628E+01 0.137306249E+01 0.141413677E+01 0.145711684E+01 0.150220263E+01
 0.154984915E+01 0.159995461E+01 0.165272439E+01 0.170798111E+01 0.176640975E+01
 0.182852507E+01 0.189378190E+01 0.196256495E+01 0.203521466E+01 0.211271429E+01
 0.219462371E+01 0.228078961E+01 0.237250066E+01 0.247027707E+01 0.257329369E+01
 0.268309379E+01 0.279988933E+01 0.292357206E+01 0.305576491E+01 0.319625235E+01
 0.334523749E+01 0.350605011E+01 0.367720342E+01 0.386369061E+01 0.406350756E+01
 0.428310061E+01 0.452810860E+01 0.481540155E+01 0.520543957E+01 0.658627892E+01
   85  117
 0.112402320E+01-0.200000003E+00 0.110562503E+01-0.132194847E+00 0.109370697E+01
-0.500000007E-01 0.110328591E+01 0.500000007E-01 0.111772239E+01 0.100000001E+00
 0.113787007E+01 0.150000006E+00 0.116238999E+01 0.200000003E+00 0.119030178E+01
 0.250000000E+00 0.122104061E+01 0.300000012E+00 0.125445402E+01 0.349999994E+00
 0.129079545E+01 0.400000006E+00 0.131812501E+01 0.434159130E+00 0.134468746E+01
 0.466168970E+00 0.137476349E+01 0.500000000E+00 0.142249227E+01 0.550000012E+00
 0.145093751E+01 0.576628745E+00 0.147749996E+01 0.600262702E+00 0.153062499E+01
 0.641756594E+00 0.155718756E+01 0.661000311E+00 0.161031246E+01 0.694370151E+00
 0.163687503E+01 0.709855258E+00 0.169000006E+01 0.735690832E+00 0.172428513E+01
 0.750000000E+00 0.176968753E+01 0.766786754E+00 0.182281256E+01 0.780177414E+00
 0.187593746E+01 0.787964463E+00 0.192906249E+01 0.789446890E+00 0.198218751E+01
 0.782016993E+00 0.203531241E+01 0.756969154E+00 0.206187510E+01 0.730497360E+00
 0.208843756E+01 0.689848840E+00 0.211500001E+01 0.633547425E+00 0.214156246E+01
 0.561657131E+00 0.216065264E+01 0.500000000E+00 0.217671394E+01 0.449999988E+00
 0.219468760E+01 0.393372566E+00 0.222125006E+01 0.311797142E+00 0.224001551E+01
 0.250000000E+00 0.225467992E+01 0.200000003E+00 0.227437496E+01 0.115048707E+00
 0.228407788E+01 0.500000007E-01 0.228566694E+01-0.500000007E-01 0.227437496E+01
-0.133590400E+00 0.225980091E+01-0.200000003E+00 0.224553752E+01-0.250000000E+00
 0.222125006E+01-0.326205999E+00 0.219515729E+01-0.400000006E+00 0.217536569E+01
-0.449999988E+00 0.215403914E+01-0.500000000E+00 0.213090658E+01-0.550000012E+00
 0.210559344E+01-0.600000024E+00 0.207776141E+01-0.649999976E+00 0.204720354E+01
-0.699999988E+00 0.201383448E+01-0.750000000E+00 0.198218751E+01-0.792971730E+00
 0.195562506E+01-0.828397155E+00 0.192906249E+01-0.862288654E+00 0.189700210E+01
-0.899999976E+00 0.185624778E+01-0.949999988E+00 0.182281256E+01-0.989886582E+00
 0.179624999E+01-0.102254879E+01 0.176968753E+01-0.105386209E+01 0.172707045E+01
-0.110000002E+01 0.169000006E+01-0.114326680E+01 0.165284956E+01-0.118587041E+01
 0.163142085E+01-0.114999998E+01 0.160028362E+01-0.110000002E+01 0.157002664E+01
-0.104999995E+01 0.154011619E+01-0.100000000E+01 0.151033151E+01-0.949999988E+00
 0.148047423E+01-0.899999976E+00 0.145093751E+01-0.851920664E+00 0.142437506E+01
-0.806315124E+00 0.139781249E+01-0.759676337E+00 0.137125003E+01-0.712256312E+00
 0.134468746E+01-0.664062619E+00 0.131812501E+01-0.615001082E+00 0.129156256E+01
-0.564922869E+00 0.126499999E+01-0.513643503E+00 0.123843753E+01-0.460946321E+00
 0.121187496E+01-0.406550914E+00 0.118533278E+01-0.349999994E+00 0.116345727E+01
-0.300000012E+00 0.114260948E+01-0.250000000E+00 0.112402320E+01-0.200000003E+00
 0.101600003E+01 0.000000000E+00 0.101600003E+01 0.963999987E+00 0.101600003E+01
 0.967999995E+00 0.101600003E+01 0.100100005E+01 0.101600003E+01 0.101900005E+01
 0.101600003E+01 0.107700002E+01 0.101600003E+01 0.107000005E+01 0.101600003E+01
 0.109599996E+01 0.101600003E+01 0.111300004E+01 0.101600003E+01 0.113800001E+01
 0.101600003E+01 0.114699996E+01 0.101199996E+01 0.116499996E+01 0.100100005E+01
 0.121700001E+01 0.102900004E+01 0.121700001E+01 0.104200006E+01 0.116240001E+01
 0.104600000E+01 0.116237998E+01 0.105599999E+01 0.116260004E+01 0.109700000E+01
 0.116450000E+01 0.110800004E+01 0.116594005E+01 0.111600006E+01 0.116591001E+01
 0.113399994E+01 0.116895998E+01 0.114800000E+01 0.117174995E+01 0.116199994E+01
 0.117556000E+01 0.118099999E+01 0.118299997E+01 0.118200004E+01 0.118350005E+01
 0.118499994E+01 0.118499994E+01 0.119000006E+01 0.118799996E+01 0.119500005E+01
 0.119099998E+01 0.120099998E+01 0.119599998E+01 0.120899999E+01 0.120200002E+01
 0.121500003E+01 0.120799994E+01 0.122200000E+01 0.121399999E+01 0.122800004E+01
 0.122099996E+01 0.123399997E+01 0.123099995E+01 0.123899996E+01 0.123800004E+01
 0.124199998E+01 0.124399996E+01 0.124800003E+01 0.125399995E+01 0.125800002E+01
 0.127800000E+01 0.126300001E+01 0.128999996E+01 0.127999997E+01 0.133099997E+01
 0.127999997E+01 0.134700000E+01 0.127999997E+01 0.134800005E+01 0.130999994E+01
 0.134800005E+01 0.132799995E+01 0.134800005E+01 0.136099994E+01 0.134800005E+01
 0.138000000E+01 0.134800005E+01 0.141900003E+01 0.134800005E+01 0.141900003E+01
 0.130999994E+01 0.137199998E+01 0.130999994E+01 0.137167001E+01 0.129237998E+01
 0.137003005E+01 0.128268003E+01 0.136688006E+01 0.125644004E+01 0.136719000E+01
 0.122955000E+01 0.137178004E+01 0.119576001E+01 0.137223995E+01 0.119402003E+01
 0.138662004E+01 0.116487002E+01 0.138707995E+01 0.116420996E+01 0.140382004E+01
 0.115696001E+01 0.141127002E+01 0.115730000E+01 0.141857004E+01 0.116131997E+01
 0.142100000E+01 0.116400003E+01 0.148662996E+01 0.124049997E+01 0.149730003E+01
 0.123458004E+01 0.149761999E+01 0.123427999E+01 0.149744999E+01 0.123174000E+01
 0.149275005E+01 0.121329999E+01 0.149259996E+01 0.121061003E+01 0.149260998E+01
 0.120485997E+01 0.149278998E+01 0.120213997E+01 0.149339998E+01 0.119641995E+01
 0.149469995E+01 0.118510997E+01 0.149621999E+01 0.116069996E+01 0.147981000E+01
 0.112425995E+01 0.148081994E+01 0.112256002E+01 0.148149002E+01 0.112137997E+01
 0.148645997E+01 0.111691999E+01 0.149094999E+01 0.111439002E+01 0.150304997E+01
 0.111243999E+01 0.159696996E+01 0.109489000E+01 0.162549996E+01 0.108529997E+01
 0.163751996E+01 0.107988000E+01 0.164699996E+01 0.107700002E+01 0.178499997E+01
 0.107700002E+01 0.206999993E+01 0.103999996E+01 0.212800002E+01 0.992999971E+00
 0.224499989E+01 0.708999991E+00 0.233956003E+01 0.461430013E+00 0.234707999E+01
 0.415829986E+00 0.234912992E+01 0.272179991E+00 0.235103011E+01 0.170179993E+00
 0.235157990E+01 0.701199993E-01 0.235124993E+01-0.317899995E-01 0.235050988E+01
-0.144350007E+00 0.234964991E+01-0.214829996E+00 0.234870005E+01-0.326689988E+00
 0.234759998E+01-0.386770010E+00 0.234019995E+01-0.453040004E+00 0.232942009E+01
-0.477569997E+00 0.213400006E+01-0.972999990E+00 0.178600001E+01-0.117400002E+01
 0.176800001E+01-0.121099997E+01 0.176800001E+01-0.125000000E+01 0.168200004E+01
-0.125000000E+01 0.137199998E+01-0.125000000E+01 0.137199998E+01-0.132900000E+01
 0.141999996E+01-0.132900000E+01 0.141999996E+01-0.136300004E+01 0.127300000E+01
-0.136300004E+01 0.115300000E+01-0.136300004E+01 0.101600003E+01-0.122300005E+01
 0.101600003E+01-0.122300005E+01 0.101600003E+01-0.829999983E+00 0.101600003E+01
-0.800000012E+00 0.101600003E+01-0.414999992E+00 0.101600003E+01-0.400000006E+00
 0.101600003E+01-0.100000005E-02 0.101600003E+01 0.000000000E+00
    0 0.170000005E+01    1
 0.000000000E+00 0.000000000E+00 0.000000000E+00 0.000000000E+00 0.000000000E+00
 0.000000000E+00 0.000000000E+00 0.000000000E+00 0.000000000E+00 0.000000000E+00
 0.000000000E+00 0.000000000E+00 0.000000000E+00 0.000000000E+00 0.000000000E+00
 0.000000000E+00 0.000000000E+00 0.000000000E+00 0.000000000E+00 0.000000000E+00
 0.000000000E+00 0.000000000E+00 0.000000000E+00 0.000000000E+00 0.000000000E+00
 0.000000000E+00 0.000000000E+00 0.000000000E+00 0.000000000E+00 0.000000000E+00
 0.000000000E+00 0.000000000E+00 0.000000000E+00 0.000000000E+00 0.000000000E+00
 0.000000000E+00 0.000000000E+00 0.000000000E+00 0.000000000E+00 0.000000000E+00
 0.000000000E+00 0.000000000E+00 0.000000000E+00 0.000000000E+00 0.000000000E+00
 0.000000000E+00 0.000000000E+00 0.000000000E+00 0.000000000E+00 0.000000000E+00
 0.000000000E+00 0.000000000E+00 0.000000000E+00 0.000000000E+00 0.000000000E+00
 0.000000000E+00 0.000000000E+00 0.000000000E+00 0.000000000E+00 0.000000000E+00
 0.000000000E+00 0.000000000E+00 0.000000000E+00 0.000000000E+00 0.000000000E+00
 0.000000000E+00 0.754251480E-01 0.107473060E+00 0.132369965E+00 0.153553277E+00
 0.172528207E+00 0.189949140E+00 0.206180096E+00 0.221493840E+00 0.236120775E+00
 0.248934656E+00 0.262566537E+00 0.275749236E+00 0.288708806E+00 0.301267624E+00
 0.313599318E+00 0.325754046E+00 0.337695837E+00 0.349518567E+00 0.361201525E+00
 0.372762978E+00 0.384294808E+00 0.395726979E+00 0.407091349E+00 0.418474257E+00
 0.429801315E+00 0.441143930E+00 0.452497780E+00 0.463843614E+00 0.475248784E+00
 0.486707956E+00 0.498196691E+00 0.509791672E+00 0.521431565E+00 0.533149421E+00
 0.545018077E+00 0.556977689E+00 0.569076359E+00 0.581263363E+00 0.593619227E+00
 0.606193542E+00 0.618896484E+00 0.631775916E+00 0.644849479E+00 0.658180416E+00
 0.671744525E+00 0.685500443E+00 0.699529648E+00 0.713880360E+00 0.728471220E+00
 0.743400037E+00 0.758655250E+00 0.774243116E+00 0.790230811E+00 0.806580424E+00
 0.823325276E+00 0.840542972E+00 0.858193457E+00 0.876347125E+00 0.895010471E+00
 0.914280176E+00 0.934177220E+00 0.954812586E+00 0.976467371E+00 0.100000000E+01
    1
 0.000000000E+00 0.000000000E+00 0.000000000E+00 0.000000000E+00 0.000000000E+00
 0.000000000E+00 0.000000000E+00 0.000000000E+00 0.000000000E+00 0.000000000E+00
 0.000000000E+00 0.000000000E+00 0.000000000E+00 0.000000000E+00 0.000000000E+00
 0.000000000E+00 0.000000000E+00 0.000000000E+00 0.000000000E+00 0.000000000E+00
 0.000000000E+00 0.000000000E+00 0.000000000E+00 0.000000000E+00 0.000000000E+00
 0.000000000E+00 0.000000000E+00 0.000000000E+00 0.000000000E+00 0.000000000E+00
 0.000000000E+00 0.000000000E+00 0.000000000E+00 0.000000000E+00 0.000000000E+00
 0.000000000E+00 0.000000000E+00 0.000000000E+00 0.000000000E+00 0.000000000E+00
 0.000000000E+00 0.000000000E+00 0.000000000E+00 0.000000000E+00 0.000000000E+00
 0.000000000E+00 0.000000000E+00 0.000000000E+00 0.000000000E+00 0.000000000E+00
 0.000000000E+00 0.000000000E+00 0.000000000E+00 0.000000000E+00 0.000000000E+00
 0.000000000E+00 0.000000000E+00 0.000000000E+00 0.000000000E+00 0.000000000E+00
 0.000000000E+00 0.000000000E+00 0.000000000E+00 0.000000000E+00 0.000000000E+00
&BASIS
 EE2BDRY= 32*0.00000000      ,
 EEBDRY= 32*0.00000000      ,
 EEKNT= 32*0.00000000      ,
 EETENS=  5.00000000    ,
 FF2BDRY= 64*0.00000000      ,
 FFBDRY=  2.26401186    , -8.96515846    ,  6.62847757    , 61*0.00000000      ,
 FFKNT= 64*0.00000000      ,
 FFTENS=  0.00000000    ,
 KEE2BDRY= 32*0          ,
 KEEBDRY= 32*0          ,
 KEEFNC=          0,
 KEEKNT=          0,
 KFF2BDRY= 64*0          ,
 KFFBDRY= 64*0          ,
 KFFFNC=          0,
 KFFKNT=          0,
 KPP2BDRY= 64*0          ,
 KPPBDRY= 64*0          ,
 KPPFNC=          0,
 KPPKNT=          0,
 KWW2BDRY= 64*0          ,
 KWWBDRY= 64*0          ,
 KWWFNC=          0,
 KWWKNT=          0,
 PP2BDRY= 64*0.00000000      ,
 PPBDRY=  752117.250    , -523707.219    , 62*0.00000000      ,
 PPKNT= 64*0.00000000      ,
 PPTENS=  0.00000000    ,
 WW2BDRY= 64*0.00000000      ,
 WWBDRY= -1490.48303    ,  4573.24561    , 62*0.00000000      ,
 WWKNT= 64*0.00000000      ,
 WWTENS=  0.00000000    ,
 /
