  EFITD    01/21/2000    #180533  3800ms           7  65  65
 0.170000005E+01 0.320000005E+01 0.169550002E+01 0.839999974E+00 0.000000000E+00
 0.182158697E+01-0.382305495E-01-0.242492095E+00 0.203746445E-01-0.196903360E+01
 0.889427500E+06-0.242492095E+00 0.000000000E+00 0.182158697E+01 0.000000000E+00
-0.382305495E-01 0.000000000E+00 0.203746445E-01 0.000000000E+00 0.000000000E+00
-0.334874964E+01-0.334606767E+01-0.334354186E+01-0.334116912E+01-0.333894587E+01
-0.333686852E+01-0.333493352E+01-0.333313727E+01-0.333147645E+01-0.332994723E+01
-0.332854605E+01-0.332726908E+01-0.332611322E+01-0.332507420E+01-0.332414842E+01
-0.332333231E+01-0.332262230E+01-0.332201409E+01-0.332150459E+01-0.332108951E+01
-0.332076526E+01-0.332052803E+01-0.332037425E+01-0.332029963E+01-0.332030082E+01
-0.332037377E+01-0.332051468E+01-0.332071996E+01-0.332098532E+01-0.332130718E+01
-0.332168198E+01-0.332210541E+01-0.332257390E+01-0.332308340E+01-0.332363057E+01
-0.332421088E+01-0.332482123E+01-0.332545733E+01-0.332611537E+01-0.332679176E+01
-0.332748246E+01-0.332818365E+01-0.332889175E+01-0.332960272E+01-0.333031273E+01
-0.333101821E+01-0.333171535E+01-0.333240008E+01-0.333306885E+01-0.333371758E+01
-0.333434296E+01-0.333494067E+01-0.333550739E+01-0.333603907E+01-0.333653188E+01
-0.333698225E+01-0.333738613E+01-0.333773994E+01-0.333804011E+01-0.333828235E+01
-0.333846331E+01-0.333857894E+01-0.333862543E+01-0.333859921E+01-0.333849645E+01
 0.117999266E+06 0.114965016E+06 0.111968555E+06 0.109009898E+06 0.106089031E+06
 0.103205953E+06 0.100360672E+06 0.975531875E+05 0.947835000E+05 0.920516016E+05
 0.893574922E+05 0.867011875E+05 0.840826719E+05 0.815019453E+05 0.789590156E+05
 0.764538828E+05 0.739865469E+05 0.715570000E+05 0.691652500E+05 0.668112891E+05
 0.644951289E+05 0.622167578E+05 0.599761836E+05 0.577733984E+05 0.556084141E+05
 0.534812188E+05 0.513918203E+05 0.493402148E+05 0.473264023E+05 0.453503867E+05
 0.434121602E+05 0.415117305E+05 0.396490977E+05 0.378242539E+05 0.360372070E+05
 0.342879531E+05 0.325764941E+05 0.309028281E+05 0.292669570E+05 0.276688809E+05
 0.261085977E+05 0.245861074E+05 0.231014121E+05 0.216545098E+05 0.202454043E+05
 0.188740898E+05 0.175405703E+05 0.162448457E+05 0.149869141E+05 0.137667773E+05
 0.125844336E+05 0.114398848E+05 0.103331289E+05 0.926416797E+04 0.823300098E+04
 0.723962793E+04 0.628404883E+04 0.536626367E+04 0.448627246E+04 0.364407520E+04
 0.283967212E+04 0.207306323E+04 0.134424805E+04 0.653227051E+03 0.000000000E+00
-0.225108886E+01-0.212053227E+01-0.199306083E+01-0.186867464E+01-0.174737394E+01
-0.162915850E+01-0.151402843E+01-0.140198362E+01-0.129302418E+01-0.118715012E+01
-0.108436131E+01-0.984657884E+00-0.888039768E+00-0.794507027E+00-0.704059541E+00
-0.616697490E+00-0.532420695E+00-0.451229244E+00-0.373123139E+00-0.298102379E+00
-0.226166949E+00-0.157316834E+00-0.915520713E-01-0.288726296E-01 0.307214763E-01
 0.872302502E-01 0.140653685E+00 0.190991789E+00 0.238244563E+00 0.282412022E+00
 0.323494107E+00 0.361490905E+00 0.396402329E+00 0.428228438E+00 0.456969231E+00
 0.482624650E+00 0.505194783E+00 0.524679542E+00 0.541078985E+00 0.554393113E+00
 0.564621866E+00 0.571765304E+00 0.575823426E+00 0.576796234E+00 0.574683666E+00
 0.569485784E+00 0.561202526E+00 0.549834013E+00 0.535380125E+00 0.517840862E+00
 0.497216344E+00 0.473506451E+00 0.446711242E+00 0.416830689E+00 0.383864790E+00
 0.347813576E+00 0.308677018E+00 0.266455144E+00 0.221147925E+00 0.172755376E+00
 0.121277504E+00 0.667142868E-01 0.906573609E-02-0.516681448E-01-0.115487359E+00
-0.743347750E+06-0.734146062E+06-0.724944438E+06-0.715742750E+06-0.706541062E+06
-0.697339375E+06-0.688137688E+06-0.678936000E+06-0.669734312E+06-0.660532625E+06
-0.651330938E+06-0.642129250E+06-0.632927562E+06-0.623725875E+06-0.614524188E+06
-0.605322500E+06-0.596120812E+06-0.586919125E+06-0.577717438E+06-0.568515750E+06
-0.559314062E+06-0.550112375E+06-0.540910688E+06-0.531709000E+06-0.522507344E+06
-0.513305656E+06-0.504103969E+06-0.494902281E+06-0.485700594E+06-0.476498906E+06
-0.467297219E+06-0.458095531E+06-0.448893844E+06-0.439692156E+06-0.430490500E+06
-0.421288812E+06-0.412087125E+06-0.402885438E+06-0.393683750E+06-0.384482062E+06
-0.375280375E+06-0.366078688E+06-0.356877000E+06-0.347675312E+06-0.338473625E+06
-0.329271938E+06-0.320070250E+06-0.310868594E+06-0.301666906E+06-0.292465219E+06
-0.283263531E+06-0.274061844E+06-0.264860156E+06-0.255658469E+06-0.246456781E+06
-0.237255094E+06-0.228053406E+06-0.218851734E+06-0.209650047E+06-0.200448359E+06
-0.191246672E+06-0.182044984E+06-0.172843297E+06-0.163641625E+06-0.154439938E+06
 0.109405994E+00 0.102121696E+00 0.940096229E-01 0.850216299E-01 0.752345026E-01
 0.648458228E-01 0.541400425E-01 0.434374027E-01 0.353042372E-01 0.323664546E-01
 0.290027522E-01 0.228411239E-01 0.154271508E-01 0.948849972E-02 0.462676911E-02
 0.704428356E-03-0.227762433E-02-0.423869397E-02-0.498068426E-02-0.409776391E-02
-0.808659708E-03 0.229201908E-02 0.320335780E-02 0.251562218E-02 0.488270220E-03
-0.281752809E-02-0.749151036E-02-0.137872128E-01-0.221873503E-01-0.333761424E-01
-0.420637168E-01-0.465033427E-01-0.472405925E-01-0.439801216E-01-0.365666449E-01
-0.244442932E-01-0.964421500E-02 0.243445858E-02 0.126278829E-01 0.214829054E-01
 0.293690655E-01 0.365463793E-01 0.432007201E-01 0.494640619E-01 0.554285608E-01
 0.611572675E-01 0.666921139E-01 0.720596090E-01 0.772748291E-01 0.823442116E-01
 0.872675702E-01 0.920397341E-01 0.966518521E-01 0.101092681E+00 0.105349742E+00
 0.109410435E+00 0.113263138E+00 0.116898082E+00 0.120308153E+00 0.123489358E+00
 0.126441076E+00 0.129166022E+00 0.131669998E+00 0.133961424E+00 0.136050805E+00
 0.109159514E+00 0.100729451E+00 0.911546722E-01 0.802927166E-01 0.681500658E-01
 0.549636595E-01 0.426477827E-01 0.339508802E-01 0.294490494E-01 0.292943567E-01
 0.282117855E-01 0.247316156E-01 0.200920794E-01 0.155784013E-01 0.115052601E-01
 0.799336657E-02 0.513778394E-02 0.304297684E-02 0.183414936E-02 0.164585456E-02
 0.247481209E-02 0.327333296E-02 0.306837261E-02 0.178117340E-02-0.588524330E-03
-0.409152592E-02-0.886706356E-02-0.151857911E-01-0.235306546E-01-0.345449150E-01
-0.431710817E-01-0.476156734E-01-0.483389236E-01-0.451962054E-01-0.379226655E-01
-0.258726105E-01-0.112195369E-01 0.921581348E-03 0.113210725E-01 0.204931106E-01
 0.287724268E-01 0.363894179E-01 0.435081460E-01 0.502471104E-01 0.566917211E-01
 0.629024729E-01 0.689206719E-01 0.747725666E-01 0.804723501E-01 0.860244781E-01
 0.914254412E-01 0.966653824E-01 0.101729549E+00 0.106599860E+00 0.111256503E+00
 0.115679674E+00 0.119851217E+00 0.123756178E+00 0.127384052E+00 0.130729541E+00
 0.133792907E+00 0.136579767E+00 0.139100417E+00 0.141368940E+00 0.143402070E+00
 0.111425951E+00 0.102466241E+00 0.919545442E-01 0.793869793E-01 0.645883828E-01
 0.522402041E-01 0.434658714E-01 0.384838358E-01 0.374633968E-01 0.369732007E-01
 0.354684703E-01 0.329405777E-01 0.297421869E-01 0.262686890E-01 0.228239112E-01
 0.196074508E-01 0.167467929E-01 0.143197784E-01 0.123556489E-01 0.108123133E-01
 0.953692384E-02 0.826423895E-02 0.671378849E-02 0.468422147E-02 0.205094391E-02
-0.127244578E-02-0.536013860E-02-0.102775581E-01-0.160397142E-01-0.222904645E-01
-0.273107812E-01-0.299476143E-01-0.299637169E-01-0.272474885E-01-0.217201989E-01
-0.134692518E-01-0.373500283E-02 0.573821506E-02 0.146293808E-01 0.229648966E-01
 0.308247339E-01 0.382937081E-01 0.454479530E-01 0.523509718E-01 0.590530299E-01
 0.655917227E-01 0.719928890E-01 0.782715678E-01 0.844328552E-01 0.904727057E-01
 0.963786542E-01 0.102130771E+00 0.107702851E+00 0.113064080E+00 0.118181191E+00
 0.123021051E+00 0.127553493E+00 0.131753981E+00 0.135605857E+00 0.139101684E+00
 0.142243639E+00 0.145042822E+00 0.147517756E+00 0.149692386E+00 0.151593864E+00
 0.117004707E+00 0.108493671E+00 0.984117910E-01 0.863933265E-01 0.728916824E-01
 0.632665753E-01 0.582115874E-01 0.551172942E-01 0.522800572E-01 0.494623594E-01
 0.464869700E-01 0.432850271E-01 0.398953632E-01 0.364199504E-01 0.329758115E-01
 0.296651572E-01 0.265625175E-01 0.237097945E-01 0.211125035E-01 0.187358446E-01
 0.165047571E-01 0.143146086E-01 0.120531479E-01 0.962355733E-02 0.695863739E-02
 0.402762787E-02 0.844913302E-03-0.250907568E-02-0.584725989E-02-0.883097295E-02
-0.109999841E-01-0.119222999E-01-0.113133295E-01-0.904959161E-02-0.516521232E-02
 0.123724079E-03 0.642234646E-02 0.132859545E-01 0.203822013E-01 0.275240485E-01
 0.346239693E-01 0.416495390E-01 0.485960767E-01 0.554712676E-01 0.622865781E-01
 0.690523610E-01 0.757749081E-01 0.824545175E-01 0.890841410E-01 0.956482589E-01
 0.102122135E+00 0.108471379E+00 0.114652373E+00 0.120613717E+00 0.126299143E+00
 0.131651863E+00 0.136619776E+00 0.141160876E+00 0.145247549E+00 0.148869336E+00
 0.152033284E+00 0.154762059E+00 0.157090396E+00 0.159060434E+00 0.160717264E+00
 0.126182646E+00 0.119037658E+00 0.110404640E+00 0.100466833E+00 0.903402790E-01
 0.830413923E-01 0.769386366E-01 0.716367513E-01 0.668675900E-01 0.624363236E-01
 0.582066551E-01 0.540976748E-01 0.500779189E-01 0.461526699E-01 0.423478372E-01
 0.386952460E-01 0.352217443E-01 0.319421440E-01 0.288552679E-01 0.259428304E-01
 0.231714696E-01 0.204984248E-01 0.178801529E-01 0.152820945E-01 0.126879103E-01
 0.101078087E-01 0.758674694E-02 0.521274284E-02 0.312257977E-02 0.149774400E-02
 0.542874099E-03 0.449223677E-03 0.135830708E-02 0.333829341E-02 0.637420453E-02
 0.103707565E-01 0.151714645E-01 0.205940101E-01 0.264681000E-01 0.326585621E-01
 0.390700102E-01 0.456406884E-01 0.523332544E-01 0.591263063E-01 0.660077631E-01
 0.729698241E-01 0.800051093E-01 0.871034861E-01 0.942491814E-01 0.101417907E+00
 0.108573958E+00 0.115667395E+00 0.122632027E+00 0.129385397E+00 0.135832235E+00
 0.141872287E+00 0.147411585E+00 0.152374372E+00 0.156712875E+00 0.160412833E+00
 0.163494036E+00 0.166005448E+00 0.168015942E+00 0.169603169E+00 0.170843691E+00
 0.139503002E+00 0.134744570E+00 0.126135439E+00 0.116638869E+00 0.107769229E+00
 0.997016951E-01 0.924537405E-01 0.859101936E-01 0.799337626E-01 0.744018555E-01
 0.692166463E-01 0.643073693E-01 0.596286990E-01 0.551563837E-01 0.508810505E-01
 0.468017459E-01 0.429201461E-01 0.392362662E-01 0.357458331E-01 0.324395150E-01
 0.293039568E-01 0.263245404E-01 0.234894454E-01 0.207944475E-01 0.182478186E-01
 0.158747789E-01 0.137209930E-01 0.118542649E-01 0.103631951E-01 0.935132615E-02
 0.892630126E-02 0.918556843E-02 0.102020511E-01 0.120135145E-01 0.146178985E-01
 0.179753210E-01 0.220163949E-01 0.266549811E-01 0.318017937E-01 0.373751968E-01
 0.433072634E-01 0.495454744E-01 0.560515001E-01 0.627985597E-01 0.697683617E-01
 0.769480541E-01 0.843272731E-01 0.918950960E-01 0.996367335E-01 0.107529305E+00
 0.115536340E+00 0.123600528E+00 0.131634846E+00 0.139514506E+00 0.147076041E+00
 0.154131681E+00 0.160499111E+00 0.166033134E+00 0.170646593E+00 0.174320638E+00
 0.177107081E+00 0.179118782E+00 0.180503935E+00 0.181413472E+00 0.181977913E+00
 0.151379079E+00 0.148209453E+00 0.139876664E+00 0.130081490E+00 0.121002719E+00
 0.112600297E+00 0.104829840E+00 0.976363271E-01 0.909539983E-01 0.847153068E-01
 0.788586363E-01 0.733326897E-01 0.680979714E-01 0.631261840E-01 0.583983772E-01
 0.539023988E-01 0.496303625E-01 0.455765501E-01 0.417360477E-01 0.381042846E-01
 0.346775018E-01 0.314540602E-01 0.284363832E-01 0.256332941E-01 0.230623055E-01
 0.207515582E-01 0.187409222E-01 0.170818139E-01 0.158352386E-01 0.150677636E-01
 0.148454951E-01 0.152267003E-01 0.162542127E-01 0.179506224E-01 0.203173347E-01
 0.233361404E-01 0.269730985E-01 0.311839711E-01 0.359201394E-01 0.411338657E-01
 0.467821918E-01 0.528292097E-01 0.592469387E-01 0.660151541E-01 0.731205940E-01
 0.805558190E-01 0.883177742E-01 0.964060947E-01 0.104820766E+00 0.113558643E+00
 0.122607492E+00 0.131935239E+00 0.141469583E+00 0.151060343E+00 0.160427675E+00
 0.169163838E+00 0.176865041E+00 0.183251217E+00 0.188170224E+00 0.191585332E+00
 0.193604141E+00 0.194511026E+00 0.194682524E+00 0.194429308E+00 0.193950042E+00
 0.160019293E+00 0.157713279E+00 0.149665102E+00 0.140046924E+00 0.130984262E+00
 0.122458115E+00 0.114446864E+00 0.106919564E+00 0.998393670E-01 0.931670368E-01
 0.868643895E-01 0.808969736E-01 0.752355605E-01 0.698566884E-01 0.647424012E-01
 0.598795190E-01 0.552587323E-01 0.508737601E-01 0.467207953E-01 0.427983366E-01
 0.391074270E-01 0.356523208E-01 0.324414149E-01 0.294883959E-01 0.268132947E-01
 0.244433638E-01 0.224134624E-01 0.207657684E-01 0.195485447E-01 0.188137628E-01
 0.186133515E-01 0.189942531E-01 0.199864022E-01 0.215998851E-01 0.238325838E-01
 0.266721770E-01 0.300985854E-01 0.340865888E-01 0.386085063E-01 0.436367504E-01
 0.491460450E-01 0.551151410E-01 0.615280122E-01 0.683746040E-01 0.756512880E-01
 0.833612233E-01 0.915146247E-01 0.100129224E+00 0.109230824E+00 0.118853964E+00
 0.129042551E+00 0.139849767E+00 0.151335597E+00 0.163556457E+00 0.176430479E+00
 0.188435286E+00 0.198347092E+00 0.206032351E+00 0.211366653E+00 0.214181170E+00
 0.214280292E+00 0.212343156E+00 0.210189685E+00 0.208127081E+00 0.206218287E+00
 0.165871859E+00 0.164029673E+00 0.156455338E+00 0.147101313E+00 0.138176098E+00
 0.129682943E+00 0.121613078E+00 0.113949373E+00 0.106670104E+00 0.997515917E-01
 0.931702033E-01 0.869038403E-01 0.809328854E-01 0.752407834E-01 0.698141977E-01
 0.646430030E-01 0.597200170E-01 0.550408252E-01 0.506036282E-01 0.464092605E-01
 0.424613655E-01 0.387667716E-01 0.353359804E-01 0.321837850E-01 0.293298569E-01
 0.267993528E-01 0.246234313E-01 0.228397138E-01 0.214926209E-01 0.206332561E-01
 0.203173254E-01 0.206229296E-01 0.215766281E-01 0.231481958E-01 0.253242478E-01
 0.280888099E-01 0.314255245E-01 0.353179611E-01 0.397498496E-01 0.447058231E-01
 0.501724631E-01 0.561394095E-01 0.626004636E-01 0.695546642E-01 0.770074204E-01
 0.849718004E-01 0.934702456E-01 0.102536909E+00 0.112221122E+00 0.122592717E+00
 0.133750618E+00 0.145837590E+00 0.159067243E+00 0.173775375E+00 0.190187693E+00
 0.205275863E+00 0.217452854E+00 0.226669312E+00 0.232811078E+00 0.235530362E+00
 0.234644368E+00 0.230089575E+00 0.225259185E+00 0.221158862E+00 0.217723265E+00
 0.169557452E+00 0.167974100E+00 0.160770714E+00 0.151680589E+00 0.142954960E+00
 0.134598464E+00 0.126596093E+00 0.118931912E+00 0.111590534E+00 0.104557313E+00
 0.978184491E-01 0.913612172E-01 0.851742774E-01 0.792479143E-01 0.735742971E-01
 0.681475624E-01 0.629639253E-01 0.580216870E-01 0.533213131E-01 0.488655269E-01
 0.446594656E-01 0.407108963E-01 0.370304845E-01 0.336321034E-01 0.305331815E-01
 0.277551617E-01 0.253241956E-01 0.232725311E-01 0.216416288E-01 0.204895549E-01
 0.198137071E-01 0.199846290E-01 0.210411642E-01 0.226509646E-01 0.248586610E-01
 0.276366752E-01 0.309711043E-01 0.348532721E-01 0.392755941E-01 0.442312621E-01
 0.497148894E-01 0.557233989E-01 0.622570142E-01 0.693203881E-01 0.769239143E-01
 0.850853696E-01 0.938320756E-01 0.103203781E+00 0.113256812E+00 0.124070026E+00
 0.135753542E+00 0.148461476E+00 0.162409618E+00 0.177894473E+00 0.195285529E+00
 0.212866098E+00 0.227105111E+00 0.237856105E+00 0.245135084E+00 0.248887777E+00
 0.248721510E+00 0.244501278E+00 0.237455204E+00 0.231691331E+00 0.227094114E+00
 0.171406969E+00 0.170016333E+00 0.162792727E+00 0.153988823E+00 0.145573467E+00
 0.137470230E+00 0.129646152E+00 0.122085288E+00 0.114779219E+00 0.107722409E+00
 0.100910299E+00 0.943387151E-01 0.880038291E-01 0.819023699E-01 0.760318339E-01
 0.703907311E-01 0.649788007E-01 0.597971380E-01 0.548483729E-01 0.501367711E-01
 0.456683822E-01 0.414511226E-01 0.374948755E-01 0.338115096E-01 0.304148123E-01
 0.273202453E-01 0.245443452E-01 0.221034028E-01 0.200104974E-01 0.186031889E-01
 0.178704187E-01 0.178640503E-01 0.186160505E-01 0.201365296E-01 0.225041136E-01
 0.253736917E-01 0.287642702E-01 0.326896757E-01 0.371521860E-01 0.421512686E-01
 0.476865694E-01 0.537589826E-01 0.603714995E-01 0.675301328E-01 0.752450079E-01
 0.835317820E-01 0.924132764E-01 0.101921655E+00 0.112101093E+00 0.123011246E+00
 0.134731635E+00 0.147366703E+00 0.161051258E+00 0.175955072E+00 0.192286953E+00
 0.210215703E+00 0.225863323E+00 0.237884000E+00 0.246360511E+00 0.251320571E+00
 0.252864242E+00 0.250579178E+00 0.244423226E+00 0.237934083E+00 0.233033270E+00
 0.170349374E+00 0.168653414E+00 0.162169099E+00 0.154150531E+00 0.146310955E+00
 0.138605401E+00 0.131049111E+00 0.123658061E+00 0.116444394E+00 0.109416820E+00
 0.102581419E+00 0.959424153E-01 0.895028338E-01 0.832650736E-01 0.772313029E-01
 0.714039132E-01 0.657857433E-01 0.603803955E-01 0.551923588E-01 0.502271913E-01
 0.454916023E-01 0.409935191E-01 0.367420502E-01 0.327474251E-01 0.290207621E-01
 0.255737342E-01 0.224179681E-01 0.195642151E-01 0.173448138E-01 0.157741681E-01
 0.148698222E-01 0.146589614E-01 0.151717020E-01 0.164410919E-01 0.185108669E-01
 0.214302819E-01 0.248539243E-01 0.288402252E-01 0.333699100E-01 0.384381749E-01
 0.440458693E-01 0.501950495E-01 0.568884164E-01 0.641296282E-01 0.719240680E-01
 0.802797154E-01 0.892079845E-01 0.987244993E-01 0.108849756E+00 0.119609512E+00
 0.131034687E+00 0.143160447E+00 0.156023964E+00 0.169661656E+00 0.184109643E+00
 0.199432254E+00 0.214904740E+00 0.226933122E+00 0.235922322E+00 0.242084056E+00
 0.245312184E+00 0.245828927E+00 0.243274733E+00 0.238345772E+00 0.234724268E+00
 0.168363616E+00 0.166101754E+00 0.160255104E+00 0.153119892E+00 0.145815402E+00
 0.138467863E+00 0.131156579E+00 0.123927608E+00 0.116810016E+00 0.109823413E+00
 0.102981716E+00 0.962952152E-01 0.897718668E-01 0.834181532E-01 0.772397146E-01
 0.712418333E-01 0.654297620E-01 0.598090254E-01 0.543856174E-01 0.491661429E-01
 0.441579185E-01 0.393689945E-01 0.348081291E-01 0.304846913E-01 0.264084693E-01
 0.225894004E-01 0.190372020E-01 0.160731804E-01 0.137102939E-01 0.119659835E-01
 0.108615812E-01 0.104221841E-01 0.106752804E-01 0.116494931E-01 0.133729810E-01
 0.158685446E-01 0.191440601E-01 0.232857857E-01 0.279245712E-01 0.330832191E-01
 0.387795940E-01 0.450191349E-01 0.518030822E-01 0.591301322E-01 0.669979751E-01
 0.754040480E-01 0.843456909E-01 0.938197076E-01 0.103821374E+00 0.114342570E+00
 0.125368655E+00 0.136873156E+00 0.148808911E+00 0.161092296E+00 0.173572600E+00
 0.185964927E+00 0.197731867E+00 0.208179817E+00 0.216885045E+00 0.223699614E+00
 0.228600830E+00 0.231657535E+00 0.233079106E+00 0.233337641E+00 0.233102143E+00
 0.167378336E+00 0.165125921E+00 0.159017280E+00 0.151851654E+00 0.144656137E+00
 0.137450129E+00 0.130265489E+00 0.123131730E+00 0.116073027E+00 0.109108463E+00
 0.102253057E+00 0.955188274E-01 0.889156833E-01 0.824520662E-01 0.761354640E-01
 0.699728653E-01 0.639710352E-01 0.581367873E-01 0.524771661E-01 0.469995998E-01
 0.417119563E-01 0.366225950E-01 0.317403451E-01 0.270744078E-01 0.226342492E-01
 0.184293799E-01 0.147696659E-01 0.116654867E-01 0.913260505E-02 0.719116395E-02
 0.586481951E-02 0.517993886E-02 0.516472431E-02 0.584842265E-02 0.726078684E-02
 0.943216309E-02 0.123958439E-01 0.161969569E-01 0.208869092E-01 0.260958858E-01
 0.318848193E-01 0.382329561E-01 0.451339781E-01 0.525761545E-01 0.605466180E-01
 0.690316781E-01 0.780158415E-01 0.874803215E-01 0.974010527E-01 0.107746035E+00
 0.118471630E+00 0.129517317E+00 0.140798226E+00 0.152195007E+00 0.163541660E+00
 0.174616128E+00 0.185148343E+00 0.194860712E+00 0.203525513E+00 0.210998818E+00
 0.217225209E+00 0.222234830E+00 0.226141721E+00 0.229131579E+00 0.231419921E+00
 0.165503249E+00 0.163164780E+00 0.157179728E+00 0.150004461E+00 0.142822653E+00
 0.135652751E+00 0.128510162E+00 0.121410690E+00 0.114369281E+00 0.107399501E+00
 0.100513332E+00 0.937213451E-01 0.870329514E-01 0.804566890E-01 0.740004703E-01
 0.676718652E-01 0.614783168E-01 0.554273017E-01 0.495265014E-01 0.437839068E-01
 0.382078961E-01 0.328072719E-01 0.275912322E-01 0.225693472E-01 0.177514460E-01
 0.134359561E-01 0.963095669E-02 0.635072310E-02 0.361468107E-02 0.144640787E-02
-0.127329666E-03-0.107750809E-02-0.137374771E-02-0.985143357E-03 0.119024990E-03
 0.196873164E-02 0.459271111E-02 0.801732391E-02 0.122618442E-01 0.173292328E-01
 0.233084634E-01 0.298103821E-01 0.368915610E-01 0.445146151E-01 0.526548326E-01
 0.612906665E-01 0.703989193E-01 0.799517483E-01 0.899144709E-01 0.100243390E+00
 0.110883258E+00 0.121764228E+00 0.132798433E+00 0.143876836E+00 0.154867679E+00
 0.165618911E+00 0.175966546E+00 0.185749725E+00 0.194827974E+00 0.203095645E+00
 0.210489884E+00 0.216992721E+00 0.222627595E+00 0.227450281E+00 0.231534362E+00
 0.163181156E+00 0.160761818E+00 0.154649884E+00 0.147431523E+00 0.140235066E+00
 0.133065715E+00 0.125929296E+00 0.118832394E+00 0.111782484E+00 0.104787529E+00
 0.978556499E-01 0.909948796E-01 0.842130259E-01 0.775176808E-01 0.709162876E-01
 0.644162297E-01 0.580249801E-01 0.517501831E-01 0.455997922E-01 0.395821556E-01
 0.337060764E-01 0.279808640E-01 0.224163216E-01 0.170227401E-01 0.120869670E-01
 0.761498557E-02 0.361979636E-02 0.120415352E-03-0.285912864E-02-0.529080955E-02
-0.714362971E-02-0.838463847E-02-0.897994451E-02-0.889567286E-02-0.809886493E-02
-0.655829534E-02-0.424523093E-02-0.113418687E-02 0.279635820E-02 0.756425271E-02
 0.131875994E-01 0.196650755E-01 0.270807520E-01 0.349918194E-01 0.433957800E-01
 0.522803105E-01 0.616249256E-01 0.714002177E-01 0.815681815E-01 0.920820534E-01
 0.102885544E+00 0.113911711E+00 0.125081822E+00 0.136304900E+00 0.147478327E+00
 0.158490270E+00 0.169224218E+00 0.179565132E+00 0.189406291E+00 0.198655218E+00
 0.207238019E+00 0.215101093E+00 0.222210690E+00 0.228550568E+00 0.234118298E+00
 0.160096958E+00 0.157557100E+00 0.151302442E+00 0.144043326E+00 0.136837289E+00
 0.129671231E+00 0.122539081E+00 0.115439028E+00 0.108372733E+00 0.101344071E+00
 0.943582132E-01 0.874209777E-01 0.805385560E-01 0.737173334E-01 0.669638887E-01
 0.602849945E-01 0.536877289E-01 0.471795499E-01 0.407683961E-01 0.344627686E-01
 0.282718036E-01 0.222053267E-01 0.162738785E-01 0.107524060E-01 0.564466510E-02
 0.962287828E-03-0.327613251E-02-0.704598380E-02-0.103176311E-01-0.130574591E-01
-0.152289700E-01-0.167939030E-01-0.177133605E-01-0.179489087E-01-0.174635928E-01
-0.162228383E-01-0.141951656E-01-0.113526322E-01-0.767084537E-02-0.312827877E-02
 0.229535601E-02 0.862127636E-02 0.158807933E-01 0.241064373E-01 0.328345299E-01
 0.420555212E-01 0.517541356E-01 0.618978105E-01 0.724455416E-01 0.833501443E-01
 0.945582837E-01 0.106009923E+00 0.117637731E+00 0.129366919E+00 0.141115516E+00
 0.152795464E+00 0.164314121E+00 0.175576448E+00 0.186487079E+00 0.196952343E+00
 0.206881642E+00 0.216188833E+00 0.224793300E+00 0.232621774E+00 0.239610866E+00
 0.155887559E+00 0.153141677E+00 0.146961004E+00 0.139740691E+00 0.132589892E+00
 0.125471905E+00 0.118369743E+00 0.111279026E+00 0.104200773E+00 0.971382856E-01
 0.900958478E-01 0.830782130E-01 0.760903955E-01 0.691376552E-01 0.622255281E-01
 0.553599298E-01 0.485472456E-01 0.417944416E-01 0.351091810E-01 0.284999143E-01
 0.219759662E-01 0.155476285E-01 0.947752688E-02 0.376670226E-02-0.157506554E-02
-0.653003901E-02-0.110733490E-01-0.151739037E-01-0.187953897E-01-0.218973700E-01
-0.244364701E-01-0.263676308E-01-0.276453923E-01-0.282251667E-01-0.280644391E-01
-0.271238275E-01-0.253679287E-01-0.227658767E-01-0.192914959E-01-0.149229690E-01
-0.964196678E-02-0.343221915E-02 0.372258015E-02 0.118400902E-01 0.209433958E-01
 0.305710640E-01 0.407534838E-01 0.514231399E-01 0.625278503E-01 0.740197897E-01
 0.858506188E-01 0.979691967E-01 0.110320367E+00 0.122844256E+00 0.135475844E+00
 0.148144573E+00 0.160773963E+00 0.173280805E+00 0.185574219E+00 0.197554156E+00
 0.209109947E+00 0.220119432E+00 0.230449989E+00 0.239962667E+00 0.248520687E+00
 0.150481686E+00 0.147353128E+00 0.141356096E+00 0.134498969E+00 0.127551869E+00
 0.120543674E+00 0.113497652E+00 0.106427349E+00 0.993415266E-01 0.922464654E-01
 0.851470605E-01 0.780474767E-01 0.709516332E-01 0.638634712E-01 0.567872301E-01
 0.497276187E-01 0.426899903E-01 0.356804989E-01 0.287062265E-01 0.217753071E-01
 0.148970531E-01 0.832137465E-02 0.204579765E-02-0.392260682E-02-0.956782047E-02
-0.148655334E-01-0.197838973E-01-0.242844094E-01-0.283229314E-01-0.318508744E-01
-0.348165035E-01-0.371663533E-01-0.388467461E-01-0.398053005E-01-0.399923734E-01
-0.393624268E-01-0.378751270E-01-0.354961939E-01-0.321979150E-01-0.279592481E-01
-0.227656420E-01-0.166086666E-01-0.948583893E-02-0.140145817E-02 0.763020013E-02
 0.175755322E-01 0.284982510E-01 0.398928970E-01 0.517355651E-01 0.639952347E-01
 0.766368136E-01 0.896222889E-01 0.102911003E+00 0.116459414E+00 0.130220458E+00
 0.144142374E+00 0.158166841E+00 0.172226116E+00 0.186238900E+00 0.200104788E+00
 0.213697284E+00 0.226856485E+00 0.239384115E+00 0.251045465E+00 0.261584550E+00
 0.144956768E+00 0.141508162E+00 0.135594830E+00 0.128867447E+00 0.122009829E+00
 0.115057349E+00 0.108040631E+00 0.100977741E+00 0.938788503E-01 0.867497325E-01
 0.795937404E-01 0.724130422E-01 0.652094036E-01 0.579846799E-01 0.507411771E-01
 0.434818827E-01 0.362106748E-01 0.289324932E-01 0.216534641E-01 0.143810725E-01
 0.735229068E-02 0.560108107E-03-0.599225843E-02-0.122917499E-01-0.183158945E-01
-0.240333378E-01-0.294045284E-01-0.343825743E-01-0.389142968E-01-0.429415256E-01
-0.464025401E-01-0.492337383E-01-0.513714068E-01-0.527535304E-01-0.533216223E-01
-0.530223958E-01-0.518092401E-01-0.496433638E-01-0.464945957E-01-0.423416682E-01
-0.371721163E-01-0.309816301E-01-0.237729903E-01-0.155544002E-01-0.633674534E-02
 0.387173356E-02 0.150779104E-01 0.272961464E-01 0.399990603E-01 0.531613044E-01
 0.667568967E-01 0.807598755E-01 0.951446816E-01 0.109886140E+00 0.124958858E+00
 0.140335977E+00 0.155986786E+00 0.171872884E+00 0.187941954E+00 0.204118058E+00
 0.220286891E+00 0.236274108E+00 0.251816571E+00 0.266534507E+00 0.279936284E+00
 0.139641687E+00 0.136000037E+00 0.129913151E+00 0.123027012E+00 0.116089530E+00
 0.109104075E+00 0.102073535E+00 0.950000286E-01 0.878837854E-01 0.807234570E-01
 0.735168830E-01 0.662617236E-01 0.589559637E-01 0.515982769E-01 0.441882610E-01
 0.367266089E-01 0.292152502E-01 0.216574725E-01 0.140580507E-01 0.664110901E-02
-0.605981390E-03-0.768515281E-02-0.145877907E-01-0.212948993E-01-0.277773570E-01
-0.339963101E-01-0.399037823E-01-0.454434864E-01-0.505519398E-01-0.551598705E-01
-0.591938458E-01-0.625782311E-01-0.652372763E-01-0.670973510E-01-0.680891424E-01
-0.681498274E-01-0.672249049E-01-0.652697608E-01-0.622506551E-01-0.581452250E-01
-0.529422909E-01-0.466410108E-01-0.392492749E-01-0.307813492E-01-0.212546736E-01
-0.106857680E-01 0.914354925E-03 0.135431001E-01 0.272100233E-01 0.413793102E-01
 0.560317338E-01 0.711520314E-01 0.867296904E-01 0.102759637E+00 0.119242348E+00
 0.136183366E+00 0.153592214E+00 0.171479940E+00 0.189854801E+00 0.208713979E+00
 0.228028372E+00 0.247713849E+00 0.267573088E+00 0.287157387E+00 0.305435658E+00
 0.133900687E+00 0.130053431E+00 0.123676583E+00 0.116660953E+00 0.109649502E+00
 0.102630250E+00 0.955915228E-01 0.885207206E-01 0.814054534E-01 0.742342472E-01
 0.669969842E-01 0.596851297E-01 0.522918105E-01 0.448118262E-01 0.372416265E-01
 0.295792595E-01 0.218244009E-01 0.139783518E-01 0.625295239E-02-0.137097936E-02
-0.890175067E-02-0.163367148E-01-0.236621574E-01-0.308532361E-01-0.378740355E-01
-0.446778052E-01-0.512074493E-01-0.573963150E-01-0.631693527E-01-0.684446320E-01
-0.731352195E-01-0.771514401E-01-0.804034024E-01-0.828036591E-01-0.842700005E-01
-0.847280920E-01-0.841138586E-01-0.823754743E-01-0.794747025E-01-0.753875747E-01
-0.701042861E-01-0.636281520E-01-0.559738129E-01-0.471645258E-01-0.372287594E-01
-0.261961538E-01-0.140931224E-01-0.938288460E-03 0.132624228E-01 0.285212994E-01
 0.442980118E-01 0.605852641E-01 0.773853138E-01 0.947128609E-01 0.112595670E+00
 0.131075397E+00 0.150209010E+00 0.170070842E+00 0.190754861E+00 0.212377176E+00
 0.235078618E+00 0.259026617E+00 0.284414589E+00 0.311424941E+00 0.338727266E+00
 0.127213210E+00 0.123110019E+00 0.116662569E+00 0.109567136E+00 0.102537192E+00
 0.955454633E-01 0.885601044E-01 0.815503597E-01 0.744890049E-01 0.673532411E-01
 0.601245351E-01 0.527881458E-01 0.453326069E-01 0.377491713E-01 0.300314222E-01
 0.221749675E-01 0.141772479E-01 0.623903982E-02-0.166589045E-02-0.955309346E-02
-0.174271595E-01-0.252813417E-01-0.330971666E-01-0.408441052E-01-0.484794006E-01
-0.559481122E-01-0.631834418E-01-0.701075122E-01-0.766325071E-01-0.826623365E-01
-0.880948082E-01-0.928242058E-01-0.967443138E-01-0.997516662E-01-0.101748943E+00
-0.102648281E+00-0.102374300E+00-0.100866593E+00-0.980815813E-01-0.939934328E-01
-0.885940343E-01-0.818919316E-01-0.739102513E-01-0.646836087E-01-0.542543046E-01
-0.426677950E-01-0.299677160E-01-0.161906704E-01-0.136075343E-02 0.145161124E-01
 0.314582810E-01 0.489196107E-01 0.669054464E-01 0.854486004E-01 0.104601718E+00
 0.124437973E+00 0.145055383E+00 0.166583687E+00 0.189194113E+00 0.213113487E+00
 0.238645285E+00 0.266203612E+00 0.296375006E+00 0.330050349E+00 0.365480363E+00
 0.119521759E+00 0.115132645E+00 0.108579420E+00 0.101504147E+00 0.945907682E-01
 0.877668634E-01 0.809636638E-01 0.741252303E-01 0.672085136E-01 0.601810552E-01
 0.530184545E-01 0.457023345E-01 0.382187963E-01 0.305572748E-01 0.227097478E-01
 0.146702025E-01 0.663052965E-02-0.144224963E-02-0.957109779E-02-0.177685153E-01
-0.260359310E-01-0.343630016E-01-0.427269042E-01-0.510917157E-01-0.594079308E-01
-0.676122829E-01-0.756279230E-01-0.833650455E-01-0.907220766E-01-0.975874886E-01
-0.103842199E+00-0.109362580E+00-0.114024036E+00-0.117704935E+00-0.120290712E+00
-0.121677980E+00-0.121778309E+00-0.120521426E+00-0.117857598E+00-0.113758892E+00
-0.108219340E+00-0.101253785E+00-0.928954855E-01-0.831925794E-01-0.722036511E-01
-0.599924326E-01-0.466221012E-01-0.321492702E-01-0.166180339E-01-0.546563497E-04
 0.175359324E-01 0.361684486E-01 0.552412532E-01 0.748334303E-01 0.950214118E-01
 0.115896069E+00 0.137574211E+00 0.160209402E+00 0.184005111E+00 0.209232688E+00
 0.236255795E+00 0.265563011E+00 0.297804356E+00 0.333813637E+00 0.372669101E+00
 0.110332549E+00 0.105588891E+00 0.988947526E-01 0.921376646E-01 0.856628045E-01
 0.792799890E-01 0.728711113E-01 0.663631558E-01 0.597092360E-01 0.528777577E-01
 0.458464958E-01 0.385992713E-01 0.311239734E-01 0.234112032E-01 0.154533777E-01
 0.743704382E-02-0.676008814E-03-0.891526137E-02-0.173008628E-01-0.258427989E-01
-0.345399156E-01-0.433788449E-01-0.523329563E-01-0.613613501E-01-0.704080984E-01
-0.794017389E-01-0.882552564E-01-0.968665630E-01-0.105119698E+00-0.112886705E+00
-0.120030351E+00-0.126407579E+00-0.131873697E+00-0.136286959E+00-0.139513701E+00
-0.141433164E+00-0.141942352E+00-0.140959859E+00-0.138429046E+00-0.134319693E+00
-0.128628373E+00-0.121377207E+00-0.112611130E+00-0.102393858E+00-0.908025950E-01
-0.779218972E-01-0.638367906E-01-0.486253425E-01-0.323504880E-01-0.150504922E-01
 0.327387918E-02 0.226802249E-01 0.425746776E-01 0.629644841E-01 0.838899091E-01
 0.105420657E+00 0.127656385E+00 0.150731236E+00 0.174822316E+00 0.200163230E+00
 0.227064595E+00 0.255946130E+00 0.287387490E+00 0.322203487E+00 0.359774321E+00
 0.977109969E-01 0.920671374E-01 0.865767002E-01 0.812487379E-01 0.758776888E-01
 0.703299046E-01 0.645574853E-01 0.585358441E-01 0.522492304E-01 0.456861295E-01
 0.388374962E-01 0.316961035E-01 0.242562983E-01 0.165130459E-01 0.865289941E-02
 0.635471486E-03-0.757304858E-02-0.159990434E-01-0.246603824E-01-0.335651599E-01
-0.427103117E-01-0.520801432E-01-0.616448745E-01-0.713592842E-01-0.811615512E-01
-0.909724608E-01-0.100695111E+00-0.110215202E+00-0.119402200E+00-0.128111318E+00
-0.136186481E+00-0.143464252E+00-0.149778590E+00-0.154966414E+00-0.158873424E+00
-0.161360204E+00-0.162307829E+00-0.161622837E+00-0.159240976E+00-0.155129552E+00
-0.149287924E+00-0.141746253E+00-0.132562488E+00-0.121817686E+00-0.109610043E+00
-0.960479528E-01-0.812424868E-01-0.652996078E-01-0.483124703E-01-0.303541776E-01
-0.114716226E-01 0.831793714E-02 0.290226936E-01 0.500836261E-01 0.715193674E-01
 0.933783650E-01 0.115729481E+00 0.138660342E+00 0.162278652E+00 0.186714903E+00
 0.212126166E+00 0.238702819E+00 0.266685903E+00 0.296444893E+00 0.327961713E+00
 0.839181915E-01 0.769762099E-01 0.734643489E-01 0.702591166E-01 0.662472025E-01
 0.616527461E-01 0.565823242E-01 0.510882773E-01 0.451973900E-01 0.389231034E-01
 0.322714373E-01 0.252448842E-01 0.178475603E-01 0.102736959E-01 0.248541706E-02
-0.555200223E-02-0.138687259E-01-0.224888399E-01-0.314287469E-01-0.406954661E-01
-0.502848215E-01-0.601796098E-01-0.703477338E-01-0.807404444E-01-0.912908614E-01
-0.101912774E+00-0.112500072E+00-0.122926868E+00-0.133048505E+00-0.142703667E+00
-0.151717529E+00-0.159906119E+00-0.167081818E+00-0.173059598E+00-0.177663982E+00
-0.180736110E+00-0.182140470E+00-0.181770846E+00-0.179554969E+00-0.175457358E+00
-0.169480190E+00-0.161661968E+00-0.152074233E+00-0.140816286E+00-0.128008425E+00
-0.113784313E+00-0.982826054E-01-0.816387236E-01-0.639769211E-01-0.454033203E-01
-0.260002203E-01-0.582241779E-02 0.151035991E-01 0.367766768E-01 0.585597456E-01
 0.805144012E-01 0.102685250E+00 0.125109464E+00 0.147816822E+00 0.170823127E+00
 0.194115534E+00 0.217622489E+00 0.241150379E+00 0.264244109E+00 0.285956144E+00
 0.744249001E-01 0.670342594E-01 0.640021041E-01 0.614289902E-01 0.581040904E-01
 0.541284494E-01 0.495782644E-01 0.445071198E-01 0.389498994E-01 0.329271406E-01
 0.264472868E-01 0.195049532E-01 0.123244468E-01 0.487872353E-02-0.286375126E-02
-0.109343575E-01-0.193615016E-01-0.281684417E-01-0.373712890E-01-0.469769612E-01
-0.569810867E-01-0.673658103E-01-0.780976191E-01-0.891252011E-01-0.100377612E+00
-0.111762725E+00-0.123166390E+00-0.134452298E+00-0.145462856E+00-0.156021357E+00
-0.165935308E+00-0.175001219E+00-0.183010623E+00-0.189757273E+00-0.195044905E+00
-0.198695481E+00-0.200556979E+00-0.200510383E+00-0.198475182E+00-0.194412827E+00
-0.188327968E+00-0.180267110E+00-0.170314968E+00-0.158588633E+00-0.145230100E+00
-0.130397633E+00-0.114256650E+00-0.969705656E-01-0.786920860E-01-0.595551953E-01
-0.396677330E-01-0.191038027E-01 0.210603699E-02 0.239919480E-01 0.458980314E-01
 0.677851662E-01 0.896380991E-01 0.111441277E+00 0.133165345E+00 0.154754668E+00
 0.176111609E+00 0.197074562E+00 0.217390165E+00 0.236688033E+00 0.254484981E+00
 0.682551414E-01 0.606706291E-01 0.573527664E-01 0.549263321E-01 0.518637672E-01
 0.481901169E-01 0.439391509E-01 0.391412228E-01 0.338206254E-01 0.279960465E-01
 0.216837823E-01 0.149057964E-01 0.785818975E-02 0.494801672E-03-0.722331600E-02
-0.153305493E-01-0.238567721E-01-0.328262560E-01-0.422560014E-01-0.521537326E-01
-0.625156537E-01-0.733240321E-01-0.845447853E-01-0.961250216E-01-0.107990853E+00
-0.120045610E+00-0.132168636E+00-0.144214928E+00-0.156015962E+00-0.167381674E+00
-0.178104132E+00-0.187962472E+00-0.196729630E+00-0.204180062E+00-0.210098550E+00
-0.214289337E+00-0.216584995E+00-0.216854349E+00-0.215008870E+00-0.211006701E+00
-0.204854250E+00-0.196604878E+00-0.186354965E+00-0.174237564E+00-0.160414219E+00
-0.145065531E+00-0.128381208E+00-0.110550225E+00-0.917516649E-01-0.721467063E-01
-0.518720038E-01-0.310349874E-01-0.971210375E-02 0.120470561E-01 0.342007801E-01
 0.560578220E-01 0.776281878E-01 0.988898203E-01 0.119795404E+00 0.140270174E+00
 0.160205945E+00 0.179454371E+00 0.197822422E+00 0.215074897E+00 0.230949208E+00
 0.638714284E-01 0.561404824E-01 0.528297052E-01 0.504313819E-01 0.474531911E-01
 0.439048707E-01 0.398001187E-01 0.351517759E-01 0.299691111E-01 0.242558103E-01
 0.180071015E-01 0.114351166E-01 0.452093268E-02-0.276524667E-02-0.104565118E-01
-0.185855385E-01-0.271821842E-01-0.362714268E-01-0.458712764E-01-0.559905395E-01
-0.666263625E-01-0.777616501E-01-0.893624052E-01-0.101375028E+00-0.113723904E+00
-0.126309291E+00-0.139005914E+00-0.151662380E+00-0.164101824E+00-0.176123887E+00
-0.187508419E+00-0.198020771E+00-0.207418710E+00-0.215460956E+00-0.221916527E+00
-0.226574764E+00-0.229255065E+00-0.229815662E+00-0.228160679E+00-0.224244818E+00
-0.218075201E+00-0.209710166E+00-0.199255109E+00-0.186855778E+00-0.172689453E+00
-0.156954885E+00-0.139861584E+00-0.121619478E+00-0.102429152E+00-0.824734420E-01
-0.619103536E-01-0.408672765E-01-0.194357764E-01 0.233511464E-02 0.244526677E-01
 0.462172925E-01 0.675551817E-01 0.884122625E-01 0.108730361E+00 0.128436521E+00
 0.147437885E+00 0.165619984E+00 0.182848111E+00 0.198973015E+00 0.213840961E+00
 0.612099320E-01 0.533987768E-01 0.501625873E-01 0.477290750E-01 0.447407551E-01
 0.412181690E-01 0.371698439E-01 0.325988978E-01 0.275051128E-01 0.218860917E-01
 0.157379024E-01 0.926895253E-02 0.244057737E-02-0.478467951E-02-0.124432892E-01
-0.205698125E-01-0.291954894E-01-0.383465365E-01-0.480421670E-01-0.582923405E-01
-0.690952688E-01-0.804347470E-01-0.922772884E-01-0.104569376E+00-0.117234781E+00
-0.130172297E+00-0.143254116E+00-0.156325102E+00-0.169203296E+00-0.181681827E+00
-0.193532586E+00-0.204511687E+00-0.214366630E+00-0.222845167E+00-0.229705125E+00
-0.234725058E+00-0.237714544E+00-0.238523588E+00-0.237050250E+00-0.233245775E+00
-0.227116734E+00-0.218723908E+00-0.208178133E+00-0.195633233E+00-0.181276888E+00
-0.165320158E+00-0.147986293E+00-0.129499927E+00-0.110077098E+00-0.899167359E-01
-0.691938475E-01-0.480547883E-01-0.266148765E-01-0.495924661E-02 0.168503709E-01
 0.387549438E-01 0.600204989E-01 0.806461126E-01 0.100600906E+00 0.119832188E+00
 0.138269618E+00 0.155828401E+00 0.172413290E+00 0.187923983E+00 0.202261999E+00
 0.606164485E-01 0.528759919E-01 0.493079685E-01 0.466874503E-01 0.435852222E-01
 0.400204286E-01 0.359814800E-01 0.314527601E-01 0.264211278E-01 0.208761804E-01
 0.148097258E-01 0.841997750E-02 0.166441291E-02-0.549771916E-02-0.131051801E-01
-0.211940799E-01-0.297967922E-01-0.389404595E-01-0.486451499E-01-0.589216799E-01
-0.697691217E-01-0.811721087E-01-0.930979624E-01-0.105493821E+00-0.118283883E+00
-0.131367072E+00-0.144615293E+00-0.157872543E+00-0.170955330E+00-0.183654591E+00
-0.195739165E+00-0.206961364E+00-0.217064187E+00-0.225790173E+00-0.232891649E+00
-0.238141432E+00-0.241343498E+00-0.242342740E+00-0.241032884E+00-0.237361953E+00
-0.231334537E+00-0.223011002E+00-0.212503210E+00-0.199967548E+00-0.185595706E+00
-0.169603884E+00-0.152221620E+00-0.133680582E+00-0.114204548E+00-0.940005705E-01
-0.732520223E-01-0.521134287E-01-0.307070017E-01-0.912049320E-02 0.125946049E-01
 0.344272032E-01 0.555867851E-01 0.760542005E-01 0.957962573E-01 0.114765815E+00
 0.132903412E+00 0.150139958E+00 0.166400269E+00 0.181607619E+00 0.195688888E+00
 0.617080517E-01 0.543456227E-01 0.500347316E-01 0.469300374E-01 0.437115282E-01
 0.401368812E-01 0.361301787E-01 0.316539183E-01 0.266852975E-01 0.212086532E-01
 0.152125088E-01 0.889592804E-02 0.221536006E-02-0.487043988E-02-0.124003803E-01
-0.204105452E-01-0.289332252E-01-0.379955359E-01-0.476176180E-01-0.578105077E-01
-0.685736984E-01-0.798924565E-01-0.917349830E-01-0.104049556E+00-0.116761796E+00
-0.129772291E+00-0.142954811E+00-0.156155467E+00-0.169193000E+00-0.181860551E+00
-0.193929166E+00-0.205153093E+00-0.215276957E+00-0.224044487E+00-0.231208533E+00
-0.236541808E+00-0.239847451E+00-0.240968719E+00-0.239797100E+00-0.236277729E+00
-0.230411932E+00-0.222256541E+00-0.211919859E+00-0.199554935E+00-0.185350418E+00
-0.169520020E+00-0.152291417E+00-0.133895129E+00-0.114554465E+00-0.944767147E-01
-0.738460049E-01-0.528178997E-01-0.315154418E-01-0.100263441E-01 0.115995193E-01
 0.333529189E-01 0.544368103E-01 0.748265088E-01 0.944859684E-01 0.113367468E+00
 0.131412759E+00 0.148555413E+00 0.164724171E+00 0.179847062E+00 0.193856195E+00
 0.613360405E-01 0.536468662E-01 0.502852425E-01 0.478309095E-01 0.448787846E-01
 0.414576232E-01 0.375610664E-01 0.331754535E-01 0.282872338E-01 0.228838380E-01
 0.169535354E-01 0.107081588E-01 0.410644244E-02-0.288995798E-02-0.103174318E-01
-0.182100721E-01-0.265986528E-01-0.355091505E-01-0.449609235E-01-0.549645610E-01
-0.655195042E-01-0.766114295E-01-0.882094726E-01-0.100263491E+00-0.112701416E+00
-0.125426963E+00-0.138317913E+00-0.151225299E+00-0.163973600E+00-0.176362544E+00
-0.188170373E+00-0.199158892E+00-0.209080353E+00-0.217685804E+00-0.224734694E+00
-0.230005130E+00-0.233304098E+00-0.234476879E+00-0.233414769E+00-0.230060577E+00
-0.224411204E+00-0.216517076E+00-0.206478536E+00-0.194439471E+00-0.180578694E+00
-0.165099874E+00-0.148220807E+00-0.130162746E+00-0.111140572E+00-0.913542211E-01
-0.709817186E-01-0.501739457E-01-0.290510654E-01-0.770017365E-02 0.138266878E-01
 0.355168916E-01 0.565752983E-01 0.769781321E-01 0.966872647E-01 0.115650065E+00
 0.133800969E+00 0.151064083E+00 0.167356998E+00 0.182595432E+00 0.196698859E+00
 0.631198362E-01 0.554971136E-01 0.522874743E-01 0.500887223E-01 0.473591127E-01
 0.441063344E-01 0.403378047E-01 0.360553637E-01 0.312562175E-01 0.259324871E-01
 0.200683922E-01 0.138811609E-01 0.734831207E-02 0.441266428E-03-0.687081460E-02
-0.146185588E-01-0.228303708E-01-0.315304995E-01-0.407370441E-01-0.504597798E-01
-0.606978461E-01-0.714372247E-01-0.826481804E-01-0.942826197E-01-0.106271669E+00
-0.118523546E+00-0.130921945E+00-0.143325329E+00-0.155567169E+00-0.167457595E+00
-0.178786442E+00-0.189328045E+00-0.198847592E+00-0.207108840E+00-0.213883162E+00
-0.218958989E+00-0.222151384E+00-0.223310813E+00-0.222330451E+00-0.219151378E+00
-0.213765100E+00-0.206213266E+00-0.196584448E+00-0.185008362E+00-0.171647891E+00
-0.156689882E+00-0.140334934E+00-0.122787498E+00-0.104246385E+00-0.848966166E-01
-0.649026781E-01-0.444036499E-01-0.235105995E-01-0.230705529E-02 0.191445202E-01
 0.407822914E-01 0.618633740E-01 0.823786706E-01 0.102288149E+00 0.121528618E+00
 0.140017495E+00 0.157656044E+00 0.174333498E+00 0.189933002E+00 0.204339594E+00
 0.663040653E-01 0.588018671E-01 0.560317561E-01 0.539893433E-01 0.513854437E-01
 0.482355617E-01 0.445520505E-01 0.403467901E-01 0.356292017E-01 0.304059200E-01
 0.246820971E-01 0.184655897E-01 0.119494796E-01 0.510428613E-02-0.210028514E-02
-0.969389640E-02-0.177038759E-01-0.261533745E-01-0.350595005E-01-0.444313325E-01
-0.542677939E-01-0.645553842E-01-0.752657950E-01-0.863535851E-01-0.977539495E-01
-0.109380826E+00-0.121125542E+00-0.132856101E+00-0.144417569E+00-0.155633584E+00
-0.166309133E+00-0.176235005E+00-0.185193419E+00-0.192965209E+00-0.199337780E+00
-0.204113767E+00-0.207119644E+00-0.208213657E+00-0.207292527E+00-0.204296172E+00
-0.199210197E+00-0.192065716E+00-0.182936624E+00-0.171934545E+00-0.159201726E+00
-0.144902617E+00-0.129214689E+00-0.112319104E+00-0.943918452E-01-0.755957067E-01
-0.560733192E-01-0.359411798E-01-0.152840437E-01 0.585228251E-02 0.274753384E-01
 0.488793105E-01 0.699812919E-01 0.907172412E-01 0.111017197E+00 0.130793706E+00
 0.149935976E+00 0.168307647E+00 0.185748249E+00 0.202079639E+00 0.217117906E+00
 0.717361122E-01 0.644800216E-01 0.615950860E-01 0.596287958E-01 0.570627190E-01
 0.539223142E-01 0.502385832E-01 0.460388362E-01 0.413444638E-01 0.361710638E-01
 0.305295326E-01 0.244272519E-01 0.178680811E-01 0.110441884E-01 0.392400427E-02
-0.352313113E-02-0.113251312E-01-0.195049513E-01-0.280791987E-01-0.370565914E-01
-0.464361757E-01-0.562053360E-01-0.663377270E-01-0.767912045E-01-0.875058994E-01
-0.984025970E-01-0.109381549E+00-0.120322019E+00-0.131082594E+00-0.141502619E+00
-0.151404768E+00-0.160598919E+00-0.168887228E+00-0.176070392E+00-0.181954697E+00
-0.186359555E+00-0.189125136E+00-0.190119296E+00-0.189243495E+00-0.186437070E+00
-0.181679472E+00-0.174990311E+00-0.166427076E+00-0.156080768E+00-0.144069776E+00
-0.130532429E+00-0.115618758E+00-0.994820520E-01-0.822706521E-01-0.641204044E-01
-0.451482050E-01-0.254470371E-01-0.508367596E-02 0.158977862E-01 0.374576151E-01
 0.588972159E-01 0.802197829E-01 0.101394862E+00 0.122363888E+00 0.143036425E+00
 0.163282558E+00 0.182924256E+00 0.201729789E+00 0.219416320E+00 0.235667601E+00
 0.789218098E-01 0.719736218E-01 0.691981912E-01 0.671861768E-01 0.644893274E-01
 0.611946546E-01 0.573710464E-01 0.530651882E-01 0.483073145E-01 0.431165211E-01
 0.375044420E-01 0.314774513E-01 0.250378232E-01 0.181841608E-01 0.111134611E-01
 0.379090663E-02-0.381575734E-02-0.117294015E-01-0.199660026E-01-0.285341330E-01
-0.374334008E-01-0.466526486E-01-0.561681427E-01-0.659417808E-01-0.759194568E-01
-0.860297233E-01-0.961828306E-01-0.106270388E+00-0.116165757E+00-0.125725344E+00
-0.134790897E+00-0.143192858E+00-0.150754780E+00-0.157298729E+00-0.162651256E+00
-0.166649938E+00-0.169149801E+00-0.170029342E+00-0.169195548E+00-0.166587636E+00
-0.162179127E+00-0.155977845E+00-0.148024231E+00-0.138387591E+00-0.127160907E+00
-0.114454374E+00-0.100388117E+00-0.850846171E-01-0.686610341E-01-0.512217507E-01
-0.328510404E-01-0.136051271E-01 0.649833167E-02 0.274984185E-01 0.487401411E-01
 0.701834485E-01 0.918119624E-01 0.113607652E+00 0.135535762E+00 0.157530099E+00
 0.179473966E+00 0.201173693E+00 0.222324818E+00 0.242481574E+00 0.261061579E+00
 0.885613710E-01 0.821010396E-01 0.794372261E-01 0.769194216E-01 0.736927614E-01
 0.699608549E-01 0.658045113E-01 0.612607822E-01 0.563481338E-01 0.510759652E-01
 0.454487205E-01 0.394677185E-01 0.331318639E-01 0.264374968E-01 0.193770640E-01
 0.121529661E-01 0.470764842E-02-0.296878465E-02-0.108890170E-01-0.190620385E-01
-0.274890047E-01-0.361611582E-01-0.450582430E-01-0.541470200E-01-0.633799508E-01
-0.726941004E-01-0.820104033E-01-0.912334844E-01-0.100252062E+00-0.108940110E+00
-0.117158853E+00-0.124759682E+00-0.131587863E+00-0.137487039E+00-0.142304316E+00
-0.145895660E+00-0.148131251E+00-0.148900524E+00-0.148116440E+00-0.145718604E+00
-0.141674995E+00-0.135982186E+00-0.128663927E+00-0.119768061E+00-0.109362140E+00
-0.975279287E-01-0.843550712E-01-0.699344128E-01-0.543511957E-01-0.376787186E-01
-0.199727267E-01-0.126731431E-02 0.184267536E-01 0.391202569E-01 0.601805747E-01
 0.816770941E-01 0.103662916E+00 0.126183882E+00 0.149277627E+00 0.172965258E+00
 0.197233349E+00 0.221997663E+00 0.247026607E+00 0.271773010E+00 0.295095652E+00
 0.102596082E+00 0.974681526E-01 0.927997008E-01 0.884873122E-01 0.842135027E-01
 0.797988325E-01 0.751776025E-01 0.703177378E-01 0.652005672E-01 0.598139726E-01
 0.541495606E-01 0.482013971E-01 0.419655927E-01 0.354406983E-01 0.286295246E-01
 0.215439964E-01 0.141554940E-01 0.665015960E-02-0.100137806E-02-0.881958380E-02
-0.168103892E-01-0.249687750E-01-0.332789496E-01-0.417133942E-01-0.502318479E-01
-0.587804429E-01-0.672912076E-01-0.756819844E-01-0.838568509E-01-0.917071775E-01
-0.991133451E-01-0.105947159E+00-0.112074964E+00-0.117361329E+00-0.121673234E+00
-0.124884441E+00-0.126879916E+00-0.127559930E+00-0.126843512E+00-0.124671102E+00
-0.121005990E+00-0.115834549E+00-0.109165043E+00-0.101025186E+00-0.914584175E-01
-0.805191472E-01-0.682671890E-01-0.547616184E-01-0.400542393E-01-0.241830964E-01
-0.716653094E-02 0.110006798E-01 0.303444210E-01 0.503185056E-01 0.709563270E-01
 0.923234299E-01 0.114508457E+00 0.137621924E+00 0.161798030E+00 0.187198073E+00
 0.214015111E+00 0.242481992E+00 0.272892356E+00 0.305694103E+00 0.340867430E+00
 0.114480264E+00 0.110066369E+00 0.104977749E+00 0.998603925E-01 0.949017555E-01
 0.899676234E-01 0.849658325E-01 0.798369795E-01 0.745425895E-01 0.690570846E-01
 0.633631423E-01 0.574488156E-01 0.513059646E-01 0.449291319E-01 0.383146144E-01
 0.314586200E-01 0.243522935E-01 0.169846565E-01 0.956621859E-02 0.204778509E-02
-0.556544727E-02-0.132684372E-01-0.210500620E-01-0.288893152E-01-0.367538817E-01
-0.445993543E-01-0.523689501E-01-0.599935465E-01-0.673921630E-01-0.744728819E-01
-0.811343119E-01-0.872675776E-01-0.927588493E-01-0.974923372E-01-0.101353623E+00
-0.104233198E+00-0.106030002E+00-0.106654674E+00-0.106032386E+00-0.104104914E+00
-0.100831904E+00-0.961910039E-01-0.901769996E-01-0.827997625E-01-0.740811378E-01
-0.640508607E-01-0.527415648E-01-0.401829109E-01-0.263947118E-01-0.113784578E-01
 0.489455601E-02 0.225036219E-01 0.408729240E-01 0.600289926E-01 0.800339356E-01
 0.100982741E+00 0.123004727E+00 0.146269381E+00 0.170996845E+00 0.197474390E+00
 0.226081520E+00 0.257328928E+00 0.291920304E+00 0.330842972E+00 0.373355985E+00
 0.124392129E+00 0.120407850E+00 0.115423493E+00 0.110226087E+00 0.105083868E+00
 0.999436006E-01 0.947565660E-01 0.894826427E-01 0.840909332E-01 0.785583928E-01
 0.728681386E-01 0.670079142E-01 0.609690100E-01 0.547454022E-01 0.483332202E-01
 0.417304151E-01 0.349370614E-01 0.279579796E-01 0.208083801E-01 0.134624979E-01
 0.613326905E-02-0.119465345E-02-0.852636993E-02-0.158505701E-01-0.231440030E-01
-0.303718783E-01-0.374883413E-01-0.444367938E-01-0.511504300E-01-0.575530455E-01
-0.635602325E-01-0.690809712E-01-0.740196854E-01-0.782785863E-01-0.817603320E-01
-0.843708217E-01-0.860219374E-01-0.866341591E-01-0.861387551E-01-0.844794810E-01
-0.816135108E-01-0.775116459E-01-0.721575916E-01-0.655463263E-01-0.576816313E-01
-0.485726669E-01-0.382298641E-01-0.266601816E-01-0.138621069E-01 0.178556089E-03
 0.154891741E-01 0.320987180E-01 0.494271554E-01 0.675753653E-01 0.866458490E-01
 0.106759913E+00 0.128069654E+00 0.150770113E+00 0.175114721E+00 0.201436758E+00
 0.230179474E+00 0.261936277E+00 0.297496647E+00 0.337875098E+00 0.381975353E+00
 0.133260518E+00 0.129637182E+00 0.124938726E+00 0.119866073E+00 0.114758760E+00
 0.109602049E+00 0.104377799E+00 0.990685299E-01 0.936587825E-01 0.881355703E-01
 0.824883580E-01 0.767088830E-01 0.707908943E-01 0.647299439E-01 0.585232042E-01
 0.521693379E-01 0.456683636E-01 0.390213691E-01 0.322290659E-01 0.252867285E-01
 0.181869939E-01 0.111751584E-01 0.420919759E-02-0.269208988E-02-0.951217394E-02
-0.162236802E-01-0.227906276E-01-0.291680507E-01-0.353024267E-01-0.411321856E-01
-0.465885587E-01-0.515968427E-01-0.560780205E-01-0.599506125E-01-0.631327257E-01
-0.655442625E-01-0.671090484E-01-0.677568689E-01-0.674251392E-01-0.660602152E-01
-0.636181459E-01-0.600647964E-01-0.553753339E-01-0.495329686E-01-0.425269641E-01
-0.343498774E-01-0.249938909E-01-0.144460173E-01-0.268138992E-02 0.103471493E-01
 0.247278288E-01 0.398905240E-01 0.558492355E-01 0.726604834E-01 0.904073119E-01
 0.109196931E+00 0.129164293E+00 0.150479436E+00 0.173358634E+00 0.198080882E+00
 0.225013182E+00 0.254652113E+00 0.287701637E+00 0.325243115E+00 0.365206301E+00
 0.141710356E+00 0.138446003E+00 0.133992374E+00 0.129096448E+00 0.124097511E+00
 0.119000211E+00 0.113808192E+00 0.108522877E+00 0.103143580E+00 0.976681039E-01
 0.920934677E-01 0.864165425E-01 0.806345642E-01 0.747454166E-01 0.687479302E-01
 0.626420155E-01 0.564287901E-01 0.501107052E-01 0.436916985E-01 0.371778533E-01
 0.305802487E-01 0.239207838E-01 0.171716064E-01 0.105843805E-01 0.412239693E-02
-0.218635821E-02-0.831750035E-02-0.142371282E-01-0.199047662E-01-0.252729412E-01
-0.302872378E-01-0.348877460E-01-0.390104167E-01-0.425884388E-01-0.455537960E-01
-0.478390455E-01-0.493790507E-01-0.501124859E-01-0.499830991E-01-0.489406176E-01
-0.469412804E-01-0.439479277E-01-0.399295948E-01-0.348606668E-01-0.287195034E-01
-0.214866530E-01-0.131427003E-01-0.366586191E-02 0.697019324E-02 0.187971368E-01
 0.318480916E-01 0.455431156E-01 0.599624440E-01 0.751766935E-01 0.912593976E-01
 0.108292706E+00 0.126370922E+00 0.145603135E+00 0.166115776E+00 0.188054696E+00
 0.211586550E+00 0.236897662E+00 0.264184237E+00 0.293575585E+00 0.323410332E+00
 0.150029778E+00 0.147129685E+00 0.142919928E+00 0.138186619E+00 0.133279935E+00
 0.128232524E+00 0.123072475E+00 0.117818788E+00 0.112482637E+00 0.107069701E+00
 0.101582259E+00 0.960207060E-01 0.903846473E-01 0.846736357E-01 0.788876787E-01
 0.730276033E-01 0.670953616E-01 0.610942841E-01 0.550293550E-01 0.489075743E-01
 0.427383855E-01 0.365335159E-01 0.303045269E-01 0.240739100E-01 0.178124141E-01
 0.117917527E-01 0.597725343E-02 0.401245226E-03-0.491179712E-02-0.993017573E-02
-0.146112042E-01-0.189080331E-01-0.227704290E-01-0.261448622E-01-0.289754495E-01
-0.312060453E-01-0.327818133E-01-0.336502455E-01-0.337619111E-01-0.330708921E-01
-0.315350369E-01-0.291159004E-01-0.257783644E-01-0.214899890E-01-0.162200741E-01
-0.993853901E-02-0.261464366E-02 0.578453392E-02 0.152961714E-01 0.259645358E-01
 0.372743122E-01 0.492407978E-01 0.618968569E-01 0.752827078E-01 0.894421339E-01
 0.104420364E+00 0.120261647E+00 0.137005642E+00 0.154681146E+00 0.173295364E+00
 0.192814618E+00 0.213128805E+00 0.233982071E+00 0.254818559E+00 0.274442345E+00
 0.158566535E+00 0.156070173E+00 0.152102292E+00 0.147403926E+00 0.142452076E+00
 0.137354642E+00 0.132166177E+00 0.126913100E+00 0.121608168E+00 0.116257086E+00
 0.110861912E+00 0.105422884E+00 0.999395102E-01 0.944113284E-01 0.888383538E-01
 0.832214579E-01 0.775626302E-01 0.718652084E-01 0.661340803E-01 0.603758544E-01
 0.545989946E-01 0.488137975E-01 0.430322550E-01 0.372683704E-01 0.315358713E-01
 0.258597806E-01 0.202078391E-01 0.148763610E-01 0.981854554E-02 0.503549026E-02
 0.580493303E-03-0.351230730E-02-0.720894756E-02-0.104689822E-01-0.132445525E-01
-0.154888630E-01-0.171572454E-01-0.182068367E-01-0.185962766E-01-0.182855707E-01
-0.172359385E-01-0.154095432E-01-0.127689661E-01-0.927645992E-02-0.489309197E-02
 0.421982259E-03 0.671173586E-02 0.140209729E-01 0.223977882E-01 0.313457623E-01
 0.408820100E-01 0.510255583E-01 0.617984794E-01 0.732239410E-01 0.853232965E-01
 0.981124789E-01 0.111597352E+00 0.125767395E+00 0.140586928E+00 0.155982614E+00
 0.171825692E+00 0.187907219E+00 0.203906640E+00 0.219363868E+00 0.233688876E+00
 0.168510363E+00 0.166958392E+00 0.162323818E+00 0.156889990E+00 0.151565045E+00
 0.146266505E+00 0.140979618E+00 0.135697693E+00 0.130415753E+00 0.125129387E+00
 0.119834580E+00 0.114527769E+00 0.109206073E+00 0.103867419E+00 0.985107422E-01
 0.931361243E-01 0.877449289E-01 0.823399276E-01 0.769253895E-01 0.715072304E-01
 0.660930946E-01 0.606924482E-01 0.553167053E-01 0.499794558E-01 0.446967967E-01
 0.394885466E-01 0.343776681E-01 0.294070654E-01 0.245736968E-01 0.198335908E-01
 0.155027891E-01 0.115326932E-01 0.791518856E-02 0.467221299E-02 0.187115802E-02
-0.449567829E-03-0.225942675E-02-0.352888368E-02-0.422751624E-02-0.432366040E-02
-0.378431380E-02-0.257478864E-02-0.657903205E-03 0.200738478E-02 0.546782417E-02
 0.977759063E-02 0.149976751E-01 0.211859066E-01 0.278632902E-01 0.350499377E-01
 0.427647494E-01 0.510263629E-01 0.598529279E-01 0.692605153E-01 0.792602524E-01
 0.898543745E-01 0.101031192E+00 0.112758860E+00 0.124978133E+00 0.137593940E+00
 0.150466457E+00 0.163402960E+00 0.176153466E+00 0.188415557E+00 0.199854359E+00
 0.177176356E+00 0.176232621E+00 0.171532393E+00 0.165692270E+00 0.160085097E+00
 0.154631287E+00 0.149279639E+00 0.143998429E+00 0.138766944E+00 0.133570746E+00
 0.128399223E+00 0.123244487E+00 0.118100673E+00 0.112963662E+00 0.107830912E+00
 0.102701373E+00 0.975754559E-01 0.924550667E-01 0.873436108E-01 0.822460651E-01
 0.771690235E-01 0.721208081E-01 0.671115443E-01 0.621533878E-01 0.572606549E-01
 0.524501540E-01 0.477412418E-01 0.431559980E-01 0.387147255E-01 0.344430469E-01
 0.303930826E-01 0.265768785E-01 0.229806807E-01 0.195533726E-01 0.166442785E-01
 0.142053962E-01 0.122263310E-01 0.107144769E-01 0.968622044E-02 0.916298665E-02
 0.916959345E-02 0.973398797E-02 0.108881379E-01 0.126704406E-01 0.151308198E-01
 0.183414109E-01 0.224199556E-01 0.269102175E-01 0.318346731E-01 0.372105949E-01
 0.430552252E-01 0.493872911E-01 0.562265366E-01 0.635917261E-01 0.714973956E-01
 0.799494311E-01 0.889397338E-01 0.984402895E-01 0.108397208E+00 0.118725426E+00
 0.129304990E+00 0.139980093E+00 0.150562242E+00 0.160838768E+00 0.170587197E+00
 0.183953792E+00 0.183349043E+00 0.178893909E+00 0.173137143E+00 0.167559549E+00
 0.162138939E+00 0.156844482E+00 0.151649520E+00 0.146532461E+00 0.141476259E+00
 0.136467710E+00 0.131496653E+00 0.126555458E+00 0.121638641E+00 0.116742574E+00
 0.111865267E+00 0.107006304E+00 0.102166712E+00 0.973489657E-01 0.925569832E-01
 0.877961218E-01 0.830732360E-01 0.783967376E-01 0.737766623E-01 0.692247823E-01
 0.647546351E-01 0.603815801E-01 0.561227165E-01 0.519966893E-01 0.480244942E-01
 0.442297608E-01 0.406326912E-01 0.372530930E-01 0.341202617E-01 0.312981308E-01
 0.288157221E-01 0.266909208E-01 0.249388367E-01 0.235745348E-01 0.226137638E-01
 0.220730826E-01 0.219698101E-01 0.223218706E-01 0.231473017E-01 0.244626049E-01
 0.262778364E-01 0.285830610E-01 0.313121565E-01 0.344389565E-01 0.379592255E-01
 0.418829173E-01 0.462304167E-01 0.510298721E-01 0.563141778E-01 0.621168241E-01
 0.684662610E-01 0.753789917E-01 0.828520060E-01 0.908556953E-01 0.993284434E-01
 0.108174145E+00 0.117263407E+00 0.126438946E+00 0.135525003E+00 0.144339815E+00
 0.189567134E+00 0.189299494E+00 0.184895992E+00 0.179328322E+00 0.173935592E+00
 0.168690413E+00 0.163571924E+00 0.158559188E+00 0.153633416E+00 0.148778722E+00
 0.143982261E+00 0.139233887E+00 0.134525850E+00 0.129852459E+00 0.125209808E+00
 0.120595582E+00 0.116008855E+00 0.111450061E+00 0.106920853E+00 0.102424115E+00
 0.979639217E-01 0.935455412E-01 0.891754776E-01 0.848614722E-01 0.806125477E-01
 0.764390305E-01 0.723525360E-01 0.683660060E-01 0.644936040E-01 0.607508272E-01
 0.571542792E-01 0.537212826E-01 0.504705720E-01 0.474238135E-01 0.446059145E-01
 0.420373753E-01 0.397343375E-01 0.377099104E-01 0.359752215E-01 0.345399864E-01
 0.334127247E-01 0.326006822E-01 0.321095325E-01 0.319427624E-01 0.321006179E-01
 0.325784795E-01 0.333651565E-01 0.344436094E-01 0.358041301E-01 0.374489091E-01
 0.393940806E-01 0.416709781E-01 0.443266407E-01 0.474227406E-01 0.510318838E-01
 0.552302636E-01 0.600866266E-01 0.656489432E-01 0.719314069E-01 0.789046735E-01
 0.864914507E-01 0.945683047E-01 0.102973878E+00 0.111522473E+00 0.120020866E+00
 0.193685323E+00 0.193617195E+00 0.189641699E+00 0.184365764E+00 0.179256961E+00
 0.174294204E+00 0.169452518E+00 0.164710358E+00 0.160050243E+00 0.155458346E+00
 0.150923744E+00 0.146438047E+00 0.141994834E+00 0.137589410E+00 0.133218482E+00
 0.128880084E+00 0.124573320E+00 0.120298341E+00 0.116056234E+00 0.111848988E+00
 0.107679456E+00 0.103551351E+00 0.994692147E-01 0.954384729E-01 0.914653912E-01
 0.875571147E-01 0.837216601E-01 0.799679011E-01 0.763055459E-01 0.727450997E-01
 0.692977980E-01 0.659754798E-01 0.627906322E-01 0.597562529E-01 0.568853132E-01
 0.541893505E-01 0.516778305E-01 0.493580215E-01 0.472350195E-01 0.453117341E-01
 0.435888320E-01 0.420645475E-01 0.407344475E-01 0.395911671E-01 0.386242531E-01
 0.378203504E-01 0.371641777E-01 0.366411135E-01 0.362420492E-01 0.359685272E-01
 0.358382463E-01 0.358912013E-01 0.361960866E-01 0.368556231E-01 0.380075388E-01
 0.398166925E-01 0.424547195E-01 0.460697263E-01 0.507554524E-01 0.565297529E-01
 0.633257031E-01 0.709941536E-01 0.793174878E-01 0.880353078E-01 0.968787223E-01
 0.196697339E+00 0.196801975E+00 0.193142191E+00 0.188258722E+00 0.183564320E+00
 0.179002389E+00 0.174536437E+00 0.170145541E+00 0.165816605E+00 0.161540657E+00
 0.157311097E+00 0.153122962E+00 0.148972556E+00 0.144857168E+00 0.140775010E+00
 0.136724994E+00 0.132706732E+00 0.128720477E+00 0.124766983E+00 0.120847531E+00
 0.116963871E+00 0.113118209E+00 0.109313197E+00 0.105551928E+00 0.101837955E+00
 0.981752872E-01 0.945684090E-01 0.910222605E-01 0.875422508E-01 0.841341987E-01
 0.808042884E-01 0.775589645E-01 0.744047537E-01 0.713480636E-01 0.683947280E-01
 0.655495077E-01 0.628155768E-01 0.601941682E-01 0.576842278E-01 0.552820861E-01
 0.529811084E-01 0.507713296E-01 0.486390814E-01 0.465667062E-01 0.445324779E-01
 0.425109006E-01 0.404737219E-01 0.383919924E-01 0.362395942E-01 0.339984968E-01
 0.316665284E-01 0.292687304E-01 0.268738195E-01 0.246164296E-01 0.227220859E-01
 0.215193592E-01 0.214058384E-01 0.227534957E-01 0.258117598E-01 0.306693949E-01
 0.372568071E-01 0.453509726E-01 0.545820817E-01 0.644761324E-01 0.745553896E-01
 0.198279515E+00 0.198358148E+00 0.195117295E+00 0.191026405E+00 0.186983109E+00
 0.182954624E+00 0.178947732E+00 0.174966827E+00 0.171014026E+00 0.167090088E+00
 0.163195133E+00 0.159329027E+00 0.155491576E+00 0.151682705E+00 0.147902519E+00
 0.144151270E+00 0.140429422E+00 0.136737525E+00 0.133076251E+00 0.129446328E+00
 0.125848517E+00 0.122283593E+00 0.118752331E+00 0.115255520E+00 0.111793987E+00
 0.108368620E+00 0.104980372E+00 0.101630330E+00 0.983197317E-01 0.950499475E-01
 0.918224975E-01 0.886389241E-01 0.855007172E-01 0.824090615E-01 0.793645382E-01
 0.763667449E-01 0.734138563E-01 0.705021545E-01 0.676254928E-01 0.647747591E-01
 0.619372502E-01 0.590960011E-01 0.562290624E-01 0.533087850E-01 0.503011383E-01
 0.471651852E-01 0.438528322E-01 0.403091908E-01 0.364738367E-01 0.322838016E-01
 0.276794825E-01 0.226158667E-01 0.170834158E-01 0.111477654E-01 0.503120851E-02
-0.710587483E-03-0.500162691E-02-0.677005202E-02-0.556114456E-02-0.129555212E-02
 0.593316648E-02 0.158546586E-01 0.278654378E-01 0.408142917E-01 0.534928925E-01
 0.199188560E+00 0.199051529E+00 0.196644127E+00 0.193370625E+00 0.189945295E+00
 0.186436519E+00 0.182887733E+00 0.179323003E+00 0.175756112E+00 0.172195464E+00
 0.168646619E+00 0.165113434E+00 0.161598891E+00 0.158105403E+00 0.154635012E+00
 0.151189417E+00 0.147770047E+00 0.144377977E+00 0.141013920E+00 0.137678176E+00
 0.134370595E+00 0.131090567E+00 0.127837002E+00 0.124608338E+00 0.121402577E+00
 0.118217357E+00 0.115050025E+00 0.111897729E+00 0.108757496E+00 0.105626374E+00
 0.102501422E+00 0.993797928E-01 0.962586403E-01 0.931349918E-01 0.900055021E-01
 0.868661180E-01 0.837116167E-01 0.805350393E-01 0.773270354E-01 0.740751028E-01
 0.707626864E-01 0.673681870E-01 0.638637766E-01 0.602140538E-01 0.563744716E-01
 0.522894748E-01 0.478902608E-01 0.430921242E-01 0.377913862E-01 0.318620317E-01
 0.251526963E-01 0.174851846E-01 0.865613669E-02-0.155816425E-02-0.134066846E-01
-0.272664148E-01-0.389428772E-01-0.445140749E-01-0.450240932E-01-0.410245694E-01
-0.320887007E-01-0.186281074E-01 0.190391238E-04 0.199312828E-01 0.362066589E-01
 0.201050445E+00 0.201108173E+00 0.198865265E+00 0.195870578E+00 0.192809179E+00
 0.189692631E+00 0.186535895E+00 0.183352515E+00 0.180153310E+00 0.176946759E+00
 0.173739716E+00 0.170537889E+00 0.167346284E+00 0.164169207E+00 0.161010444E+00
 0.157873169E+00 0.154759869E+00 0.151672289E+00 0.148611322E+00 0.145576969E+00
 0.142568260E+00 0.139583200E+00 0.136618763E+00 0.133670896E+00 0.130734578E+00
 0.127803922E+00 0.124872319E+00 0.121932596E+00 0.118977293E+00 0.115998842E+00
 0.112989843E+00 0.109943189E+00 0.106852204E+00 0.103710584E+00 0.100512289E+00
 0.972511694E-01 0.939205140E-01 0.905123800E-01 0.870168209E-01 0.834208950E-01
 0.797075778E-01 0.758544728E-01 0.718322843E-01 0.676030368E-01 0.631177723E-01
 0.583136454E-01 0.531099774E-01 0.474027470E-01 0.410567671E-01 0.338944010E-01
 0.256794933E-01 0.160957444E-01 0.472138356E-02-0.899237022E-02-0.257287882E-01
-0.443310216E-01-0.569987893E-01-0.636651739E-01-0.647407323E-01-0.599775091E-01
-0.495292470E-01-0.324257128E-01-0.978095178E-02 0.101878094E-01 0.269820839E-01
 0.202829525E+00 0.203089476E+00 0.201033980E+00 0.198312327E+00 0.195562929E+00
 0.192783207E+00 0.189974919E+00 0.187141463E+00 0.184287429E+00 0.181418285E+00
 0.178540125E+00 0.175659359E+00 0.172782421E+00 0.169915482E+00 0.167064160E+00
 0.164233267E+00 0.161426634E+00 0.158646926E+00 0.155895442E+00 0.153172076E+00
 0.150475129E+00 0.147801250E+00 0.145145401E+00 0.142500818E+00 0.139859080E+00
 0.137210235E+00 0.134542987E+00 0.131845102E+00 0.129103705E+00 0.126305893E+00
 0.123439081E+00 0.120491624E+00 0.117453068E+00 0.114314377E+00 0.111067943E+00
 0.107707240E+00 0.104226343E+00 0.100619130E+00 0.968783200E-01 0.929943025E-01
 0.889538750E-01 0.847388208E-01 0.803243294E-01 0.756771490E-01 0.707533881E-01
 0.654956177E-01 0.598289333E-01 0.536552742E-01 0.468446761E-01 0.392212532E-01
 0.305392463E-01 0.204402432E-01 0.837619789E-02-0.650290167E-02-0.252023190E-01
-0.411077626E-01-0.517844856E-01-0.574087538E-01-0.578712039E-01-0.531262308E-01
-0.420136563E-01-0.237372313E-01-0.445870077E-02 0.121724689E-01 0.266796853E-01
 0.204281285E+00 0.204733834E+00 0.203011796E+00 0.200584024E+00 0.198151842E+00
 0.195706546E+00 0.193238750E+00 0.190743268E+00 0.188219577E+00 0.185671091E+00
 0.183104217E+00 0.180527106E+00 0.177948728E+00 0.175377995E+00 0.172823176E+00
 0.170291379E+00 0.167788312E+00 0.165317982E+00 0.162882462E+00 0.160481811E+00
 0.158113852E+00 0.155774012E+00 0.153455198E+00 0.151147693E+00 0.148839176E+00
 0.146514758E+00 0.144157350E+00 0.141748086E+00 0.139267012E+00 0.136693984E+00
 0.134009674E+00 0.131196529E+00 0.128239706E+00 0.125127599E+00 0.121852078E+00
 0.118408248E+00 0.114793792E+00 0.111007899E+00 0.107049964E+00 0.102918148E+00
 0.986078456E-01 0.941102952E-01 0.894111022E-01 0.844889656E-01 0.793142170E-01
 0.738473460E-01 0.680372044E-01 0.618187897E-01 0.551104248E-01 0.478099398E-01
 0.397892930E-01 0.308856014E-01 0.208775513E-01 0.934664719E-02-0.297371577E-02
-0.127320886E-01-0.196187720E-01-0.233324058E-01-0.238152482E-01-0.205105953E-01
-0.132182520E-01-0.140075164E-02 0.105714258E-01 0.220929626E-01 0.329393484E-01
 0.205513075E+00 0.206193149E+00 0.204702824E+00 0.202611655E+00 0.200549394E+00
 0.198478773E+00 0.196373567E+00 0.194220170E+00 0.192016274E+00 0.189767838E+00
 0.187485978E+00 0.185184345E+00 0.182877332E+00 0.180578664E+00 0.178300694E+00
 0.176053852E+00 0.173846349E+00 0.171684086E+00 0.169570372E+00 0.167505890E+00
 0.165488377E+00 0.163512439E+00 0.161569148E+00 0.159645855E+00 0.157725841E+00
 0.155788317E+00 0.153808594E+00 0.151758641E+00 0.149608240E+00 0.147326440E+00
 0.144883484E+00 0.142252907E+00 0.139413372E+00 0.136350110E+00 0.133055553E+00
 0.129529074E+00 0.125775948E+00 0.121805526E+00 0.117629178E+00 0.113258079E+00
 0.108701259E+00 0.103964031E+00 0.990469232E-01 0.939449742E-01 0.886476040E-01
 0.831388682E-01 0.773984119E-01 0.714034513E-01 0.651327223E-01 0.585743748E-01
 0.517423376E-01 0.447119027E-01 0.377003215E-01 0.312271398E-01 0.258560888E-01
 0.209722891E-01 0.170564577E-01 0.146811018E-01 0.140840607E-01 0.151789151E-01
 0.175646693E-01 0.218334347E-01 0.279589705E-01 0.350040570E-01 0.423722900E-01
 0.206106156E+00 0.207017764E+00 0.205923229E+00 0.204334989E+00 0.202789083E+00
 0.201191306E+00 0.199494615E+00 0.197686881E+00 0.195777670E+00 0.193787754E+00
 0.191742375E+00 0.189667284E+00 0.187586457E+00 0.185521036E+00 0.183488771E+00
 0.181504071E+00 0.179578051E+00 0.177718699E+00 0.175930977E+00 0.174216732E+00
 0.172574416E+00 0.170998737E+00 0.169479966E+00 0.168003216E+00 0.166547626E+00
 0.165085733E+00 0.163583115E+00 0.161998793E+00 0.160286605E+00 0.158397809E+00
 0.156284750E+00 0.153905138E+00 0.151226267E+00 0.148228168E+00 0.144905120E+00
 0.141265318E+00 0.137328506E+00 0.133122340E+00 0.128678232E+00 0.124027409E+00
 0.119197965E+00 0.114212975E+00 0.109089792E+00 0.103840277E+00 0.984717682E-01
 0.929888114E-01 0.873957053E-01 0.817000866E-01 0.759182945E-01 0.700830445E-01
 0.642542318E-01 0.585318133E-01 0.530635938E-01 0.480286814E-01 0.435868502E-01
 0.398642607E-01 0.370068774E-01 0.351710506E-01 0.344632864E-01 0.349168368E-01
 0.365192108E-01 0.392316021E-01 0.429282337E-01 0.473762900E-01 0.523141883E-01
 0.205444500E+00 0.206458837E+00 0.206357569E+00 0.205831259E+00 0.205126673E+00
 0.204143822E+00 0.202871278E+00 0.201354876E+00 0.199653968E+00 0.197826460E+00
 0.195924357E+00 0.193992257E+00 0.192066923E+00 0.190177679E+00 0.188347310E+00
 0.186593190E+00 0.184928402E+00 0.183362484E+00 0.181901962E+00 0.180550486E+00
 0.179308623E+00 0.178173125E+00 0.177135974E+00 0.176182792E+00 0.175290987E+00
 0.174427554E+00 0.173547149E+00 0.172590896E+00 0.171487361E+00 0.170156389E+00
 0.168516338E+00 0.166493729E+00 0.164032936E+00 0.161103725E+00 0.157704800E+00
 0.153862730E+00 0.149626270E+00 0.145057663E+00 0.140222996E+00 0.135184318E+00
 0.129994869E+00 0.124697410E+00 0.119324714E+00 0.113901503E+00 0.108446904E+00
 0.102977306E+00 0.975094959E-01 0.920640454E-01 0.866691619E-01 0.813647360E-01
 0.762061700E-01 0.712664649E-01 0.666347668E-01 0.624099784E-01 0.586921573E-01
 0.555768721E-01 0.531523898E-01 0.514936000E-01 0.506522730E-01 0.506496653E-01
 0.514738820E-01 0.530781634E-01 0.553790480E-01 0.582613125E-01 0.615929365E-01
 0.204632521E+00 0.205848530E+00 0.206904143E+00 0.207855389E+00 0.208570451E+00
 0.208067372E+00 0.206984460E+00 0.205520183E+00 0.203808635E+00 0.201953188E+00
 0.200036019E+00 0.198120758E+00 0.196254343E+00 0.194469795E+00 0.192789972E+00
 0.191230848E+00 0.189804077E+00 0.188518718E+00 0.187382162E+00 0.186400548E+00
 0.185578480E+00 0.184918359E+00 0.184418857E+00 0.184072688E+00 0.183863074E+00
 0.183758944E+00 0.183708653E+00 0.183633387E+00 0.183422729E+00 0.182937816E+00
 0.182025999E+00 0.180545509E+00 0.178390503E+00 0.175508633E+00 0.171908751E+00
 0.167658851E+00 0.162872404E+00 0.157684222E+00 0.152224675E+00 0.146602675E+00
 0.140900508E+00 0.135176569E+00 0.129471064E+00 0.123811886E+00 0.118219592E+00
 0.112711444E+00 0.107304752E+00 0.102019653E+00 0.968815163E-01 0.919228867E-01
 0.871846303E-01 0.827160850E-01 0.785736367E-01 0.748180151E-01 0.715107247E-01
 0.687102452E-01 0.664682612E-01 0.648256168E-01 0.638083667E-01 0.634244382E-01
 0.636616349E-01 0.644870773E-01 0.658485219E-01 0.676780045E-01 0.698976293E-01
 0.204513371E+00 0.206116006E+00 0.207902476E+00 0.210002691E+00 0.212374091E+00
 0.213230953E+00 0.212255001E+00 0.210371941E+00 0.208280817E+00 0.206104472E+00
 0.203951240E+00 0.201897934E+00 0.199988335E+00 0.198243558E+00 0.196673244E+00
 0.195282504E+00 0.194075599E+00 0.193057746E+00 0.192235976E+00 0.191619441E+00
 0.191219285E+00 0.191048190E+00 0.191119149E+00 0.191443369E+00 0.192026332E+00
 0.192860827E+00 0.193914682E+00 0.195110083E+00 0.196293712E+00 0.197212443E+00
 0.197538987E+00 0.196962848E+00 0.195269302E+00 0.192361504E+00 0.188265234E+00
 0.183139950E+00 0.177265480E+00 0.170959488E+00 0.164478362E+00 0.157986060E+00
 0.151575148E+00 0.145294741E+00 0.139169991E+00 0.133213878E+00 0.127434179E+00
 0.121837541E+00 0.116432033E+00 0.111228965E+00 0.106243983E+00 0.101497777E+00
 0.970162749E-01 0.928301811E-01 0.889739171E-01 0.854839459E-01 0.823966637E-01
 0.797460303E-01 0.775610730E-01 0.758635029E-01 0.746655166E-01 0.739681423E-01
 0.737602636E-01 0.740185827E-01 0.747085810E-01 0.757864788E-01 0.772020221E-01
 0.204193026E+00 0.206004262E+00 0.208095878E+00 0.210616350E+00 0.213686094E+00
 0.215728059E+00 0.216289714E+00 0.215322718E+00 0.212835118E+00 0.209929511E+00
 0.207280725E+00 0.204970434E+00 0.202975735E+00 0.201262563E+00 0.199804813E+00
 0.198585749E+00 0.197597057E+00 0.196837798E+00 0.196313888E+00 0.196037918E+00
 0.196029350E+00 0.196314797E+00 0.196928307E+00 0.197911650E+00 0.199313909E+00
 0.201189831E+00 0.203593493E+00 0.206559777E+00 0.210042700E+00 0.213672236E+00
 0.216411278E+00 0.217441842E+00 0.216481164E+00 0.213412881E+00 0.208204493E+00
 0.201032907E+00 0.192734137E+00 0.184377238E+00 0.176342770E+00 0.168700725E+00
 0.161443397E+00 0.154544055E+00 0.147974670E+00 0.141711414E+00 0.135736167E+00
 0.130036592E+00 0.124605939E+00 0.119442753E+00 0.114550680E+00 0.109938085E+00
 0.105617568E+00 0.101605266E+00 0.979198441E-01 0.945812762E-01 0.916094184E-01
 0.890224501E-01 0.868352801E-01 0.850581229E-01 0.836951807E-01 0.827437341E-01
 0.821936205E-01 0.820272863E-01 0.822202936E-01 0.827424005E-01 0.835589990E-01
 0.203372002E+00 0.205190703E+00 0.207176223E+00 0.209330589E+00 0.211638153E+00
 0.214028478E+00 0.215935275E+00 0.216353521E+00 0.215132773E+00 0.212141022E+00
 0.209130108E+00 0.206752732E+00 0.204830974E+00 0.203265384E+00 0.201998994E+00
 0.200999305E+00 0.200249806E+00 0.199745923E+00 0.199493334E+00 0.199507833E+00
 0.199816063E+00 0.200458065E+00 0.201488480E+00 0.202979520E+00 0.205027893E+00
 0.207764640E+00 0.211372018E+00 0.216115102E+00 0.222411707E+00 0.230895177E+00
 0.237327933E+00 0.240344033E+00 0.240357250E+00 0.237101421E+00 0.230435282E+00
 0.219853014E+00 0.206912294E+00 0.195974484E+00 0.186349347E+00 0.177664131E+00
 0.169696122E+00 0.162304029E+00 0.155395091E+00 0.148906842E+00 0.142796203E+00
 0.137033254E+00 0.131597534E+00 0.126475975E+00 0.121661462E+00 0.117151886E+00
 0.112949207E+00 0.109058596E+00 0.105487496E+00 0.102244593E+00 0.993387848E-01
 0.967780575E-01 0.945684388E-01 0.927130580E-01 0.912113264E-01 0.900583714E-01
 0.892447010E-01 0.887562260E-01 0.885745212E-01 0.886773989E-01 0.890396684E-01
 0.202141076E+00 0.204019114E+00 0.205868900E+00 0.207613960E+00 0.209220380E+00
 0.210675403E+00 0.211956084E+00 0.213006288E+00 0.213056967E+00 0.211034492E+00
 0.208708405E+00 0.206840053E+00 0.205331475E+00 0.204121873E+00 0.203175172E+00
 0.202469230E+00 0.201992273E+00 0.201741681E+00 0.201724008E+00 0.201956078E+00
 0.202466637E+00 0.203302592E+00 0.204527929E+00 0.206226766E+00 0.208513483E+00
 0.211545378E+00 0.215545148E+00 0.220840335E+00 0.227926478E+00 0.237378567E+00
 0.244777888E+00 0.248494312E+00 0.248896018E+00 0.245819464E+00 0.238997877E+00
 0.227843031E+00 0.214253351E+00 0.202760041E+00 0.192744434E+00 0.183775648E+00
 0.175594240E+00 0.168044627E+00 0.161029592E+00 0.154483750E+00 0.148359805E+00
 0.142622143E+00 0.137243733E+00 0.132204518E+00 0.127490222E+00 0.123091415E+00
 0.119002655E+00 0.115221597E+00 0.111748144E+00 0.108583577E+00 0.105729729E+00
 0.103188157E+00 0.100959383E+00 0.990422443E-01 0.974333286E-01 0.961265787E-01
 0.951130763E-01 0.943809748E-01 0.939156488E-01 0.937000141E-01 0.937149003E-01
 0.705049753E+00 0.719234943E+00 0.729710817E+00 0.742027223E+00 0.755394280E+00
 0.769089162E+00 0.783306003E+00 0.798227251E+00 0.813587427E+00 0.829810858E+00
 0.845990181E+00 0.863300920E+00 0.880923450E+00 0.899521053E+00 0.918724775E+00
 0.938698947E+00 0.959406734E+00 0.981015861E+00 0.100351596E+01 0.102690005E+01
 0.105130267E+01 0.107671356E+01 0.110314453E+01 0.113078558E+01 0.115957582E+01
 0.118970704E+01 0.122116411E+01 0.125398111E+01 0.128839612E+01 0.132432973E+01
 0.136200404E+01 0.140165675E+01 0.144306171E+01 0.148649323E+01 0.153209281E+01
 0.158014178E+01 0.163082314E+01 0.168392193E+01 0.173975503E+01 0.179864645E+01
 0.186117625E+01 0.192707014E+01 0.199619961E+01 0.206941748E+01 0.214743376E+01
 0.222976518E+01 0.231658602E+01 0.240884280E+01 0.250710177E+01 0.261102676E+01
 0.272127032E+01 0.283907390E+01 0.296359992E+01 0.309690571E+01 0.323900175E+01
 0.338960290E+01 0.355270720E+01 0.372662902E+01 0.391692376E+01 0.412223482E+01
 0.435032511E+01 0.460755777E+01 0.490980482E+01 0.533631516E+01 0.680700350E+01
   86  117
 0.111098027E+01-0.200000003E+00 0.109580469E+01-0.150000006E+00 0.108150971E+01
-0.500000007E-01 0.109055841E+01 0.500000007E-01 0.110562503E+01 0.102697298E+00
 0.113218749E+01 0.165530011E+00 0.115875006E+01 0.217080131E+00 0.118531251E+01
 0.262922794E+00 0.121187496E+01 0.305080920E+00 0.124284768E+01 0.349999994E+00
 0.127954745E+01 0.400000006E+00 0.131812501E+01 0.447815835E+00 0.134468746E+01
 0.478986174E+00 0.137125003E+01 0.508594573E+00 0.141199470E+01 0.550000012E+00
 0.145093751E+01 0.586075783E+00 0.147749996E+01 0.609126210E+00 0.153011060E+01
 0.649999976E+00 0.155718756E+01 0.668722153E+00 0.160760200E+01 0.699999988E+00
 0.163687503E+01 0.716166556E+00 0.169000006E+01 0.741160631E+00 0.171656251E+01
 0.752622068E+00 0.176968753E+01 0.770916343E+00 0.182281256E+01 0.783754766E+00
 0.187593746E+01 0.791463375E+00 0.192906249E+01 0.793247163E+00 0.198218751E+01
 0.786493957E+00 0.203531241E+01 0.762448132E+00 0.206187510E+01 0.735835373E+00
 0.208843756E+01 0.693938375E+00 0.211500001E+01 0.635351896E+00 0.214156246E+01
 0.560604572E+00 0.215997839E+01 0.500000000E+00 0.217584634E+01 0.449999988E+00
 0.219468760E+01 0.390496612E+00 0.222125006E+01 0.307931632E+00 0.223872924E+01
 0.250000000E+00 0.225325751E+01 0.200000003E+00 0.227437496E+01 0.107038707E+00
 0.228232360E+01 0.500000007E-01 0.228377080E+01-0.500000007E-01 0.227437496E+01
-0.122801743E+00 0.225772858E+01-0.200000003E+00 0.224335265E+01-0.250000000E+00
 0.222125006E+01-0.318728536E+00 0.219468760E+01-0.391773790E+00 0.217209005E+01
-0.449999988E+00 0.215065765E+01-0.500000000E+00 0.212728095E+01-0.550000012E+00
 0.210160351E+01-0.600000024E+00 0.207326531E+01-0.649999976E+00 0.204198003E+01
-0.699999988E+00 0.200874996E+01-0.747648537E+00 0.198218751E+01-0.784554660E+00
 0.195562506E+01-0.819805801E+00 0.192906249E+01-0.853214324E+00 0.188921177E+01
-0.899999976E+00 0.184937501E+01-0.946697831E+00 0.182281256E+01-0.979062080E+00
 0.179624999E+01-0.101027369E+01 0.175956082E+01-0.104999995E+01 0.171859038E+01
-0.110000002E+01 0.169000006E+01-0.113507533E+01 0.165576053E+01-0.116957986E+01
 0.163972008E+01-0.118915963E+01 0.161031246E+01-0.114543378E+01 0.157985640E+01
-0.110000002E+01 0.155017805E+01-0.104999995E+01 0.152105284E+01-0.100000000E+01
 0.149213648E+01-0.949999988E+00 0.146335375E+01-0.899999976E+00 0.143471241E+01
-0.850000024E+00 0.140626764E+01-0.800000012E+00 0.137810385E+01-0.750000000E+00
 0.135031807E+01-0.699999988E+00 0.132300544E+01-0.649999976E+00 0.129624689E+01
-0.600000024E+00 0.127010226E+01-0.550000012E+00 0.124460733E+01-0.500000000E+00
 0.121977961E+01-0.449999988E+00 0.119563973E+01-0.400000006E+00 0.117226243E+01
-0.349999994E+00 0.114988160E+01-0.300000012E+00 0.112907934E+01-0.250000000E+00
 0.111098027E+01-0.200000003E+00
 0.101600003E+01 0.000000000E+00 0.101600003E+01 0.963999987E+00 0.101600003E+01
 0.967999995E+00 0.101600003E+01 0.100100005E+01 0.101600003E+01 0.101900005E+01
 0.101600003E+01 0.107700002E+01 0.101600003E+01 0.107000005E+01 0.101600003E+01
 0.109599996E+01 0.101600003E+01 0.111300004E+01 0.101600003E+01 0.113800001E+01
 0.101600003E+01 0.114699996E+01 0.101199996E+01 0.116499996E+01 0.100100005E+01
 0.121700001E+01 0.102900004E+01 0.121700001E+01 0.104200006E+01 0.116240001E+01
 0.104600000E+01 0.116237998E+01 0.105599999E+01 0.116260004E+01 0.109700000E+01
 0.116450000E+01 0.110800004E+01 0.116594005E+01 0.111600006E+01 0.116591001E+01
 0.113399994E+01 0.116895998E+01 0.114800000E+01 0.117174995E+01 0.116199994E+01
 0.117556000E+01 0.118099999E+01 0.118299997E+01 0.118200004E+01 0.118350005E+01
 0.118499994E+01 0.118499994E+01 0.119000006E+01 0.118799996E+01 0.119500005E+01
 0.119099998E+01 0.120099998E+01 0.119599998E+01 0.120899999E+01 0.120200002E+01
 0.121500003E+01 0.120799994E+01 0.122200000E+01 0.121399999E+01 0.122800004E+01
 0.122099996E+01 0.123399997E+01 0.123099995E+01 0.123899996E+01 0.123800004E+01
 0.124199998E+01 0.124399996E+01 0.124800003E+01 0.125399995E+01 0.125800002E+01
 0.127800000E+01 0.126300001E+01 0.128999996E+01 0.127999997E+01 0.133099997E+01
 0.127999997E+01 0.134700000E+01 0.127999997E+01 0.134800005E+01 0.130999994E+01
 0.134800005E+01 0.132799995E+01 0.134800005E+01 0.136099994E+01 0.134800005E+01
 0.138000000E+01 0.134800005E+01 0.141900003E+01 0.134800005E+01 0.141900003E+01
 0.130999994E+01 0.137199998E+01 0.130999994E+01 0.137167001E+01 0.129237998E+01
 0.137003005E+01 0.128268003E+01 0.136688006E+01 0.125644004E+01 0.136719000E+01
 0.122955000E+01 0.137178004E+01 0.119576001E+01 0.137223995E+01 0.119402003E+01
 0.138662004E+01 0.116487002E+01 0.138707995E+01 0.116420996E+01 0.140382004E+01
 0.115696001E+01 0.141127002E+01 0.115730000E+01 0.141857004E+01 0.116131997E+01
 0.142100000E+01 0.116400003E+01 0.148662996E+01 0.124049997E+01 0.149730003E+01
 0.123458004E+01 0.149761999E+01 0.123427999E+01 0.149744999E+01 0.123174000E+01
 0.149275005E+01 0.121329999E+01 0.149259996E+01 0.121061003E+01 0.149260998E+01
 0.120485997E+01 0.149278998E+01 0.120213997E+01 0.149339998E+01 0.119641995E+01
 0.149469995E+01 0.118510997E+01 0.149621999E+01 0.116069996E+01 0.147981000E+01
 0.112425995E+01 0.148081994E+01 0.112256002E+01 0.148149002E+01 0.112137997E+01
 0.148645997E+01 0.111691999E+01 0.149094999E+01 0.111439002E+01 0.150304997E+01
 0.111243999E+01 0.159696996E+01 0.109489000E+01 0.162549996E+01 0.108529997E+01
 0.163751996E+01 0.107988000E+01 0.164699996E+01 0.107700002E+01 0.178499997E+01
 0.107700002E+01 0.206999993E+01 0.103999996E+01 0.212800002E+01 0.992999971E+00
 0.224499989E+01 0.708999991E+00 0.233956003E+01 0.461430013E+00 0.234707999E+01
 0.415829986E+00 0.234912992E+01 0.272179991E+00 0.235103011E+01 0.170179993E+00
 0.235157990E+01 0.701199993E-01 0.235124993E+01-0.317899995E-01 0.235050988E+01
-0.144350007E+00 0.234964991E+01-0.214829996E+00 0.234870005E+01-0.326689988E+00
 0.234759998E+01-0.386770010E+00 0.234019995E+01-0.453040004E+00 0.232942009E+01
-0.477569997E+00 0.213400006E+01-0.972999990E+00 0.178600001E+01-0.117400002E+01
 0.176800001E+01-0.121099997E+01 0.176800001E+01-0.125000000E+01 0.168200004E+01
-0.125000000E+01 0.137199998E+01-0.125000000E+01 0.137199998E+01-0.132900000E+01
 0.141999996E+01-0.132900000E+01 0.141999996E+01-0.136300004E+01 0.127300000E+01
-0.136300004E+01 0.115300000E+01-0.136300004E+01 0.101600003E+01-0.122300005E+01
 0.101600003E+01-0.122300005E+01 0.101600003E+01-0.829999983E+00 0.101600003E+01
-0.800000012E+00 0.101600003E+01-0.414999992E+00 0.101600003E+01-0.400000006E+00
 0.101600003E+01-0.100000005E-02 0.101600003E+01 0.000000000E+00
    0 0.170000005E+01    1
 0.000000000E+00 0.000000000E+00 0.000000000E+00 0.000000000E+00 0.000000000E+00
 0.000000000E+00 0.000000000E+00 0.000000000E+00 0.000000000E+00 0.000000000E+00
 0.000000000E+00 0.000000000E+00 0.000000000E+00 0.000000000E+00 0.000000000E+00
 0.000000000E+00 0.000000000E+00 0.000000000E+00 0.000000000E+00 0.000000000E+00
 0.000000000E+00 0.000000000E+00 0.000000000E+00 0.000000000E+00 0.000000000E+00
 0.000000000E+00 0.000000000E+00 0.000000000E+00 0.000000000E+00 0.000000000E+00
 0.000000000E+00 0.000000000E+00 0.000000000E+00 0.000000000E+00 0.000000000E+00
 0.000000000E+00 0.000000000E+00 0.000000000E+00 0.000000000E+00 0.000000000E+00
 0.000000000E+00 0.000000000E+00 0.000000000E+00 0.000000000E+00 0.000000000E+00
 0.000000000E+00 0.000000000E+00 0.000000000E+00 0.000000000E+00 0.000000000E+00
 0.000000000E+00 0.000000000E+00 0.000000000E+00 0.000000000E+00 0.000000000E+00
 0.000000000E+00 0.000000000E+00 0.000000000E+00 0.000000000E+00 0.000000000E+00
 0.000000000E+00 0.000000000E+00 0.000000000E+00 0.000000000E+00 0.000000000E+00
 0.000000000E+00 0.757418647E-01 0.107906416E+00 0.132879689E+00 0.154150009E+00
 0.173204646E+00 0.190687209E+00 0.206945151E+00 0.222341076E+00 0.235685512E+00
 0.249881178E+00 0.263542652E+00 0.276800662E+00 0.289714754E+00 0.302361906E+00
 0.314755559E+00 0.326863855E+00 0.338864148E+00 0.350716203E+00 0.362413257E+00
 0.374022126E+00 0.385509789E+00 0.396991014E+00 0.408409059E+00 0.419732928E+00
 0.431116015E+00 0.442467242E+00 0.453799278E+00 0.465184927E+00 0.476576209E+00
 0.488013834E+00 0.499543607E+00 0.511101425E+00 0.522743106E+00 0.534462392E+00
 0.546288610E+00 0.558266580E+00 0.570318878E+00 0.582502842E+00 0.594830453E+00
 0.607359409E+00 0.620058715E+00 0.632884860E+00 0.645916462E+00 0.659213543E+00
 0.672714055E+00 0.686429381E+00 0.700404108E+00 0.714676917E+00 0.729229450E+00
 0.744061291E+00 0.759252250E+00 0.774754167E+00 0.790649116E+00 0.806931257E+00
 0.823571682E+00 0.840708137E+00 0.858266830E+00 0.876343429E+00 0.894922197E+00
 0.914135396E+00 0.933996022E+00 0.954647720E+00 0.976369143E+00 0.100000000E+01
    1
 0.000000000E+00 0.000000000E+00 0.000000000E+00 0.000000000E+00 0.000000000E+00
 0.000000000E+00 0.000000000E+00 0.000000000E+00 0.000000000E+00 0.000000000E+00
 0.000000000E+00 0.000000000E+00 0.000000000E+00 0.000000000E+00 0.000000000E+00
 0.000000000E+00 0.000000000E+00 0.000000000E+00 0.000000000E+00 0.000000000E+00
 0.000000000E+00 0.000000000E+00 0.000000000E+00 0.000000000E+00 0.000000000E+00
 0.000000000E+00 0.000000000E+00 0.000000000E+00 0.000000000E+00 0.000000000E+00
 0.000000000E+00 0.000000000E+00 0.000000000E+00 0.000000000E+00 0.000000000E+00
 0.000000000E+00 0.000000000E+00 0.000000000E+00 0.000000000E+00 0.000000000E+00
 0.000000000E+00 0.000000000E+00 0.000000000E+00 0.000000000E+00 0.000000000E+00
 0.000000000E+00 0.000000000E+00 0.000000000E+00 0.000000000E+00 0.000000000E+00
 0.000000000E+00 0.000000000E+00 0.000000000E+00 0.000000000E+00 0.000000000E+00
 0.000000000E+00 0.000000000E+00 0.000000000E+00 0.000000000E+00 0.000000000E+00
 0.000000000E+00 0.000000000E+00 0.000000000E+00 0.000000000E+00 0.000000000E+00
&BASIS
 EE2BDRY= 32*0.00000000      ,
 EEBDRY= 32*0.00000000      ,
 EEKNT= 32*0.00000000      ,
 EETENS=  5.00000000    ,
 FF2BDRY= 64*0.00000000      ,
 FFBDRY=  2.25108886    , -8.45436382    ,  6.31876183    , 61*0.00000000      ,
 FFKNT= 64*0.00000000      ,
 FFTENS=  0.00000000    ,
 KEE2BDRY= 32*0          ,
 KEEBDRY= 32*0          ,
 KEEFNC=          0,
 KEEKNT=          0,
 KFF2BDRY= 64*0          ,
 KFFBDRY= 64*0          ,
 KFFFNC=          0,
 KFFKNT=          0,
 KPP2BDRY= 64*0          ,
 KPPBDRY= 64*0          ,
 KPPFNC=          0,
 KPPKNT=          0,
 KWW2BDRY= 64*0          ,
 KWWBDRY= 64*0          ,
 KWWFNC=          0,
 KWWKNT=          0,
 PP2BDRY= 64*0.00000000      ,
 PPBDRY=  743347.750    , -588907.812    , 62*0.00000000      ,
 PPKNT= 64*0.00000000      ,
 PPTENS=  0.00000000    ,
 WW2BDRY= 64*0.00000000      ,
 WWBDRY= -1122.05981    , -42567.7109    , 62*0.00000000      ,
 WWKNT= 64*0.00000000      ,
 WWTENS=  0.00000000    ,
 /
