  EFITD    01/21/2000    #180526  3800ms           7  65  65
 0.170000005E+01 0.320000005E+01 0.169550002E+01 0.839999974E+00 0.000000000E+00
 0.181503296E+01-0.398205258E-01-0.314974219E+00-0.450560190E-01-0.197728455E+01
 0.893599500E+06-0.314974219E+00 0.000000000E+00 0.181503296E+01 0.000000000E+00
-0.398205258E-01 0.000000000E+00-0.450560190E-01 0.000000000E+00 0.000000000E+00
-0.338040042E+01-0.337678504E+01-0.337335372E+01-0.337010264E+01-0.336702800E+01
-0.336412621E+01-0.336139369E+01-0.335882640E+01-0.335642076E+01-0.335417247E+01
-0.335207820E+01-0.335013342E+01-0.334833455E+01-0.334667754E+01-0.334515858E+01
-0.334377313E+01-0.334251738E+01-0.334138727E+01-0.334037852E+01-0.333948731E+01
-0.333870935E+01-0.333804059E+01-0.333747649E+01-0.333701324E+01-0.333664656E+01
-0.333637238E+01-0.333618593E+01-0.333608365E+01-0.333606076E+01-0.333611345E+01
-0.333623743E+01-0.333642817E+01-0.333668160E+01-0.333699346E+01-0.333735943E+01
-0.333777547E+01-0.333823705E+01-0.333873987E+01-0.333928013E+01-0.333985305E+01
-0.334045482E+01-0.334108090E+01-0.334172702E+01-0.334238911E+01-0.334306288E+01
-0.334374428E+01-0.334442854E+01-0.334511209E+01-0.334579015E+01-0.334645867E+01
-0.334711361E+01-0.334775066E+01-0.334836555E+01-0.334895396E+01-0.334951210E+01
-0.335003519E+01-0.335051942E+01-0.335096049E+01-0.335135412E+01-0.335169625E+01
-0.335198259E+01-0.335220909E+01-0.335237122E+01-0.335246491E+01-0.335248613E+01
 0.109920070E+06 0.107276727E+06 0.104662773E+06 0.102078219E+06 0.995230469E+05
 0.969972734E+05 0.945008906E+05 0.920338984E+05 0.895962969E+05 0.871880859E+05
 0.848092734E+05 0.824598438E+05 0.801398125E+05 0.778491719E+05 0.755879219E+05
 0.733560625E+05 0.711536016E+05 0.689805234E+05 0.668368438E+05 0.647225508E+05
 0.626376523E+05 0.605821445E+05 0.585560312E+05 0.565593086E+05 0.545919766E+05
 0.526540352E+05 0.507454883E+05 0.488663320E+05 0.470165664E+05 0.451961953E+05
 0.434052148E+05 0.416436250E+05 0.399114297E+05 0.382086250E+05 0.365352109E+05
 0.348911875E+05 0.332765586E+05 0.316913223E+05 0.301354746E+05 0.286090215E+05
 0.271119590E+05 0.256442871E+05 0.242060078E+05 0.227971211E+05 0.214176270E+05
 0.200675234E+05 0.187468105E+05 0.174554922E+05 0.161935635E+05 0.149610273E+05
 0.137578828E+05 0.125841299E+05 0.114397686E+05 0.103247998E+05 0.923922266E+04
 0.818303711E+04 0.715624365E+04 0.615884180E+04 0.519083203E+04 0.425221387E+04
 0.334298730E+04 0.246315283E+04 0.161271008E+04 0.791659119E+03 0.000000000E+00
-0.297217441E+01-0.282030058E+01-0.267178011E+01-0.252661324E+01-0.238479996E+01
-0.224634004E+01-0.211123347E+01-0.197948050E+01-0.185108113E+01-0.172603512E+01
-0.160434270E+01-0.148600364E+01-0.137101817E+01-0.125938618E+01-0.115110767E+01
-0.104618275E+01-0.944611192E+00-0.846393168E+00-0.751528680E+00-0.660017610E+00
-0.571860075E+00-0.487056047E+00-0.405605495E+00-0.327508420E+00-0.252764851E+00
-0.181374773E+00-0.113338187E+00-0.486550964E-01 0.126745030E-01 0.706506073E-01
 0.125273228E+00 0.176542342E+00 0.224457979E+00 0.269020110E+00 0.310228735E+00
 0.348083913E+00 0.382585555E+00 0.413733721E+00 0.441528380E+00 0.465969563E+00
 0.487057269E+00 0.504791439E+00 0.519172132E+00 0.530199349E+00 0.537873089E+00
 0.542193294E+00 0.543160021E+00 0.540773273E+00 0.535033047E+00 0.525939286E+00
 0.513492048E+00 0.497691303E+00 0.478537083E+00 0.456029356E+00 0.430168152E+00
 0.400953442E+00 0.368385255E+00 0.332463562E+00 0.293188363E+00 0.250559688E+00
 0.204577535E+00 0.155241877E+00 0.102552719E+00 0.465100780E-01-0.128860595E-01
-0.630244625E+06-0.623275562E+06-0.616306500E+06-0.609337438E+06-0.602368438E+06
-0.595399375E+06-0.588430312E+06-0.581461250E+06-0.574492188E+06-0.567523125E+06
-0.560554062E+06-0.553585000E+06-0.546615938E+06-0.539646875E+06-0.532677812E+06
-0.525708750E+06-0.518739719E+06-0.511770656E+06-0.504801594E+06-0.497832531E+06
-0.490863469E+06-0.483894406E+06-0.476925344E+06-0.469956281E+06-0.462987219E+06
-0.456018188E+06-0.449049125E+06-0.442080062E+06-0.435111000E+06-0.428141938E+06
-0.421172875E+06-0.414203812E+06-0.407234750E+06-0.400265719E+06-0.393296656E+06
-0.386327594E+06-0.379358531E+06-0.372389469E+06-0.365420406E+06-0.358451344E+06
-0.351482281E+06-0.344513250E+06-0.337544188E+06-0.330575125E+06-0.323606062E+06
-0.316637000E+06-0.309667938E+06-0.302698875E+06-0.295729812E+06-0.288760750E+06
-0.281791719E+06-0.274822656E+06-0.267853594E+06-0.260884531E+06-0.253915469E+06
-0.246946406E+06-0.239977359E+06-0.233008297E+06-0.226039234E+06-0.219070172E+06
-0.212101125E+06-0.205132062E+06-0.198163000E+06-0.191193938E+06-0.184224891E+06
 0.447556414E-01 0.371272601E-01 0.286904518E-01 0.194186904E-01 0.939038023E-02
-0.120980537E-02-0.121148955E-01-0.230189413E-01-0.313221179E-01-0.343594700E-01
-0.378669873E-01-0.442733653E-01-0.519756526E-01-0.581385307E-01-0.631750226E-01
-0.672257766E-01-0.702868700E-01-0.722711980E-01-0.729698241E-01-0.719584748E-01
-0.684235692E-01-0.650626794E-01-0.639572144E-01-0.644951016E-01-0.664082542E-01
-0.696338043E-01-0.742636025E-01-0.805558413E-01-0.890002176E-01-0.100289010E+00
-0.109061651E+00-0.113542616E+00-0.114274204E+00-0.110944062E+00-0.103380732E+00
-0.910088345E-01-0.758771896E-01-0.634509847E-01-0.528863668E-01-0.436379090E-01
-0.353436060E-01-0.277535431E-01-0.206913576E-01-0.140321739E-01-0.768814096E-02
-0.159815641E-02 0.427945843E-02 0.997208804E-02 0.154963937E-01 0.208608396E-01
 0.260675661E-01 0.311138723E-01 0.359934680E-01 0.406976342E-01 0.452163070E-01
 0.495391153E-01 0.536563434E-01 0.575597920E-01 0.612434484E-01 0.647039860E-01
 0.679409876E-01 0.709569976E-01 0.737572759E-01 0.763494670E-01 0.787431151E-01
 0.445663258E-01 0.358854905E-01 0.260401685E-01 0.148960613E-01 0.246373354E-02
-0.110176466E-01-0.236040335E-01-0.325029716E-01-0.371348187E-01-0.373507440E-01
-0.385295562E-01-0.421702154E-01-0.469962433E-01-0.516766980E-01-0.558866486E-01
-0.595010705E-01-0.624205843E-01-0.645355582E-01-0.657146499E-01-0.658169761E-01
-0.648452640E-01-0.638885573E-01-0.639585480E-01-0.651371405E-01-0.674241632E-01
-0.708709136E-01-0.756184980E-01-0.819410235E-01-0.903270468E-01-0.101426512E+00
-0.110114463E+00-0.114570148E+00-0.115253888E+00-0.112012520E+00-0.104571030E+00
-0.922696665E-01-0.773057491E-01-0.648581833E-01-0.541481413E-01-0.446587168E-01
-0.360565633E-01-0.281148497E-01-0.206737835E-01-0.136188064E-01-0.686756615E-02
-0.361535203E-03 0.593967550E-02 0.120623121E-01 0.180213582E-01 0.238226838E-01
 0.294647459E-01 0.349400528E-01 0.402365401E-01 0.453389809E-01 0.502304547E-01
 0.548938513E-01 0.593133830E-01 0.634759367E-01 0.673721731E-01 0.709972754E-01
 0.743512958E-01 0.774389803E-01 0.802693218E-01 0.828547552E-01 0.852102488E-01
 0.469738655E-01 0.378067046E-01 0.270493589E-01 0.141937416E-01-0.935028133E-03
-0.135660032E-01-0.225550290E-01-0.276811011E-01-0.287736505E-01-0.293299854E-01
-0.309240334E-01-0.335624516E-01-0.368812941E-01-0.404720530E-01-0.440204777E-01
-0.473198406E-01-0.502377972E-01-0.526932664E-01-0.546555370E-01-0.561680533E-01
-0.573894978E-01-0.585955307E-01-0.600777194E-01-0.620453395E-01-0.646276772E-01
-0.679139122E-01-0.719800517E-01-0.768925622E-01-0.826662332E-01-0.889392570E-01
-0.939688236E-01-0.965845659E-01-0.965430811E-01-0.937279090E-01-0.880559906E-01
-0.796130672E-01-0.696534961E-01-0.599432960E-01-0.508083403E-01-0.422238745E-01
-0.341118574E-01-0.263899136E-01-0.189845972E-01-0.118349846E-01-0.489302073E-02
 0.187723932E-02 0.850065984E-02 0.149920247E-01 0.213569142E-01 0.275924895E-01
 0.336882547E-01 0.396269448E-01 0.453856438E-01 0.509373099E-01 0.562526546E-01
 0.613024421E-01 0.660599023E-01 0.705030933E-01 0.746167973E-01 0.783937946E-01
 0.818352327E-01 0.849501789E-01 0.877544135E-01 0.902687386E-01 0.925171450E-01
 0.528061576E-01 0.441249870E-01 0.338274054E-01 0.215443373E-01 0.774197979E-02
-0.211553276E-02-0.731914677E-02-0.105260387E-01-0.134712011E-01-0.163960494E-01
-0.194802154E-01-0.227923151E-01-0.262906011E-01-0.298686828E-01-0.334049128E-01
-0.367931165E-01-0.399558656E-01-0.428495929E-01-0.454685539E-01-0.478489436E-01
-0.500688925E-01-0.522373915E-01-0.544714555E-01-0.568721853E-01-0.595100634E-01
-0.624179728E-01-0.655824393E-01-0.689225569E-01-0.722488686E-01-0.752179250E-01
-0.773627162E-01-0.782444552E-01-0.775733590E-01-0.752227232E-01-0.712255612E-01
-0.657994598E-01-0.593435876E-01-0.523082167E-01-0.450305305E-01-0.377012230E-01
-0.304107573E-01-0.231941715E-01-0.160585977E-01-0.899860077E-02-0.200469000E-02
 0.493187970E-02 0.118162697E-01 0.186482556E-01 0.254209619E-01 0.321199298E-01
 0.387224779E-01 0.451974496E-01 0.515056662E-01 0.576012917E-01 0.634343848E-01
 0.689546093E-01 0.741156861E-01 0.788799003E-01 0.832218677E-01 0.871308744E-01
 0.906113684E-01 0.936815962E-01 0.963707045E-01 0.987149850E-01 0.100754015E+00
 0.623709783E-01 0.551020429E-01 0.462865457E-01 0.361182764E-01 0.257454813E-01
 0.182487760E-01 0.119699147E-01 0.650830893E-02 0.159197929E-02-0.297670555E-02
-0.733577413E-02-0.115667041E-01-0.157004334E-01-0.197303798E-01-0.236289743E-01
-0.273627974E-01-0.309037976E-01-0.342365578E-01-0.373623781E-01-0.403004736E-01
-0.430858545E-01-0.457634404E-01-0.483791679E-01-0.509698503E-01-0.535536669E-01
-0.561216325E-01-0.586292297E-01-0.609880090E-01-0.630597994E-01-0.646608546E-01
-0.655837357E-01-0.656343251E-01-0.646687523E-01-0.626173690E-01-0.594947673E-01
-0.553970411E-01-0.504825152E-01-0.449360199E-01-0.389306210E-01-0.326042138E-01
-0.260547623E-01-0.193464942E-01-0.125191109E-01-0.559625775E-02 0.140786730E-02
 0.848354772E-02 0.156217767E-01 0.228112098E-01 0.300354790E-01 0.372706242E-01
 0.444825739E-01 0.516248867E-01 0.586372800E-01 0.654458776E-01 0.719663873E-01
 0.781106874E-01 0.837961435E-01 0.889554843E-01 0.935449526E-01 0.975491554E-01
 0.100981757E+00 0.103881903E+00 0.106306903E+00 0.108323164E+00 0.109997913E+00
 0.762594715E-01 0.714715347E-01 0.626332611E-01 0.528596900E-01 0.437350981E-01
 0.354344435E-01 0.279750787E-01 0.212395899E-01 0.150881335E-01 0.939590950E-02
 0.406344561E-02-0.981071149E-03-0.578342471E-02-0.103679076E-01-0.147436364E-01
-0.189112592E-01-0.228688736E-01-0.266164877E-01-0.301587079E-01-0.335055552E-01
-0.366713852E-01-0.396720469E-01-0.425206758E-01-0.452227592E-01-0.477710888E-01
-0.501411743E-01-0.522876903E-01-0.541427210E-01-0.556171238E-01-0.566064902E-01
-0.570021123E-01-0.567055084E-01-0.556429438E-01-0.537762232E-01-0.511074550E-01
-0.476770662E-01-0.435554497E-01-0.388301685E-01-0.335922204E-01-0.279251765E-01
-0.218990277E-01-0.155684687E-01-0.897410791E-02-0.214508106E-02 0.489788270E-02
 0.121394219E-01 0.195666160E-01 0.271660443E-01 0.349205546E-01 0.428054258E-01
 0.507835001E-01 0.587990731E-01 0.667709708E-01 0.745867565E-01 0.821031034E-01
 0.891579390E-01 0.955942199E-01 0.101285167E+00 0.106151864E+00 0.110172428E+00
 0.113384381E+00 0.115877330E+00 0.117773212E+00 0.119200557E+00 0.120275006E+00
 0.886171237E-01 0.854781941E-01 0.769025236E-01 0.667857379E-01 0.574193858E-01
 0.487580858E-01 0.407534689E-01 0.333475731E-01 0.264721923E-01 0.200577341E-01
 0.140409237E-01 0.836917106E-02 0.300204405E-02-0.208937516E-02-0.692447042E-02
-0.115157086E-01-0.158712715E-01-0.199972279E-01-0.238989517E-01-0.275816042E-01
-0.310496595E-01-0.343055576E-01-0.373476930E-01-0.401680358E-01-0.427497588E-01
-0.450652428E-01-0.470749661E-01-0.487276576E-01-0.499623120E-01-0.507122651E-01
-0.509113111E-01-0.505011864E-01-0.494392067E-01-0.477031060E-01-0.452918783E-01
-0.422241502E-01-0.385343879E-01-0.342675857E-01-0.294734053E-01-0.242009461E-01
-0.184948184E-01-0.123928506E-01-0.592522742E-02 0.885353249E-03 0.802283920E-02
 0.154766096E-01 0.232399646E-01 0.313082784E-01 0.396765135E-01 0.483355820E-01
 0.572664477E-01 0.664301217E-01 0.757502839E-01 0.850843266E-01 0.941879079E-01
 0.102721393E+00 0.110348299E+00 0.116825745E+00 0.122014575E+00 0.125874817E+00
 0.128487125E+00 0.130073801E+00 0.130936727E+00 0.131340608E+00 0.131470546E+00
 0.975731090E-01 0.953238383E-01 0.870302320E-01 0.770853534E-01 0.677262023E-01
 0.589309484E-01 0.506754182E-01 0.429262407E-01 0.356443338E-01 0.287885126E-01
 0.223189462E-01 0.161997881E-01 0.104006957E-01 0.489731273E-02-0.329028233E-03
-0.529210037E-02-0.100017413E-01-0.144647295E-01-0.186853781E-01-0.226657316E-01
-0.264053084E-01-0.299004447E-01-0.331433155E-01-0.361207910E-01-0.388133302E-01
-0.411941037E-01-0.432285964E-01-0.448749289E-01-0.460851155E-01-0.468075350E-01
-0.469907634E-01-0.465886407E-01-0.455723293E-01-0.439330712E-01-0.416740216E-01
-0.388074555E-01-0.353530906E-01-0.313360430E-01-0.267843474E-01-0.217264537E-01
-0.161889400E-01-0.101947663E-01-0.376205565E-02 0.309665222E-02 0.103747975E-01
 0.180720091E-01 0.261942130E-01 0.347537287E-01 0.437692702E-01 0.532656796E-01
 0.632728487E-01 0.738223419E-01 0.849380493E-01 0.966119915E-01 0.108687304E+00
 0.120003387E+00 0.129602075E+00 0.137288719E+00 0.142916560E+00 0.146343544E+00
 0.147451907E+00 0.146764979E+00 0.145622998E+00 0.144372627E+00 0.143150851E+00
 0.103589609E+00 0.101815201E+00 0.940099508E-01 0.843360350E-01 0.751182735E-01
 0.663584471E-01 0.580458194E-01 0.501611345E-01 0.426805988E-01 0.355786793E-01
 0.288301483E-01 0.224115308E-01 0.163020771E-01 0.104842894E-01 0.494406326E-02
-0.329408504E-03-0.534387399E-02-0.101042725E-01-0.146128917E-01-0.188693777E-01
-0.228705481E-01-0.266100317E-01-0.300777480E-01-0.332593173E-01-0.361354239E-01
-0.386812314E-01-0.408658609E-01-0.426519588E-01-0.439954177E-01-0.448455736E-01
-0.451474376E-01-0.448243096E-01-0.438519865E-01-0.422648638E-01-0.400807969E-01
-0.373124592E-01-0.339729711E-01-0.300770514E-01-0.256405808E-01-0.206794646E-01
-0.152082909E-01-0.923901796E-02-0.277980557E-02 0.416607503E-02 0.116013177E-01
 0.195357837E-01 0.279880110E-01 0.369872935E-01 0.465766825E-01 0.568175577E-01
 0.677969232E-01 0.796398222E-01 0.925323740E-01 0.106769830E+00 0.122569010E+00
 0.137125820E+00 0.149055660E+00 0.158299342E+00 0.164730728E+00 0.168017671E+00
 0.168011233E+00 0.164481580E+00 0.160534278E+00 0.157168463E+00 0.154365733E+00
 0.107310109E+00 0.105799273E+00 0.983795449E-01 0.889823586E-01 0.799773782E-01
 0.713673532E-01 0.631343946E-01 0.552600063E-01 0.477265716E-01 0.405176170E-01
 0.336178429E-01 0.270133130E-01 0.206916723E-01 0.146423932E-01 0.885694008E-02
 0.332887354E-02-0.194611377E-02-0.697016902E-02-0.117432410E-01-0.162629951E-01
-0.205246601E-01-0.245208163E-01-0.282411166E-01-0.316719785E-01-0.347962156E-01
-0.375925712E-01-0.400350206E-01-0.420913622E-01-0.437201448E-01-0.448633842E-01
-0.455231182E-01-0.453299619E-01-0.442456715E-01-0.426150002E-01-0.404296890E-01
-0.376826823E-01-0.343767703E-01-0.305180047E-01-0.261143353E-01-0.211739410E-01
-0.157038923E-01-0.970906857E-02-0.319113163E-02 0.385257578E-02 0.114302998E-01
 0.195574686E-01 0.282587837E-01 0.375711098E-01 0.475476198E-01 0.582638942E-01
 0.698271915E-01 0.823906735E-01 0.961749926E-01 0.111496031E+00 0.128769621E+00
 0.146309406E+00 0.160577476E+00 0.171464339E+00 0.179002434E+00 0.183133304E+00
 0.183428675E+00 0.179692760E+00 0.173109651E+00 0.167823702E+00 0.163697690E+00
 0.109070830E+00 0.107755877E+00 0.100314930E+00 0.912257209E-01 0.825583786E-01
 0.742284209E-01 0.661979169E-01 0.584476665E-01 0.509671047E-01 0.437491797E-01
 0.367882103E-01 0.300791543E-01 0.236175079E-01 0.173994265E-01 0.114219422E-01
 0.568316877E-02 0.182479780E-03-0.507934019E-02-0.100999624E-01-0.148753915E-01
-0.193998478E-01-0.236656629E-01-0.276631881E-01-0.313807614E-01-0.348047577E-01
-0.379198156E-01-0.407093614E-01-0.431568511E-01-0.452485047E-01-0.466489457E-01
-0.473637395E-01-0.473319367E-01-0.465033688E-01-0.448292159E-01-0.426385552E-01
-0.398742966E-01-0.365525968E-01-0.326759033E-01-0.282502212E-01-0.232807156E-01
-0.177706890E-01-0.117213549E-01-0.513144443E-02 0.200352585E-02 0.969228148E-02
 0.179491471E-01 0.267957840E-01 0.362634584E-01 0.463960022E-01 0.572537892E-01
 0.689188913E-01 0.815015361E-01 0.951474085E-01 0.110044293E+00 0.126427025E+00
 0.144494414E+00 0.160315707E+00 0.172537193E+00 0.181252763E+00 0.186488703E+00
 0.188333958E+00 0.186345756E+00 0.180455610E+00 0.174250498E+00 0.169674695E+00
 0.107718185E+00 0.106072031E+00 0.994214863E-01 0.911836177E-01 0.831490681E-01
 0.752627179E-01 0.675368533E-01 0.599862263E-01 0.526223555E-01 0.454535373E-01
 0.384855866E-01 0.317225046E-01 0.251671355E-01 0.188216884E-01 0.126881953E-01
 0.676888367E-02 0.106646877E-02-0.441560661E-02-0.967298914E-02-0.147002712E-01
-0.194908977E-01-0.240371171E-01-0.283299852E-01-0.323594622E-01-0.361146070E-01
-0.395839401E-01-0.427559987E-01-0.456201918E-01-0.478495136E-01-0.494280644E-01
-0.503368489E-01-0.505479425E-01-0.500330925E-01-0.487693995E-01-0.467475392E-01
-0.438801534E-01-0.405065492E-01-0.365640633E-01-0.320723988E-01-0.270372909E-01
-0.214588623E-01-0.153359585E-01-0.866669975E-02-0.144814514E-02 0.632449938E-02
 0.146587864E-01 0.235659741E-01 0.330619738E-01 0.431682579E-01 0.539126173E-01
 0.653295368E-01 0.774597451E-01 0.903485194E-01 0.104042947E+00 0.118592106E+00
 0.134074882E+00 0.149764195E+00 0.162002608E+00 0.171208292E+00 0.177597165E+00
 0.181055799E+00 0.181801915E+00 0.179457635E+00 0.174722180E+00 0.171342984E+00
 0.105288960E+00 0.103009731E+00 0.971015990E-01 0.898669288E-01 0.824433193E-01
 0.749693736E-01 0.675300881E-01 0.601745099E-01 0.529333986E-01 0.458274484E-01
 0.388712920E-01 0.320757143E-01 0.254490189E-01 0.189979412E-01 0.127283046E-01
 0.664550858E-02 0.754898647E-03-0.493795238E-02-0.104270354E-01-0.157057568E-01
-0.207668487E-01-0.256023388E-01-0.302035883E-01-0.345613994E-01-0.386662073E-01
-0.425083749E-01-0.460785888E-01-0.490626842E-01-0.514470339E-01-0.532137640E-01
-0.543415137E-01-0.548058487E-01-0.545810349E-01-0.536414757E-01-0.519619249E-01
-0.495141558E-01-0.462845452E-01-0.421798825E-01-0.375766866E-01-0.324510708E-01
-0.267845076E-01-0.205713604E-01-0.138103180E-01-0.650264043E-02 0.134942611E-02
 0.974347256E-02 0.186771378E-01 0.281478278E-01 0.381518975E-01 0.486829989E-01
 0.597291030E-01 0.712673068E-01 0.832548216E-01 0.956128240E-01 0.108194791E+00
 0.120717488E+00 0.132639393E+00 0.143258154E+00 0.152144715E+00 0.159148976E+00
 0.164246246E+00 0.167503327E+00 0.169129103E+00 0.169600010E+00 0.169593543E+00
 0.104009502E+00 0.101725116E+00 0.955759510E-01 0.883514360E-01 0.810796916E-01
 0.737858266E-01 0.665063187E-01 0.592740774E-01 0.521157011E-01 0.450519882E-01
 0.380992442E-01 0.312704556E-01 0.245762505E-01 0.180256460E-01 0.116265928E-01
 0.538642891E-02-0.687789114E-03-0.658901688E-02-0.123100290E-01-0.178432800E-01
-0.231808163E-01-0.283142626E-01-0.332348309E-01-0.379334353E-01-0.424008258E-01
-0.466278084E-01-0.503130071E-01-0.534454174E-01-0.560088903E-01-0.579831563E-01
-0.593447238E-01-0.600676797E-01-0.601244979E-01-0.594865382E-01-0.581239201E-01
-0.560044646E-01-0.530919023E-01-0.493371710E-01-0.446840636E-01-0.395101532E-01
-0.337520540E-01-0.274304524E-01-0.205510128E-01-0.131249046E-01-0.516443187E-02
 0.331718498E-02 0.123047316E-01 0.217796620E-01 0.317183658E-01 0.420897119E-01
 0.528513901E-01 0.639446229E-01 0.752865151E-01 0.867595822E-01 0.981990770E-01
 0.109383114E+00 0.120040417E+00 0.129891396E+00 0.138706341E+00 0.146339849E+00
 0.152735755E+00 0.157924160E+00 0.162020013E+00 0.165210858E+00 0.167714521E+00
 0.101925135E+00 0.995504037E-01 0.935300812E-01 0.863106549E-01 0.790725425E-01
 0.718365461E-01 0.646205544E-01 0.574426539E-01 0.503197610E-01 0.432670452E-01
 0.362978131E-01 0.294237267E-01 0.226550847E-01 0.160011612E-01 0.947049819E-02
 0.307119288E-02-0.318887387E-02-0.930183753E-02-0.152596924E-01-0.210541785E-01
-0.266767070E-01-0.321183354E-01-0.373697765E-01-0.424214751E-01-0.472637154E-01
-0.516077392E-01-0.554446317E-01-0.587595478E-01-0.615327284E-01-0.637404993E-01
-0.653562099E-01-0.663511008E-01-0.666951165E-01-0.663575456E-01-0.653074980E-01
-0.635142028E-01-0.609475151E-01-0.575790480E-01-0.533869304E-01-0.483651385E-01
-0.424176976E-01-0.359445214E-01-0.288852528E-01-0.212766435E-01-0.131419403E-01
-0.450152857E-02 0.462097907E-02 0.141967516E-01 0.241902992E-01 0.345576145E-01
 0.452436358E-01 0.561790839E-01 0.672768429E-01 0.784286186E-01 0.895031989E-01
 0.100348666E+00 0.110800929E+00 0.120698705E+00 0.129901230E+00 0.138302743E+00
 0.145840749E+00 0.152498096E+00 0.158299521E+00 0.163302422E+00 0.167582050E+00
 0.994420350E-01 0.969836712E-01 0.908387974E-01 0.835827291E-01 0.763397440E-01
 0.691161901E-01 0.619192310E-01 0.547569059E-01 0.476380438E-01 0.405718833E-01
 0.335676782E-01 0.266344603E-01 0.197809301E-01 0.130154695E-01 0.634621270E-02
-0.218827365E-03-0.667162845E-02-0.130040320E-01-0.192076266E-01-0.252736565E-01
-0.311929565E-01-0.369559154E-01-0.425524898E-01-0.479722321E-01-0.529391058E-01
-0.574459694E-01-0.614789240E-01-0.650183037E-01-0.680396929E-01-0.705149174E-01
-0.724130347E-01-0.737013221E-01-0.743462220E-01-0.743141621E-01-0.735723600E-01
-0.720895305E-01-0.698365197E-01-0.667869970E-01-0.629179999E-01-0.582095087E-01
-0.526400395E-01-0.462066382E-01-0.388150737E-01-0.309215765E-01-0.225222930E-01
-0.136232227E-01-0.424955273E-02 0.556436926E-02 0.157774091E-01 0.263412762E-01
 0.371991731E-01 0.482842065E-01 0.595179908E-01 0.708099157E-01 0.820577219E-01
 0.931498408E-01 0.103969969E+00 0.114403352E+00 0.124343678E+00 0.133699313E+00
 0.142397538E+00 0.150386453E+00 0.157634482E+00 0.164127797E+00 0.169866472E+00
 0.962290317E-01 0.936479792E-01 0.873610079E-01 0.800669342E-01 0.728191212E-01
 0.656051561E-01 0.584197864E-01 0.512621440E-01 0.441348366E-01 0.370426998E-01
 0.299917944E-01 0.229888260E-01 0.160407908E-01 0.915483572E-02 0.233824132E-02
-0.440153712E-02-0.110567864E-01-0.176194403E-01-0.240809768E-01-0.304323435E-01
-0.366638750E-01-0.427652597E-01-0.487255082E-01-0.542816818E-01-0.594284423E-01
-0.641528293E-01-0.684351847E-01-0.722500980E-01-0.755674168E-01-0.783532634E-01
-0.805711374E-01-0.821830258E-01-0.831504315E-01-0.834354907E-01-0.830018297E-01
-0.818154663E-01-0.798453763E-01-0.770638585E-01-0.734464303E-01-0.689709932E-01
-0.636158809E-01-0.573572032E-01-0.501581356E-01-0.419751890E-01-0.332726128E-01
-0.240096338E-01-0.142491702E-01-0.403977884E-02 0.657292223E-02 0.175410304E-01
 0.288116876E-01 0.403255448E-01 0.520158969E-01 0.638083890E-01 0.756213814E-01
 0.873670056E-01 0.989528671E-01 0.110284314E+00 0.121266678E+00 0.131807476E+00
 0.141818091E+00 0.151215032E+00 0.159921274E+00 0.167867720E+00 0.174995482E+00
 0.919141546E-01 0.891259387E-01 0.829119384E-01 0.756571665E-01 0.684663206E-01
 0.613032095E-01 0.541514531E-01 0.470073074E-01 0.398724675E-01 0.327509418E-01
 0.256477389E-01 0.185683258E-01 0.115184374E-01 0.450403802E-02-0.246862974E-02
-0.939295907E-02-0.162618700E-01-0.230676997E-01-0.298020896E-01-0.364558846E-01
-0.430190526E-01-0.494805947E-01-0.555911623E-01-0.613476709E-01-0.667385310E-01
-0.717444271E-01-0.763391927E-01-0.804906785E-01-0.841618329E-01-0.873117745E-01
-0.898970142E-01-0.918726847E-01-0.931938216E-01-0.938165858E-01-0.936994553E-01
-0.928041786E-01-0.910965875E-01-0.885470733E-01-0.851307586E-01-0.808272287E-01
-0.756200552E-01-0.694963187E-01-0.624470785E-01-0.544722229E-01-0.455915555E-01
-0.357236601E-01-0.253894217E-01-0.146105997E-01-0.341860787E-02 0.814857427E-02
 0.200474784E-01 0.322294049E-01 0.446403846E-01 0.572210215E-01 0.699063540E-01
 0.826256573E-01 0.953021646E-01 0.107852578E+00 0.120186269E+00 0.132204175E+00
 0.143797725E+00 0.154848441E+00 0.165229201E+00 0.174808413E+00 0.183457807E+00
 0.864225999E-01 0.832507387E-01 0.772180483E-01 0.703243464E-01 0.633365363E-01
 0.562836118E-01 0.491890982E-01 0.420669094E-01 0.349262804E-01 0.277740043E-01
 0.206155330E-01 0.134556508E-01 0.629888987E-02-0.850150187E-03-0.798656419E-02
-0.151049392E-01-0.221991856E-01-0.292623825E-01-0.362866409E-01-0.432629660E-01
-0.501811504E-01-0.568059310E-01-0.631373003E-01-0.691658780E-01-0.748735368E-01
-0.802340657E-01-0.852139518E-01-0.897732824E-01-0.938668400E-01-0.974452943E-01
-0.100456551E+00-0.102847211E+00-0.104564048E+00-0.105555557E+00-0.105773330E+00
-0.105173372E+00-0.103717096E+00-0.101372071E+00-0.981123596E-01-0.939184725E-01
-0.887769088E-01-0.826792493E-01-0.756209269E-01-0.675990880E-01-0.586079210E-01
-0.486264452E-01-0.376272015E-01-0.261550918E-01-0.142385596E-01-0.190962374E-02
 0.107966000E-01 0.238421261E-01 0.371860787E-01 0.507843867E-01 0.645891279E-01
 0.785474032E-01 0.925994739E-01 0.106676109E+00 0.120694660E+00 0.134553954E+00
 0.148128137E+00 0.161260635E+00 0.173760548E+00 0.185405806E+00 0.195957571E+00
 0.808233470E-01 0.773296133E-01 0.713783875E-01 0.646125749E-01 0.577129237E-01
 0.507148616E-01 0.436491519E-01 0.365340821E-01 0.293801706E-01 0.221935678E-01
 0.149780754E-01 0.773636857E-02 0.470754021E-03-0.681632338E-02-0.141219273E-01
-0.214423761E-01-0.287730340E-01-0.361081436E-01-0.434406660E-01-0.507621206E-01
-0.578516871E-01-0.647135228E-01-0.713416785E-01-0.777204707E-01-0.838249251E-01
-0.896213502E-01-0.950680301E-01-0.100116178E+00-0.104711033E+00-0.108793236E+00
-0.112300307E+00-0.115168422E+00-0.117334172E+00-0.118736409E+00-0.119318038E+00
-0.119027637E+00-0.117820807E+00-0.115661152E+00-0.112520829E+00-0.108380586E+00
-0.103229173E+00-0.970622003E-01-0.898803398E-01-0.816866979E-01-0.724834353E-01
-0.622678101E-01-0.510299951E-01-0.387500077E-01-0.259834193E-01-0.127580576E-01
 0.898396422E-03 0.149586163E-01 0.293957032E-01 0.441829599E-01 0.592931695E-01
 0.746971443E-01 0.903612673E-01 0.106243476E+00 0.122286975E+00 0.138410702E+00
 0.154495239E+00 0.170363158E+00 0.185755044E+00 0.200309575E+00 0.213573381E+00
 0.754412860E-01 0.717527494E-01 0.656263679E-01 0.587004311E-01 0.517194234E-01
 0.446868204E-01 0.376057029E-01 0.304783843E-01 0.233053546E-01 0.160855912E-01
 0.881728437E-02 0.149849686E-02-0.587232457E-02-0.132959941E-01-0.207723361E-01
-0.283000004E-01-0.358763151E-01-0.434971452E-01-0.511567444E-01-0.586487763E-01
-0.659827814E-01-0.731576532E-01-0.801617429E-01-0.869730264E-01-0.935594067E-01
-0.998791084E-01-0.105881363E+00-0.111507326E+00-0.116691247E+00-0.121362001E+00
-0.125444829E+00-0.128863409E+00-0.131541952E+00-0.133407563E+00-0.134392440E+00
-0.134435907E+00-0.133486241E+00-0.131501943E+00-0.128452599E+00-0.124318957E+00
-0.119092375E+00-0.112773582E+00-0.105370641E+00-0.968962237E-01-0.873643532E-01
-0.767866969E-01-0.651687160E-01-0.525053628E-01-0.387762152E-01-0.245440882E-01
-0.982995518E-02 0.534921791E-02 0.209811740E-01 0.370588936E-01 0.535805114E-01
 0.705486014E-01 0.879686847E-01 0.105846398E+00 0.124182321E+00 0.142962605E+00
 0.162141994E+00 0.181612670E+00 0.201145306E+00 0.220270291E+00 0.238049433E+00
 0.696432218E-01 0.657470003E-01 0.593291707E-01 0.522716679E-01 0.452144779E-01
 0.381457321E-01 0.310538914E-01 0.239265393E-01 0.167514980E-01 0.951753184E-02
 0.221479405E-02-0.516494643E-02-0.126282079E-01-0.201797802E-01-0.278227367E-01
-0.355584510E-01-0.433865674E-01-0.513049699E-01-0.591213740E-01-0.668518171E-01
-0.745014176E-01-0.820642859E-01-0.895233080E-01-0.968501642E-01-0.104005359E+00
-0.110938512E+00-0.117588945E+00-0.123886578E+00-0.129753187E+00-0.135104105E+00
-0.139850259E+00-0.143900573E+00-0.147164613E+00-0.149555400E+00-0.150992200E+00
-0.151403129E+00-0.150727540E+00-0.148917675E+00-0.145939901E+00-0.141774938E+00
-0.136417389E+00-0.129874319E+00-0.122162990E+00-0.113307841E+00-0.103336811E+00
-0.922771022E-01-0.801505819E-01-0.669687390E-01-0.527271964E-01-0.373996347E-01
-0.215545874E-01-0.520093786E-02 0.116618946E-01 0.290468726E-01 0.469797589E-01
 0.654996708E-01 0.846601576E-01 0.104530640E+00 0.125197873E+00 0.146766871E+00
 0.169360340E+00 0.193113849E+00 0.218157366E+00 0.244515657E+00 0.270733625E+00
 0.629100055E-01 0.587555617E-01 0.522643030E-01 0.451243892E-01 0.380458646E-01
 0.310015287E-01 0.239596907E-01 0.168897379E-01 0.976462755E-02 0.256170239E-02
-0.473740511E-02-0.121472413E-01-0.196790770E-01-0.273413975E-01-0.351402983E-01
-0.430797525E-01-0.511617772E-01-0.592070147E-01-0.672386959E-01-0.752692744E-01
-0.833000615E-01-0.913208202E-01-0.993093252E-01-0.107231006E+00-0.115038849E+00
-0.122673422E+00-0.130063400E+00-0.137126356E+00-0.143770173E+00-0.149894893E+00
-0.155395061E+00-0.160162598E+00-0.164089978E+00-0.167073727E+00-0.169017836E+00
-0.169837192E+00-0.169460446E+00-0.167832419E+00-0.164915591E+00-0.160690710E+00
-0.155156255E+00-0.148326904E+00-0.140230939E+00-0.130906731E+00-0.120398417E+00
-0.108751059E+00-0.960052907E-01-0.821917281E-01-0.673251301E-01-0.513983443E-01
-0.343757309E-01-0.168347955E-01 0.122807745E-02 0.198448543E-01 0.390674546E-01
 0.589681379E-01 0.796436816E-01 0.101222187E+00 0.123872742E+00 0.147819564E+00
 0.173363507E+00 0.200918049E+00 0.231078923E+00 0.264779687E+00 0.300314099E+00
 0.551818758E-01 0.507400408E-01 0.441406257E-01 0.370178521E-01 0.300523639E-01
 0.231719688E-01 0.163081288E-01 0.940507837E-02 0.241987617E-02-0.467988150E-02
-0.119185597E-01-0.193145312E-01-0.268817004E-01-0.346306041E-01-0.425691791E-01
-0.507032797E-01-0.588643514E-01-0.670826957E-01-0.753784776E-01-0.837611631E-01
-0.922288597E-01-0.100767478E+00-0.109350055E+00-0.117936037E+00-0.126470864E+00
-0.134885848E+00-0.143098399E+00-0.151012927E+00-0.158522159E+00-0.165509224E+00
-0.171850383E+00-0.177418381E+00-0.182086274E+00-0.185731649E+00-0.188240930E+00
-0.189513594E+00-0.189465940E+00-0.188034058E+00-0.185175955E+00-0.180872366E+00
-0.175126344E+00-0.167961493E+00-0.159418970E+00-0.149553314E+00-0.138427377E+00
-0.126106635E+00-0.112652957E+00-0.981182680E-01-0.825383067E-01-0.659270585E-01
-0.482731909E-01-0.295418631E-01-0.103750266E-01 0.930930674E-02 0.295891054E-01
 0.505564213E-01 0.723293722E-01 0.950634405E-01 0.118965290E+00 0.144311592E+00
 0.171475366E+00 0.200961441E+00 0.233447373E+00 0.269810140E+00 0.309142739E+00
 0.459679775E-01 0.411704406E-01 0.344279855E-01 0.276191644E-01 0.210873485E-01
 0.146430694E-01 0.816857722E-02 0.159100688E-02-0.513651827E-02-0.120456815E-01
-0.191588756E-01-0.264925156E-01-0.340590142E-01-0.418680757E-01-0.499275662E-01
-0.580762103E-01-0.663500279E-01-0.747761950E-01-0.833723098E-01-0.921454579E-01
-0.101091102E+00-0.110191949E+00-0.119416803E+00-0.128719524E+00-0.138038293E+00
-0.147295147E+00-0.156396061E+00-0.165231645E+00-0.173678592E+00-0.181601912E+00
-0.188858032E+00-0.195298642E+00-0.200775281E+00-0.205144480E+00-0.208272934E+00
-0.210042775E+00-0.210356265E+00-0.209139571E+00-0.206345573E+00-0.201954976E+00
-0.195976064E+00-0.188442603E+00-0.179410458E+00-0.168952614E+00-0.157153219E+00
-0.144100845E+00-0.129881024E+00-0.114568464E+00-0.982184038E-01-0.808567107E-01
-0.624662898E-01-0.429648198E-01-0.229697432E-01-0.247470383E-02 0.185609329E-01
 0.402082540E-01 0.625693277E-01 0.857819319E-01 0.110028557E+00 0.135550708E+00
 0.162670687E+00 0.191825181E+00 0.223618254E+00 0.258898377E+00 0.297049373E+00
 0.333424993E-01 0.276457034E-01 0.220988300E-01 0.167102478E-01 0.112748165E-01
 0.565924263E-02-0.184394739E-03-0.628082454E-02-0.126460083E-01-0.192917567E-01
-0.262275152E-01-0.334610566E-01-0.409987606E-01-0.488464646E-01-0.568447970E-01
-0.650325865E-01-0.734419823E-01-0.820974708E-01-0.910146758E-01-0.100198939E+00
-0.109643832E+00-0.119329557E+00-0.129221395E+00-0.139268264E+00-0.149401605E+00
-0.159534544E+00-0.169561803E+00-0.179360136E+00-0.188789874E+00-0.197697207E+00
-0.205917761E+00-0.213280916E+00-0.219615281E+00-0.224754646E+00-0.228544325E+00
-0.230847508E+00-0.231551021E+00-0.230570138E+00-0.227851942E+00-0.223377079E+00
-0.217159450E+00-0.209244102E+00-0.199703097E+00-0.188629925E+00-0.176132679E+00
-0.162326291E+00-0.147324488E+00-0.131231502E+00-0.114134178E+00-0.960944965E-01
-0.771432891E-01-0.572768636E-01-0.364614502E-01-0.152831441E-01 0.627674581E-02
 0.282684434E-01 0.507636033E-01 0.738536268E-01 0.976511613E-01 0.122293115E+00
 0.147944897E+00 0.174807459E+00 0.203135103E+00 0.233314887E+00 0.265338004E+00
 0.195536744E-01 0.125622302E-01 0.898344163E-02 0.570641598E-02 0.162216614E-02
-0.304632587E-02-0.819318462E-02-0.137665598E-01-0.197400954E-01-0.261007715E-01
-0.328430533E-01-0.399651825E-01-0.474645719E-01-0.551762208E-01-0.631372333E-01
-0.713814422E-01-0.799378902E-01-0.888292044E-01-0.980698466E-01-0.107664280E+00
-0.117605008E+00-0.127870589E+00-0.138423651E+00-0.149209037E+00-0.160152242E+00
-0.171158299E+00-0.182111308E+00-0.192874759E+00-0.203292906E+00-0.213193372E+00
-0.222390801E+00-0.230692029E+00-0.237902105E+00-0.243831381E+00-0.248302922E+00
-0.251160085E+00-0.252273411E+00-0.251546472E+00-0.248920172E+00-0.244374812E+00
-0.237930089E+00-0.229642674E+00-0.219601646E+00-0.207922056E+00-0.194737211E+00
-0.180190012E+00-0.164424002E+00-0.147574663E+00-0.129761294E+00-0.111079991E+00
-0.915980190E-01-0.713502765E-01-0.503388010E-01-0.285360571E-01-0.662069116E-02
 0.154735046E-01 0.377945602E-01 0.603828914E-01 0.832716525E-01 0.106480293E+00
 0.129999563E+00 0.153760925E+00 0.177571535E+00 0.200971499E+00 0.222997084E+00
 0.100499429E-01 0.261004735E-02-0.492755498E-03-0.314200087E-02-0.654372480E-02
-0.105975308E-01-0.152278077E-01-0.203814805E-01-0.260241013E-01-0.321354344E-01
-0.387069993E-01-0.457432158E-01-0.530534834E-01-0.606656037E-01-0.686111525E-01
-0.769211501E-01-0.856233239E-01-0.947398096E-01-0.104285076E+00-0.114263676E+00
-0.124667980E+00-0.135475829E+00-0.146648124E+00-0.158126652E+00-0.169832096E+00
-0.181662530E+00-0.193492636E+00-0.205173865E+00-0.216535673E+00-0.227388158E+00
-0.237526149E+00-0.246734768E+00-0.254796267E+00-0.261498034E+00-0.266641229E+00
-0.270049423E+00-0.271576822E+00-0.271115154E+00-0.268598765E+00-0.264007241E+00
-0.257365674E+00-0.248741984E+00-0.238241807E+00-0.226001352E+00-0.212178662E+00
-0.196943954E+00-0.180469736E+00-0.162921190E+00-0.144447252E+00-0.125172600E+00
-0.105190285E+00-0.845541283E-01-0.632685497E-01-0.412702002E-01-0.192398001E-01
 0.278190942E-02 0.247802269E-01 0.467409194E-01 0.686361194E-01 0.904115513E-01
 0.111970298E+00 0.133150399E+00 0.153696239E+00 0.173232570E+00 0.191268548E+00
 0.385989505E-02-0.377504178E-02-0.716386549E-02-0.966820586E-02-0.128096258E-01
-0.165634528E-01-0.208963882E-01-0.257785842E-01-0.311863571E-01-0.371019021E-01
-0.435104854E-01-0.503935628E-01-0.575885661E-01-0.651397035E-01-0.730850473E-01
-0.814584568E-01-0.902892202E-01-0.996007174E-01-0.109408513E+00-0.119718120E+00
-0.130522579E+00-0.141799808E+00-0.153509930E+00-0.165592745E+00-0.177965358E+00
-0.190520406E+00-0.203124881E+00-0.215620115E+00-0.227822900E+00-0.239528105E+00
-0.250513077E+00-0.260543555E+00-0.269381225E+00-0.276792616E+00-0.282558709E+00
-0.286484718E+00-0.288409472E+00-0.288213342E+00-0.285824060E+00-0.281220049E+00
-0.274430841E+00-0.265534103E+00-0.254650354E+00-0.241934791E+00-0.227567866E+00
-0.211744621E+00-0.194663882E+00-0.176517963E+00-0.157483354E+00-0.137712732E+00
-0.117328614E+00-0.964190662E-01-0.750363022E-01-0.532014929E-01-0.309252683E-01
-0.894029625E-02 0.127662215E-01 0.341736376E-01 0.552354567E-01 0.758772418E-01
 0.959906057E-01 0.115426220E+00 0.133989125E+00 0.151441187E+00 0.167516068E+00
-0.550568162E-03-0.833231956E-02-0.117147835E-01-0.141915223E-01-0.172489863E-01
-0.208777599E-01-0.250645094E-01-0.297967233E-01-0.350653529E-01-0.408666432E-01
-0.472046174E-01-0.539026931E-01-0.609820858E-01-0.684735030E-01-0.764104351E-01
-0.848256797E-01-0.937489048E-01-0.103204481E+00-0.113209225E+00-0.123769894E+00
-0.134880558E+00-0.146519780E+00-0.158647627E+00-0.171202928E+00-0.184100583E+00
-0.197229490E+00-0.210451111E+00-0.223599255E+00-0.236480996E+00-0.248879433E+00
-0.260558039E+00-0.271267027E+00-0.280751437E+00-0.288760573E+00-0.295058638E+00
-0.299435347E+00-0.301716357E+00-0.301771909E+00-0.299523592E+00-0.294948101E+00
-0.288077742E+00-0.278997660E+00-0.267839938E+00-0.254775017E+00-0.240001425E+00
-0.223734409E+00-0.206194311E+00-0.187595710E+00-0.168137506E+00-0.147994652E+00
-0.127311468E+00-0.106196135E+00-0.847158730E-01-0.628901049E-01-0.406756699E-01
-0.187995508E-01 0.266042282E-02 0.236488506E-01 0.441071391E-01 0.639620572E-01
 0.831203163E-01 0.101466611E+00 0.118865050E+00 0.135164723E+00 0.150210038E+00
-0.324549573E-02-0.111076795E-01-0.144159803E-01-0.169273280E-01-0.199939739E-01
-0.235958863E-01-0.277249981E-01-0.323786288E-01-0.375573821E-01-0.432640426E-01
-0.495029911E-01-0.561039411E-01-0.631053895E-01-0.705449805E-01-0.784594566E-01
-0.868835598E-01-0.958484933E-01-0.105379999E+00-0.115496218E+00-0.126205191E+00
-0.137502149E+00-0.149366483E+00-0.161758825E+00-0.174617872E+00-0.187857643E+00
-0.201365173E+00-0.214998871E+00-0.228588060E+00-0.241933897E+00-0.254811943E+00
-0.266976714E+00-0.278168023E+00-0.288119584E+00-0.296568811E+00-0.303267986E+00
-0.307995588E+00-0.310567379E+00-0.310845733E+00-0.308746874E+00-0.304245174E+00
-0.297373801E+00-0.288222045E+00-0.276929051E+00-0.263675153E+00-0.248670861E+00
-0.232145160E+00-0.214333281E+00-0.195465446E+00-0.175756693E+00-0.155398577E+00
-0.134552866E+00-0.113347284E+00-0.918738395E-01-0.701902807E-01-0.483278148E-01
-0.263135470E-01-0.493498938E-02 0.158092380E-01 0.358892716E-01 0.552528054E-01
 0.738294497E-01 0.915340781E-01 0.108270824E+00 0.123938560E+00 0.138437942E+00
-0.388160092E-02-0.116746351E-01-0.153128607E-01-0.180086382E-01-0.211862717E-01
-0.248275027E-01-0.289444923E-01-0.335533172E-01-0.386675932E-01-0.442983136E-01
-0.504544564E-01-0.569760948E-01-0.639053732E-01-0.712830052E-01-0.791478902E-01
-0.875362828E-01-0.964804962E-01-0.106007241E+00-0.116135553E+00-0.126874372E+00
-0.138219804E+00-0.150152177E+00-0.162632853E+00-0.175601199E+00-0.188971639E+00
-0.202631205E+00-0.216437876E+00-0.230219916E+00-0.243776709E+00-0.256881297E+00
-0.269284755E+00-0.280722767E+00-0.290924132E+00-0.299620777E+00-0.306559086E+00
-0.311511695E+00-0.314288735E+00-0.314747512E+00-0.312800229E+00-0.308418483E+00
-0.301634014E+00-0.292536259E+00-0.281266212E+00-0.268007427E+00-0.252975136E+00
-0.236404061E+00-0.218536228E+00-0.199609309E+00-0.179846406E+00-0.159447476E+00
-0.138582826E+00-0.117388561E+00-0.959636420E-01-0.743682608E-01-0.526221730E-01
-0.307002254E-01-0.944481790E-02 0.111249899E-01 0.309762079E-01 0.500618368E-01
 0.683224499E-01 0.856888518E-01 0.102085665E+00 0.117435850E+00 0.131665930E+00
-0.284752739E-02-0.102660069E-01-0.146398740E-01-0.178119373E-01-0.211001765E-01
-0.247465353E-01-0.288269576E-01-0.333791114E-01-0.384260826E-01-0.439839475E-01
-0.500648357E-01-0.565080307E-01-0.633565709E-01-0.706515759E-01-0.784320012E-01
-0.867340043E-01-0.955897719E-01-0.105025925E+00-0.115061536E+00-0.125705764E+00
-0.136955097E+00-0.148790553E+00-0.161174446E+00-0.174047381E+00-0.187325358E+00
-0.200897291E+00-0.214623332E+00-0.228334159E+00-0.241831750E+00-0.254891753E+00
-0.267267853E+00-0.278698117E+00-0.288913310E+00-0.297646821E+00-0.304645896E+00
-0.309683114E+00-0.312567711E+00-0.313155383E+00-0.311355859E+00-0.307137430E+00
-0.300528318E+00-0.291614026E+00-0.280531555E+00-0.267460704E+00-0.252613366E+00
-0.236221537E+00-0.218525156E+00-0.199760631E+00-0.180150583E+00-0.159895211E+00
-0.139165714E+00-0.118099302E+00-0.967959389E-01-0.753158256E-01-0.536770858E-01
-0.318527073E-01-0.106902914E-01 0.978507753E-02 0.295373071E-01 0.485187918E-01
 0.666714460E-01 0.839289799E-01 0.100220218E+00 0.115473256E+00 0.129620180E+00
-0.327314972E-02-0.110201454E-01-0.144408438E-01-0.169568658E-01-0.199734326E-01
-0.234613158E-01-0.274266321E-01-0.318829454E-01-0.368437618E-01-0.423216261E-01
-0.483282991E-01-0.546902344E-01-0.614481457E-01-0.686402917E-01-0.763031393E-01
-0.844708011E-01-0.931738615E-01-0.102437682E+00-0.112280458E+00-0.122710794E+00
-0.133725137E+00-0.145304903E+00-0.157413483E+00-0.169993311E+00-0.182963043E+00
-0.196215257E+00-0.209614754E+00-0.222997934E+00-0.236173496E+00-0.248924747E+00
-0.261013687E+00-0.272187054E+00-0.282184362E+00-0.290747195E+00-0.297630072E+00
-0.302611440E+00-0.305504441E+00-0.306166410E+00-0.304506272E+00-0.300489038E+00
-0.294137150E+00-0.285528392E+00-0.274790317E+00-0.262092173E+00-0.247634694E+00
-0.231638715E+00-0.214333490E+00-0.195945531E+00-0.176688656E+00-0.156755596E+00
-0.136311442E+00-0.115488999E+00-0.943856612E-01-0.730615258E-01-0.515375249E-01
-0.297906306E-01-0.866934657E-02 0.118027991E-01 0.315881297E-01 0.506345183E-01
 0.688768849E-01 0.862398148E-01 0.102641299E+00 0.117997438E+00 0.132228017E+00
-0.153467327E-02-0.921647623E-02-0.124842413E-01-0.147420540E-01-0.175324492E-01
-0.208476782E-01-0.246802773E-01-0.290283151E-01-0.338943601E-01-0.392856970E-01
-0.452166311E-01-0.515055656E-01-0.581764653E-01-0.652586222E-01-0.727831572E-01
-0.807806775E-01-0.892792270E-01-0.983022600E-01-0.107866511E+00-0.117979638E+00
-0.128637716E+00-0.139822528E+00-0.151498750E+00-0.163611218E+00-0.176082343E+00
-0.188809946E+00-0.201665744E+00-0.214494810E+00-0.227116242E+00-0.239325330E+00
-0.250897408E+00-0.261593491E+00-0.271167547E+00-0.279375374E+00-0.285984397E+00
-0.290784031E+00-0.293595523E+00-0.294280946E+00-0.292749971E+00-0.288964331E+00
-0.282939166E+00-0.274741203E+00-0.264483929E+00-0.252320081E+00-0.238432497E+00
-0.223023295E+00-0.206303179E+00-0.188480809E+00-0.169753283E+00-0.150298089E+00
-0.130266741E+00-0.109780401E+00-0.889277309E-01-0.677660555E-01-0.463285595E-01
-0.246465970E-01-0.351895369E-02 0.170479137E-01 0.370154902E-01 0.563216470E-01
 0.748847276E-01 0.926067978E-01 0.109377883E+00 0.125081867E+00 0.139604405E+00
 0.160339626E-02-0.595825771E-02-0.878532138E-02-0.108844750E-01-0.135457907E-01
-0.167540237E-01-0.204971507E-01-0.247636512E-01-0.295444932E-01-0.348335430E-01
-0.406264700E-01-0.469172411E-01-0.535438471E-01-0.605355240E-01-0.679222122E-01
-0.757330284E-01-0.839945078E-01-0.927286372E-01-0.101950876E+00-0.111667991E+00
-0.121875755E+00-0.132556513E+00-0.143676624E+00-0.155184016E+00-0.167005867E+00
-0.179046646E+00-0.191186950E+00-0.203282893E+00-0.215166956E+00-0.226649895E+00
-0.237524256E+00-0.247569561E+00-0.256558836E+00-0.264266521E+00-0.270477384E+00
-0.274995714E+00-0.277654201E+00-0.278322011E+00-0.276910990E+00-0.273379743E+00
-0.267735004E+00-0.260030150E+00-0.250361085E+00-0.238859639E+00-0.225685313E+00
-0.211015657E+00-0.195036381E+00-0.177931547E+00-0.159874558E+00-0.141020179E+00
-0.121497780E+00-0.101405688E+00-0.808056742E-01-0.597155243E-01-0.380935073E-01
-0.166774057E-01 0.444557006E-02 0.252101757E-01 0.455465466E-01 0.653679073E-01
 0.845644400E-01 0.103000879E+00 0.120517962E+00 0.136938661E+00 0.152080148E+00
 0.698445691E-02-0.331132032E-03-0.327170035E-02-0.529163331E-02-0.791066885E-02
-0.111040771E-01-0.148416543E-01-0.190968886E-01-0.238491576E-01-0.290836524E-01
-0.347903594E-01-0.409629308E-01-0.475985967E-01-0.545344986E-01-0.618010312E-01
-0.694275871E-01-0.774406642E-01-0.858615935E-01-0.947050080E-01-0.103977107E+00
-0.113673717E+00-0.123778172E+00-0.134259090E+00-0.145068213E+00-0.156138420E+00
-0.167382121E+00-0.178690225E+00-0.189931780E+00-0.200954661E+00-0.211587474E+00
-0.221642703E+00-0.230921134E+00-0.239217758E+00-0.246328667E+00-0.252058744E+00
-0.256229669E+00-0.258687764E+00-0.259310991E+00-0.258014351E+00-0.254753649E+00
-0.249526709E+00-0.242372304E+00-0.233366668E+00-0.222617939E+00-0.210258827E+00
-0.196438283E+00-0.181312591E+00-0.165036485E+00-0.147754759E+00-0.129594699E+00
-0.110659815E+00-0.910250545E-01-0.707348436E-01-0.498071499E-01-0.282532889E-01
-0.681793457E-02 0.145046515E-01 0.356854238E-01 0.566670485E-01 0.773604587E-01
 0.976372585E-01 0.117321171E+00 0.136182263E+00 0.153939575E+00 0.170278534E+00
 0.141093303E-01 0.710008480E-02 0.427130423E-02 0.221105875E-02-0.531318074E-03
-0.387057592E-02-0.773938512E-02-0.120922998E-01-0.169000644E-01-0.221443791E-01
-0.278143156E-01-0.339041166E-01-0.404120535E-01-0.473399200E-01-0.545183271E-01
-0.619798936E-01-0.697545484E-01-0.778631791E-01-0.863195658E-01-0.951296389E-01
-0.104289778E+00-0.113784909E+00-0.123586603E+00-0.133651227E+00-0.143918246E+00
-0.154309005E+00-0.164725766E+00-0.175051615E+00-0.185151175E+00-0.194872171E+00
-0.204048321E+00-0.212503105E+00-0.220054880E+00-0.226522669E+00-0.231732771E+00
-0.235525504E+00-0.237761900E+00-0.238329545E+00-0.237147346E+00-0.234168649E+00
-0.229382515E+00-0.222812846E+00-0.214515567E+00-0.204573914E+00-0.193092287E+00
-0.180189043E+00-0.165988550E+00-0.150613248E+00-0.134175748E+00-0.116771311E+00
-0.984704122E-01-0.793107301E-01-0.592860952E-01-0.383269265E-01-0.171189010E-01
 0.429490907E-02 0.258976594E-01 0.476719663E-01 0.695843399E-01 0.915703624E-01
 0.113515534E+00 0.135228753E+00 0.156408399E+00 0.176611647E+00 0.195258960E+00
 0.236637406E-01 0.171393398E-01 0.144286733E-01 0.118752513E-01 0.861761440E-02
 0.485523231E-02 0.666603737E-03-0.391252385E-02-0.886449963E-02-0.141804609E-01
-0.198563542E-01-0.258911364E-01-0.322860628E-01-0.390447713E-01-0.461744033E-01
-0.534978397E-01-0.610672832E-01-0.688919276E-01-0.769824758E-01-0.853452235E-01
-0.939781070E-01-0.102868609E+00-0.111992136E+00-0.121310502E+00-0.130770609E+00
-0.140303388E+00-0.149823144E+00-0.159227610E+00-0.168398499E+00-0.177203074E+00
-0.185496449E+00-0.193124995E+00-0.199930385E+00-0.205754638E+00-0.210445464E+00
-0.213861868E+00-0.215879679E+00-0.216396451E+00-0.215335339E+00-0.212647811E+00
-0.208314717E+00-0.202345714E+00-0.194776952E+00-0.185667232E+00-0.175092801E+00
-0.163141236E+00-0.149904534E+00-0.135472119E+00-0.119923837E+00-0.103323437E+00
-0.857130438E-01-0.671090782E-01-0.475007817E-01-0.268523730E-01-0.584249292E-02
 0.156011702E-01 0.375334136E-01 0.600016378E-01 0.830453113E-01 0.106687926E+00
 0.130919144E+00 0.155658498E+00 0.180678800E+00 0.205437735E+00 0.228798851E+00
 0.375574119E-01 0.323483907E-01 0.276674144E-01 0.233586747E-01 0.190816186E-01
 0.146575030E-01 0.100207869E-01 0.513949012E-02-0.498579402E-05-0.542468159E-02
-0.111279264E-01-0.171206258E-01-0.234067105E-01-0.299878251E-01-0.368617438E-01
-0.440180562E-01-0.514816977E-01-0.590877235E-01-0.668615922E-01-0.748199522E-01
-0.829652473E-01-0.912888274E-01-0.997709036E-01-0.108379588E+00-0.117069848E+00
-0.125782728E+00-0.134444878E+00-0.142968655E+00-0.151252732E+00-0.159183383E+00
-0.166636527E+00-0.173480481E+00-0.179579362E+00-0.184797123E+00-0.189001933E+00
-0.192070723E+00-0.193893626E+00-0.194377929E+00-0.193451285E+00-0.191063896E+00
-0.187189445E+00-0.181824639E+00-0.174987450E+00-0.166713849E+00-0.157053560E+00
-0.146064654E+00-0.133807644E+00-0.120338850E+00-0.105703719E+00-0.899300873E-01
-0.730220899E-01-0.549562275E-01-0.356845558E-01-0.157841519E-01 0.477608945E-02
 0.260610133E-01 0.481593572E-01 0.711823851E-01 0.952658653E-01 0.120573603E+00
 0.147302449E+00 0.175690517E+00 0.206038252E+00 0.238801628E+00 0.273969591E+00
 0.493295230E-01 0.448195897E-01 0.397477634E-01 0.346697010E-01 0.297341961E-01
 0.248107389E-01 0.198094435E-01 0.146723464E-01 0.936193019E-02 0.385336671E-02
-0.187012251E-02-0.781999808E-02-0.140040265E-01-0.204273053E-01-0.270931739E-01
-0.340048298E-01-0.411697291E-01-0.485970750E-01-0.560961328E-01-0.637100786E-01
-0.714315921E-01-0.792525336E-01-0.871582404E-01-0.951238722E-01-0.103113115E+00
-0.111077398E+00-0.118955694E+00-0.126674622E+00-0.134149089E+00-0.141283363E+00
-0.147972867E+00-0.154106364E+00-0.159568742E+00-0.164244294E+00-0.168020129E+00
-0.170789793E+00-0.172456816E+00-0.172937825E+00-0.172165081E+00-0.170088261E+00
-0.166675195E+00-0.161911577E+00-0.155799478E+00-0.148354739E+00-0.139603421E+00
-0.129577145E+00-0.118307747E+00-0.105821028E+00-0.921295434E-01-0.772237107E-01
-0.610592887E-01-0.435356982E-01-0.252546631E-01-0.619275449E-02 0.137099689E-01
 0.345469713E-01 0.564466007E-01 0.795779601E-01 0.104161628E+00 0.130486578E+00
 0.158935934E+00 0.190026790E+00 0.224472746E+00 0.263274789E+00 0.305708200E+00
 0.592156202E-01 0.551336333E-01 0.501770377E-01 0.450306013E-01 0.399242379E-01
 0.348065794E-01 0.296306014E-01 0.243576653E-01 0.189581420E-01 0.134100746E-01
 0.769748539E-02 0.180892262E-02-0.426363340E-02-0.105255432E-01-0.169800408E-01
-0.236285217E-01-0.304702278E-01-0.374999121E-01-0.447026901E-01-0.521002673E-01
-0.594959408E-01-0.669007674E-01-0.743158460E-01-0.817263350E-01-0.891056359E-01
-0.964157209E-01-0.103607550E+00-0.110621326E+00-0.117387086E+00-0.123825707E+00
-0.129850358E+00-0.135368407E+00-0.140283555E+00-0.144498453E+00-0.147917390E+00
-0.150449067E+00-0.152009353E+00-0.152523682E+00-0.151929095E+00-0.150175571E+00
-0.147226661E+00-0.143059179E+00-0.137662143E+00-0.131034642E+00-0.123182923E+00
-0.114116617E+00-0.103844240E+00-0.923681259E-01-0.796791613E-01-0.657524019E-01
-0.505466424E-01-0.340168551E-01-0.167820062E-01 0.125913182E-02 0.202079434E-01
 0.401839279E-01 0.613370351E-01 0.838600099E-01 0.108004160E+00 0.134101346E+00
 0.162595198E+00 0.194083348E+00 0.229366675E+00 0.269481838E+00 0.313365638E+00
 0.681322068E-01 0.644145682E-01 0.597412623E-01 0.547234342E-01 0.496566035E-01
 0.445270389E-01 0.393180549E-01 0.340136811E-01 0.285998564E-01 0.230648499E-01
 0.173992477E-01 0.115957623E-01 0.564902276E-02-0.444605714E-03-0.668717129E-02
-0.130792353E-01-0.196199678E-01-0.263074059E-01-0.331397690E-01-0.401200429E-01
-0.472536162E-01-0.543099977E-01-0.613259487E-01-0.682805553E-01-0.751548856E-01
-0.819195360E-01-0.885366797E-01-0.949593559E-01-0.101131313E+00-0.106988207E+00
-0.112459056E+00-0.117467761E+00-0.121934861E+00-0.125779450E+00-0.128921166E+00
-0.131282434E+00-0.132790446E+00-0.133379042E+00-0.132990226E+00-0.131575212E+00
-0.129094809E+00-0.125519320E+00-0.120827563E+00-0.115005322E+00-0.108042985E+00
-0.999323949E-01-0.906629041E-01-0.802161768E-01-0.685590506E-01-0.556324124E-01
-0.413310975E-01-0.262562204E-01-0.103982138E-01 0.629647030E-02 0.239080284E-01
 0.425403826E-01 0.623244680E-01 0.834253132E-01 0.106052890E+00 0.130478367E+00
 0.157059327E+00 0.186282516E+00 0.218847588E+00 0.255856335E+00 0.295315742E+00
 0.766850710E-01 0.733292848E-01 0.689048246E-01 0.640636757E-01 0.591036044E-01
 0.540311895E-01 0.488520972E-01 0.435696505E-01 0.381848030E-01 0.326967649E-01
 0.271037556E-01 0.214036927E-01 0.155947115E-01 0.967555586E-02 0.364584546E-02
-0.249371864E-02-0.874120742E-02-0.150933312E-01-0.215452611E-01-0.280900095E-01
-0.347158052E-01-0.414007194E-01-0.481692962E-01-0.547813289E-01-0.612698309E-01
-0.676066056E-01-0.737681165E-01-0.797217414E-01-0.854222327E-01-0.908176526E-01
-0.958506614E-01-0.100459859E+00-0.104580924E+00-0.108147711E+00-0.111093722E+00
-0.113353752E+00-0.114865474E+00-0.115570880E+00-0.115417294E+00-0.114358127E+00
-0.112353124E+00-0.109368183E+00-0.105374694E+00-0.100348376E+00-0.942675993E-01
-0.871113613E-01-0.788568258E-01-0.694767311E-01-0.589369945E-01-0.471958406E-01
-0.342079625E-01-0.205935948E-01-0.627223775E-02 0.882523879E-02 0.247697085E-01
 0.416396223E-01 0.595242493E-01 0.785259679E-01 0.987618715E-01 0.120364472E+00
 0.143480077E+00 0.168261424E+00 0.194841146E+00 0.223197773E+00 0.251581907E+00
 0.851761699E-01 0.821911916E-01 0.780112967E-01 0.733253285E-01 0.684468821E-01
 0.634132475E-01 0.582559258E-01 0.529963933E-01 0.476476140E-01 0.422166400E-01
 0.367068239E-01 0.311194770E-01 0.254550055E-01 0.197136924E-01 0.138962511E-01
 0.800422207E-02 0.204028469E-02-0.399146462E-02-0.100852195E-01-0.162330922E-01
-0.224247128E-01-0.286473408E-01-0.348881781E-01-0.411241427E-01-0.473819673E-01
-0.534003228E-01-0.592196770E-01-0.648351163E-01-0.701925233E-01-0.752497837E-01
-0.799609497E-01-0.842786357E-01-0.881532207E-01-0.915324315E-01-0.943620726E-01
-0.965880826E-01-0.981580392E-01-0.990220979E-01-0.991335660E-01-0.984492451E-01
-0.969294161E-01-0.945376009E-01-0.912399292E-01-0.870042369E-01-0.817989036E-01
-0.755914524E-01-0.683470890E-01-0.600268990E-01-0.505855493E-01-0.399680957E-01
-0.287201088E-01-0.168289114E-01-0.426369207E-02 0.901350006E-02 0.230436530E-01
 0.378684103E-01 0.535274446E-01 0.700544119E-01 0.874701738E-01 0.105771184E+00
 0.124908887E+00 0.144752577E+00 0.165020525E+00 0.185146943E+00 0.204044223E+00
 0.939868316E-01 0.914233029E-01 0.874653012E-01 0.827837363E-01 0.778312162E-01
 0.727234706E-01 0.675183609E-01 0.622440204E-01 0.569142513E-01 0.515355505E-01
 0.461105891E-01 0.406401455E-01 0.351242460E-01 0.295629222E-01 0.239567142E-01
 0.183070321E-01 0.126164574E-01 0.688897772E-02 0.113022083E-02-0.465232739E-02
-0.104491143E-01-0.162483677E-01-0.220358893E-01-0.277940445E-01-0.335023142E-01
-0.391225070E-01-0.446561202E-01-0.501382165E-01-0.552892014E-01-0.601349287E-01
-0.646345019E-01-0.687598437E-01-0.724803880E-01-0.757580251E-01-0.785468146E-01
-0.808018744E-01-0.824805349E-01-0.835419968E-01-0.839469433E-01-0.836572424E-01
-0.826356858E-01-0.808454826E-01-0.782495216E-01-0.748094320E-01-0.704844669E-01
-0.652305335E-01-0.589998178E-01-0.517408960E-01-0.433969609E-01-0.344907641E-01
-0.250063315E-01-0.149261123E-01-0.422968483E-02 0.710421754E-02 0.190947354E-01
 0.317552127E-01 0.450884886E-01 0.590805858E-01 0.736920238E-01 0.888457000E-01
 0.104410052E+00 0.120176673E+00 0.135833964E+00 0.150947034E+00 0.164972112E+00
 0.104324110E+00 0.102753118E+00 0.980547443E-01 0.925591812E-01 0.871852487E-01
 0.818427652E-01 0.765143111E-01 0.711919665E-01 0.658702180E-01 0.605443977E-01
 0.552104041E-01 0.498647317E-01 0.445046201E-01 0.391282029E-01 0.337346941E-01
 0.283244979E-01 0.228993576E-01 0.174624808E-01 0.120186601E-01 0.657439232E-02
 0.113798468E-02-0.428034645E-02-0.966839585E-02-0.150119141E-01-0.202948358E-01
-0.254997481E-01-0.306130312E-01-0.356213339E-01-0.404992923E-01-0.452810936E-01
-0.496493019E-01-0.536519811E-01-0.572977476E-01-0.605655089E-01-0.633884743E-01
-0.657294020E-01-0.675591752E-01-0.688497052E-01-0.695719495E-01-0.696954355E-01
-0.691879913E-01-0.680152550E-01-0.661396384E-01-0.635186806E-01-0.601029918E-01
-0.558341406E-01-0.506451465E-01-0.444708169E-01-0.378148556E-01-0.306572225E-01
-0.229795128E-01-0.147639383E-01-0.599341840E-02 0.334685482E-02 0.132666277E-01
 0.237666965E-01 0.348339789E-01 0.464355387E-01 0.585116372E-01 0.709679127E-01
 0.836673751E-01 0.964235142E-01 0.108997457E+00 0.121103682E+00 0.132429078E+00
 0.113278344E+00 0.112333588E+00 0.107552923E+00 0.101616435E+00 0.959282517E-01
 0.904041380E-01 0.849895552E-01 0.796506330E-01 0.743652508E-01 0.691180378E-01
 0.638978407E-01 0.586963855E-01 0.535076447E-01 0.483274348E-01 0.431532413E-01
 0.379841216E-01 0.328206718E-01 0.276650079E-01 0.225207955E-01 0.173932705E-01
 0.122892801E-01 0.721730385E-02 0.218747463E-02-0.278843916E-02-0.769711193E-02
-0.125237815E-01-0.172523763E-01-0.218643136E-01-0.263363495E-01-0.306399204E-01
-0.347212590E-01-0.385676622E-01-0.421931371E-01-0.456500351E-01-0.485852584E-01
-0.510483310E-01-0.530508421E-01-0.545864291E-01-0.556395687E-01-0.561894812E-01
-0.562116764E-01-0.556780510E-01-0.545558259E-01-0.528048463E-01-0.503720008E-01
-0.471796989E-01-0.431006625E-01-0.386156365E-01-0.337012634E-01-0.283401348E-01
-0.225152858E-01-0.162085202E-01-0.940079801E-02-0.207414641E-02 0.578517467E-02
 0.141823748E-01 0.231089611E-01 0.325370505E-01 0.424137153E-01 0.526560657E-01
 0.631479695E-01 0.737395138E-01 0.842503831E-01 0.944781825E-01 0.104212008E+00
 0.120253146E+00 0.119654298E+00 0.115117565E+00 0.109254777E+00 0.103582658E+00
 0.980774760E-01 0.927065909E-01 0.874417499E-01 0.822600797E-01 0.771435723E-01
 0.720782727E-01 0.670535043E-01 0.620612800E-01 0.570958890E-01 0.521535613E-01
 0.472322777E-01 0.423316211E-01 0.374526754E-01 0.325979888E-01 0.277715344E-01
 0.229786932E-01 0.182262585E-01 0.135224387E-01 0.887687225E-02 0.430065021E-02
-0.193606247E-03-0.459157210E-02-0.887682289E-02-0.130303642E-01-0.170304514E-01
-0.208527744E-01-0.244766902E-01-0.278821606E-01-0.310397670E-01-0.338851474E-01
-0.363894068E-01-0.385350063E-01-0.403072163E-01-0.416913070E-01-0.426717065E-01
-0.432318337E-01-0.433540493E-01-0.430197604E-01-0.422098935E-01-0.409066081E-01
-0.390985347E-01-0.367952585E-01-0.340660997E-01-0.309387483E-01-0.274182856E-01
-0.234953556E-01-0.191501286E-01-0.143550476E-01-0.907783676E-02-0.328562339E-02
 0.304955384E-02 0.994398911E-02 0.173949767E-01 0.253739562E-01 0.338213742E-01
 0.426443480E-01 0.517179817E-01 0.608906820E-01 0.699932426E-01 0.788508058E-01
 0.126011610E+00 0.125754073E+00 0.121264182E+00 0.115587071E+00 0.110094689E+00
 0.104758531E+00 0.995566621E-01 0.944670662E-01 0.894699618E-01 0.845486447E-01
 0.796895549E-01 0.748820379E-01 0.701179504E-01 0.653913021E-01 0.606979914E-01
 0.560355596E-01 0.514030270E-01 0.468007736E-01 0.422304384E-01 0.376948752E-01
 0.331980996E-01 0.287452843E-01 0.243427567E-01 0.199980009E-01 0.157196969E-01
 0.115177725E-01 0.740349805E-02 0.338958506E-02-0.509738340E-03-0.427878834E-02
-0.790068321E-02-0.113578746E-01-0.146314381E-01-0.176995769E-01-0.205372721E-01
-0.231240299E-01-0.254437868E-01-0.274835359E-01-0.292322207E-01-0.306801125E-01
-0.318185613E-01-0.326400287E-01-0.331383832E-01-0.333095565E-01-0.331526771E-01
-0.326718427E-01-0.318780988E-01-0.307888594E-01-0.294141825E-01-0.277521349E-01
-0.257868003E-01-0.234871171E-01-0.208064709E-01-0.176838115E-01-0.140473489E-01
-0.982180238E-02-0.493921898E-02 0.647961744E-03 0.695420848E-02 0.139513919E-01
 0.215644967E-01 0.296734720E-01 0.381212495E-01 0.467269979E-01 0.553024635E-01
 0.130219832E+00 0.130162224E+00 0.126105383E+00 0.120720640E+00 0.115511708E+00
 0.110456660E+00 0.105529502E+00 0.100707784E+00 0.959732160E-01 0.913112536E-01
 0.867104679E-01 0.821619779E-01 0.776590258E-01 0.731966421E-01 0.687713698E-01
 0.643810630E-01 0.600247532E-01 0.557025224E-01 0.514154173E-01 0.471653827E-01
 0.429552272E-01 0.387885831E-01 0.346699208E-01 0.306045189E-01 0.265985150E-01
 0.226589013E-01 0.187935792E-01 0.150113609E-01 0.113219814E-01 0.773603283E-02
 0.426486367E-02 0.920455321E-03-0.228460738E-02-0.533723319E-02-0.822440721E-02
-0.109345745E-01-0.134582743E-01-0.157882534E-01-0.179194137E-01-0.198487751E-01
-0.215755329E-01-0.231012106E-01-0.244298968E-01-0.255685151E-01-0.265270006E-01
-0.273181740E-01-0.279567968E-01-0.284569897E-01-0.288273320E-01-0.290657114E-01
-0.291538965E-01-0.290515535E-01-0.286900103E-01-0.279671811E-01-0.267466959E-01
-0.248657670E-01-0.221551936E-01-0.184691269E-01-0.137152625E-01-0.787590444E-02
-0.101663312E-02 0.671628676E-02 0.151094133E-01 0.239073187E-01 0.328461602E-01
 0.133279219E+00 0.133394077E+00 0.129655674E+00 0.124667682E+00 0.119877458E+00
 0.115226567E+00 0.110677220E+00 0.106207639E+00 0.101804107E+00 0.974571630E-01
 0.931598395E-01 0.889068767E-01 0.846943259E-01 0.805193037E-01 0.763798505E-01
 0.722748190E-01 0.682037547E-01 0.641668513E-01 0.601648502E-01 0.561990254E-01
 0.522711240E-01 0.483833440E-01 0.445383303E-01 0.407391675E-01 0.369893871E-01
 0.332929976E-01 0.296544842E-01 0.260788295E-01 0.225714948E-01 0.191383865E-01
 0.157857798E-01 0.125201950E-01 0.934824627E-02 0.627637468E-02 0.331044313E-02
 0.455200992E-03-0.228619040E-02-0.491252774E-02-0.742487842E-02-0.982688554E-02
-0.121250972E-01-0.143293142E-01-0.164529309E-01-0.185132045E-01-0.205313228E-01
-0.225320663E-01-0.245427843E-01-0.265912842E-01-0.287022833E-01-0.308921635E-01
-0.331613161E-01-0.354829915E-01-0.377872996E-01-0.399395712E-01-0.417161770E-01
-0.427929573E-01-0.427787676E-01-0.413082689E-01-0.381368473E-01-0.331779532E-01
-0.265007596E-01-0.183251798E-01-0.901511312E-02 0.963455881E-03 0.111408746E-01
 0.134860486E+00 0.134941891E+00 0.131628484E+00 0.127449229E+00 0.123322248E+00
 0.119213097E+00 0.115128376E+00 0.111072324E+00 0.107046917E+00 0.103052817E+00
 0.990900174E-01 0.951582342E-01 0.912572071E-01 0.873867869E-01 0.835470110E-01
 0.797381252E-01 0.759605691E-01 0.722149238E-01 0.685018897E-01 0.648222342E-01
 0.611767806E-01 0.575663783E-01 0.539918765E-01 0.504541583E-01 0.469541363E-01
 0.434927866E-01 0.400711820E-01 0.366905294E-01 0.333521739E-01 0.300576221E-01
 0.268084835E-01 0.236064028E-01 0.204529185E-01 0.173492357E-01 0.142959254E-01
 0.112925349E-01 0.833715405E-02 0.542595657E-02 0.255269581E-02-0.291831966E-03
-0.312037976E-02-0.594989350E-02-0.880218763E-02-0.117046293E-01-0.146907531E-01
-0.178007223E-01-0.210814606E-01-0.245862044E-01-0.283730794E-01-0.325020291E-01
-0.370288529E-01-0.419940986E-01-0.474026464E-01-0.531850681E-01-0.591183826E-01
-0.646539256E-01-0.687353462E-01-0.703118518E-01-0.689378306E-01-0.645366907E-01
-0.572027937E-01-0.472047441E-01-0.351375714E-01-0.221317876E-01-0.937336497E-02
 0.135734424E+00 0.135585070E+00 0.133127391E+00 0.129787385E+00 0.126291901E+00
 0.122711703E+00 0.119091511E+00 0.115456045E+00 0.111819431E+00 0.108190283E+00
 0.104574218E+00 0.100975186E+00 0.973962024E-01 0.938397050E-01 0.903077722E-01
 0.868021697E-01 0.833243728E-01 0.798755512E-01 0.764565170E-01 0.730676800E-01
 0.697090328E-01 0.663801059E-01 0.630799681E-01 0.598072484E-01 0.565601438E-01
 0.533365011E-01 0.501338728E-01 0.469496213E-01 0.437809862E-01 0.406251848E-01
 0.374794565E-01 0.343410522E-01 0.312071983E-01 0.280749276E-01 0.249408428E-01
 0.218007639E-01 0.186492819E-01 0.154792024E-01 0.122809075E-01 0.904159993E-02
 0.574444653E-02 0.236759637E-02-0.111694250E-02-0.474459259E-02-0.855970662E-02
-0.126173217E-01-0.169852301E-01-0.217464101E-01-0.270018019E-01-0.328732431E-01
-0.395059846E-01-0.470696986E-01-0.557564422E-01-0.657759681E-01-0.773611069E-01
-0.908695310E-01-0.102192238E+00-0.107489668E+00-0.107780300E+00-0.103605866E+00
-0.945558250E-01-0.810419172E-01-0.624277294E-01-0.425559618E-01-0.262259990E-01
 0.137589484E+00 0.137633398E+00 0.135341272E+00 0.132284671E+00 0.129159063E+00
 0.125976741E+00 0.122753315E+00 0.119502842E+00 0.116236515E+00 0.112963073E+00
 0.109689549E+00 0.106421843E+00 0.103165023E+00 0.999235734E-01 0.967013761E-01
 0.935017094E-01 0.903271958E-01 0.871797279E-01 0.840603709E-01 0.809693113E-01
 0.779057741E-01 0.748680085E-01 0.718532354E-01 0.688576996E-01 0.658766925E-01
 0.629046410E-01 0.599352643E-01 0.569617562E-01 0.539769568E-01 0.509736165E-01
 0.479445606E-01 0.448828749E-01 0.417819805E-01 0.386355929E-01 0.354375504E-01
 0.321815014E-01 0.288604181E-01 0.254659429E-01 0.219876133E-01 0.184119176E-01
 0.147212008E-01 0.108924070E-01 0.689560454E-02 0.269221584E-02-0.176718144E-02
-0.654568849E-02-0.117238751E-01-0.174050182E-01-0.237225145E-01-0.308504440E-01
-0.390184931E-01-0.485318154E-01-0.597941093E-01-0.733271688E-01-0.897783786E-01
-0.107994013E+00-0.120329708E+00-0.126706779E+00-0.127522632E+00-0.122541010E+00
-0.111927576E+00-0.947555900E-01-0.721362531E-01-0.521193035E-01-0.352042913E-01
 0.139366314E+00 0.139611512E+00 0.137506962E+00 0.134725571E+00 0.131915033E+00
 0.129072815E+00 0.126200899E+00 0.123302899E+00 0.120383613E+00 0.117448717E+00
 0.114504494E+00 0.111557536E+00 0.108614445E+00 0.105681553E+00 0.102764644E+00
 0.998687148E-01 0.969977751E-01 0.941546634E-01 0.913409367E-01 0.885567069E-01
 0.858005658E-01 0.830694735E-01 0.803587437E-01 0.776620209E-01 0.749713108E-01
 0.722771287E-01 0.695687160E-01 0.668343082E-01 0.640615821E-01 0.612380393E-01
 0.583515540E-01 0.553907454E-01 0.523453504E-01 0.492063724E-01 0.459660552E-01
 0.426175743E-01 0.391545258E-01 0.355701409E-01 0.318563245E-01 0.280025322E-01
 0.239944905E-01 0.198128112E-01 0.154314023E-01 0.108156586E-01 0.592023740E-02
 0.686188054E-03-0.496296119E-02-0.111268489E-01-0.179368332E-01-0.255696196E-01
-0.342701264E-01-0.443916917E-01-0.564668886E-01-0.713081658E-01-0.898547620E-01
-0.105582111E+00-0.116061598E+00-0.121439844E+00-0.121602885E+00-0.116516396E+00
-0.105081216E+00-0.865772516E-01-0.670827702E-01-0.501962043E-01-0.354166143E-01
 0.140811041E+00 0.141249165E+00 0.139480829E+00 0.136995599E+00 0.134504810E+00
 0.131999597E+00 0.129470482E+00 0.126912311E+00 0.124324620E+00 0.121710986E+00
 0.119077951E+00 0.116433889E+00 0.113787942E+00 0.111149244E+00 0.108526237E+00
 0.105926275E+00 0.103355259E+00 0.100817420E+00 0.983151123E-01 0.958486795E-01
 0.934162512E-01 0.910136476E-01 0.886342302E-01 0.862687901E-01 0.839055926E-01
 0.815304294E-01 0.791269094E-01 0.766769350E-01 0.741613284E-01 0.715606883E-01
 0.688563213E-01 0.660312325E-01 0.630708858E-01 0.599637963E-01 0.567016862E-01
 0.532792620E-01 0.496935174E-01 0.459427126E-01 0.420250781E-01 0.379373915E-01
 0.336735100E-01 0.292229019E-01 0.245692693E-01 0.196891408E-01 0.145504223E-01
 0.911076460E-02 0.331560313E-02-0.290434249E-02-0.963640679E-02-0.169906076E-01
-0.251065008E-01-0.341647901E-01-0.444149747E-01-0.563095063E-01-0.690718964E-01
-0.791162774E-01-0.860494152E-01-0.895953178E-01-0.896960050E-01-0.857780576E-01
-0.776404664E-01-0.650267228E-01-0.524156652E-01-0.403723642E-01-0.290781800E-01
 0.142029688E+00 0.142699182E+00 0.141165093E+00 0.139019743E+00 0.136902109E+00
 0.134774446E+00 0.132610202E+00 0.130395681E+00 0.128128573E+00 0.125815004E+00
 0.123466268E+00 0.121096291E+00 0.118719667E+00 0.116350390E+00 0.114001028E+00
 0.111682236E+00 0.109402485E+00 0.107167862E+00 0.104981981E+00 0.102845788E+00
 0.100757383E+00 0.987117738E-01 0.967005715E-01 0.947117209E-01 0.927292705E-01
 0.907332972E-01 0.887001306E-01 0.866028965E-01 0.844125226E-01 0.820992664E-01
 0.796344653E-01 0.769925714E-01 0.741528794E-01 0.711009055E-01 0.678289682E-01
 0.643359050E-01 0.606260300E-01 0.567074046E-01 0.525897555E-01 0.482823737E-01
 0.437921956E-01 0.391222537E-01 0.342705660E-01 0.292294528E-01 0.239852518E-01
 0.185184535E-01 0.128043760E-01 0.681474619E-02 0.520938425E-03-0.609934609E-02
-0.130479960E-01-0.202754401E-01-0.276097618E-01-0.346130729E-01-0.407111458E-01
-0.460496731E-01-0.500954799E-01-0.523333959E-01-0.525319614E-01-0.507317819E-01
-0.472639501E-01-0.419217013E-01-0.349868611E-01-0.273014661E-01-0.193974655E-01
 0.142605022E+00 0.143509328E+00 0.142375499E+00 0.140738413E+00 0.139142156E+00
 0.137491301E+00 0.135738194E+00 0.133870646E+00 0.131898403E+00 0.129842564E+00
 0.127728760E+00 0.125583053E+00 0.123429783E+00 0.121290334E+00 0.119182743E+00
 0.117121629E+00 0.115118302E+00 0.113180973E+00 0.111314803E+00 0.109521866E+00
 0.107800946E+00 0.106147110E+00 0.104551136E+00 0.102998815E+00 0.101470180E+00
 0.999388695E-01 0.983718559E-01 0.967298001E-01 0.949684083E-01 0.930408612E-01
 0.909014046E-01 0.885093808E-01 0.858332887E-01 0.828537792E-01 0.795651004E-01
 0.759746805E-01 0.721008703E-01 0.679694042E-01 0.636093915E-01 0.590494946E-01
 0.543150753E-01 0.494263954E-01 0.443978943E-01 0.392384045E-01 0.339520648E-01
 0.285399407E-01 0.230023898E-01 0.173425116E-01 0.115712117E-01 0.571473502E-02
-0.174492088E-03-0.600388832E-02-0.116285458E-01-0.168562625E-01-0.214823168E-01
-0.253124237E-01-0.281481072E-01-0.298097916E-01-0.301859733E-01-0.292538088E-01
-0.270636659E-01-0.237224530E-01-0.194183625E-01-0.144117745E-01-0.896659307E-02
 0.141918659E+00 0.142923281E+00 0.142793998E+00 0.142231360E+00 0.141485617E+00
 0.140455261E+00 0.139128760E+00 0.137552783E+00 0.135787606E+00 0.133891955E+00
 0.131918505E+00 0.129912376E+00 0.127910748E+00 0.125943229E+00 0.124032862E+00
 0.122197196E+00 0.120449431E+00 0.118799239E+00 0.117253244E+00 0.115815207E+00
 0.114485823E+00 0.113262087E+00 0.112136312E+00 0.111094713E+00 0.110115558E+00
 0.109167144E+00 0.108205892E+00 0.107175320E+00 0.106006868E+00 0.104623631E+00
 0.102947362E+00 0.100907601E+00 0.984510779E-01 0.955488309E-01 0.921995863E-01
 0.884286836E-01 0.842826068E-01 0.798204914E-01 0.751049221E-01 0.701943189E-01
 0.651383772E-01 0.599764362E-01 0.547380783E-01 0.494449362E-01 0.441131778E-01
 0.387563072E-01 0.333882421E-01 0.280267801E-01 0.226975568E-01 0.174384583E-01
 0.123041263E-01 0.736944750E-02 0.273008342E-02-0.150172692E-02-0.520549389E-02
-0.826173183E-02-0.105611039E-01-0.120155346E-01-0.125700645E-01-0.122107398E-01
-0.109665841E-01-0.890780706E-02-0.614113314E-02-0.279912329E-02 0.976405747E-03
 0.141085073E+00 0.142290413E+00 0.143330917E+00 0.144264355E+00 0.144956917E+00
 0.144408926E+00 0.143270314E+00 0.141742900E+00 0.139962703E+00 0.138034403E+00
 0.136041045E+00 0.134046897E+00 0.132099241E+00 0.130231380E+00 0.128466293E+00
 0.126820028E+00 0.125304252E+00 0.123928033E+00 0.122698687E+00 0.121622212E+00
 0.120703079E+00 0.119943529E+00 0.119342193E+00 0.118891910E+00 0.118576430E+00
 0.118365757E+00 0.118210234E+00 0.118034147E+00 0.117731571E+00 0.117169321E+00
 0.116201125E+00 0.114691235E+00 0.112538494E+00 0.109693110E+00 0.106164008E+00
 0.102016769E+00 0.973603651E-01 0.923239738E-01 0.870321095E-01 0.815883279E-01
 0.760702565E-01 0.705323368E-01 0.650114045E-01 0.595324188E-01 0.541133843E-01
 0.487693734E-01 0.435158722E-01 0.383716822E-01 0.333614908E-01 0.285180900E-01
 0.238839872E-01 0.195120014E-01 0.154643860E-01 0.118102366E-01 0.862133503E-02
 0.596695486E-02 0.390812149E-02 0.249179313E-02 0.174569513E-02 0.167470775E-02
 0.225944724E-02 0.345721981E-02 0.520532159E-02 0.742649660E-02 0.100357933E-01
 0.140962124E+00 0.142552271E+00 0.144326687E+00 0.146420255E+00 0.148791313E+00
 0.149622157E+00 0.148588479E+00 0.146632016E+00 0.144463345E+00 0.142206252E+00
 0.139969856E+00 0.137831450E+00 0.135834903E+00 0.134001315E+00 0.132340208E+00
 0.130856633E+00 0.129554778E+00 0.128439739E+00 0.127518281E+00 0.126799166E+00
 0.126292974E+00 0.126011595E+00 0.125967175E+00 0.126170069E+00 0.126625136E+00
 0.127325103E+00 0.128238827E+00 0.129291475E+00 0.130335927E+00 0.131129369E+00
 0.131357983E+00 0.130724400E+00 0.129023448E+00 0.126163334E+00 0.122169979E+00
 0.117197596E+00 0.111515552E+00 0.105429143E+00 0.991840884E-01 0.929367170E-01
 0.867743343E-01 0.807421356E-01 0.748621896E-01 0.691450015E-01 0.635963082E-01
 0.582211614E-01 0.530266203E-01 0.480235107E-01 0.432277247E-01 0.386610255E-01
 0.343513750E-01 0.303326063E-01 0.266433693E-01 0.233253092E-01 0.204205345E-01
 0.179686062E-01 0.160032902E-01 0.145494351E-01 0.136203328E-01 0.132158995E-01
 0.133219669E-01 0.139108058E-01 0.149428295E-01 0.163692962E-01 0.181356147E-01
 0.140651524E+00 0.142432362E+00 0.144497678E+00 0.147003740E+00 0.150076061E+00
 0.152109250E+00 0.152641058E+00 0.151619598E+00 0.149050117E+00 0.146052644E+00
 0.143312171E+00 0.140910476E+00 0.138823509E+00 0.137016371E+00 0.135462537E+00
 0.134145170E+00 0.133055940E+00 0.132193893E+00 0.131564751E+00 0.131180510E+00
 0.131059587E+00 0.131226957E+00 0.131714597E+00 0.132561728E+00 0.133814692E+00
 0.135525241E+00 0.137744769E+00 0.140506491E+00 0.143766373E+00 0.147169411E+00
 0.149719983E+00 0.150633648E+00 0.149641067E+00 0.146633029E+00 0.141580820E+00
 0.134656623E+00 0.126665413E+00 0.118635148E+00 0.110930853E+00 0.103618003E+00
 0.966865718E-01 0.901078805E-01 0.838519335E-01 0.778930560E-01 0.722115785E-01
 0.667940751E-01 0.616332665E-01 0.567277968E-01 0.520820059E-01 0.477056205E-01
 0.436132401E-01 0.398235992E-01 0.363584906E-01 0.332413763E-01 0.304956827E-01
 0.281429607E-01 0.262009539E-01 0.246818271E-01 0.235906970E-01 0.229246337E-01
 0.226722658E-01 0.228140168E-01 0.233229697E-01 0.241662413E-01 0.253066849E-01
 0.139850855E+00 0.141592368E+00 0.143510640E+00 0.145619005E+00 0.147905648E+00
 0.150296569E+00 0.152208880E+00 0.152611718E+00 0.151345119E+00 0.148269504E+00
 0.145165354E+00 0.142695576E+00 0.140679047E+00 0.139015555E+00 0.137647986E+00
 0.136544257E+00 0.135688514E+00 0.135076836E+00 0.134715259E+00 0.134619325E+00
 0.134814575E+00 0.135338083E+00 0.136240602E+00 0.137590080E+00 0.139477775E+00
 0.142027944E+00 0.145414278E+00 0.149890512E+00 0.155858010E+00 0.163926288E+00
 0.170023665E+00 0.172840297E+00 0.172778457E+00 0.169587597E+00 0.163137227E+00
 0.152945638E+00 0.140513241E+00 0.130033582E+00 0.120841816E+00 0.112576187E+00
 0.105017848E+00 0.980255455E-01 0.915049091E-01 0.853914768E-01 0.796405971E-01
 0.742214620E-01 0.691134930E-01 0.643041879E-01 0.597876087E-01 0.555632822E-01
 0.516352430E-01 0.480110496E-01 0.447007380E-01 0.417157039E-01 0.390674584E-01
 0.367664099E-01 0.348206200E-01 0.332347341E-01 0.320090614E-01 0.311390087E-01
 0.306147747E-01 0.304214600E-01 0.305394866E-01 0.309453178E-01 0.316123776E-01
 0.138651505E+00 0.140342265E+00 0.142043412E+00 0.143699870E+00 0.145277590E+00
 0.146747261E+00 0.148063093E+00 0.149148524E+00 0.149207309E+00 0.147139013E+00
 0.144742250E+00 0.142791554E+00 0.141189530E+00 0.139878348E+00 0.138823479E+00
 0.138004988E+00 0.137413546E+00 0.137048811E+00 0.136919111E+00 0.137042165E+00
 0.137446523E+00 0.138174430E+00 0.139284149E+00 0.140854180E+00 0.142991260E+00
 0.145843118E+00 0.149620444E+00 0.154635265E+00 0.161362246E+00 0.170353979E+00
 0.177364752E+00 0.180832580E+00 0.181119621E+00 0.178079411E+00 0.171466917E+00
 0.160726517E+00 0.147689655E+00 0.136714250E+00 0.127202764E+00 0.118733749E+00
 0.111047551E+00 0.103983596E+00 0.974387750E-01 0.913432166E-01 0.856472030E-01
 0.803144574E-01 0.753186047E-01 0.706410632E-01 0.662695393E-01 0.621968955E-01
 0.584201366E-01 0.549394377E-01 0.517572090E-01 0.488771684E-01 0.463034324E-01
 0.440395921E-01 0.420879237E-01 0.404486321E-01 0.391192734E-01 0.380943641E-01
 0.373651609E-01 0.369196683E-01 0.367428586E-01 0.368170403E-01 0.371223688E-01
 0.683085620E+00 0.697147727E+00 0.707031012E+00 0.719032586E+00 0.731711149E+00
 0.744932294E+00 0.758742869E+00 0.773062885E+00 0.787910938E+00 0.803475797E+00
 0.819430709E+00 0.835935473E+00 0.852996826E+00 0.871024907E+00 0.889593601E+00
 0.909004271E+00 0.929113030E+00 0.949965060E+00 0.971901834E+00 0.994551063E+00
 0.101826096E+01 0.104292893E+01 0.106865525E+01 0.109545743E+01 0.112348759E+01
 0.115277827E+01 0.118339086E+01 0.121539521E+01 0.124890006E+01 0.128387380E+01
 0.132058978E+01 0.135925734E+01 0.139969242E+01 0.144212770E+01 0.148662794E+01
 0.153349769E+01 0.158306837E+01 0.163510597E+01 0.168988490E+01 0.174737680E+01
 0.180865204E+01 0.187343800E+01 0.194151080E+01 0.201330733E+01 0.208994460E+01
 0.217129230E+01 0.225715017E+01 0.234804678E+01 0.244523287E+01 0.254843068E+01
 0.265762639E+01 0.277482653E+01 0.289917159E+01 0.303180671E+01 0.317413759E+01
 0.332491589E+01 0.348856592E+01 0.366372180E+01 0.385518312E+01 0.406235552E+01
 0.429326296E+01 0.455152273E+01 0.485539055E+01 0.527368879E+01 0.674794626E+01
   86  117
 0.111194360E+01-0.200000003E+00 0.109700501E+01-0.150000006E+00 0.108272803E+01
-0.500000007E-01 0.109156048E+01 0.500000007E-01 0.110562503E+01 0.100749470E+00
 0.113218749E+01 0.164858267E+00 0.115875006E+01 0.217051119E+00 0.118531251E+01
 0.263213098E+00 0.121187496E+01 0.305511743E+00 0.124245822E+01 0.349999994E+00
 0.127922690E+01 0.400000006E+00 0.131812501E+01 0.448046505E+00 0.134468746E+01
 0.479016334E+00 0.137125003E+01 0.508397758E+00 0.141251755E+01 0.550000012E+00
 0.145093751E+01 0.585268974E+00 0.147749996E+01 0.608048260E+00 0.153062499E+01
 0.648311853E+00 0.155718756E+01 0.667188227E+00 0.160957217E+01 0.699999988E+00
 0.163687503E+01 0.715077221E+00 0.169000006E+01 0.740219235E+00 0.171656251E+01
 0.751718700E+00 0.176968753E+01 0.770125985E+00 0.182281256E+01 0.783050179E+00
 0.187593746E+01 0.790841222E+00 0.192906249E+01 0.792722404E+00 0.198218751E+01
 0.786135197E+00 0.203531241E+01 0.762571633E+00 0.206187510E+01 0.736432731E+00
 0.208843756E+01 0.695343852E+00 0.211500001E+01 0.637821913E+00 0.214156246E+01
 0.564167738E+00 0.216103601E+01 0.500000000E+00 0.217680073E+01 0.449999988E+00
 0.219468760E+01 0.392941982E+00 0.222125006E+01 0.309956461E+00 0.223916817E+01
 0.250000000E+00 0.225355458E+01 0.200000003E+00 0.227437496E+01 0.107168958E+00
 0.228217959E+01 0.500000007E-01 0.228343153E+01-0.500000007E-01 0.227437496E+01
-0.120778419E+00 0.225741577E+01-0.200000003E+00 0.224313045E+01-0.250000000E+00
 0.222125006E+01-0.318703055E+00 0.219468760E+01-0.392373532E+00 0.217255712E+01
-0.449999988E+00 0.215131593E+01-0.500000000E+00 0.212813497E+01-0.550000012E+00
 0.210267258E+01-0.600000024E+00 0.207459855E+01-0.649999976E+00 0.204371309E+01
-0.699999988E+00 0.200994444E+01-0.750000000E+00 0.198218751E+01-0.787306428E+00
 0.195562506E+01-0.822085321E+00 0.192906249E+01-0.855158865E+00 0.189030671E+01
-0.899999976E+00 0.184937501E+01-0.947335601E+00 0.182281256E+01-0.979266286E+00
 0.179624999E+01-0.100983655E+01 0.175794423E+01-0.104999995E+01 0.171656251E+01
-0.109595692E+01 0.169000006E+01-0.113002050E+01 0.165380943E+01-0.116811812E+01
 0.163971961E+01-0.118623614E+01 0.161031246E+01-0.114203489E+01 0.158247149E+01
-0.110000002E+01 0.155280674E+01-0.104999995E+01 0.152370012E+01-0.100000000E+01
 0.149476218E+01-0.949999988E+00 0.146589315E+01-0.899999976E+00 0.143709493E+01
-0.850000024E+00 0.140843070E+01-0.800000012E+00 0.138000107E+01-0.750000000E+00
 0.135192442E+01-0.699999988E+00 0.132431865E+01-0.649999976E+00 0.129728687E+01
-0.600000024E+00 0.127090824E+01-0.550000012E+00 0.124523449E+01-0.500000000E+00
 0.122029579E+01-0.449999988E+00 0.119612193E+01-0.400000006E+00 0.117279351E+01
-0.349999994E+00 0.115054417E+01-0.300000012E+00 0.112993979E+01-0.250000000E+00
 0.111194360E+01-0.200000003E+00
 0.101600003E+01 0.000000000E+00 0.101600003E+01 0.963999987E+00 0.101600003E+01
 0.967999995E+00 0.101600003E+01 0.100100005E+01 0.101600003E+01 0.101900005E+01
 0.101600003E+01 0.107700002E+01 0.101600003E+01 0.107000005E+01 0.101600003E+01
 0.109599996E+01 0.101600003E+01 0.111300004E+01 0.101600003E+01 0.113800001E+01
 0.101600003E+01 0.114699996E+01 0.101199996E+01 0.116499996E+01 0.100100005E+01
 0.121700001E+01 0.102900004E+01 0.121700001E+01 0.104200006E+01 0.116240001E+01
 0.104600000E+01 0.116237998E+01 0.105599999E+01 0.116260004E+01 0.109700000E+01
 0.116450000E+01 0.110800004E+01 0.116594005E+01 0.111600006E+01 0.116591001E+01
 0.113399994E+01 0.116895998E+01 0.114800000E+01 0.117174995E+01 0.116199994E+01
 0.117556000E+01 0.118099999E+01 0.118299997E+01 0.118200004E+01 0.118350005E+01
 0.118499994E+01 0.118499994E+01 0.119000006E+01 0.118799996E+01 0.119500005E+01
 0.119099998E+01 0.120099998E+01 0.119599998E+01 0.120899999E+01 0.120200002E+01
 0.121500003E+01 0.120799994E+01 0.122200000E+01 0.121399999E+01 0.122800004E+01
 0.122099996E+01 0.123399997E+01 0.123099995E+01 0.123899996E+01 0.123800004E+01
 0.124199998E+01 0.124399996E+01 0.124800003E+01 0.125399995E+01 0.125800002E+01
 0.127800000E+01 0.126300001E+01 0.128999996E+01 0.127999997E+01 0.133099997E+01
 0.127999997E+01 0.134700000E+01 0.127999997E+01 0.134800005E+01 0.130999994E+01
 0.134800005E+01 0.132799995E+01 0.134800005E+01 0.136099994E+01 0.134800005E+01
 0.138000000E+01 0.134800005E+01 0.141900003E+01 0.134800005E+01 0.141900003E+01
 0.130999994E+01 0.137199998E+01 0.130999994E+01 0.137167001E+01 0.129237998E+01
 0.137003005E+01 0.128268003E+01 0.136688006E+01 0.125644004E+01 0.136719000E+01
 0.122955000E+01 0.137178004E+01 0.119576001E+01 0.137223995E+01 0.119402003E+01
 0.138662004E+01 0.116487002E+01 0.138707995E+01 0.116420996E+01 0.140382004E+01
 0.115696001E+01 0.141127002E+01 0.115730000E+01 0.141857004E+01 0.116131997E+01
 0.142100000E+01 0.116400003E+01 0.148662996E+01 0.124049997E+01 0.149730003E+01
 0.123458004E+01 0.149761999E+01 0.123427999E+01 0.149744999E+01 0.123174000E+01
 0.149275005E+01 0.121329999E+01 0.149259996E+01 0.121061003E+01 0.149260998E+01
 0.120485997E+01 0.149278998E+01 0.120213997E+01 0.149339998E+01 0.119641995E+01
 0.149469995E+01 0.118510997E+01 0.149621999E+01 0.116069996E+01 0.147981000E+01
 0.112425995E+01 0.148081994E+01 0.112256002E+01 0.148149002E+01 0.112137997E+01
 0.148645997E+01 0.111691999E+01 0.149094999E+01 0.111439002E+01 0.150304997E+01
 0.111243999E+01 0.159696996E+01 0.109489000E+01 0.162549996E+01 0.108529997E+01
 0.163751996E+01 0.107988000E+01 0.164699996E+01 0.107700002E+01 0.178499997E+01
 0.107700002E+01 0.206999993E+01 0.103999996E+01 0.212800002E+01 0.992999971E+00
 0.224499989E+01 0.708999991E+00 0.233956003E+01 0.461430013E+00 0.234707999E+01
 0.415829986E+00 0.234912992E+01 0.272179991E+00 0.235103011E+01 0.170179993E+00
 0.235157990E+01 0.701199993E-01 0.235124993E+01-0.317899995E-01 0.235050988E+01
-0.144350007E+00 0.234964991E+01-0.214829996E+00 0.234870005E+01-0.326689988E+00
 0.234759998E+01-0.386770010E+00 0.234019995E+01-0.453040004E+00 0.232942009E+01
-0.477569997E+00 0.213400006E+01-0.972999990E+00 0.178600001E+01-0.117400002E+01
 0.176800001E+01-0.121099997E+01 0.176800001E+01-0.125000000E+01 0.168200004E+01
-0.125000000E+01 0.137199998E+01-0.125000000E+01 0.137199998E+01-0.132900000E+01
 0.141999996E+01-0.132900000E+01 0.141999996E+01-0.136300004E+01 0.127300000E+01
-0.136300004E+01 0.115300000E+01-0.136300004E+01 0.101600003E+01-0.122300005E+01
 0.101600003E+01-0.122300005E+01 0.101600003E+01-0.829999983E+00 0.101600003E+01
-0.800000012E+00 0.101600003E+01-0.414999992E+00 0.101600003E+01-0.400000006E+00
 0.101600003E+01-0.100000005E-02 0.101600003E+01 0.000000000E+00
    0 0.170000005E+01    1
 0.000000000E+00 0.000000000E+00 0.000000000E+00 0.000000000E+00 0.000000000E+00
 0.000000000E+00 0.000000000E+00 0.000000000E+00 0.000000000E+00 0.000000000E+00
 0.000000000E+00 0.000000000E+00 0.000000000E+00 0.000000000E+00 0.000000000E+00
 0.000000000E+00 0.000000000E+00 0.000000000E+00 0.000000000E+00 0.000000000E+00
 0.000000000E+00 0.000000000E+00 0.000000000E+00 0.000000000E+00 0.000000000E+00
 0.000000000E+00 0.000000000E+00 0.000000000E+00 0.000000000E+00 0.000000000E+00
 0.000000000E+00 0.000000000E+00 0.000000000E+00 0.000000000E+00 0.000000000E+00
 0.000000000E+00 0.000000000E+00 0.000000000E+00 0.000000000E+00 0.000000000E+00
 0.000000000E+00 0.000000000E+00 0.000000000E+00 0.000000000E+00 0.000000000E+00
 0.000000000E+00 0.000000000E+00 0.000000000E+00 0.000000000E+00 0.000000000E+00
 0.000000000E+00 0.000000000E+00 0.000000000E+00 0.000000000E+00 0.000000000E+00
 0.000000000E+00 0.000000000E+00 0.000000000E+00 0.000000000E+00 0.000000000E+00
 0.000000000E+00 0.000000000E+00 0.000000000E+00 0.000000000E+00 0.000000000E+00
 0.000000000E+00 0.754071549E-01 0.107458875E+00 0.132300898E+00 0.153523117E+00
 0.172500774E+00 0.189875916E+00 0.206096902E+00 0.221426934E+00 0.234714016E+00
 0.248803169E+00 0.262465596E+00 0.275646269E+00 0.288467079E+00 0.301097333E+00
 0.313432425E+00 0.325507134E+00 0.337454349E+00 0.349209130E+00 0.360910147E+00
 0.372467846E+00 0.383910060E+00 0.395329714E+00 0.406708807E+00 0.418010145E+00
 0.429335415E+00 0.440629721E+00 0.451949209E+00 0.463295966E+00 0.474634349E+00
 0.486040086E+00 0.497535110E+00 0.509061337E+00 0.520678878E+00 0.532366455E+00
 0.544154763E+00 0.556098819E+00 0.568142414E+00 0.580323756E+00 0.592604280E+00
 0.605112255E+00 0.617808342E+00 0.630641580E+00 0.643652916E+00 0.656931162E+00
 0.670452237E+00 0.684192598E+00 0.698164642E+00 0.712459385E+00 0.727051795E+00
 0.741911829E+00 0.757155180E+00 0.772729337E+00 0.788680494E+00 0.805059671E+00
 0.821799695E+00 0.839052379E+00 0.856757343E+00 0.874993086E+00 0.893752098E+00
 0.913182318E+00 0.933272302E+00 0.954185247E+00 0.976191998E+00 0.100000000E+01
    1
 0.000000000E+00 0.000000000E+00 0.000000000E+00 0.000000000E+00 0.000000000E+00
 0.000000000E+00 0.000000000E+00 0.000000000E+00 0.000000000E+00 0.000000000E+00
 0.000000000E+00 0.000000000E+00 0.000000000E+00 0.000000000E+00 0.000000000E+00
 0.000000000E+00 0.000000000E+00 0.000000000E+00 0.000000000E+00 0.000000000E+00
 0.000000000E+00 0.000000000E+00 0.000000000E+00 0.000000000E+00 0.000000000E+00
 0.000000000E+00 0.000000000E+00 0.000000000E+00 0.000000000E+00 0.000000000E+00
 0.000000000E+00 0.000000000E+00 0.000000000E+00 0.000000000E+00 0.000000000E+00
 0.000000000E+00 0.000000000E+00 0.000000000E+00 0.000000000E+00 0.000000000E+00
 0.000000000E+00 0.000000000E+00 0.000000000E+00 0.000000000E+00 0.000000000E+00
 0.000000000E+00 0.000000000E+00 0.000000000E+00 0.000000000E+00 0.000000000E+00
 0.000000000E+00 0.000000000E+00 0.000000000E+00 0.000000000E+00 0.000000000E+00
 0.000000000E+00 0.000000000E+00 0.000000000E+00 0.000000000E+00 0.000000000E+00
 0.000000000E+00 0.000000000E+00 0.000000000E+00 0.000000000E+00 0.000000000E+00
&BASIS
 EE2BDRY= 32*0.00000000      ,
 EEBDRY= 32*0.00000000      ,
 EEKNT= 32*0.00000000      ,
 EETENS=  5.00000000    ,
 FF2BDRY= 64*0.00000000      ,
 FFBDRY=  2.97217441    , -9.82724190    ,  6.86795282    , 61*0.00000000      ,
 FFKNT= 64*0.00000000      ,
 FFTENS=  0.00000000    ,
 KEE2BDRY= 32*0          ,
 KEEBDRY= 32*0          ,
 KEEFNC=          0,
 KEEKNT=          0,
 KFF2BDRY= 64*0          ,
 KFFBDRY= 64*0          ,
 KFFFNC=          0,
 KFFKNT=          0,
 KPP2BDRY= 64*0          ,
 KPPBDRY= 64*0          ,
 KPPFNC=          0,
 KPPKNT=          0,
 KWW2BDRY= 64*0          ,
 KWWBDRY= 64*0          ,
 KWWFNC=          0,
 KWWKNT=          0,
 PP2BDRY= 64*0.00000000      ,
 PPBDRY=  630244.625    , -446019.750    , 62*0.00000000      ,
 PPKNT= 64*0.00000000      ,
 PPTENS=  0.00000000    ,
 WW2BDRY= 64*0.00000000      ,
 WWBDRY= -951.501282    ,  6439.34521    , 62*0.00000000      ,
 WWKNT= 64*0.00000000      ,
 WWTENS=  0.00000000    ,
 /
