  EFITD    01/21/2000    #180520  2442ms           7  65  65
 0.170000005E+01 0.320000005E+01 0.169550002E+01 0.839999974E+00 0.000000000E+00
 0.177748024E+01-0.758729503E-01-0.255946994E+00 0.669026282E-03-0.196665561E+01
 0.884273500E+06-0.255946994E+00 0.000000000E+00 0.177748024E+01 0.000000000E+00
-0.758729503E-01 0.000000000E+00 0.669026282E-03 0.000000000E+00 0.000000000E+00
-0.340841150E+01-0.340402627E+01-0.339980626E+01-0.339574885E+01-0.339185119E+01
-0.338811088E+01-0.338452482E+01-0.338109064E+01-0.337780499E+01-0.337466526E+01
-0.337166834E+01-0.336881161E+01-0.336609197E+01-0.336350656E+01-0.336105204E+01
-0.335872579E+01-0.335652423E+01-0.335444474E+01-0.335248399E+01-0.335063910E+01
-0.334890652E+01-0.334728360E+01-0.334576678E+01-0.334435272E+01-0.334303880E+01
-0.334182143E+01-0.334069729E+01-0.333966327E+01-0.333871603E+01-0.333785248E+01
-0.333706927E+01-0.333636308E+01-0.333573055E+01-0.333516836E+01-0.333467317E+01
-0.333424211E+01-0.333387113E+01-0.333355761E+01-0.333329773E+01-0.333308816E+01
-0.333292603E+01-0.333280730E+01-0.333272934E+01-0.333268833E+01-0.333268118E+01
-0.333270431E+01-0.333275437E+01-0.333282828E+01-0.333292246E+01-0.333303380E+01
-0.333315873E+01-0.333329391E+01-0.333343601E+01-0.333358169E+01-0.333372760E+01
-0.333387041E+01-0.333400679E+01-0.333413363E+01-0.333424711E+01-0.333434391E+01
-0.333442116E+01-0.333447528E+01-0.333450270E+01-0.333450031E+01-0.333446479E+01
 0.566772422E+05 0.555611875E+05 0.544524453E+05 0.533510234E+05 0.522569141E+05
 0.511701250E+05 0.500906523E+05 0.490184961E+05 0.479536562E+05 0.468961328E+05
 0.458459258E+05 0.448030352E+05 0.437674609E+05 0.427392031E+05 0.417182656E+05
 0.407046406E+05 0.396983320E+05 0.386993438E+05 0.377076680E+05 0.367233125E+05
 0.357462734E+05 0.347765508E+05 0.338141406E+05 0.328590508E+05 0.319112793E+05
 0.309708223E+05 0.300376816E+05 0.291118574E+05 0.281933516E+05 0.272821602E+05
 0.263782871E+05 0.254817305E+05 0.245924902E+05 0.237105664E+05 0.228359590E+05
 0.219686699E+05 0.211086953E+05 0.202560391E+05 0.194106992E+05 0.185726738E+05
 0.177419668E+05 0.169185781E+05 0.161025039E+05 0.152937471E+05 0.144923066E+05
 0.136981826E+05 0.129113760E+05 0.121318857E+05 0.113597119E+05 0.105948555E+05
 0.983731445E+04 0.908709082E+04 0.834418457E+04 0.760859375E+04 0.688032031E+04
 0.615936328E+04 0.544572266E+04 0.473939893E+04 0.404039209E+04 0.334870166E+04
 0.266432812E+04 0.198727112E+04 0.131753076E+04 0.655107056E+03 0.000000000E+00
-0.379858208E+01-0.365224218E+01-0.350868583E+01-0.336791253E+01-0.322992277E+01
-0.309471655E+01-0.296229339E+01-0.283265376E+01-0.270579767E+01-0.258172464E+01
-0.246043515E+01-0.234192896E+01-0.222620630E+01-0.211326671E+01-0.200311089E+01
-0.189573812E+01-0.179114878E+01-0.168934286E+01-0.159032035E+01-0.149408114E+01
-0.140062535E+01-0.130995286E+01-0.122206390E+01-0.113695812E+01-0.105463576E+01
-0.975096881E+00-0.898341298E+00-0.824369073E+00-0.753180265E+00-0.684774756E+00
-0.619152665E+00-0.556313932E+00-0.496258587E+00-0.438986629E+00-0.384498000E+00
-0.332792759E+00-0.283870906E+00-0.237732410E+00-0.194377288E+00-0.153805524E+00
-0.116017148E+00-0.810121372E-01-0.487904996E-01-0.193522330E-01 0.730266236E-02
 0.311741866E-01 0.522623397E-01 0.705671236E-01 0.860885307E-01 0.988265723E-01
 0.108781233E+00 0.115952536E+00 0.120340459E+00 0.121945009E+00 0.120766193E+00
 0.116804004E+00 0.110058442E+00 0.100529507E+00 0.882172063E-01 0.731215328E-01
 0.552424826E-01 0.345800631E-01 0.111342743E-01-0.150948865E-01-0.441074185E-01
-0.279256812E+06-0.277432031E+06-0.275607281E+06-0.273782500E+06-0.271957719E+06
-0.270132938E+06-0.268308156E+06-0.266483406E+06-0.264658625E+06-0.262833844E+06
-0.261009062E+06-0.259184297E+06-0.257359516E+06-0.255534734E+06-0.253709969E+06
-0.251885188E+06-0.250060422E+06-0.248235641E+06-0.246410875E+06-0.244586094E+06
-0.242761312E+06-0.240936547E+06-0.239111766E+06-0.237287000E+06-0.235462219E+06
-0.233637438E+06-0.231812672E+06-0.229987891E+06-0.228163125E+06-0.226338344E+06
-0.224513562E+06-0.222688797E+06-0.220864016E+06-0.219039250E+06-0.217214469E+06
-0.215389688E+06-0.213564922E+06-0.211740141E+06-0.209915375E+06-0.208090594E+06
-0.206265828E+06-0.204441047E+06-0.202616266E+06-0.200791500E+06-0.198966719E+06
-0.197141953E+06-0.195317172E+06-0.193492391E+06-0.191667625E+06-0.189842844E+06
-0.188018078E+06-0.186193297E+06-0.184368516E+06-0.182543750E+06-0.180718969E+06
-0.178894203E+06-0.177069422E+06-0.175244641E+06-0.173419875E+06-0.171595094E+06
-0.169770328E+06-0.167945547E+06-0.166120766E+06-0.164296000E+06-0.162471219E+06
 0.100818336E+00 0.937917158E-01 0.859906450E-01 0.773712173E-01 0.680077299E-01
 0.580888242E-01 0.478858724E-01 0.377058052E-01 0.299581308E-01 0.271151345E-01
 0.239567775E-01 0.183286723E-01 0.115372976E-01 0.585365063E-02 0.956885517E-03
-0.326310867E-02-0.680566113E-02-0.960715674E-02-0.115097193E-01-0.121866036E-01
-0.110039683E-01-0.101229874E-01-0.112195835E-01-0.138353966E-01-0.177971479E-01
-0.231130980E-01-0.299439523E-01-0.386310704E-01-0.497812144E-01-0.642361939E-01
-0.756369233E-01-0.818857104E-01-0.836403295E-01-0.805418342E-01-0.723979101E-01
-0.585341752E-01-0.413941555E-01-0.274809059E-01-0.157922730E-01-0.567823881E-02
 0.329513126E-02 0.114293275E-01 0.189380422E-01 0.259727146E-01 0.326396376E-01
 0.390123688E-01 0.451407544E-01 0.510572791E-01 0.567814857E-01 0.623230860E-01
 0.676842555E-01 0.728614405E-01 0.778468549E-01 0.826299042E-01 0.871984959E-01
 0.915402845E-01 0.956438482E-01 0.994997174E-01 0.103101194E+00 0.106444940E+00
 0.109531216E+00 0.112363927E+00 0.114950292E+00 0.117300399E+00 0.119426593E+00
 0.100490808E+00 0.923794433E-01 0.832010806E-01 0.728239715E-01 0.612554103E-01
 0.487183891E-01 0.370041244E-01 0.286846049E-01 0.243036412E-01 0.240109712E-01
 0.228863135E-01 0.195576679E-01 0.151041355E-01 0.106188748E-01 0.637922250E-02
 0.249407813E-02-0.954264367E-03-0.387979718E-02-0.618282380E-02-0.775927026E-02
-0.862267707E-02-0.965443347E-02-0.116799688E-01-0.147932768E-01-0.190347694E-01
-0.245035067E-01-0.313978679E-01-0.400677100E-01-0.511128865E-01-0.653215945E-01
-0.766125917E-01-0.828320310E-01-0.845373571E-01-0.815554783E-01-0.735673234E-01
-0.597950108E-01-0.428565219E-01-0.289135929E-01-0.170418676E-01-0.662696315E-02
 0.272838795E-02 0.112954816E-01 0.192661416E-01 0.267782919E-01 0.339312628E-01
 0.407957025E-01 0.474203601E-01 0.538369119E-01 0.600634255E-01 0.661069974E-01
 0.719657987E-01 0.776308402E-01 0.830876678E-01 0.883180648E-01 0.933018327E-01
 0.980186686E-01 0.102449968E+00 0.106580555E+00 0.110399969E+00 0.113903366E+00
 0.117091924E+00 0.119972594E+00 0.122557476E+00 0.124862805E+00 0.126907796E+00
 0.102480836E+00 0.938553512E-01 0.837880522E-01 0.718079731E-01 0.577498153E-01
 0.459858663E-01 0.375635400E-01 0.326848328E-01 0.315056182E-01 0.308155846E-01
 0.291630905E-01 0.265235472E-01 0.231998861E-01 0.195320547E-01 0.157809462E-01
 0.121177239E-01 0.865081046E-02 0.544483867E-02 0.252174656E-02-0.157974966E-03
-0.272800447E-02-0.541784195E-02-0.847293716E-02-0.120772896E-01-0.163560379E-01
-0.214077272E-01-0.273251012E-01-0.341936648E-01-0.420388095E-01-0.504382923E-01
-0.573273413E-01-0.613214374E-01-0.621377118E-01-0.596436076E-01-0.537455492E-01
-0.445498414E-01-0.335514992E-01-0.228529703E-01-0.128432428E-01-0.349350367E-02
 0.528913597E-02 0.136032496E-01 0.215371083E-01 0.291642286E-01 0.365428403E-01
 0.437166877E-01 0.507162325E-01 0.575597957E-01 0.642546117E-01 0.707977414E-01
 0.771769583E-01 0.833718404E-01 0.893550664E-01 0.950943157E-01 0.100554548E+00
 0.105700850E+00 0.110501468E+00 0.114930689E+00 0.118971251E+00 0.122615814E+00
 0.125867426E+00 0.128738835E+00 0.131250948E+00 0.133430675E+00 0.135308579E+00
 0.107511364E+00 0.992810428E-01 0.896046162E-01 0.781370997E-01 0.652939007E-01
 0.560740940E-01 0.511176363E-01 0.479793884E-01 0.450613014E-01 0.421348177E-01
 0.390259884E-01 0.356596448E-01 0.320590809E-01 0.283058882E-01 0.244969148E-01
 0.207175519E-01 0.170300715E-01 0.134690534E-01 0.100380722E-01 0.670639006E-02
 0.340903294E-02 0.557782478E-04-0.345033524E-02-0.719322590E-02-0.112305768E-01
-0.155853294E-01-0.202329792E-01-0.250739846E-01-0.298829805E-01-0.342533328E-01
-0.376324654E-01-0.395017900E-01-0.395199805E-01-0.375394560E-01-0.336022377E-01
-0.279694442E-01-0.211176127E-01-0.135835391E-01-0.576901948E-02 0.209884206E-02
 0.991255883E-02 0.176309142E-01 0.252461582E-01 0.327656679E-01 0.402017720E-01
 0.475659594E-01 0.548654646E-01 0.621010736E-01 0.692655668E-01 0.763425380E-01
 0.833055526E-01 0.901177973E-01 0.967325121E-01 0.103094697E+00 0.109144188E+00
 0.114820331E+00 0.120067567E+00 0.124841109E+00 0.129111648E+00 0.132868245E+00
 0.136118814E+00 0.138888240E+00 0.141214669E+00 0.143144637E+00 0.144728214E+00
 0.115802348E+00 0.108809344E+00 0.100495502E+00 0.910103321E-01 0.813613907E-01
 0.743438676E-01 0.684204996E-01 0.632145777E-01 0.584702790E-01 0.540008247E-01
 0.496737882E-01 0.454078168E-01 0.411671959E-01 0.369504318E-01 0.327758044E-01
 0.286682192E-01 0.246494357E-01 0.207317825E-01 0.169146545E-01 0.131835248E-01
 0.951178651E-02 0.586579414E-02 0.221260777E-02-0.147090200E-02-0.518884230E-02
-0.891708117E-02-0.125932749E-01-0.161062535E-01-0.192883760E-01-0.219196640E-01
-0.237531438E-01-0.245583672E-01-0.241649151E-01-0.224906914E-01-0.195537508E-01
-0.154689364E-01-0.104249679E-01-0.464190682E-02 0.167439017E-02 0.836010743E-02
 0.152991414E-01 0.224157516E-01 0.296635609E-01 0.370154902E-01 0.444558635E-01
 0.519744828E-01 0.595621057E-01 0.672067776E-01 0.748905763E-01 0.825864151E-01
 0.902549177E-01 0.978414193E-01 0.105273992E+00 0.112463564E+00 0.119307727E+00
 0.125699058E+00 0.131536961E+00 0.136740297E+00 0.141257629E+00 0.145073324E+00
 0.148208141E+00 0.150714427E+00 0.152666464E+00 0.154148892E+00 0.155246124E+00
 0.127710491E+00 0.122803032E+00 0.114686988E+00 0.105808690E+00 0.974451527E-01
 0.897732601E-01 0.828120708E-01 0.764551312E-01 0.705746338E-01 0.650559366E-01
 0.598069765E-01 0.547604337E-01 0.498724133E-01 0.451185629E-01 0.404886790E-01
 0.359809399E-01 0.315968394E-01 0.273374114E-01 0.232009646E-01 0.191824734E-01
 0.152746243E-01 0.114704240E-01 0.776708312E-02 0.417071441E-02 0.701317796E-03
-0.260242913E-02-0.567919062E-02-0.844283309E-02-0.107837552E-01-0.125755090E-01
-0.136873722E-01-0.140011059E-01-0.134278638E-01-0.119209792E-01-0.948174391E-02
-0.615716819E-02-0.203008484E-02 0.279612304E-02 0.821389910E-02 0.141245332E-01
 0.204455331E-01 0.271127243E-01 0.340788625E-01 0.413105376E-01 0.487845764E-01
 0.564844273E-01 0.643967167E-01 0.725077316E-01 0.807995871E-01 0.892455354E-01
 0.978039727E-01 0.106410667E+00 0.114969634E+00 0.123345189E+00 0.131361589E+00
 0.138818383E+00 0.145521238E+00 0.151314765E+00 0.156104729E+00 0.159869239E+00
 0.162661552E+00 0.164600164E+00 0.165842757E+00 0.166552365E+00 0.166872844E+00
 0.138580292E+00 0.135074526E+00 0.127290443E+00 0.118266337E+00 0.109798200E+00
 0.101865798E+00 0.944404528E-01 0.874793753E-01 0.809273198E-01 0.747258440E-01
 0.688209757E-01 0.631675422E-01 0.577308424E-01 0.524863042E-01 0.474179983E-01
 0.425165072E-01 0.377768315E-01 0.331965908E-01 0.287749805E-01 0.245124437E-01
 0.204112399E-01 0.164767709E-01 0.127195045E-01 0.915727671E-02 0.581760379E-02
 0.273963297E-02-0.247370608E-04-0.241112406E-02-0.434486335E-02-0.574550452E-02
-0.653348584E-02-0.663820375E-02-0.600607274E-02-0.460695289E-02-0.243614241E-02
 0.487032434E-03 0.412365887E-02 0.842172001E-02 0.133232540E-01 0.187708028E-01
 0.247122087E-01 0.311034601E-01 0.379098095E-01 0.451056287E-01 0.526735038E-01
 0.606028177E-01 0.688880831E-01 0.775268152E-01 0.865167379E-01 0.958516225E-01
 0.105514385E+00 0.115465082E+00 0.125619069E+00 0.135808527E+00 0.145732403E+00
 0.154961139E+00 0.163069412E+00 0.169757128E+00 0.174857929E+00 0.178329408E+00
 0.180282161E+00 0.181010410E+00 0.180907577E+00 0.180307925E+00 0.179435387E+00
 0.146931291E+00 0.144206196E+00 0.136715502E+00 0.127877831E+00 0.119439803E+00
 0.111394785E+00 0.103733264E+00 0.964365974E-01 0.894795805E-01 0.828335881E-01
 0.764698461E-01 0.703620240E-01 0.644878596E-01 0.588298813E-01 0.533753857E-01
 0.481160209E-01 0.430471264E-01 0.381671786E-01 0.334774218E-01 0.289818421E-01
 0.246875267E-01 0.206053443E-01 0.167508870E-01 0.131455399E-01 0.981747638E-02
 0.680237683E-02 0.414363528E-02 0.189181580E-02 0.103149971E-03-0.116309093E-02
-0.184843503E-02-0.190020481E-02-0.127703929E-02 0.409378445E-04 0.205771578E-02
 0.476342998E-02 0.813730061E-02 0.121509088E-01 0.167717449E-01 0.219666269E-01
 0.277045965E-01 0.339591503E-01 0.407097563E-01 0.479427986E-01 0.556521229E-01
 0.638393462E-01 0.725141093E-01 0.816943794E-01 0.914067179E-01 0.101686500E+00
 0.112577610E+00 0.124130271E+00 0.136394083E+00 0.149397582E+00 0.163002729E+00
 0.175665766E+00 0.186131015E+00 0.194209293E+00 0.199745417E+00 0.202562436E+00
 0.202483222E+00 0.200203359E+00 0.197545081E+00 0.194890618E+00 0.192359850E+00
 0.153173193E+00 0.150884271E+00 0.143814355E+00 0.135200068E+00 0.126855880E+00
 0.118795186E+00 0.111022480E+00 0.103534877E+00 0.963244215E-01 0.893799812E-01
 0.826889873E-01 0.762389004E-01 0.700183660E-01 0.640179962E-01 0.582308471E-01
 0.526525751E-01 0.472815074E-01 0.421186239E-01 0.371675864E-01 0.324348956E-01
 0.279301442E-01 0.236664079E-01 0.196607243E-01 0.159345903E-01 0.125144031E-01
 0.943179056E-02 0.672376109E-02 0.443268241E-02 0.260608131E-02 0.129615492E-02
 0.558431842E-03 0.447417027E-03 0.102787314E-02 0.228877901E-02 0.422527082E-02
 0.682541309E-02 0.100738071E-01 0.139520802E-01 0.184404999E-01 0.235197041E-01
 0.291723385E-01 0.353845358E-01 0.421472900E-01 0.494577475E-01 0.573204793E-01
 0.657489672E-01 0.747674257E-01 0.844134018E-01 0.947414562E-01 0.105828904E+00
 0.117784947E+00 0.130766347E+00 0.145006359E+00 0.160872146E+00 0.178622603E+00
 0.194885656E+00 0.207946897E+00 0.217746183E+00 0.224147066E+00 0.226758912E+00
 0.225393414E+00 0.219879478E+00 0.213979572E+00 0.208858266E+00 0.204470783E+00
 0.157891646E+00 0.155867681E+00 0.149111941E+00 0.140683487E+00 0.132438570E+00
 0.124400645E+00 0.116577521E+00 0.108974285E+00 0.101593472E+00 0.944352970E-01
 0.874981955E-01 0.807795748E-01 0.742765814E-01 0.679867938E-01 0.619087890E-01
 0.560425743E-01 0.503898710E-01 0.449543782E-01 0.397419743E-01 0.347609296E-01
 0.300221425E-01 0.255393665E-01 0.213294644E-01 0.174126048E-01 0.138124209E-01
 0.105561223E-01 0.767465122E-02 0.520319305E-02 0.318267127E-02 0.166336179E-02
 0.713562942E-03 0.350116810E-03 0.964362931E-03 0.222222833E-02 0.415686890E-02
 0.674108742E-02 0.996276550E-02 0.138075184E-01 0.182620510E-01 0.233150478E-01
 0.289576203E-01 0.351840332E-01 0.419927426E-01 0.493876338E-01 0.573795363E-01
 0.659880638E-01 0.752440989E-01 0.851931125E-01 0.958999544E-01 0.107455850E+00
 0.119988821E+00 0.133679345E+00 0.148783147E+00 0.165658593E+00 0.184765130E+00
 0.204134524E+00 0.219673038E+00 0.231236905E+00 0.238858372E+00 0.242475763E+00
 0.241616204E+00 0.236090153E+00 0.227298215E+00 0.220027670E+00 0.214134648E+00
 0.161507115E+00 0.159704566E+00 0.152906895E+00 0.144612193E+00 0.136473909E+00
 0.128474668E+00 0.120623998E+00 0.112935603E+00 0.105421759E+00 0.980918184E-01
 0.909523442E-01 0.840078592E-01 0.772616193E-01 0.707163587E-01 0.643749684E-01
 0.582409389E-01 0.523188151E-01 0.466145128E-01 0.411355942E-01 0.358914994E-01
 0.308937375E-01 0.261560604E-01 0.216945596E-01 0.175276790E-01 0.136760511E-01
 0.101620518E-01 0.700897304E-02 0.423981017E-02 0.187655422E-02-0.623097731E-04
-0.125046889E-02-0.169075676E-02-0.133225298E-02-0.159267292E-03 0.190509274E-02
 0.454985211E-02 0.782795902E-02 0.117170364E-01 0.162071101E-01 0.212934632E-01
 0.269732289E-01 0.332454517E-01 0.401120000E-01 0.475787073E-01 0.556566976E-01
 0.643639565E-01 0.737273097E-01 0.837849230E-01 0.945896283E-01 0.106213182E+00
 0.118751824E+00 0.132332996E+00 0.147122741E+00 0.163332239E+00 0.181223080E+00
 0.201013118E+00 0.218179464E+00 0.231161818E+00 0.240067407E+00 0.244932190E+00
 0.245870069E+00 0.242389247E+00 0.234429389E+00 0.226125285E+00 0.219721928E+00
 0.163458318E+00 0.161529109E+00 0.155186921E+00 0.147229418E+00 0.139233679E+00
 0.131258205E+00 0.123360246E+00 0.115576468E+00 0.107930847E+00 0.100439712E+00
 0.931146443E-01 0.859641582E-01 0.789949819E-01 0.722128749E-01 0.656233057E-01
 0.592320040E-01 0.530453362E-01 0.470706522E-01 0.413165502E-01 0.357930884E-01
 0.305119809E-01 0.254867412E-01 0.207327995E-01 0.162675567E-01 0.121102873E-01
 0.828156527E-02 0.480131758E-02 0.168282341E-02-0.106209272E-02-0.311773177E-02
-0.446333690E-02-0.507793482E-02-0.493510859E-02-0.401011948E-02-0.227805111E-02
 0.270685909E-03 0.371564925E-02 0.771397538E-02 0.122847743E-01 0.174422450E-01
 0.231894329E-01 0.295270942E-01 0.364567414E-01 0.439818352E-01 0.521086343E-01
 0.608470887E-01 0.702117607E-01 0.802227631E-01 0.909066498E-01 0.102297105E+00
 0.114435136E+00 0.127368242E+00 0.141148210E+00 0.155827880E+00 0.171461493E+00
 0.188137338E+00 0.205019087E+00 0.217907771E+00 0.227286458E+00 0.233408853E+00
 0.236153290E+00 0.235780373E+00 0.231867805E+00 0.225229636E+00 0.220178440E+00
 0.165998086E+00 0.164086252E+00 0.157373831E+00 0.149223968E+00 0.141079634E+00
 0.132969350E+00 0.124936320E+00 0.117009655E+00 0.109209135E+00 0.101548925E+00
 0.940396786E-01 0.866898596E-01 0.795066208E-01 0.724964663E-01 0.656657591E-01
 0.590210930E-01 0.525696315E-01 0.463193506E-01 0.402792394E-01 0.344594829E-01
 0.288715791E-01 0.235285182E-01 0.184449889E-01 0.136378258E-01 0.912704319E-02
 0.493833376E-02 0.110928272E-02-0.237517082E-02-0.522108097E-02-0.740957214E-02
-0.891746581E-02-0.971951988E-02-0.978900585E-02-0.909855030E-02-0.761971856E-02
-0.532153016E-02-0.216253940E-02 0.190416793E-02 0.653238781E-02 0.117769279E-01
 0.176150296E-01 0.240383036E-01 0.310438499E-01 0.386298001E-01 0.467946231E-01
 0.555371381E-01 0.648564473E-01 0.747515038E-01 0.852201059E-01 0.962569192E-01
 0.107849993E+00 0.119974740E+00 0.132583559E+00 0.145587325E+00 0.158819288E+00
 0.171956062E+00 0.184378535E+00 0.195284054E+00 0.204185218E+00 0.210916430E+00
 0.215457410E+00 0.217893988E+00 0.218475580E+00 0.217758760E+00 0.216530293E+00
 0.168215051E+00 0.166518465E+00 0.159162626E+00 0.150469750E+00 0.141965702E+00
 0.133604020E+00 0.125371292E+00 0.117266707E+00 0.109294079E+00 0.101458549E+00
 0.937654823E-01 0.862202346E-01 0.788281709E-01 0.715948567E-01 0.645262226E-01
 0.576287284E-01 0.509095415E-01 0.443766452E-01 0.380389579E-01 0.319063626E-01
 0.259897355E-01 0.203008559E-01 0.148522295E-01 0.965664815E-02 0.472625205E-02
 0.703771293E-04-0.402835850E-02-0.758351386E-02-0.105511909E-01-0.128960898E-01
-0.145863220E-01-0.155915348E-01-0.158823263E-01-0.154302027E-01-0.142076835E-01
-0.121885492E-01-0.934873894E-02-0.567065738E-02-0.115213043E-02 0.428723730E-02
 0.102715613E-01 0.168152675E-01 0.239269901E-01 0.316020288E-01 0.398308933E-01
 0.486014299E-01 0.578985773E-01 0.677032843E-01 0.779907405E-01 0.887276232E-01
 0.998679772E-01 0.111347102E+00 0.123072855E+00 0.134913743E+00 0.146684408E+00
 0.158134595E+00 0.168958083E+00 0.178840026E+00 0.187523901E+00 0.194850996E+00
 0.200765818E+00 0.205312550E+00 0.208633080E+00 0.210952431E+00 0.212529838E+00
 0.168082461E+00 0.166335329E+00 0.159122169E+00 0.150253609E+00 0.141545653E+00
 0.132993937E+00 0.124587797E+00 0.116319969E+00 0.108186483E+00 0.100185946E+00
 0.923188329E-01 0.845870152E-01 0.769935399E-01 0.695424154E-01 0.622385889E-01
 0.550879277E-01 0.480972342E-01 0.412742607E-01 0.346277356E-01 0.281673223E-01
 0.219035894E-01 0.158478636E-01 0.100120185E-01 0.440813461E-02-0.952005212E-03
-0.578868808E-02-0.100887790E-01-0.138349347E-01-0.169999711E-01-0.195530560E-01
-0.214622319E-01-0.226956438E-01-0.232223086E-01-0.230126679E-01-0.220389888E-01
-0.202755947E-01-0.176988095E-01-0.142862778E-01-0.100140311E-01-0.484705437E-02
 0.125562155E-02 0.791220460E-02 0.151690850E-01 0.229879115E-01 0.313435048E-01
 0.402133390E-01 0.495716073E-01 0.593870394E-01 0.696212202E-01 0.802264214E-01
 0.911426768E-01 0.102294169E+00 0.113585152E+00 0.124896184E+00 0.136082232E+00
 0.146975324E+00 0.157394379E+00 0.167162597E+00 0.176127657E+00 0.184178337E+00
 0.191253826E+00 0.197345853E+00 0.202494428E+00 0.206776723E+00 0.210289851E+00
 0.166743308E+00 0.164930671E+00 0.157523364E+00 0.148538440E+00 0.139718503E+00
 0.131054237E+00 0.122534469E+00 0.114148773E+00 0.105889194E+00 0.977505669E-01
 0.897302702E-01 0.818278342E-01 0.740445331E-01 0.663831756E-01 0.588478446E-01
 0.514438488E-01 0.441776402E-01 0.370567925E-01 0.300899781E-01 0.232869405E-01
 0.166584402E-01 0.102161691E-01 0.397262443E-02-0.205905759E-02-0.760890683E-02
-0.126612559E-01-0.171951056E-01-0.211847108E-01-0.245999061E-01-0.274076592E-01
-0.295736175E-01-0.310634300E-01-0.318438299E-01-0.318834968E-01-0.311537310E-01
-0.296288803E-01-0.272865370E-01-0.241074711E-01-0.200754292E-01-0.151775675E-01
-0.940862019E-02-0.278015225E-02 0.478049042E-02 0.128526594E-01 0.214330684E-01
 0.305098835E-01 0.400539301E-01 0.500273742E-01 0.603855252E-01 0.710761249E-01
 0.820377767E-01 0.931981653E-01 0.104472503E+00 0.115762860E+00 0.126958817E+00
 0.137940392E+00 0.148583323E+00 0.158766270E+00 0.168378919E+00 0.177328855E+00
 0.185546398E+00 0.192986414E+00 0.199627355E+00 0.205467746E+00 0.210521266E+00
 0.163911834E+00 0.161966324E+00 0.154365748E+00 0.145321414E+00 0.136468694E+00
 0.127774507E+00 0.119214796E+00 0.110771894E+00 0.102434084E+00 0.941942781E-01
 0.860487670E-01 0.779963359E-01 0.700377226E-01 0.621752590E-01 0.544126928E-01
 0.467550606E-01 0.392086729E-01 0.317810811E-01 0.244811084E-01 0.173188262E-01
 0.103055667E-01 0.345389498E-02-0.322243664E-02-0.946463645E-02-0.152566722E-01
-0.205760282E-01-0.253946930E-01-0.296801385E-01-0.333963707E-01-0.365051925E-01
-0.389675237E-01-0.407447293E-01-0.417998135E-01-0.420984663E-01-0.416099355E-01
-0.403076448E-01-0.381695591E-01-0.351782441E-01-0.313206203E-01-0.265873466E-01
-0.209714994E-01-0.144648599E-01-0.704728626E-02 0.130818645E-02 0.101725506E-01
 0.195752326E-01 0.294523574E-01 0.397529118E-01 0.504282340E-01 0.614270642E-01
 0.726929531E-01 0.841627270E-01 0.957656577E-01 0.107423246E+00 0.119049817E+00
 0.130553901E+00 0.141840339E+00 0.152813062E+00 0.163377762E+00 0.173444375E+00
 0.182928830E+00 0.191754267E+00 0.199851915E+00 0.207162067E+00 0.213635683E+00
 0.159121454E+00 0.156903952E+00 0.149466977E+00 0.140527114E+00 0.131794199E+00
 0.123195350E+00 0.114690170E+00 0.106259808E+00 0.978953689E-01 0.895927548E-01
 0.813504905E-01 0.731687769E-01 0.650491416E-01 0.569942594E-01 0.490079708E-01
 0.410953090E-01 0.332625695E-01 0.255173743E-01 0.178687703E-01 0.103272740E-01
 0.290495623E-02-0.438452093E-02-0.112942448E-01-0.178087316E-01-0.239048135E-01
-0.295526143E-01-0.347166024E-01-0.393567383E-01-0.434297174E-01-0.468903445E-01
-0.496929586E-01-0.517928675E-01-0.531477220E-01-0.537187755E-01-0.534719266E-01
-0.523785502E-01-0.504160039E-01-0.475678258E-01-0.438235328E-01-0.391781293E-01
-0.336312093E-01-0.271859895E-01-0.198490117E-01-0.116340574E-01-0.257169059E-02
 0.740006473E-02 0.178046934E-01 0.286157932E-01 0.397983752E-01 0.513115004E-01
 0.631091222E-01 0.751402602E-01 0.873489380E-01 0.996741131E-01 0.112049714E+00
 0.124404676E+00 0.136662960E+00 0.148743331E+00 0.160558790E+00 0.172015563E+00
 0.183011845E+00 0.193437114E+00 0.203172788E+00 0.212095872E+00 0.220086336E+00
 0.152264446E+00 0.149486065E+00 0.142427266E+00 0.134163633E+00 0.125841811E+00
 0.117483966E+00 0.109115332E+00 0.100749850E+00 0.923956782E-01 0.840578973E-01
 0.757400095E-01 0.674448535E-01 0.591752008E-01 0.509342179E-01 0.427258015E-01
 0.345548466E-01 0.264274850E-01 0.183512531E-01 0.103352675E-01 0.239038793E-02
-0.547065400E-02-0.130133787E-01-0.202238299E-01-0.270791631E-01-0.335484780E-01
-0.395937860E-01-0.451710932E-01-0.502316728E-01-0.547234751E-01-0.585926510E-01
-0.617851913E-01-0.642485917E-01-0.659334660E-01-0.667950511E-01-0.667945072E-01
-0.658999383E-01-0.640871078E-01-0.613396764E-01-0.576490946E-01-0.530140139E-01
-0.474392734E-01-0.409344956E-01-0.335123017E-01-0.251858998E-01-0.159644112E-01
-0.584157044E-02 0.519657601E-02 0.166529343E-01 0.284966361E-01 0.406939499E-01
 0.532085896E-01 0.660018697E-01 0.790326521E-01 0.922571272E-01 0.105628327E+00
 0.119095244E+00 0.132601306E+00 0.146082014E+00 0.159461334E+00 0.172646672E+00
 0.185522571E+00 0.197943851E+00 0.209730819E+00 0.220670864E+00 0.230532095E+00
 0.144996658E+00 0.141688943E+00 0.135018021E+00 0.127192765E+00 0.119158134E+00
 0.110987164E+00 0.102733769E+00 0.944287255E-01 0.860892236E-01 0.777249262E-01
 0.693413764E-01 0.609420016E-01 0.525294021E-01 0.441061519E-01 0.356753878E-01
 0.272412300E-01 0.188090876E-01 0.103859482E-01 0.198060158E-02-0.639613252E-02
-0.145226866E-01-0.223878603E-01-0.299704373E-01-0.372397974E-01-0.441566668E-01
-0.506740734E-01-0.567384735E-01-0.622911490E-01-0.672697499E-01-0.716101006E-01
-0.752480403E-01-0.781214386E-01-0.801721141E-01-0.813476369E-01-0.816029832E-01
-0.809017792E-01-0.792172030E-01-0.765323937E-01-0.728403032E-01-0.681430101E-01
-0.624505170E-01-0.557789095E-01-0.481480323E-01-0.395785607E-01-0.300884228E-01
-0.196889136E-01-0.838254206E-02 0.383977289E-02 0.164737348E-01 0.294916201E-01
 0.428663418E-01 0.565715320E-01 0.705815405E-01 0.848712549E-01 0.994155854E-01
 0.114188381E+00 0.129160404E+00 0.144295946E+00 0.159547225E+00 0.174845636E+00
 0.190088108E+00 0.205117106E+00 0.219693676E+00 0.233471096E+00 0.245998591E+00
 0.138506815E+00 0.134943575E+00 0.128099218E+00 0.120151237E+00 0.112097710E+00
 0.103954881E+00 0.957371965E-01 0.874559358E-01 0.791179761E-01 0.707266033E-01
 0.622828268E-01 0.537865646E-01 0.452375151E-01 0.366358347E-01 0.279825926E-01
 0.192801338E-01 0.105323708E-01 0.174505042E-02-0.707400311E-02-0.157164857E-01
-0.241753776E-01-0.324326903E-01-0.404598080E-01-0.482179411E-01-0.556588061E-01
-0.627255514E-01-0.693539679E-01-0.754739493E-01-0.810112879E-01-0.858897120E-01
-0.900330842E-01-0.933677703E-01-0.958249494E-01-0.973428637E-01-0.978688151E-01
-0.973607600E-01-0.957884640E-01-0.931340456E-01-0.893918946E-01-0.845679045E-01
-0.786780417E-01-0.717462748E-01-0.638019294E-01-0.548765585E-01-0.450004004E-01
-0.341987163E-01-0.224880949E-01-0.987257715E-02 0.366057828E-02 0.176042151E-01
 0.319401883E-01 0.466544181E-01 0.617372692E-01 0.771839470E-01 0.929947048E-01
 0.109174654E+00 0.125732884E+00 0.142680526E+00 0.160026789E+00 0.177771553E+00
 0.195891663E+00 0.214314774E+00 0.232866108E+00 0.251139730E+00 0.268184602E+00
 0.131760240E+00 0.127946585E+00 0.120748952E+00 0.112664998E+00 0.104548179E+00
 0.963895097E-01 0.881817043E-01 0.799163431E-01 0.715846196E-01 0.631779507E-01
 0.546885245E-01 0.461096428E-01 0.374359861E-01 0.286637805E-01 0.197909474E-01
 0.108172046E-01 0.174421642E-02-0.742423953E-02-0.164932124E-01-0.254613012E-01
-0.343154855E-01-0.430311263E-01-0.515720993E-01-0.598911233E-01-0.679303259E-01
-0.756221488E-01-0.828905851E-01-0.896528363E-01-0.958212689E-01-0.101305775E+00
-0.106016397E+00-0.109866090E+00-0.112773575E+00-0.114666067E+00-0.115481719E+00
-0.115171678E+00-0.113701522E+00-0.111052044E+00-0.107219182E+00-0.102213264E+00
-0.960573032E-01-0.887846872E-01-0.804361179E-01-0.710561052E-01-0.606890172E-01
-0.493749157E-01-0.371451974E-01-0.240180753E-01-0.999381952E-02 0.495040417E-02
 0.203071479E-01 0.360733643E-01 0.522541963E-01 0.688644350E-01 0.859301910E-01
 0.103490494E+00 0.121598929E+00 0.140325591E+00 0.159759253E+00 0.180009782E+00
 0.201210648E+00 0.223521426E+00 0.247128978E+00 0.272219926E+00 0.297591627E+00
 0.124041729E+00 0.119923525E+00 0.112654462E+00 0.104475886E+00 0.963355079E-01
 0.882057324E-01 0.800545290E-01 0.718513876E-01 0.635696650E-01 0.551872477E-01
 0.466863737E-01 0.380530730E-01 0.292766243E-01 0.203491021E-01 0.112650348E-01
 0.202121655E-02-0.738336984E-02-0.167666916E-01-0.261341278E-01-0.354791731E-01
-0.447831228E-01-0.540148541E-01-0.631307140E-01-0.720746964E-01-0.807788819E-01
-0.891643092E-01-0.971422493E-01-0.104615964E+00-0.111482978E+00-0.117637739E+00
-0.122974716E+00-0.127391681E+00-0.130793095E+00-0.133093536E+00-0.134220615E+00
-0.134117559E+00-0.132745087E+00-0.130082369E+00-0.126127169E+00-0.120894887E+00
-0.114416756E+00-0.106737062E+00-0.979097039E-01-0.879940838E-01-0.770506486E-01
-0.651361272E-01-0.522986166E-01-0.385726094E-01-0.239738487E-01-0.849398691E-02
 0.790530816E-02 0.247163344E-01 0.419542603E-01 0.596479699E-01 0.778443515E-01
 0.966109186E-01 0.116039470E+00 0.136251837E+00 0.157408386E+00 0.179720715E+00
 0.203470707E+00 0.229041427E+00 0.256972909E+00 0.288080454E+00 0.320760310E+00
 0.115322091E+00 0.110869803E+00 0.103471950E+00 0.953014046E-01 0.872753188E-01
 0.793157145E-01 0.713491365E-01 0.633166209E-01 0.551732890E-01 0.468856320E-01
 0.384286456E-01 0.297835786E-01 0.209362935E-01 0.118761221E-01 0.259511103E-02
-0.691245357E-02-0.164760761E-01-0.261083599E-01-0.358102694E-01-0.455705449E-01
-0.553651266E-01-0.651566163E-01-0.748939365E-01-0.845123157E-01-0.939335376E-01
-0.103066780E+00-0.111809872E+00-0.120051250E+00-0.127672434E+00-0.134551108E+00
-0.140564650E+00-0.145594105E+00-0.149528176E+00-0.152267307E+00-0.153727323E+00
-0.153842583E+00-0.152568310E+00-0.149881870E+00-0.145783052E+00-0.140293017E+00
-0.133452252E+00-0.125317335E+00-0.115957022E+00-0.105447441E+00-0.938670412E-01
-0.812911913E-01-0.677867755E-01-0.534067824E-01-0.381850936E-01-0.221312437E-01
-0.522513641E-02 0.125887608E-01 0.307947230E-01 0.494214185E-01 0.685284510E-01
 0.882002264E-01 0.108548455E+00 0.129719257E+00 0.151904300E+00 0.175356761E+00
 0.200413719E+00 0.227525592E+00 0.257289231E+00 0.290468007E+00 0.326219559E+00
 0.105066016E+00 0.100213781E+00 0.926089808E-01 0.847711340E-01 0.772062019E-01
 0.697068796E-01 0.621471927E-01 0.544501133E-01 0.465663932E-01 0.384628139E-01
 0.301158447E-01 0.215080958E-01 0.126262680E-01 0.345980073E-02-0.599997398E-02
-0.155912191E-01-0.253329482E-01-0.352335051E-01-0.452897064E-01-0.554859042E-01
-0.657930300E-01-0.761677772E-01-0.865519568E-01-0.968721807E-01-0.107040033E+00
-0.116952688E+00-0.126494303E+00-0.135537952E+00-0.143948495E+00-0.151585981E+00
-0.158309713E+00-0.163982883E+00-0.168477312E+00-0.171678215E+00-0.173488691E+00
-0.173833475E+00-0.172661766E+00-0.169949025E+00-0.165697172E+00-0.159933671E+00
-0.152709082E+00-0.144093409E+00-0.134171531E+00-0.123037778E+00-0.110790126E+00
-0.975241289E-01-0.833269432E-01-0.682714880E-01-0.524110682E-01-0.357744098E-01
-0.183616392E-01-0.142212288E-03 0.189421009E-01 0.383054465E-01 0.580436364E-01
 0.782508478E-01 0.990358815E-01 0.120532967E+00 0.142912492E+00 0.166394547E+00
 0.191268444E+00 0.217922106E+00 0.246888712E+00 0.278915554E+00 0.313438237E+00
 0.910327658E-01 0.851585343E-01 0.789448991E-01 0.726666078E-01 0.662747249E-01
 0.596512817E-01 0.527518280E-01 0.455524959E-01 0.380371921E-01 0.301934611E-01
 0.220108721E-01 0.134804053E-01 0.459421659E-02-0.465514418E-02-0.141095892E-01
-0.237920824E-01-0.337168612E-01-0.438882224E-01-0.542992130E-01-0.649302602E-01
-0.757478252E-01-0.867032334E-01-0.977317169E-01-0.108751826E+00-0.119665347E+00
-0.130357876E+00-0.140700072E+00-0.150549874E+00-0.159755394E+00-0.168158874E+00
-0.175601289E+00-0.181927547E+00-0.186992079E+00-0.190664396E+00-0.192834362E+00
-0.193416640E+00-0.192354172E+00-0.189620301E+00-0.185219213E+00-0.179184899E+00
-0.171578377E+00-0.162483707E+00-0.152002603E+00-0.140248418E+00-0.127339482E+00
-0.113392442E+00-0.985154510E-01-0.828017965E-01-0.663236529E-01-0.491257049E-01
-0.312179290E-01-0.125653148E-01 0.693038711E-02 0.266992394E-01 0.467485860E-01
 0.671254396E-01 0.878991261E-01 0.109156683E+00 0.131003141E+00 0.153563604E+00
 0.176986873E+00 0.201451421E+00 0.227181405E+00 0.254517794E+00 0.283447027E+00
 0.761277676E-01 0.688997060E-01 0.646739826E-01 0.605678223E-01 0.555797108E-01
 0.499414466E-01 0.437647440E-01 0.371043533E-01 0.299876183E-01 0.224273298E-01
 0.144279683E-01 0.598961907E-02-0.288739055E-02-0.120415166E-01-0.214955173E-01
-0.312666744E-01-0.413649902E-01-0.517913625E-01-0.625357479E-01-0.735753551E-01
-0.848729461E-01-0.963752642E-01-0.108011790E+00-0.119693883E+00-0.131314456E+00
-0.142748415E+00-0.153853908E+00-0.164474487E+00-0.174442440E+00-0.183582917E+00
-0.191719159E+00-0.198678359E+00-0.204297945E+00-0.208431989E+00-0.210957259E+00
-0.211778417E+00-0.210832164E+00-0.208089605E+00-0.203557089E+00-0.197274938E+00
-0.189314589E+00-0.179773882E+00-0.168771297E+00-0.156439081E+00-0.142915979E+00
-0.128339872E+00-0.112840593E+00-0.965332761E-01-0.795123726E-01-0.618464686E-01
-0.435742065E-01-0.247022174E-01-0.520794280E-02 0.149441399E-01 0.351432152E-01
 0.554519929E-01 0.759171844E-01 0.965785831E-01 0.117468968E+00 0.138608038E+00
 0.159988910E+00 0.181550667E+00 0.203120425E+00 0.224285975E+00 0.244184703E+00
 0.657628402E-01 0.580563657E-01 0.542758629E-01 0.507986732E-01 0.465056412E-01
 0.414978862E-01 0.358522311E-01 0.296223145E-01 0.228423104E-01 0.155313723E-01
 0.769620435E-02-0.669865345E-03-0.938288122E-02-0.184582006E-01-0.279125739E-01
-0.377595872E-01-0.480066463E-01-0.586525425E-01-0.696852133E-01-0.810796246E-01
-0.927957967E-01-0.104776904E+00-0.116947778E+00-0.129213810E+00-0.141460389E+00
-0.153553233E+00-0.165339574E+00-0.176650360E+00-0.187303752E+00-0.197109655E+00
-0.205875322E+00-0.213411823E+00-0.219541043E+00-0.224102885E+00-0.226961985E+00
-0.228013694E+00-0.227188736E+00-0.224456042E+00-0.219823733E+00-0.213337868E+00
-0.205079302E+00-0.195158616E+00-0.183709726E+00-0.170882419E+00-0.156834453E+00
-0.141723633E+00-0.125700235E+00-0.108900011E+00-0.914381295E-01-0.734038353E-01
-0.548556931E-01-0.358166657E-01-0.162671413E-01 0.386946811E-02 0.239882693E-01
 0.440567434E-01 0.640654191E-01 0.840049312E-01 0.103853323E+00 0.123564586E+00
 0.143054083E+00 0.162178546E+00 0.180710584E+00 0.198315531E+00 0.214555323E+00
 0.588126443E-01 0.508879051E-01 0.468269102E-01 0.434914008E-01 0.394615494E-01
 0.347610228E-01 0.294218156E-01 0.234722327E-01 0.169339869E-01 0.982233882E-02
 0.214879308E-02-0.607211888E-02-0.146739939E-01-0.236875694E-01-0.331351496E-01
-0.430320390E-01-0.533858575E-01-0.641949549E-01-0.754464418E-01-0.871140733E-01
-0.991560817E-01-0.111513190E+00-0.124106862E+00-0.136837974E+00-0.149586201E+00
-0.162210092E+00-0.174548253E+00-0.186421603E+00-0.197636947E+00-0.207991809E+00
-0.217280313E+00-0.225300282E+00-0.231860697E+00-0.236789554E+00-0.239941239E+00
-0.241203129E+00-0.240500703E+00-0.237800777E+00-0.233112678E+00-0.226487026E+00
-0.218012333E+00-0.207809702E+00-0.196025908E+00-0.182825476E+00-0.168382287E+00
-0.152871177E+00-0.136460051E+00-0.119302817E+00-0.101533331E+00-0.832606480E-01
-0.645654574E-01-0.454980843E-01-0.260789488E-01-0.630413881E-02 0.138353333E-01
 0.336804986E-01 0.532466695E-01 0.725186914E-01 0.914580151E-01 0.110000916E+00
 0.128053114E+00 0.145483509E+00 0.162120029E+00 0.177751794E+00 0.192142591E+00
 0.537660681E-01 0.456787869E-01 0.416113399E-01 0.383013375E-01 0.343594737E-01
 0.297923665E-01 0.246105175E-01 0.188234821E-01 0.124370698E-01 0.545131275E-02
-0.214216718E-02-0.101692341E-01-0.186401606E-01-0.275720954E-01-0.369821303E-01
-0.468835346E-01-0.572830662E-01-0.681785867E-01-0.795567408E-01-0.913906321E-01
-0.103637531E+00-0.116236702E+00-0.129107550E+00-0.142148152E+00-0.155234486E+00
-0.168220416E+00-0.180938840E+00-0.193203926E+00-0.204814747E+00-0.215560257E+00
-0.225225553E+00-0.233599052E+00-0.240480572E+00-0.245689511E+00-0.249072760E+00
-0.250511676E+00-0.249927625E+00-0.247285530E+00-0.242595106E+00-0.235909849E+00
-0.227323383E+00-0.216964066E+00-0.204987735E+00-0.191569477E+00-0.176894873E+00
-0.161151335E+00-0.144519940E+00-0.127168313E+00-0.109244473E+00-0.908721015E-01
-0.721467733E-01-0.531330630E-01-0.338615514E-01-0.143236751E-01 0.554121379E-02
 0.250834171E-01 0.442345478E-01 0.629473031E-01 0.811720937E-01 0.988465473E-01
 0.115890518E+00 0.132204190E+00 0.147669286E+00 0.162153974E+00 0.175521985E+00
 0.505123436E-01 0.423354432E-01 0.383316539E-01 0.349924192E-01 0.310527273E-01
 0.265278798E-01 0.214220956E-01 0.157344062E-01 0.946034864E-02 0.259275385E-02
-0.487795565E-02-0.127783641E-01-0.211352780E-01-0.299721006E-01-0.393083878E-01
-0.491584241E-01-0.595293865E-01-0.704192892E-01-0.818147659E-01-0.936887711E-01
-0.105998285E+00-0.118682094E+00-0.131658852E+00-0.144825578E+00-0.158056796E+00
-0.171204463E+00-0.184099048E+00-0.196551800E+00-0.208358333E+00-0.219303682E+00
-0.229168609E+00-0.237737000E+00-0.244804040E+00-0.250184685E+00-0.253721684E+00
-0.255292922E+00-0.254817158E+00-0.252257645E+00-0.247623652E+00-0.240969375E+00
-0.232390478E+00-0.222018495E+00-0.210013539E+00-0.196555987E+00-0.181837574E+00
-0.166052625E+00-0.149389863E+00-0.132025182E+00-0.114115693E+00-0.957951471E-01
-0.771707296E-01-0.583213605E-01-0.392975211E-01-0.201236065E-01-0.805332151E-03
 0.186496731E-01 0.375247300E-01 0.558239333E-01 0.735240579E-01 0.905823261E-01
 0.106940098E+00 0.122525722E+00 0.137257978E+00 0.151050791E+00 0.163819388E+00
 0.493371636E-01 0.412222892E-01 0.369144678E-01 0.334137045E-01 0.293875746E-01
 0.248492919E-01 0.197837446E-01 0.141720073E-01 0.799707510E-02 0.124380679E-02
-0.610187696E-02-0.138742374E-01-0.221031960E-01-0.308145937E-01-0.400294326E-01
-0.497627109E-01-0.600219108E-01-0.708051324E-01-0.820990652E-01-0.938767642E-01
-0.106095411E+00-0.118694127E+00-0.131592095E+00-0.144686997E+00-0.157854214E+00
-0.170946673E+00-0.183795929E+00-0.196214348E+00-0.207998663E+00-0.218934983E+00
-0.228804931E+00-0.237393081E+00-0.244495049E+00-0.249925807E+00-0.253527880E+00
-0.255178511E+00-0.254795432E+00-0.252340704E+00-0.247822151E+00-0.241292477E+00
-0.232845843E+00-0.222612500E+00-0.210751548E+00-0.197442800E+00-0.182877928E+00
-0.167251796E+00-0.150754392E+00-0.133563668E+00-0.115839653E+00-0.977198705E-01
-0.793161690E-01-0.607127026E-01-0.419648662E-01-0.230986308E-01-0.410918659E-02
 0.150439152E-01 0.335951112E-01 0.515305586E-01 0.688254163E-01 0.854431242E-01
 0.101336457E+00 0.116449751E+00 0.130721912E+00 0.144090176E+00 0.156494603E+00
 0.498599075E-01 0.420977622E-01 0.371169113E-01 0.331920162E-01 0.290883854E-01
 0.245768018E-01 0.195830073E-01 0.140682571E-01 0.800704490E-02 0.137984764E-02
-0.582990516E-02-0.134567786E-01-0.215309430E-01-0.300780088E-01-0.391184576E-01
-0.486666448E-01-0.587294213E-01-0.693044141E-01-0.803780928E-01-0.919236094E-01
-0.103898712E+00-0.116243608E+00-0.128879175E+00-0.141705438E+00-0.154600829E+00
-0.167422086E+00-0.180005252E+00-0.192167804E+00-0.203712121E+00-0.214430228E+00
-0.224109828E+00-0.232541353E+00-0.239525810E+00-0.244882792E+00-0.248458326E+00
-0.250131905E+00-0.249822021E+00-0.247489899E+00-0.243141115E+00-0.236824617E+00
-0.228629723E+00-0.218680933E+00-0.207131073E+00-0.194153428E+00-0.179933339E+00
-0.164659828E+00-0.148517683E+00-0.131680548E+00-0.114305168E+00-0.965268835E-01
-0.784564018E-01-0.601777844E-01-0.417472981E-01-0.231926516E-01-0.451153843E-02
 0.143333394E-01 0.325762779E-01 0.502030738E-01 0.671896562E-01 0.835015401E-01
 0.990950465E-01 0.113919534E+00 0.127920225E+00 0.141041711E+00 0.153231651E+00
 0.491434075E-01 0.410854816E-01 0.370167308E-01 0.337324962E-01 0.299154930E-01
 0.255907513E-01 0.207501221E-01 0.153782563E-01 0.945951510E-02 0.297867646E-02
-0.407940382E-02-0.115415230E-01-0.194348637E-01-0.277817193E-01-0.365997031E-01
-0.459008962E-01-0.556904525E-01-0.659648776E-01-0.767101049E-01-0.878994390E-01
-0.994915366E-01-0.111428402E+00-0.123633690E+00-0.136011362E+00-0.148444965E+00
-0.160797581E+00-0.172912881E+00-0.184617043E+00-0.195722163E+00-0.206030637E+00
-0.215340808E+00-0.223453641E+00-0.230180010E+00-0.235348180E+00-0.238811165E+00
-0.240453288E+00-0.240195379E+00-0.237998366E+00-0.233864754E+00-0.227837920E+00
-0.219999298E+00-0.210463673E+00-0.199372813E+00-0.186888203E+00-0.173183113E+00
-0.158434719E+00-0.142816633E+00-0.126492292E+00-0.109609306E+00-0.922951028E-01
-0.746537447E-01-0.567640960E-01-0.386795439E-01-0.204299912E-01-0.202896306E-02
 0.165063385E-01 0.344583392E-01 0.518292896E-01 0.685976073E-01 0.847262442E-01
 0.100167044E+00 0.114863902E+00 0.128755987E+00 0.141781390E+00 0.153881267E+00
 0.505616702E-01 0.425867960E-01 0.386870503E-01 0.356753580E-01 0.321066901E-01
 0.279868320E-01 0.233213827E-01 0.181107149E-01 0.123508060E-01 0.603294978E-02
-0.858515501E-03-0.814989582E-02-0.158521216E-01-0.239785779E-01-0.325415432E-01
-0.415496789E-01-0.510059372E-01-0.609055273E-01-0.712339208E-01-0.819648653E-01
-0.930584073E-01-0.104459122E+00-0.116094537E+00-0.127873957E+00-0.139687851E+00
-0.151407868E+00-0.162887871E+00-0.173965782E+00-0.184466690E+00-0.194206923E+00
-0.202999234E+00-0.210658833E+00-0.217010036E+00-0.221893027E+00-0.225170583E+00
-0.226733953E+00-0.226507649E+00-0.224452719E+00-0.220568091E+00-0.214890137E+00
-0.207490072E+00-0.198469833E+00-0.187956348E+00-0.176094934E+00-0.163042113E+00
-0.148958266E+00-0.134000793E+00-0.118317746E+00-0.102042399E+00-0.852888003E-01
-0.681481212E-01-0.506856889E-01-0.329377800E-01-0.149062416E-01 0.345461979E-02
 0.214840584E-01 0.391051173E-01 0.562655702E-01 0.729160011E-01 0.890011415E-01
 0.104456834E+00 0.119209982E+00 0.133180454E+00 0.146284834E+00 0.158441767E+00
 0.533930138E-01 0.455563553E-01 0.420983471E-01 0.392685533E-01 0.358591601E-01
 0.318842977E-01 0.273553617E-01 0.222833455E-01 0.166768283E-01 0.105415536E-01
 0.388145680E-02-0.329787773E-02-0.108381426E-01-0.187523142E-01-0.270513669E-01
-0.357426703E-01-0.448282175E-01-0.543027967E-01-0.641521364E-01-0.743510872E-01
-0.848618522E-01-0.956324413E-01-0.106595285E+00-0.117666267E+00-0.128744230E+00
-0.139711186E+00-0.150433108E+00-0.160761893E+00-0.170538023E+00-0.179594293E+00
-0.187760457E+00-0.194868565E+00-0.200758800E+00-0.205285564E+00-0.208323240E+00
-0.209771514E+00-0.209559500E+00-0.207648724E+00-0.204034343E+00-0.198744759E+00
-0.191839486E+00-0.183405489E+00-0.173552275E+00-0.162405953E+00-0.150102884E+00
-0.136783108E+00-0.122584023E+00-0.107634492E+00-0.920497775E-01-0.759271830E-01
-0.593427941E-01-0.423493832E-01-0.249766856E-01-0.723681366E-02 0.108563900E-01
 0.286277812E-01 0.460762605E-01 0.631736144E-01 0.798736364E-01 0.961137041E-01
 0.111814171E+00 0.126878068E+00 0.141192541E+00 0.154633373E+00 0.167073175E+00
 0.584170036E-01 0.508408323E-01 0.473077521E-01 0.445846580E-01 0.412506498E-01
 0.373310670E-01 0.328566767E-01 0.278546456E-01 0.223463066E-01 0.163472351E-01
 0.986833405E-02 0.291707786E-02-0.450219586E-02-0.122289974E-01-0.202745274E-01
-0.286464337E-01-0.373471901E-01-0.463723913E-01-0.557090528E-01-0.653340146E-01
-0.752124786E-01-0.852967501E-01-0.955250636E-01-0.105820917E+00-0.116092645E+00
-0.126233742E+00-0.136123687E+00-0.145629644E+00-0.154608920E+00-0.162912235E+00
-0.170387790E+00-0.176885813E+00-0.182263747E+00-0.186391279E+00-0.189155489E+00
-0.190465257E+00-0.190254912E+00-0.188486680E+00-0.185151920E+00-0.180270746E+00
-0.173890248E+00-0.166081443E+00-0.156934962E+00-0.146556064E+00-0.135058984E+00
-0.122561179E+00-0.109177560E+00-0.950151756E-01-0.801682472E-01-0.647136047E-01
-0.487063900E-01-0.321750604E-01-0.151139265E-01 0.253162533E-02 0.201301109E-01
 0.376233757E-01 0.549749285E-01 0.721475780E-01 0.890926272E-01 0.105742462E+00
 0.122003779E+00 0.137751445E+00 0.152824610E+00 0.167028561E+00 0.180146724E+00
 0.651659146E-01 0.579146966E-01 0.545158461E-01 0.517794155E-01 0.483544953E-01
 0.443282537E-01 0.397700928E-01 0.347274728E-01 0.292314589E-01 0.233020503E-01
 0.169519242E-01 0.101888739E-01 0.301724346E-02-0.456116861E-02-0.123796957E-01
-0.204481408E-01-0.287713185E-01-0.373473093E-01-0.461655185E-01-0.552056059E-01
-0.644365251E-01-0.738155618E-01-0.832875371E-01-0.927842259E-01-0.102224186E+00
-0.111513056E+00-0.120544434E+00-0.129201338E+00-0.137358397E+00-0.144884720E+00
-0.151647240E+00-0.157514766E+00-0.162362158E+00-0.166074723E+00-0.168552354E+00
-0.169713363E+00-0.169497445E+00-0.167867824E+00-0.164812163E+00-0.160342440E+00
-0.154493377E+00-0.147319898E+00-0.138893604E+00-0.129298419E+00-0.118625760E+00
-0.106969565E+00-0.944212154E-01-0.810647830E-01-0.669726208E-01-0.522015877E-01
-0.367900170E-01-0.207560118E-01-0.409831945E-02 0.131968446E-01 0.304922033E-01
 0.478195362E-01 0.651865229E-01 0.825848654E-01 0.999893025E-01 0.117351189E+00
 0.134586960E+00 0.151561007E+00 0.168063223E+00 0.183788717E+00 0.198341265E+00
 0.743200481E-01 0.675696284E-01 0.642939657E-01 0.610890649E-01 0.571756884E-01
 0.527590439E-01 0.479228869E-01 0.427065082E-01 0.371300243E-01 0.312042441E-01
 0.249349922E-01 0.183252208E-01 0.113760624E-01 0.408734614E-02-0.354218460E-02
-0.113365864E-01-0.193059370E-01-0.274542384E-01-0.357735008E-01-0.442462489E-01
-0.528455079E-01-0.615340769E-01-0.702638403E-01-0.789753124E-01-0.875976011E-01
-0.960486978E-01-0.104236335E+00-0.112059288E+00-0.119409263E+00-0.126173303E+00
-0.132236660E+00-0.137486100E+00-0.141813338E+00-0.145118728E+00-0.147314623E+00
-0.148328453E+00-0.148105219E+00-0.146609202E+00-0.143824831E+00-0.139756367E+00
-0.134426847E+00-0.127875850E+00-0.120156549E+00-0.111332074E+00-0.101471409E+00
-0.906449780E-01-0.789202154E-01-0.663571581E-01-0.530042984E-01-0.388946682E-01
-0.240422469E-01-0.843860209E-02 0.795045961E-02 0.245807208E-01 0.414498299E-01
 0.585730448E-01 0.759717748E-01 0.936683193E-01 0.111681253E+00 0.130018428E+00
 0.148664460E+00 0.167556182E+00 0.186531231E+00 0.205215082E+00 0.222834051E+00
 0.877861157E-01 0.823777318E-01 0.771443024E-01 0.721701980E-01 0.672377050E-01
 0.621766187E-01 0.569252595E-01 0.514537133E-01 0.457446948E-01 0.397871323E-01
 0.335735008E-01 0.270985030E-01 0.203583315E-01 0.133500760E-01 0.607099198E-02
-0.148294517E-02-0.912702084E-02-0.168895461E-01-0.247534625E-01-0.327016525E-01
-0.407116450E-01-0.487524793E-01-0.567836687E-01-0.647547618E-01-0.726054311E-01
-0.802658424E-01-0.876574293E-01-0.946941078E-01-0.101283826E+00-0.107330568E+00
-0.112736784E+00-0.117405973E+00-0.121245630E+00-0.124170057E+00-0.126103163E+00
-0.126980945E+00-0.126753420E+00-0.125386104E+00-0.122860521E+00-0.119174153E+00
-0.114339381E+00-0.108381726E+00-0.101337366E+00-0.932500362E-01-0.841674805E-01
-0.741376206E-01-0.632044747E-01-0.514041148E-01-0.387605205E-01-0.252814610E-01
-0.109541425E-01 0.425950810E-02 0.198459104E-01 0.358208902E-01 0.522105731E-01
 0.690542608E-01 0.864050388E-01 0.104330547E+00 0.122914374E+00 0.142258167E+00
 0.162484512E+00 0.183742180E+00 0.206220165E+00 0.230210751E+00 0.255691737E+00
 0.991117507E-01 0.944546536E-01 0.887651294E-01 0.829613805E-01 0.773533657E-01
 0.718033537E-01 0.662178770E-01 0.605371557E-01 0.547226854E-01 0.487491302E-01
 0.425996296E-01 0.362631045E-01 0.297327973E-01 0.230056122E-01 0.160823222E-01
 0.896907970E-02 0.168170885E-02-0.579846557E-02-0.132817812E-01-0.207689460E-01
-0.282517541E-01-0.357081741E-01-0.431062207E-01-0.504045151E-01-0.575529523E-01
-0.644933060E-01-0.711599886E-01-0.774810538E-01-0.833795220E-01-0.887749791E-01
-0.935855210E-01-0.977298990E-01-0.101129808E+00-0.103712179E+00-0.105411381E+00
-0.106171146E+00-0.105946176E+00-0.104703233E+00-0.102421597E+00-0.990929231E-01
-0.947203785E-01-0.893171653E-01-0.829043910E-01-0.755084753E-01-0.671579838E-01
-0.578801930E-01-0.476973429E-01-0.366227441E-01-0.246569477E-01-0.117835626E-01
 0.203548861E-02 0.163035989E-01 0.310408492E-01 0.462785214E-01 0.620615333E-01
 0.784516335E-01 0.955313370E-01 0.113409206E+00 0.132227391E+00 0.152172655E+00
 0.173492879E+00 0.196522653E+00 0.221724287E+00 0.249748573E+00 0.280082107E+00
 0.108238414E+00 0.104017504E+00 0.984247029E-01 0.925519466E-01 0.867841914E-01
 0.810660794E-01 0.753470659E-01 0.695853382E-01 0.637486801E-01 0.578132309E-01
 0.517618880E-01 0.455828980E-01 0.392687991E-01 0.328157283E-01 0.262228642E-01
 0.194917824E-01 0.126249054E-01 0.562101370E-02-0.152238703E-02-0.859445427E-02
-0.156177562E-01-0.225646701E-01-0.294095110E-01-0.361178815E-01-0.426488109E-01
-0.489547364E-01-0.549821332E-01-0.606722049E-01-0.659617484E-01-0.707843900E-01
-0.750722140E-01-0.787574872E-01-0.817744955E-01-0.840612873E-01-0.855614319E-01
-0.862255245E-01-0.860124901E-01-0.848904476E-01-0.828370452E-01-0.798393041E-01
-0.758927763E-01-0.710003302E-01-0.651703700E-01-0.584145710E-01-0.507451519E-01
-0.421715230E-01-0.326965302E-01-0.223122761E-01-0.109975422E-01 0.128576963E-02
 0.140514635E-01 0.273172446E-01 0.411103368E-01 0.554695912E-01 0.704483390E-01
 0.861181393E-01 0.102573894E+00 0.119940840E+00 0.138384387E+00 0.158124030E+00
 0.179452702E+00 0.202762082E+00 0.228570968E+00 0.257541776E+00 0.288908780E+00
 0.116052106E+00 0.112181433E+00 0.106899276E+00 0.101174593E+00 0.954788625E-01
 0.897954404E-01 0.841027349E-01 0.783797279E-01 0.726079717E-01 0.667723343E-01
 0.608611405E-01 0.548660122E-01 0.487816110E-01 0.426054001E-01 0.363374464E-01
 0.299802367E-01 0.235386174E-01 0.170201715E-01 0.104375118E-01 0.381304300E-02
-0.287213456E-02-0.939871930E-02-0.157855321E-01-0.219980162E-01-0.280054137E-01
-0.337700956E-01-0.392503478E-01-0.444001295E-01-0.491689779E-01-0.535028055E-01
-0.573458225E-01-0.606421158E-01-0.633369759E-01-0.653781220E-01-0.667169765E-01
-0.673099309E-01-0.671195611E-01-0.661154464E-01-0.642743856E-01-0.615800582E-01
-0.580221340E-01-0.535951369E-01-0.482971221E-01-0.421280786E-01-0.350876786E-01
-0.271718558E-01-0.183687508E-01-0.864712987E-02 0.203602971E-02 0.132034114E-01
 0.248694178E-01 0.370540358E-01 0.497847982E-01 0.630989298E-01 0.770459101E-01
 0.916906595E-01 0.107117698E+00 0.123436831E+00 0.140791014E+00 0.159367785E+00
 0.179416224E+00 0.201273993E+00 0.225414976E+00 0.252548128E+00 0.281217664E+00
 0.123175025E+00 0.119645804E+00 0.114608876E+00 0.109094054E+00 0.103562310E+00
 0.980102643E-01 0.924331173E-01 0.868249834E-01 0.811796486E-01 0.754911974E-01
 0.697546527E-01 0.639663413E-01 0.581242293E-01 0.522280894E-01 0.462796651E-01
 0.402827933E-01 0.342435464E-01 0.281704701E-01 0.220748540E-01 0.159705635E-01
 0.987190194E-02 0.380292069E-02-0.225606072E-02-0.806707796E-02-0.136486925E-01
-0.189647041E-01-0.239877589E-01-0.286871120E-01-0.330246203E-01-0.369546078E-01
-0.404309779E-01-0.434083492E-01-0.458420813E-01-0.476884209E-01-0.489050709E-01
-0.494524688E-01-0.492958091E-01-0.484061986E-01-0.467608422E-01-0.443421267E-01
-0.411355980E-01-0.371286795E-01-0.323103108E-01-0.266711824E-01-0.202037450E-01
-0.128970658E-01-0.475626765E-02 0.431074062E-02 0.138453534E-01 0.238625295E-01
 0.343754850E-01 0.453999937E-01 0.569567420E-01 0.690729842E-01 0.817839727E-01
 0.951344147E-01 0.109180130E+00 0.123989925E+00 0.139647812E+00 0.156255588E+00
 0.173936024E+00 0.192837149E+00 0.213138774E+00 0.235046610E+00 0.257512450E+00
 0.129779339E+00 0.126573801E+00 0.121792227E+00 0.116506219E+00 0.111164279E+00
 0.105774432E+00 0.100346252E+00 0.948863849E-01 0.893983915E-01 0.838836879E-01
 0.783426538E-01 0.727755353E-01 0.671831220E-01 0.615672208E-01 0.559310168E-01
 0.502793267E-01 0.446188264E-01 0.389581956E-01 0.333082303E-01 0.276818350E-01
 0.220938809E-01 0.165614448E-01 0.111018242E-01 0.574228261E-02 0.461038784E-03
-0.448179618E-02-0.911853369E-02-0.134495990E-01-0.174512342E-01-0.210630707E-01
-0.242470894E-01-0.269708559E-01-0.292017516E-01-0.309048090E-01-0.320416763E-01
-0.325713418E-01-0.324588530E-01-0.316769406E-01-0.302063022E-01-0.280342642E-01
-0.251447596E-01-0.215167329E-01-0.171252917E-01-0.119472211E-01-0.598027231E-02
 0.868635194E-03 0.818542298E-02 0.160344150E-01 0.243839268E-01 0.332208462E-01
 0.425420478E-01 0.523508713E-01 0.626556277E-01 0.734688565E-01 0.848067552E-01
 0.966884419E-01 0.109134793E+00 0.122166358E+00 0.135799706E+00 0.150040895E+00
 0.164873615E+00 0.180236459E+00 0.195975795E+00 0.211725056E+00 0.226593822E+00
 0.135994315E+00 0.133088678E+00 0.128647327E+00 0.123585463E+00 0.118399858E+00
 0.113145307E+00 0.107853822E+00 0.102541886E+00 0.972179994E-01 0.918866321E-01
 0.865503475E-01 0.812110603E-01 0.758708566E-01 0.705325007E-01 0.651998743E-01
 0.598782152E-01 0.545743555E-01 0.492968932E-01 0.440563299E-01 0.388651974E-01
 0.337382108E-01 0.286925472E-01 0.237482619E-01 0.189296566E-01 0.142654888E-01
 0.980495475E-02 0.556466775E-02 0.154021883E-02-0.230290275E-02-0.568184117E-02
-0.862873811E-02-0.111465789E-01-0.132241333E-01-0.148403374E-01-0.159594622E-01
-0.165093523E-01-0.164501853E-01-0.157559384E-01-0.144155081E-01-0.124556888E-01
-0.986255147E-02-0.659977552E-02-0.260579446E-02 0.222847308E-02 0.751046930E-02
 0.133060431E-01 0.195896793E-01 0.263519455E-01 0.335803404E-01 0.412647687E-01
 0.493985713E-01 0.579781793E-01 0.670022815E-01 0.764707178E-01 0.863830820E-01
 0.967367589E-01 0.107524224E+00 0.118729092E+00 0.130320475E+00 0.142244384E+00
 0.154411152E+00 0.166676834E+00 0.178817913E+00 0.190505922E+00 0.201309890E+00
 0.142702475E+00 0.140385911E+00 0.135784596E+00 0.130533606E+00 0.125320584E+00
 0.120116375E+00 0.114923999E+00 0.109746277E+00 0.104584791E+00 0.994404182E-01
 0.943138748E-01 0.892061442E-01 0.841188580E-01 0.790545642E-01 0.740169734E-01
 0.690111294E-01 0.640435666E-01 0.591224432E-01 0.542576462E-01 0.494609214E-01
 0.447460003E-01 0.401287600E-01 0.356274359E-01 0.312628336E-01 0.270583238E-01
 0.230395943E-01 0.192294922E-01 0.156502631E-01 0.123311291E-01 0.932786893E-02
 0.666685123E-02 0.436207466E-02 0.241819490E-02 0.824714545E-03-0.461876392E-03
-0.109505025E-02-0.109747960E-02-0.441153185E-03 0.957245589E-03 0.275368337E-02
 0.502792606E-02 0.782483444E-02 0.111686755E-01 0.150592150E-01 0.194423497E-01
 0.242948011E-01 0.295971557E-01 0.353343673E-01 0.414937362E-01 0.480646119E-01
 0.550381690E-01 0.624068826E-01 0.701636449E-01 0.783005059E-01 0.868069679E-01
 0.956677049E-01 0.104859613E+00 0.114348121E+00 0.124082439E+00 0.133989885E+00
 0.143969357E+00 0.153884709E+00 0.163560510E+00 0.172784105E+00 0.181319162E+00
 0.148728698E+00 0.146858066E+00 0.142319113E+00 0.136941418E+00 0.131695256E+00
 0.126540020E+00 0.121451899E+00 0.116417646E+00 0.111429580E+00 0.106483072E+00
 0.101575457E+00 0.967056155E-01 0.918738469E-01 0.870817825E-01 0.823324546E-01
 0.776303038E-01 0.729812309E-01 0.683926716E-01 0.638736114E-01 0.594346523E-01
 0.550880879E-01 0.508479066E-01 0.467298515E-01 0.427513756E-01 0.389315151E-01
 0.352905616E-01 0.318495557E-01 0.286307167E-01 0.256585181E-01 0.229598396E-01
 0.205578618E-01 0.184722282E-01 0.167209264E-01 0.153238969E-01 0.143118063E-01
 0.137497131E-01 0.136690969E-01 0.140864747E-01 0.150016220E-01 0.163729321E-01
 0.181927159E-01 0.204622168E-01 0.231810920E-01 0.263419952E-01 0.299287084E-01
 0.339252278E-01 0.383166522E-01 0.430896617E-01 0.482324772E-01 0.537347645E-01
 0.595873818E-01 0.657819137E-01 0.723098516E-01 0.791613534E-01 0.863235816E-01
 0.937784761E-01 0.101500131E+00 0.109451726E+00 0.117582291E+00 0.125823617E+00
 0.134087846E+00 0.142266423E+00 0.150231615E+00 0.157841563E+00 0.164949581E+00
 0.153502926E+00 0.151903063E+00 0.147600815E+00 0.142373562E+00 0.137257695E+00
 0.132244572E+00 0.127319366E+00 0.122469559E+00 0.117685452E+00 0.112959996E+00
 0.108288504E+00 0.103668295E+00 0.990984961E-01 0.945798978E-01 0.901148021E-01
 0.857070163E-01 0.813617557E-01 0.770856366E-01 0.728866830E-01 0.687742755E-01
 0.647591949E-01 0.608535446E-01 0.570707582E-01 0.534255169E-01 0.499336421E-01
 0.466119461E-01 0.434781015E-01 0.405505896E-01 0.378486440E-01 0.353918597E-01
 0.331993476E-01 0.312895924E-01 0.296810865E-01 0.283934865E-01 0.274489243E-01
 0.268718041E-01 0.266804062E-01 0.268852506E-01 0.274883788E-01 0.284837373E-01
 0.298658144E-01 0.316297151E-01 0.337695330E-01 0.362770446E-01 0.391415469E-01
 0.423512161E-01 0.458940789E-01 0.497586951E-01 0.539346114E-01 0.584126562E-01
 0.631850660E-01 0.682453588E-01 0.735878497E-01 0.792066976E-01 0.850943550E-01
 0.912394002E-01 0.976237729E-01 0.104219839E+00 0.110987514E+00 0.117872059E+00
 0.124803126E+00 0.131695420E+00 0.138451427E+00 0.144966304E+00 0.151134536E+00
 0.157423437E+00 0.156092480E+00 0.151879355E+00 0.146855175E+00 0.141954705E+00
 0.137161642E+00 0.132464275E+00 0.127850935E+00 0.123311639E+00 0.118838668E+00
 0.114426613E+00 0.110072240E+00 0.105774254E+00 0.101533093E+00 0.973507538E-01
 0.932306349E-01 0.891774669E-01 0.851972327E-01 0.812970772E-01 0.774853155E-01
 0.737713277E-01 0.701655522E-01 0.666794106E-01 0.633252412E-01 0.601161905E-01
 0.570661426E-01 0.541895851E-01 0.515014790E-01 0.490171276E-01 0.467519686E-01
 0.447213277E-01 0.429403111E-01 0.414238349E-01 0.401866809E-01 0.392432958E-01
 0.386070125E-01 0.382883437E-01 0.382939503E-01 0.386263318E-01 0.392842703E-01
 0.402642228E-01 0.415609479E-01 0.431675427E-01 0.450754240E-01 0.472745188E-01
 0.497537516E-01 0.525016859E-01 0.555071570E-01 0.587599985E-01 0.622517467E-01
 0.659763664E-01 0.699308962E-01 0.741157532E-01 0.785344988E-01 0.831926391E-01
 0.880951434E-01 0.932427496E-01 0.986273661E-01 0.104227759E+00 0.110006295E+00
 0.115907647E+00 0.121859819E+00 0.127777651E+00 0.133568391E+00 0.139138699E+00
 0.160200164E+00 0.159034058E+00 0.155165002E+00 0.150409073E+00 0.145786956E+00
 0.141282320E+00 0.136876434E+00 0.132553950E+00 0.128303483E+00 0.124117099E+00
 0.119989783E+00 0.115918867E+00 0.111903623E+00 0.107944921E+00 0.104045033E+00
 0.100207455E+00 0.964368060E-01 0.927386805E-01 0.891196430E-01 0.855871215E-01
 0.821493715E-01 0.788153931E-01 0.755949095E-01 0.724982619E-01 0.695363507E-01
 0.667205453E-01 0.640625581E-01 0.615743808E-01 0.592681132E-01 0.571558364E-01
 0.552494675E-01 0.535606071E-01 0.521003976E-01 0.508793443E-01 0.499070026E-01
 0.491915420E-01 0.487391502E-01 0.485535935E-01 0.486360081E-01 0.489849448E-01
 0.495966375E-01 0.504652187E-01 0.515828654E-01 0.529399514E-01 0.545252450E-01
 0.563262627E-01 0.583297797E-01 0.605225042E-01 0.628920123E-01 0.654279739E-01
 0.681237727E-01 0.709785149E-01 0.739992186E-01 0.772027746E-01 0.806164145E-01
 0.842753798E-01 0.882162899E-01 0.924672559E-01 0.970377475E-01 0.101911619E+00
 0.107044324E+00 0.112364084E+00 0.117776819E+00 0.123175293E+00 0.128451213E+00
 0.162037179E+00 0.161003426E+00 0.157400861E+00 0.152993470E+00 0.148752958E+00
 0.144628882E+00 0.140588626E+00 0.136614069E+00 0.132695273E+00 0.128826961E+00
 0.125006720E+00 0.121234171E+00 0.117510386E+00 0.113837615E+00 0.110219091E+00
 0.106658936E+00 0.103162013E+00 0.997339189E-01 0.963808596E-01 0.931096673E-01
 0.899276957E-01 0.868427828E-01 0.838632211E-01 0.809976682E-01 0.782550946E-01
 0.756447166E-01 0.731758922E-01 0.708580688E-01 0.687006414E-01 0.667128637E-01
 0.649037212E-01 0.632817671E-01 0.618550032E-01 0.606306531E-01 0.596149489E-01
 0.588128231E-01 0.582276322E-01 0.578608811E-01 0.577120259E-01 0.577783883E-01
 0.580550991E-01 0.585350953E-01 0.592091158E-01 0.600656942E-01 0.610912330E-01
 0.622701198E-01 0.635850281E-01 0.650174096E-01 0.665483847E-01 0.681602135E-01
 0.698386729E-01 0.715767741E-01 0.733803436E-01 0.752757564E-01 0.773187131E-01
 0.795989186E-01 0.822292790E-01 0.853147730E-01 0.889204219E-01 0.930587724E-01
 0.976908356E-01 0.102727629E+00 0.108032346E+00 0.113434508E+00 0.118763722E+00
 0.162588522E+00 0.161519259E+00 0.158291563E+00 0.154572397E+00 0.150925949E+00
 0.147303537E+00 0.143701464E+00 0.140120819E+00 0.136563942E+00 0.133033708E+00
 0.129533350E+00 0.126066491E+00 0.122637063E+00 0.119249418E+00 0.115908273E+00
 0.112618715E+00 0.109386198E+00 0.106216535E+00 0.103115834E+00 0.100090519E+00
 0.971472561E-01 0.942929387E-01 0.915346518E-01 0.888796076E-01 0.863351226E-01
 0.839085430E-01 0.816072002E-01 0.794383287E-01 0.774090290E-01 0.755261332E-01
 0.737961531E-01 0.722251385E-01 0.708185881E-01 0.695812330E-01 0.685169101E-01
 0.676283240E-01 0.669168457E-01 0.663823038E-01 0.660227612E-01 0.658343434E-01
 0.658110604E-01 0.659446046E-01 0.662242100E-01 0.666363463E-01 0.671645626E-01
 0.677891970E-01 0.684871599E-01 0.692318156E-01 0.699930862E-01 0.707380697E-01
 0.714326873E-01 0.720451400E-01 0.725529119E-01 0.729564130E-01 0.733070970E-01
 0.737680048E-01 0.746779293E-01 0.763767138E-01 0.790005103E-01 0.825633928E-01
 0.870250911E-01 0.922890231E-01 0.981488153E-01 0.104215242E+00 0.110080212E+00
 0.162233293E+00 0.160880297E+00 0.158526361E+00 0.155683070E+00 0.152668625E+00
 0.149560273E+00 0.146401271E+00 0.143216416E+00 0.140021622E+00 0.136828184E+00
 0.133645013E+00 0.130479693E+00 0.127339035E+00 0.124229498E+00 0.121157318E+00
 0.118128650E+00 0.115149632E+00 0.112226389E+00 0.109365061E+00 0.106571794E+00
 0.103852712E+00 0.101213910E+00 0.986614302E-01 0.962012187E-01 0.938391089E-01
 0.915807858E-01 0.894317552E-01 0.873973146E-01 0.854825154E-01 0.836921036E-01
 0.820304826E-01 0.805016309E-01 0.791090280E-01 0.778555349E-01 0.767432600E-01
 0.757733807E-01 0.749459863E-01 0.742598623E-01 0.737122595E-01 0.732986555E-01
 0.730124712E-01 0.728448033E-01 0.727840215E-01 0.728153214E-01 0.729201883E-01
 0.730756596E-01 0.732534081E-01 0.734185278E-01 0.735280588E-01 0.735292137E-01
 0.733575299E-01 0.729354769E-01 0.721723139E-01 0.709656850E-01 0.692011714E-01
 0.667204037E-01 0.649019703E-01 0.650386959E-01 0.667643920E-01 0.698868930E-01
 0.745504051E-01 0.806233138E-01 0.883368179E-01 0.963830873E-01 0.103122786E+00
 0.162921697E+00 0.161659330E+00 0.159520656E+00 0.157016218E+00 0.154389769E+00
 0.151669666E+00 0.148882091E+00 0.146048337E+00 0.143185183E+00 0.140305996E+00
 0.137421891E+00 0.134542465E+00 0.131676316E+00 0.128831327E+00 0.126014903E+00
 0.123234086E+00 0.120495580E+00 0.117805824E+00 0.115171015E+00 0.112597063E+00
 0.110089630E+00 0.107654087E+00 0.105295524E+00 0.103018716E+00 0.100828111E+00
 0.987278372E-01 0.967216864E-01 0.948131233E-01 0.930052847E-01 0.913010016E-01
 0.897027850E-01 0.882128254E-01 0.868329555E-01 0.855645984E-01 0.844086632E-01
 0.833654255E-01 0.824343562E-01 0.816139281E-01 0.809013471E-01 0.802923143E-01
 0.797806755E-01 0.793580636E-01 0.790134370E-01 0.787325203E-01 0.784970671E-01
 0.782838538E-01 0.780632570E-01 0.777971447E-01 0.774358436E-01 0.769134164E-01
 0.761407986E-01 0.749960765E-01 0.733127668E-01 0.708696917E-01 0.673889294E-01
 0.632048771E-01 0.608868636E-01 0.604218915E-01 0.616546609E-01 0.646702945E-01
 0.694370866E-01 0.763127580E-01 0.849572644E-01 0.926388949E-01 0.992060453E-01
 0.163899362E+00 0.162764028E+00 0.160792813E+00 0.158522993E+00 0.156169400E+00
 0.153742269E+00 0.151254162E+00 0.148717716E+00 0.146145001E+00 0.143547267E+00
 0.140935004E+00 0.138318047E+00 0.135705575E+00 0.133106261E+00 0.130528256E+00
 0.127979189E+00 0.125466228E+00 0.122996047E+00 0.120574847E+00 0.118208341E+00
 0.115901731E+00 0.113659717E+00 0.111486457E+00 0.109385580E+00 0.107360169E+00
 0.105412781E+00 0.103545457E+00 0.101759776E+00 0.100056939E+00 0.984378010E-01
 0.969030112E-01 0.954530537E-01 0.940882936E-01 0.928090289E-01 0.916153938E-01
 0.905073285E-01 0.894843712E-01 0.885454714E-01 0.876887441E-01 0.869111270E-01
 0.862081200E-01 0.855733529E-01 0.849981904E-01 0.844712481E-01 0.839777738E-01
 0.834988132E-01 0.830100700E-01 0.824800953E-01 0.818674937E-01 0.811159760E-01
 0.801453739E-01 0.788341016E-01 0.769848526E-01 0.742692351E-01 0.702583492E-01
 0.670489818E-01 0.653557703E-01 0.650617480E-01 0.661815554E-01 0.687419847E-01
 0.731914490E-01 0.799015239E-01 0.869038776E-01 0.930270106E-01 0.984603912E-01
 0.164942086E+00 0.163935825E+00 0.162161469E+00 0.160096660E+00 0.157972544E+00
 0.155792028E+00 0.153558999E+00 0.151279300E+00 0.148960456E+00 0.146611184E+00
 0.144240826E+00 0.141859055E+00 0.139475405E+00 0.137099117E+00 0.134738937E+00
 0.132403061E+00 0.130098999E+00 0.127833650E+00 0.125613183E+00 0.123443097E+00
 0.121328168E+00 0.119272418E+00 0.117279112E+00 0.115350708E+00 0.113488860E+00
 0.111694433E+00 0.109967530E+00 0.108307593E+00 0.106713556E+00 0.105184011E+00
 0.103717439E+00 0.102312401E+00 0.100967765E+00 0.996827930E-01 0.984572172E-01
 0.972911641E-01 0.961849838E-01 0.951390043E-01 0.941532478E-01 0.932270512E-01
 0.923587605E-01 0.915453658E-01 0.907822475E-01 0.900628641E-01 0.893785357E-01
 0.887182578E-01 0.880685151E-01 0.874132216E-01 0.867338479E-01 0.860099047E-01
 0.852201954E-01 0.843453258E-01 0.833686143E-01 0.822267532E-01 0.810440034E-01
 0.803398788E-01 0.800366402E-01 0.802641809E-01 0.810318738E-01 0.824630633E-01
 0.846077651E-01 0.881585181E-01 0.920415670E-01 0.959964171E-01 0.998685509E-01
 0.166017160E+00 0.165147960E+00 0.163527682E+00 0.161664546E+00 0.159763962E+00
 0.157816708E+00 0.155818388E+00 0.153769612E+00 0.151675329E+00 0.149543583E+00
 0.147384137E+00 0.145207614E+00 0.143024668E+00 0.140845582E+00 0.138679981E+00
 0.136536643E+00 0.134423524E+00 0.132347643E+00 0.130315199E+00 0.128331453E+00
 0.126400799E+00 0.124526620E+00 0.122711346E+00 0.120956272E+00 0.119261563E+00
 0.117626190E+00 0.116047964E+00 0.114523679E+00 0.113049299E+00 0.111620352E+00
 0.110232338E+00 0.108881243E+00 0.107563928E+00 0.106278546E+00 0.105024643E+00
 0.103803165E+00 0.102616191E+00 0.101466574E+00 0.100357465E+00 0.992917940E-01
 0.982718766E-01 0.972990915E-01 0.963736624E-01 0.954946652E-01 0.946601480E-01
 0.938675329E-01 0.931143761E-01 0.923997015E-01 0.917265043E-01 0.911063850E-01
 0.905686766E-01 0.901796371E-01 0.900846869E-01 0.905874968E-01 0.918266848E-01
 0.927114114E-01 0.932749137E-01 0.937890932E-01 0.943298042E-01 0.947775170E-01
 0.948744640E-01 0.955316052E-01 0.972291008E-01 0.995044112E-01 0.102054179E+00
 0.166934624E+00 0.166206971E+00 0.164792016E+00 0.163177609E+00 0.161536530E+00
 0.159838885E+00 0.158071622E+00 0.156234607E+00 0.154335752E+00 0.152387187E+00
 0.150402784E+00 0.148396492E+00 0.146381617E+00 0.144370258E+00 0.142373219E+00
 0.140399992E+00 0.138458803E+00 0.136556774E+00 0.134699985E+00 0.132893503E+00
 0.131141394E+00 0.129446641E+00 0.127811000E+00 0.126234800E+00 0.124716811E+00
 0.123253979E+00 0.121841386E+00 0.120472290E+00 0.119138427E+00 0.117830627E+00
 0.116539657E+00 0.115257248E+00 0.113977097E+00 0.112695649E+00 0.111412510E+00
 0.110130399E+00 0.108854689E+00 0.107592545E+00 0.106352054E+00 0.105141297E+00
 0.103967696E+00 0.102837622E+00 0.101756267E+00 0.100727789E+00 0.997556746E-01
 0.988434106E-01 0.979953855E-01 0.972182825E-01 0.965229943E-01 0.959272087E-01
 0.954584256E-01 0.951555073E-01 0.950626135E-01 0.952020586E-01 0.955289379E-01
 0.959437415E-01 0.963828042E-01 0.968420058E-01 0.973378345E-01 0.978951752E-01
 0.985786170E-01 0.995035321E-01 0.100749098E+00 0.102296159E+00 0.104068689E+00
 0.167458460E+00 0.166840270E+00 0.165829614E+00 0.164647311E+00 0.163368657E+00
 0.161957741E+00 0.160412237E+00 0.158751711E+00 0.157001168E+00 0.155185387E+00
 0.153327093E+00 0.151446313E+00 0.149560124E+00 0.147682741E+00 0.145825893E+00
 0.143999234E+00 0.142210767E+00 0.140467227E+00 0.138774350E+00 0.137136951E+00
 0.135559008E+00 0.134043455E+00 0.132592008E+00 0.131204739E+00 0.129879609E+00
 0.128611907E+00 0.127393767E+00 0.126213819E+00 0.125057414E+00 0.123907447E+00
 0.122746147E+00 0.121557280E+00 0.120328493E+00 0.119053192E+00 0.117731422E+00
 0.116369724E+00 0.114979967E+00 0.113577329E+00 0.112178132E+00 0.110798046E+00
 0.109450929E+00 0.108148441E+00 0.106900133E+00 0.105713859E+00 0.104596376E+00
 0.103554025E+00 0.102593482E+00 0.101722583E+00 0.100951053E+00 0.100290947E+00
 0.997563526E-01 0.993613601E-01 0.991156623E-01 0.990185812E-01 0.990559757E-01
 0.992055982E-01 0.994484723E-01 0.997769162E-01 0.100195758E+00 0.100721195E+00
 0.101378754E+00 0.102196075E+00 0.103189833E+00 0.104356132E+00 0.105671838E+00
 0.167934567E+00 0.167460829E+00 0.166916192E+00 0.166317970E+00 0.165612385E+00
 0.164431021E+00 0.163011283E+00 0.161428183E+00 0.159733683E+00 0.157968760E+00
 0.156166717E+00 0.154353946E+00 0.152550459E+00 0.150770932E+00 0.149026051E+00
 0.147323847E+00 0.145670623E+00 0.144071758E+00 0.142532036E+00 0.141056001E+00
 0.139647841E+00 0.138311312E+00 0.137049347E+00 0.135863394E+00 0.134752572E+00
 0.133712426E+00 0.132733330E+00 0.131798938E+00 0.130884990E+00 0.129960105E+00
 0.128989175E+00 0.127939105E+00 0.126784831E+00 0.125513554E+00 0.124126710E+00
 0.122639693E+00 0.121078901E+00 0.119476192E+00 0.117863014E+00 0.116266377E+00
 0.114707612E+00 0.113202855E+00 0.111764245E+00 0.110401087E+00 0.109120876E+00
 0.107930087E+00 0.106834799E+00 0.105841130E+00 0.104955472E+00 0.104184404E+00
 0.103534214E+00 0.103009850E+00 0.102613635E+00 0.102344222E+00 0.102196619E+00
 0.102163874E+00 0.102239721E+00 0.102420971E+00 0.102708593E+00 0.103107400E+00
 0.103624307E+00 0.104265340E+00 0.105032191E+00 0.105919831E+00 0.106916107E+00
 0.168604404E+00 0.168337345E+00 0.168124050E+00 0.168008983E+00 0.167973265E+00
 0.167350128E+00 0.166021258E+00 0.164333180E+00 0.162548840E+00 0.160716861E+00
 0.158880308E+00 0.157070145E+00 0.155304477E+00 0.153592527E+00 0.151938841E+00
 0.150346026E+00 0.148816228E+00 0.147351876E+00 0.145956129E+00 0.144633055E+00
 0.143387690E+00 0.142225817E+00 0.141153648E+00 0.140177041E+00 0.139300451E+00
 0.138525069E+00 0.137845874E+00 0.137246579E+00 0.136692584E+00 0.136125192E+00
 0.135467604E+00 0.134646088E+00 0.133608580E+00 0.132330149E+00 0.130814433E+00
 0.129096687E+00 0.127241001E+00 0.125321388E+00 0.123398818E+00 0.121513918E+00
 0.119691648E+00 0.117947422E+00 0.116291329E+00 0.114730470E+00 0.113270268E+00
 0.111915141E+00 0.110668927E+00 0.109535091E+00 0.108516783E+00 0.107616775E+00
 0.106837220E+00 0.106179334E+00 0.105643034E+00 0.105226830E+00 0.104927979E+00
 0.104743101E+00 0.104668938E+00 0.104703054E+00 0.104844160E+00 0.105091900E+00
 0.105446130E+00 0.105905816E+00 0.106467932E+00 0.107126623E+00 0.107873030E+00
 0.169140548E+00 0.169030517E+00 0.169006109E+00 0.169115052E+00 0.169397891E+00
 0.169266611E+00 0.168555230E+00 0.167250291E+00 0.165359944E+00 0.163299739E+00
 0.161324799E+00 0.159467846E+00 0.157721177E+00 0.156071886E+00 0.154509515E+00
 0.153026849E+00 0.151619583E+00 0.150286019E+00 0.149027005E+00 0.147846043E+00
 0.146749556E+00 0.145746902E+00 0.144849941E+00 0.144072428E+00 0.143429667E+00
 0.142938003E+00 0.142613083E+00 0.142465204E+00 0.142484695E+00 0.142585009E+00
 0.142522901E+00 0.142104432E+00 0.141258925E+00 0.139953628E+00 0.138175413E+00
 0.135960817E+00 0.133501410E+00 0.131045237E+00 0.128682718E+00 0.126434341E+00
 0.124304265E+00 0.122293174E+00 0.120401591E+00 0.118630432E+00 0.116980836E+00
 0.115453869E+00 0.114050388E+00 0.112770908E+00 0.111615621E+00 0.110584319E+00
 0.109676354E+00 0.108890571E+00 0.108225197E+00 0.107677914E+00 0.107245930E+00
 0.106926173E+00 0.106715538E+00 0.106611080E+00 0.106610037E+00 0.106709741E+00
 0.106907271E+00 0.107199058E+00 0.107580483E+00 0.108045563E+00 0.108586870E+00
 0.169435740E+00 0.169445708E+00 0.169486597E+00 0.169541508E+00 0.169598490E+00
 0.169635415E+00 0.169451728E+00 0.168685451E+00 0.167291865E+00 0.165230528E+00
 0.163159922E+00 0.161326170E+00 0.159660548E+00 0.158121005E+00 0.156683922E+00
 0.155334547E+00 0.154063419E+00 0.152865201E+00 0.151738107E+00 0.150684103E+00
 0.149709851E+00 0.148831531E+00 0.148069531E+00 0.147445425E+00 0.146986753E+00
 0.146729276E+00 0.146720216E+00 0.147024989E+00 0.147742689E+00 0.149020076E+00
 0.149868011E+00 0.149961889E+00 0.149388000E+00 0.148072556E+00 0.145970583E+00
 0.142954096E+00 0.139378682E+00 0.136256799E+00 0.133431315E+00 0.130823702E+00
 0.128393665E+00 0.126121312E+00 0.123997599E+00 0.122018620E+00 0.120182365E+00
 0.118487157E+00 0.116931021E+00 0.115511589E+00 0.114226148E+00 0.113071762E+00
 0.112045288E+00 0.111143447E+00 0.110362828E+00 0.109699853E+00 0.109150879E+00
 0.108712196E+00 0.108380087E+00 0.108150855E+00 0.108020782E+00 0.107986040E+00
 0.108042561E+00 0.108185850E+00 0.108410805E+00 0.108711630E+00 0.109081782E+00
 0.169528320E+00 0.169779405E+00 0.169937283E+00 0.169937506E+00 0.169767201E+00
 0.169448271E+00 0.169008538E+00 0.168458730E+00 0.167533860E+00 0.165846229E+00
 0.164061129E+00 0.162465051E+00 0.161013186E+00 0.159668505E+00 0.158414558E+00
 0.157238066E+00 0.156128481E+00 0.155078068E+00 0.154082403E+00 0.153140679E+00
 0.152255833E+00 0.151453480E+00 0.150762126E+00 0.150206476E+00 0.149821147E+00
 0.149651945E+00 0.149759755E+00 0.150228545E+00 0.151178867E+00 0.152745873E+00
 0.153897822E+00 0.154244468E+00 0.153852597E+00 0.152659357E+00 0.150576085E+00
 0.147443071E+00 0.143686965E+00 0.140357256E+00 0.137317166E+00 0.134484038E+00
 0.131822228E+00 0.129322156E+00 0.126984462E+00 0.124810964E+00 0.122801237E+00
 0.120952271E+00 0.119259283E+00 0.117716566E+00 0.116318159E+00 0.115058146E+00
 0.113930859E+00 0.112930894E+00 0.112053134E+00 0.111292683E+00 0.110644847E+00
 0.110105090E+00 0.109668985E+00 0.109332174E+00 0.109090321E+00 0.108938999E+00
 0.108873665E+00 0.108889513E+00 0.108981408E+00 0.109143853E+00 0.109370977E+00
 0.796293020E+00 0.811389506E+00 0.822613955E+00 0.835482538E+00 0.849231601E+00
 0.863236129E+00 0.878196418E+00 0.893567502E+00 0.909527242E+00 0.925920010E+00
 0.942788363E+00 0.960476696E+00 0.978939295E+00 0.997596025E+00 0.101695013E+01
 0.103735018E+01 0.105844200E+01 0.108027172E+01 0.110285366E+01 0.112620091E+01
 0.115054262E+01 0.117586994E+01 0.120211661E+01 0.122935736E+01 0.125765014E+01
 0.128705800E+01 0.131765056E+01 0.134955347E+01 0.138273084E+01 0.141723597E+01
 0.145317602E+01 0.149061251E+01 0.152971351E+01 0.157060122E+01 0.161311507E+01
 0.165749240E+01 0.170399773E+01 0.175257170E+01 0.180340266E+01 0.185658264E+01
 0.191204262E+01 0.197065008E+01 0.203181100E+01 0.209573364E+01 0.216302252E+01
 0.223390841E+01 0.230837727E+01 0.238619041E+01 0.246845508E+01 0.255566621E+01
 0.264680123E+01 0.274308705E+01 0.284533477E+01 0.295302653E+01 0.306738496E+01
 0.318988705E+01 0.331958103E+01 0.346098018E+01 0.361202788E+01 0.377844954E+01
 0.395933008E+01 0.416894627E+01 0.442080832E+01 0.478036213E+01 0.607050943E+01
   84  117
 0.111112237E+01-0.200000003E+00 0.109656656E+01-0.150000006E+00 0.108194244E+01
-0.500000007E-01 0.108858871E+01 0.500000007E-01 0.110562503E+01 0.113775514E+00
 0.113218749E+01 0.180131137E+00 0.115875006E+01 0.232911974E+00 0.118531251E+01
 0.278956205E+00 0.121187496E+01 0.320750594E+00 0.123843753E+01 0.359234303E+00
 0.126938307E+01 0.400000006E+00 0.131080043E+01 0.449999988E+00 0.134468746E+01
 0.486437052E+00 0.137125003E+01 0.513023853E+00 0.141252303E+01 0.550000012E+00
 0.145093751E+01 0.580828607E+00 0.147757328E+01 0.600000024E+00 0.153062499E+01
 0.632574379E+00 0.156474078E+01 0.649999976E+00 0.161031246E+01 0.670417547E+00
 0.166343749E+01 0.687379062E+00 0.171656251E+01 0.698795676E+00 0.174312496E+01
 0.703077316E+00 0.179624999E+01 0.705231011E+00 0.183969045E+01 0.699999988E+00
 0.187593746E+01 0.692418218E+00 0.192906249E+01 0.674427569E+00 0.197240114E+01
 0.649999976E+00 0.200874996E+01 0.623822510E+00 0.203531241E+01 0.598469973E+00
 0.207711959E+01 0.550000012E+00 0.211105013E+01 0.500000000E+00 0.213974953E+01
 0.449999988E+00 0.216507244E+01 0.400000006E+00 0.218803167E+01 0.349999994E+00
 0.220908952E+01 0.300000012E+00 0.222823143E+01 0.250000000E+00 0.224781251E+01
 0.189331815E+00 0.227002454E+01 0.100000001E+00 0.227792382E+01 0.500000007E-01
 0.228069425E+01-0.500000007E-01 0.227437496E+01-0.109869368E+00 0.225671721E+01
-0.200000003E+00 0.224329829E+01-0.250000000E+00 0.222125006E+01-0.323295385E+00
 0.219550824E+01-0.400000006E+00 0.217658329E+01-0.449999988E+00 0.215604520E+01
-0.500000000E+00 0.213355875E+01-0.550000012E+00 0.210869336E+01-0.600000024E+00
 0.208106494E+01-0.649999976E+00 0.205044651E+01-0.699999988E+00 0.201679206E+01
-0.750000000E+00 0.198218751E+01-0.796674490E+00 0.195562506E+01-0.831682563E+00
 0.192906249E+01-0.865092754E+00 0.189898217E+01-0.899999976E+00 0.185718608E+01
-0.949999988E+00 0.182281256E+01-0.990384102E+00 0.179624999E+01-0.102220023E+01
 0.176968753E+01-0.105206478E+01 0.172436857E+01-0.110000002E+01 0.169000006E+01
-0.113874507E+01 0.165819657E+01-0.117698002E+01 0.163687503E+01-0.114322400E+01
 0.160332954E+01-0.110000002E+01 0.156914270E+01-0.104999995E+01 0.153567064E+01
-0.100000000E+01 0.150406253E+01-0.953872442E+00 0.147749996E+01-0.912322462E+00
 0.145093751E+01-0.869378209E+00 0.142437506E+01-0.825502455E+00 0.139781249E+01
-0.780822039E+00 0.137125003E+01-0.735329092E+00 0.134468746E+01-0.688943326E+00
 0.131812501E+01-0.641533554E+00 0.129156256E+01-0.592923880E+00 0.126499999E+01
-0.542896152E+00 0.123843753E+01-0.491191626E+00 0.121187496E+01-0.437506139E+00
 0.118531251E+01-0.381439149E+00 0.115875006E+01-0.322286576E+00 0.113218749E+01
-0.258388489E+00 0.111112237E+01-0.200000003E+00
 0.101600003E+01 0.000000000E+00 0.101600003E+01 0.963999987E+00 0.101600003E+01
 0.967999995E+00 0.101600003E+01 0.100100005E+01 0.101600003E+01 0.101900005E+01
 0.101600003E+01 0.107700002E+01 0.101600003E+01 0.107000005E+01 0.101600003E+01
 0.109599996E+01 0.101600003E+01 0.111300004E+01 0.101600003E+01 0.113800001E+01
 0.101600003E+01 0.114699996E+01 0.101199996E+01 0.116499996E+01 0.100100005E+01
 0.121700001E+01 0.102900004E+01 0.121700001E+01 0.104200006E+01 0.116240001E+01
 0.104600000E+01 0.116237998E+01 0.105599999E+01 0.116260004E+01 0.109700000E+01
 0.116450000E+01 0.110800004E+01 0.116594005E+01 0.111600006E+01 0.116591001E+01
 0.113399994E+01 0.116895998E+01 0.114800000E+01 0.117174995E+01 0.116199994E+01
 0.117556000E+01 0.118099999E+01 0.118299997E+01 0.118200004E+01 0.118350005E+01
 0.118499994E+01 0.118499994E+01 0.119000006E+01 0.118799996E+01 0.119500005E+01
 0.119099998E+01 0.120099998E+01 0.119599998E+01 0.120899999E+01 0.120200002E+01
 0.121500003E+01 0.120799994E+01 0.122200000E+01 0.121399999E+01 0.122800004E+01
 0.122099996E+01 0.123399997E+01 0.123099995E+01 0.123899996E+01 0.123800004E+01
 0.124199998E+01 0.124399996E+01 0.124800003E+01 0.125399995E+01 0.125800002E+01
 0.127800000E+01 0.126300001E+01 0.128999996E+01 0.127999997E+01 0.133099997E+01
 0.127999997E+01 0.134700000E+01 0.127999997E+01 0.134800005E+01 0.130999994E+01
 0.134800005E+01 0.132799995E+01 0.134800005E+01 0.136099994E+01 0.134800005E+01
 0.138000000E+01 0.134800005E+01 0.141900003E+01 0.134800005E+01 0.141900003E+01
 0.130999994E+01 0.137199998E+01 0.130999994E+01 0.137167001E+01 0.129237998E+01
 0.137003005E+01 0.128268003E+01 0.136688006E+01 0.125644004E+01 0.136719000E+01
 0.122955000E+01 0.137178004E+01 0.119576001E+01 0.137223995E+01 0.119402003E+01
 0.138662004E+01 0.116487002E+01 0.138707995E+01 0.116420996E+01 0.140382004E+01
 0.115696001E+01 0.141127002E+01 0.115730000E+01 0.141857004E+01 0.116131997E+01
 0.142100000E+01 0.116400003E+01 0.148662996E+01 0.124049997E+01 0.149730003E+01
 0.123458004E+01 0.149761999E+01 0.123427999E+01 0.149744999E+01 0.123174000E+01
 0.149275005E+01 0.121329999E+01 0.149259996E+01 0.121061003E+01 0.149260998E+01
 0.120485997E+01 0.149278998E+01 0.120213997E+01 0.149339998E+01 0.119641995E+01
 0.149469995E+01 0.118510997E+01 0.149621999E+01 0.116069996E+01 0.147981000E+01
 0.112425995E+01 0.148081994E+01 0.112256002E+01 0.148149002E+01 0.112137997E+01
 0.148645997E+01 0.111691999E+01 0.149094999E+01 0.111439002E+01 0.150304997E+01
 0.111243999E+01 0.159696996E+01 0.109489000E+01 0.162549996E+01 0.108529997E+01
 0.163751996E+01 0.107988000E+01 0.164699996E+01 0.107700002E+01 0.178499997E+01
 0.107700002E+01 0.206999993E+01 0.103999996E+01 0.212800002E+01 0.992999971E+00
 0.224499989E+01 0.708999991E+00 0.233956003E+01 0.461430013E+00 0.234707999E+01
 0.415829986E+00 0.234912992E+01 0.272179991E+00 0.235103011E+01 0.170179993E+00
 0.235157990E+01 0.701199993E-01 0.235124993E+01-0.317899995E-01 0.235050988E+01
-0.144350007E+00 0.234964991E+01-0.214829996E+00 0.234870005E+01-0.326689988E+00
 0.234759998E+01-0.386770010E+00 0.234019995E+01-0.453040004E+00 0.232942009E+01
-0.477569997E+00 0.213400006E+01-0.972999990E+00 0.178600001E+01-0.117400002E+01
 0.176800001E+01-0.121099997E+01 0.176800001E+01-0.125000000E+01 0.168200004E+01
-0.125000000E+01 0.137199998E+01-0.125000000E+01 0.137199998E+01-0.132900000E+01
 0.141999996E+01-0.132900000E+01 0.141999996E+01-0.136300004E+01 0.127300000E+01
-0.136300004E+01 0.115300000E+01-0.136300004E+01 0.101600003E+01-0.122300005E+01
 0.101600003E+01-0.122300005E+01 0.101600003E+01-0.829999983E+00 0.101600003E+01
-0.800000012E+00 0.101600003E+01-0.414999992E+00 0.101600003E+01-0.400000006E+00
 0.101600003E+01-0.100000005E-02 0.101600003E+01 0.000000000E+00
    0 0.170000005E+01    1
 0.000000000E+00 0.000000000E+00 0.000000000E+00 0.000000000E+00 0.000000000E+00
 0.000000000E+00 0.000000000E+00 0.000000000E+00 0.000000000E+00 0.000000000E+00
 0.000000000E+00 0.000000000E+00 0.000000000E+00 0.000000000E+00 0.000000000E+00
 0.000000000E+00 0.000000000E+00 0.000000000E+00 0.000000000E+00 0.000000000E+00
 0.000000000E+00 0.000000000E+00 0.000000000E+00 0.000000000E+00 0.000000000E+00
 0.000000000E+00 0.000000000E+00 0.000000000E+00 0.000000000E+00 0.000000000E+00
 0.000000000E+00 0.000000000E+00 0.000000000E+00 0.000000000E+00 0.000000000E+00
 0.000000000E+00 0.000000000E+00 0.000000000E+00 0.000000000E+00 0.000000000E+00
 0.000000000E+00 0.000000000E+00 0.000000000E+00 0.000000000E+00 0.000000000E+00
 0.000000000E+00 0.000000000E+00 0.000000000E+00 0.000000000E+00 0.000000000E+00
 0.000000000E+00 0.000000000E+00 0.000000000E+00 0.000000000E+00 0.000000000E+00
 0.000000000E+00 0.000000000E+00 0.000000000E+00 0.000000000E+00 0.000000000E+00
 0.000000000E+00 0.000000000E+00 0.000000000E+00 0.000000000E+00 0.000000000E+00
 0.000000000E+00 0.807210207E-01 0.114882335E+00 0.141426116E+00 0.164055407E+00
 0.184328765E+00 0.202803582E+00 0.220055804E+00 0.236311048E+00 0.250517160E+00
 0.265403271E+00 0.279905885E+00 0.293941498E+00 0.307453603E+00 0.320681453E+00
 0.333673030E+00 0.346451014E+00 0.358975947E+00 0.371323526E+00 0.383539706E+00
 0.395595610E+00 0.407585710E+00 0.419499844E+00 0.431295544E+00 0.443052858E+00
 0.454774439E+00 0.466444790E+00 0.478140771E+00 0.489808977E+00 0.501471341E+00
 0.513168573E+00 0.524888456E+00 0.536634088E+00 0.548467398E+00 0.560314894E+00
 0.572247624E+00 0.584264874E+00 0.596350551E+00 0.608548284E+00 0.620860517E+00
 0.633237600E+00 0.645812511E+00 0.658483267E+00 0.671275735E+00 0.684257209E+00
 0.697404683E+00 0.710742354E+00 0.724219561E+00 0.737916410E+00 0.751879573E+00
 0.766000509E+00 0.780380189E+00 0.795031190E+00 0.809938192E+00 0.825131357E+00
 0.840634406E+00 0.856444657E+00 0.872634172E+00 0.889181018E+00 0.906165361E+00
 0.923573196E+00 0.941570759E+00 0.960196793E+00 0.979723811E+00 0.100000000E+01
    1
 0.000000000E+00 0.000000000E+00 0.000000000E+00 0.000000000E+00 0.000000000E+00
 0.000000000E+00 0.000000000E+00 0.000000000E+00 0.000000000E+00 0.000000000E+00
 0.000000000E+00 0.000000000E+00 0.000000000E+00 0.000000000E+00 0.000000000E+00
 0.000000000E+00 0.000000000E+00 0.000000000E+00 0.000000000E+00 0.000000000E+00
 0.000000000E+00 0.000000000E+00 0.000000000E+00 0.000000000E+00 0.000000000E+00
 0.000000000E+00 0.000000000E+00 0.000000000E+00 0.000000000E+00 0.000000000E+00
 0.000000000E+00 0.000000000E+00 0.000000000E+00 0.000000000E+00 0.000000000E+00
 0.000000000E+00 0.000000000E+00 0.000000000E+00 0.000000000E+00 0.000000000E+00
 0.000000000E+00 0.000000000E+00 0.000000000E+00 0.000000000E+00 0.000000000E+00
 0.000000000E+00 0.000000000E+00 0.000000000E+00 0.000000000E+00 0.000000000E+00
 0.000000000E+00 0.000000000E+00 0.000000000E+00 0.000000000E+00 0.000000000E+00
 0.000000000E+00 0.000000000E+00 0.000000000E+00 0.000000000E+00 0.000000000E+00
 0.000000000E+00 0.000000000E+00 0.000000000E+00 0.000000000E+00 0.000000000E+00
&BASIS
 EE2BDRY= 32*0.00000000      ,
 EEBDRY= 32*0.00000000      ,
 EEKNT= 32*0.00000000      ,
 EETENS=  5.00000000    ,
 FF2BDRY= 64*0.00000000      ,
 FFBDRY=  3.79858208    , -9.45481968    ,  5.70034456    , 61*0.00000000      ,
 FFKNT= 64*0.00000000      ,
 FFTENS=  0.00000000    ,
 KEE2BDRY= 32*0          ,
 KEEBDRY= 32*0          ,
 KEEFNC=          0,
 KEEKNT=          0,
 KFF2BDRY= 64*0          ,
 KFFBDRY= 64*0          ,
 KFFFNC=          0,
 KFFKNT=          0,
 KPP2BDRY= 64*0          ,
 KPPBDRY= 64*0          ,
 KPPFNC=          0,
 KPPKNT=          0,
 KWW2BDRY= 64*0          ,
 KWWBDRY= 64*0          ,
 KWWFNC=          0,
 KWWKNT=          0,
 PP2BDRY= 64*0.00000000      ,
 PPBDRY=  279256.812    , -116785.594    , 62*0.00000000      ,
 PPKNT= 64*0.00000000      ,
 PPTENS=  0.00000000    ,
 WW2BDRY= 64*0.00000000      ,
 WWBDRY= -396.859680    , -31938.7617    , 62*0.00000000      ,
 WWKNT= 64*0.00000000      ,
 WWTENS=  0.00000000    ,
 /
