  EFITD    01/21/2000    #180520  2438ms           7  65  65
 0.170000005E+01 0.320000005E+01 0.169550002E+01 0.839999974E+00 0.000000000E+00
 0.177828348E+01-0.798949227E-01-0.256647617E+00 0.137311209E-02-0.197705591E+01
 0.884730500E+06-0.256647617E+00 0.000000000E+00 0.177828348E+01 0.000000000E+00
-0.798949227E-01 0.000000000E+00 0.137311209E-02 0.000000000E+00 0.000000000E+00
-0.342482138E+01-0.342053437E+01-0.341640854E+01-0.341244149E+01-0.340863061E+01
-0.340497279E+01-0.340146589E+01-0.339810658E+01-0.339489269E+01-0.339182091E+01
-0.338888860E+01-0.338609290E+01-0.338343072E+01-0.338089967E+01-0.337849617E+01
-0.337621760E+01-0.337406111E+01-0.337202334E+01-0.337010145E+01-0.336829233E+01
-0.336659288E+01-0.336500025E+01-0.336351109E+01-0.336212254E+01-0.336083126E+01
-0.335963392E+01-0.335852790E+01-0.335750961E+01-0.335657597E+01-0.335572386E+01
-0.335495019E+01-0.335425138E+01-0.335362458E+01-0.335306668E+01-0.335257387E+01
-0.335214353E+01-0.335177207E+01-0.335145617E+01-0.335119295E+01-0.335097909E+01
-0.335081100E+01-0.335068560E+01-0.335060000E+01-0.335055041E+01-0.335053372E+01
-0.335054684E+01-0.335058618E+01-0.335064888E+01-0.335073137E+01-0.335083079E+01
-0.335094333E+01-0.335106611E+01-0.335119557E+01-0.335132885E+01-0.335146236E+01
-0.335159278E+01-0.335171723E+01-0.335183215E+01-0.335193443E+01-0.335202074E+01
-0.335208774E+01-0.335213232E+01-0.335215116E+01-0.335214090E+01-0.335209846E+01
 0.575714609E+05 0.563791250E+05 0.551960820E+05 0.540223359E+05 0.528578828E+05
 0.517027266E+05 0.505568633E+05 0.494202930E+05 0.482930234E+05 0.471750430E+05
 0.460663594E+05 0.449669688E+05 0.438768750E+05 0.427960742E+05 0.417245703E+05
 0.406623594E+05 0.396094414E+05 0.385658203E+05 0.375314961E+05 0.365064609E+05
 0.354907266E+05 0.344842812E+05 0.334871328E+05 0.324992812E+05 0.315207227E+05
 0.305514570E+05 0.295914883E+05 0.286408145E+05 0.276994336E+05 0.267673477E+05
 0.258445586E+05 0.249310625E+05 0.240268594E+05 0.231319531E+05 0.222463418E+05
 0.213700234E+05 0.205030020E+05 0.196452734E+05 0.187968398E+05 0.179577012E+05
 0.171278574E+05 0.163073076E+05 0.154960527E+05 0.146940928E+05 0.139014277E+05
 0.131180566E+05 0.123439814E+05 0.115791992E+05 0.108237129E+05 0.100775205E+05
 0.934062305E+04 0.861302051E+04 0.789471240E+04 0.718569922E+04 0.648598047E+04
 0.579555664E+04 0.511442725E+04 0.444259229E+04 0.378005225E+04 0.312680688E+04
 0.248285620E+04 0.184820020E+04 0.122283875E+04 0.606772034E+03 0.000000000E+00
-0.371086812E+01-0.356826401E+01-0.342837071E+01-0.329118848E+01-0.315671706E+01
-0.302495670E+01-0.289590716E+01-0.276956844E+01-0.264594078E+01-0.252502394E+01
-0.240681791E+01-0.229132295E+01-0.217853880E+01-0.206846571E+01-0.196110332E+01
-0.185645199E+01-0.175451148E+01-0.165528190E+01-0.155876327E+01-0.146495557E+01
-0.137385869E+01-0.128547275E+01-0.119979775E+01-0.111683357E+01-0.103658032E+01
-0.959038079E+00-0.884206653E+00-0.812086165E+00-0.742676616E+00-0.675977886E+00
-0.611990154E+00-0.550713301E+00-0.492147326E+00-0.436292291E+00-0.383148164E+00
-0.332714915E+00-0.284992605E+00-0.239981189E+00-0.197680697E+00-0.158091098E+00
-0.121212400E+00-0.870446190E-01-0.555877462E-01-0.268417783E-01-0.806720171E-03
 0.225174315E-01 0.431306735E-01 0.610330105E-01 0.762244388E-01 0.887049586E-01
 0.984745696E-01 0.105533279E+00 0.109881073E+00 0.111517966E+00 0.110443942E+00
 0.106659018E+00 0.100163184E+00 0.909564421E-01 0.790387914E-01 0.644102395E-01
 0.470707715E-01 0.270204004E-01 0.425912114E-02-0.212130658E-01-0.493961610E-01
-0.296902250E+06-0.294596781E+06-0.292291312E+06-0.289985844E+06-0.287680375E+06
-0.285374906E+06-0.283069438E+06-0.280763969E+06-0.278458500E+06-0.276153062E+06
-0.273847562E+06-0.271542125E+06-0.269236656E+06-0.266931188E+06-0.264625719E+06
-0.262320250E+06-0.260014766E+06-0.257709297E+06-0.255403828E+06-0.253098359E+06
-0.250792891E+06-0.248487422E+06-0.246181953E+06-0.243876484E+06-0.241571016E+06
-0.239265547E+06-0.236960078E+06-0.234654609E+06-0.232349141E+06-0.230043672E+06
-0.227738203E+06-0.225432734E+06-0.223127266E+06-0.220821797E+06-0.218516328E+06
-0.216210859E+06-0.213905391E+06-0.211599922E+06-0.209294453E+06-0.206988984E+06
-0.204683516E+06-0.202378047E+06-0.200072578E+06-0.197767109E+06-0.195461641E+06
-0.193156172E+06-0.190850703E+06-0.188545234E+06-0.186239766E+06-0.183934312E+06
-0.181628844E+06-0.179323375E+06-0.177017906E+06-0.174712438E+06-0.172406969E+06
-0.170101500E+06-0.167796031E+06-0.165490562E+06-0.163185094E+06-0.160879625E+06
-0.158574156E+06-0.156268688E+06-0.153963219E+06-0.151657750E+06-0.149352281E+06
 0.100753278E+00 0.937244818E-01 0.859217793E-01 0.773015916E-01 0.679387897E-01
 0.580228940E-01 0.478265248E-01 0.376581959E-01 0.299376566E-01 0.271483082E-01
 0.240521189E-01 0.184910093E-01 0.117665650E-01 0.613832055E-02 0.128830795E-02
-0.289227185E-02-0.640230160E-02-0.917824265E-02-0.110629471E-01-0.117314560E-01
-0.105535462E-01-0.967799313E-02-0.107711768E-01-0.133775575E-01-0.173251573E-01
-0.226226747E-01-0.294306614E-01-0.380897298E-01-0.492051318E-01-0.636164993E-01
-0.749822259E-01-0.812104791E-01-0.829573721E-01-0.798650831E-01-0.717419684E-01
-0.579156019E-01-0.408228934E-01-0.269491486E-01-0.152949039E-01-0.521180639E-02
 0.373303611E-02 0.118404524E-01 0.193237010E-01 0.263339467E-01 0.329772905E-01
 0.393271782E-01 0.454333872E-01 0.513283648E-01 0.570316538E-01 0.625529736E-01
 0.678945258E-01 0.730527937E-01 0.780200362E-01 0.827857107E-01 0.873377621E-01
 0.916638896E-01 0.957527012E-01 0.995947570E-01 0.103183389E+00 0.106515236E+00
 0.109590590E+00 0.112413302E+00 0.114990577E+00 0.117332458E+00 0.119451240E+00
 0.100401878E+00 0.922847092E-01 0.830999538E-01 0.727156773E-01 0.611394197E-01
 0.485952422E-01 0.368815698E-01 0.285807718E-01 0.242392067E-01 0.240078066E-01
 0.229476914E-01 0.196816921E-01 0.152875213E-01 0.108548384E-01 0.666109379E-02
 0.281565730E-02-0.598933198E-03-0.349669135E-02-0.577819021E-02-0.733977370E-02
-0.819482189E-02-0.921966042E-02-0.112350592E-01-0.143346665E-01-0.185589846E-01
-0.240070112E-01-0.308767576E-01-0.395172834E-01-0.505269282E-01-0.646918714E-01
-0.759475902E-01-0.821462199E-01-0.838438123E-01-0.808678269E-01-0.729001611E-01
-0.591651015E-01-0.422735028E-01-0.283702575E-01-0.165334828E-01-0.615038490E-02
 0.317532546E-02 0.117143299E-01 0.196580552E-01 0.271441750E-01 0.342718624E-01
 0.411116742E-01 0.477123149E-01 0.541054457E-01 0.603091605E-01 0.663305894E-01
 0.721679479E-01 0.778123140E-01 0.832493082E-01 0.884607658E-01 0.934265777E-01
 0.981264859E-01 0.102541968E+00 0.106657870E+00 0.110463753E+00 0.113954797E+00
 0.117132157E+00 0.120002754E+00 0.122578651E+00 0.124876015E+00 0.126913980E+00
 0.102368489E+00 0.937345922E-01 0.836571977E-01 0.716636926E-01 0.575881489E-01
 0.458199978E-01 0.374106616E-01 0.325628147E-01 0.314328223E-01 0.307975095E-01
 0.291989800E-01 0.266114082E-01 0.233370513E-01 0.197151490E-01 0.160061028E-01
 0.123808458E-01 0.894773193E-02 0.577141764E-02 0.287398812E-02 0.216335669E-03
-0.233435631E-02-0.500624767E-02-0.804342236E-02-0.116289388E-01-0.158873983E-01
-0.209170375E-01-0.268103853E-01-0.336527899E-01-0.414696708E-01-0.498400480E-01
-0.567048937E-01-0.606835783E-01-0.614940934E-01-0.590043217E-01-0.531209931E-01
-0.439501442E-01-0.329827033E-01-0.223153308E-01-0.123358835E-01-0.301553216E-02
 0.573847722E-02 0.140245780E-01 0.219309349E-01 0.295309983E-01 0.368829668E-01
 0.440305844E-01 0.510043353E-01 0.578225851E-01 0.644926280E-01 0.710116029E-01
 0.773673803E-01 0.835396200E-01 0.895011276E-01 0.952196792E-01 0.100660346E+00
 0.105788328E+00 0.110571943E+00 0.114985563E+00 0.119011946E+00 0.122643784E+00
 0.125884086E+00 0.128745571E+00 0.131249070E+00 0.133421391E+00 0.135292977E+00
 0.107377231E+00 0.991383716E-01 0.894528702E-01 0.779742971E-01 0.651192442E-01
 0.559058711E-01 0.509761162E-01 0.478747897E-01 0.449971333E-01 0.421132259E-01
 0.390478373E-01 0.357247368E-01 0.321663767E-01 0.284537245E-01 0.246831682E-01
 0.209398028E-01 0.172857493E-01 0.137555730E-01 0.103529738E-01 0.704749860E-02
 0.377461058E-02 0.444633188E-03-0.303884363E-02-0.675928546E-02-0.107740834E-01
-0.151060652E-01-0.197308082E-01-0.245491117E-01-0.293363221E-01-0.336870290E-01
-0.370502919E-01-0.389090441E-01-0.389229991E-01-0.369450413E-01-0.330171250E-01
-0.273996517E-01-0.205678269E-01-0.130569059E-01-0.526748318E-02 0.257408968E-02
 0.103607709E-01 0.180516168E-01 0.256390646E-01 0.331306346E-01 0.405387692E-01
 0.478750728E-01 0.551468879E-01 0.623551048E-01 0.694926232E-01 0.765431523E-01
 0.834804028E-01 0.902677029E-01 0.968584716E-01 0.103197850E+00 0.109225869E+00
 0.114882030E+00 0.120110907E+00 0.124867842E+00 0.129123583E+00 0.132867202E+00
 0.136106595E+00 0.138866559E+00 0.141185120E+00 0.143108666E+00 0.144687116E+00
 0.115644552E+00 0.108644649E+00 0.100327618E+00 0.908420980E-01 0.811972022E-01
 0.741975009E-01 0.682988018E-01 0.631223917E-01 0.584110320E-01 0.539768301E-01
 0.496864133E-01 0.454576425E-01 0.412541479E-01 0.370739140E-01 0.329348333E-01
 0.288615339E-01 0.248756073E-01 0.209893193E-01 0.172020942E-01 0.134995123E-01
 0.985514652E-02 0.623555575E-02 0.260799658E-02-0.105052209E-02-0.474406639E-02
-0.844858959E-02-0.121019892E-01-0.155935129E-01-0.187561214E-01-0.213706084E-01
-0.231908411E-01-0.239871666E-01-0.235897582E-01-0.219168421E-01-0.189864598E-01
-0.149131306E-01-0.988498610E-02-0.412137015E-02 0.217258907E-02 0.883371755E-02
 0.157464407E-01 0.228354502E-01 0.300547089E-01 0.373774208E-01 0.447881445E-01
 0.522768795E-01 0.598345548E-01 0.674493834E-01 0.751035959E-01 0.827702656E-01
 0.904101953E-01 0.979689360E-01 0.105374768E+00 0.112538882E+00 0.119359136E+00
 0.125728369E+00 0.131546244E+00 0.136731774E+00 0.141233698E+00 0.145036370E+00
 0.148160517E+00 0.150658295E+00 0.152603835E+00 0.154081494E+00 0.155175433E+00
 0.127516195E+00 0.122599341E+00 0.114493087E+00 0.105630763E+00 0.972847268E-01
 0.896335021E-01 0.826963782E-01 0.763664916E-01 0.705154762E-01 0.650280863E-01
 0.598117225E-01 0.547985695E-01 0.499443077E-01 0.452242270E-01 0.406278297E-01
 0.361530781E-01 0.318013243E-01 0.275735129E-01 0.234679170E-01 0.194795225E-01
 0.156010427E-01 0.118255205E-01 0.815017894E-02 0.458109053E-02 0.113814103E-02
-0.214020093E-02-0.519292010E-02-0.793431886E-02-0.102553396E-01-0.120301479E-01
-0.131286616E-01-0.134332245E-01-0.128554506E-01-0.113489423E-01-0.891504344E-02
-0.560060283E-02-0.148810830E-02 0.331954053E-02 0.871534366E-02 0.146011636E-01
 0.208950546E-01 0.275333337E-01 0.344691798E-01 0.416695550E-01 0.491115749E-01
 0.567789450E-01 0.646584928E-01 0.727366880E-01 0.809958056E-01 0.894092843E-01
 0.979356840E-01 0.106511027E+00 0.115039617E+00 0.123386145E+00 0.131375298E+00
 0.138807073E+00 0.145487607E+00 0.151261836E+00 0.156035751E+00 0.159787521E+00
 0.162570268E+00 0.164502248E+00 0.165740684E+00 0.166448221E+00 0.166768253E+00
 0.138357401E+00 0.134840876E+00 0.127072752E+00 0.118073709E+00 0.109629907E+00
 0.101722173E+00 0.943225026E-01 0.873883739E-01 0.808645561E-01 0.746924728E-01
 0.688179508E-01 0.631956086E-01 0.577905253E-01 0.525779277E-01 0.475417152E-01
 0.426723436E-01 0.379646905E-01 0.334163159E-01 0.290263593E-01 0.247952286E-01
 0.207251534E-01 0.168214850E-01 0.130946180E-01 0.956225581E-02 0.625171699E-02
 0.320186559E-02 0.464214681E-03-0.189734332E-02-0.380873377E-02-0.519017316E-02
-0.596279837E-02-0.605666591E-02-0.541872485E-02-0.401914632E-02-0.185332145E-02
 0.105953659E-02 0.468082586E-02 0.895901490E-02 0.138367442E-01 0.192572065E-01
 0.251688864E-01 0.315283574E-01 0.383013710E-01 0.454627275E-01 0.529953428E-01
 0.608888641E-01 0.691379830E-01 0.777403787E-01 0.866938755E-01 0.959923416E-01
 0.105618842E+00 0.115533613E+00 0.125652328E+00 0.135807693E+00 0.145699352E+00
 0.154898643E+00 0.162981108E+00 0.169647336E+00 0.174731389E+00 0.178190976E+00
 0.180136472E+00 0.180861503E+00 0.180758670E+00 0.180161357E+00 0.179292724E+00
 0.146693066E+00 0.143957049E+00 0.136485010E+00 0.127675176E+00 0.119264059E+00
 0.111245587E+00 0.103610694E+00 0.963410437E-01 0.894116163E-01 0.827938765E-01
 0.764590651E-01 0.703808218E-01 0.645368174E-01 0.589095242E-01 0.534861721E-01
 0.482583530E-01 0.432213619E-01 0.383736342E-01 0.337163769E-01 0.292535592E-01
 0.249922164E-01 0.209431518E-01 0.171218626E-01 0.135495793E-01 0.102542499E-01
 0.727123860E-02 0.464350730E-02 0.242105080E-02 0.659376441E-03-0.583127257E-03
-0.124899822E-02-0.128660863E-02-0.655542302E-03 0.663759478E-03 0.267519476E-02
 0.536901457E-02 0.872481521E-02 0.127148740E-01 0.173075814E-01 0.224707015E-01
 0.281741563E-01 0.343921967E-01 0.411049016E-01 0.482991226E-01 0.559690297E-01
 0.641164631E-01 0.727512091E-01 0.818912461E-01 0.915631354E-01 0.101802193E+00
 0.112652212E+00 0.124163374E+00 0.136385351E+00 0.149347112E+00 0.162911788E+00
 0.175537765E+00 0.185971379E+00 0.194024637E+00 0.199543074E+00 0.202350065E+00
 0.202268213E+00 0.199991956E+00 0.197341278E+00 0.194696486E+00 0.192176178E+00
 0.152930021E+00 0.150630519E+00 0.143579215E+00 0.134993285E+00 0.126676455E+00
 0.118642509E+00 0.110896245E+00 0.103435092E+00 0.962513238E-01 0.893339887E-01
 0.826706365E-01 0.762488171E-01 0.700572282E-01 0.640865117E-01 0.583297424E-01
 0.527825952E-01 0.474434048E-01 0.423131734E-01 0.373955704E-01 0.326971039E-01
 0.282273535E-01 0.239993632E-01 0.200301073E-01 0.163409691E-01 0.129581662E-01
 0.991305150E-02 0.724222837E-02 0.498746987E-02 0.319544482E-02 0.191713776E-02
 0.120644027E-02 0.111590803E-02 0.170711731E-02 0.297016744E-02 0.490018772E-02
 0.748518668E-02 0.107100010E-01 0.145576037E-01 0.190100167E-01 0.240495186E-01
 0.296600759E-01 0.358288139E-01 0.425474234E-01 0.498134941E-01 0.576318763E-01
 0.660161600E-01 0.749905705E-01 0.845925212E-01 0.948763713E-01 0.105919108E+00
 0.117829524E+00 0.130763814E+00 0.144954443E+00 0.160767466E+00 0.178460702E+00
 0.194672495E+00 0.207692742E+00 0.217461526E+00 0.223842829E+00 0.226447254E+00
 0.225086734E+00 0.219592348E+00 0.213715002E+00 0.208614871E+00 0.204246730E+00
 0.157651857E+00 0.155617550E+00 0.148879677E+00 0.140478864E+00 0.132260382E+00
 0.124248028E+00 0.116450004E+00 0.108871743E+00 0.101516061E+00 0.943834037E-01
 0.874724016E-01 0.807805881E-01 0.743052214E-01 0.680439919E-01 0.619955547E-01
 0.561599918E-01 0.505391099E-01 0.451366678E-01 0.399586223E-01 0.350133032E-01
 0.303116553E-01 0.258674808E-01 0.216976572E-01 0.178223494E-01 0.142651433E-01
 0.110531459E-01 0.821710657E-02 0.579185085E-02 0.381762092E-02 0.234336243E-02
 0.143470813E-02 0.110887829E-02 0.173223775E-02 0.299261254E-02 0.491938088E-02
 0.748392520E-02 0.106713409E-01 0.144717852E-01 0.188764092E-01 0.238769334E-01
 0.294663012E-01 0.356398262E-01 0.423965231E-01 0.497405417E-01 0.576827675E-01
 0.662427321E-01 0.754511133E-01 0.853530690E-01 0.960130319E-01 0.107521705E+00
 0.120006397E+00 0.133646682E+00 0.148697048E+00 0.165514037E+00 0.184554726E+00
 0.203857794E+00 0.219344899E+00 0.230872303E+00 0.238471732E+00 0.242081672E+00
 0.241231173E+00 0.235731944E+00 0.226979524E+00 0.219742551E+00 0.213877797E+00
 0.161278561E+00 0.159465611E+00 0.152686074E+00 0.144417033E+00 0.136302561E+00
 0.128326133E+00 0.120497897E+00 0.112831935E+00 0.105340846E+00 0.980342105E-01
 0.909187868E-01 0.839992538E-01 0.772790164E-01 0.707609579E-01 0.644480810E-01
 0.583440140E-01 0.524534397E-01 0.467823930E-01 0.413385779E-01 0.361315571E-01
 0.311729833E-01 0.264767371E-01 0.220590420E-01 0.179384779E-01 0.141358199E-01
 0.106736394E-01 0.757549796E-02 0.486481888E-02 0.256420369E-02 0.693075533E-03
-0.441413024E-03-0.839596265E-03-0.452013832E-03 0.736761722E-03 0.279627717E-02
 0.542601803E-02 0.864244718E-02 0.124574518E-01 0.168727878E-01 0.218873378E-01
 0.274990872E-01 0.337070674E-01 0.405129008E-01 0.479221120E-01 0.559454709E-01
 0.646005794E-01 0.739138052E-01 0.839228258E-01 0.946798697E-01 0.106256038E+00
 0.118746810E+00 0.132278740E+00 0.147016793E+00 0.163170859E+00 0.181001008E+00
 0.200723693E+00 0.217833489E+00 0.230775818E+00 0.239657208E+00 0.244513273E+00
 0.245457411E+00 0.241999850E+00 0.234080538E+00 0.225817963E+00 0.219448239E+00
 0.163256556E+00 0.161319420E+00 0.154990479E+00 0.147052214E+00 0.139074579E+00
 0.131117091E+00 0.123237453E+00 0.115472525E+00 0.107846461E+00 0.100375772E+00
 0.930721536E-01 0.859443024E-01 0.789990723E-01 0.722423866E-01 0.656798929E-01
 0.593174808E-01 0.531616956E-01 0.472200848E-01 0.415014364E-01 0.360160246E-01
 0.307757817E-01 0.257944390E-01 0.210876577E-01 0.166730788E-01 0.125702312E-01
 0.880000461E-02 0.538283354E-02 0.233311625E-02-0.335920427E-03-0.232676347E-02
-0.361684128E-02-0.418277597E-02-0.399470516E-02-0.302109239E-02-0.122267683E-02
 0.144346408E-02 0.467641139E-02 0.852904562E-02 0.129876398E-01 0.180511735E-01
 0.237157997E-01 0.299789701E-01 0.368405022E-01 0.443028659E-01 0.523716137E-01
 0.610560440E-01 0.703700408E-01 0.803330168E-01 0.909708142E-01 0.102316394E+00
 0.114410043E+00 0.127298549E+00 0.141033009E+00 0.155665562E+00 0.171249792E+00
 0.187873170E+00 0.204702303E+00 0.217554525E+00 0.226910651E+00 0.233023196E+00
 0.235770807E+00 0.235412911E+00 0.231528848E+00 0.224929363E+00 0.219909862E+00
 0.165834025E+00 0.163920075E+00 0.157210693E+00 0.149068356E+00 0.140934348E+00
 0.132836163E+00 0.124816604E+00 0.116904616E+00 0.109119952E+00 0.101476826E+00
 0.939859822E-01 0.866559893E-01 0.794941559E-01 0.725071654E-01 0.657015592E-01
 0.590841621E-01 0.526623540E-01 0.464443713E-01 0.404394679E-01 0.346581079E-01
 0.291120969E-01 0.238147378E-01 0.187810455E-01 0.140281646E-01 0.957632717E-02
 0.545119587E-02 0.168964895E-02-0.172038679E-02-0.450211437E-02-0.663524307E-02
-0.809553359E-02-0.885695871E-02-0.889247470E-02-0.817547645E-02-0.668131560E-02
-0.439125672E-02-0.129987916E-02 0.266857282E-02 0.720245857E-02 0.123561760E-01
 0.181093980E-01 0.244543571E-01 0.313882083E-01 0.389089994E-01 0.470148921E-01
 0.557040870E-01 0.649748147E-01 0.748251006E-01 0.852518231E-01 0.962488651E-01
 0.107803591E+00 0.119890898E+00 0.132462814E+00 0.145430088E+00 0.158626154E+00
 0.171728551E+00 0.184120208E+00 0.195001349E+00 0.203886181E+00 0.210609511E+00
 0.215150937E+00 0.217595726E+00 0.218192160E+00 0.217494458E+00 0.216286153E+00
 0.168072164E+00 0.166374043E+00 0.159018517E+00 0.150328517E+00 0.141829789E+00
 0.133475468E+00 0.125251815E+00 0.117157847E+00 0.109197266E+00 0.101375222E+00
 0.936971381E-01 0.861684829E-01 0.787947699E-01 0.715817660E-01 0.645356327E-01
 0.576630868E-01 0.509715825E-01 0.444694236E-01 0.381658487E-01 0.320711099E-01
 0.261964742E-01 0.205541626E-01 0.151571874E-01 0.100189513E-01 0.515236799E-02
 0.567856361E-03-0.346927508E-02-0.696907705E-02-0.988801382E-02-0.121906772E-01
-0.138450637E-01-0.148209920E-01-0.150897969E-01-0.146246683E-01-0.134012122E-01
-0.113979774E-01-0.859608874E-02-0.497578597E-02-0.532016216E-03 0.481133861E-02
 0.107066240E-01 0.171683673E-01 0.242055040E-01 0.318143405E-01 0.399859473E-01
 0.487071984E-01 0.579614230E-01 0.677279830E-01 0.779807642E-01 0.886854902E-01
 0.997955278E-01 0.111245774E+00 0.122943923E+00 0.134758532E+00 0.146504611E+00
 0.157932490E+00 0.168736845E+00 0.178603753E+00 0.187277406E+00 0.194599420E+00
 0.200514272E+00 0.205065727E+00 0.208394870E+00 0.210725620E+00 0.212316021E+00
 0.167950258E+00 0.166201115E+00 0.158986747E+00 0.150118515E+00 0.141412750E+00
 0.132864907E+00 0.124464214E+00 0.116203301E+00 0.108078152E+00 0.100087382E+00
 0.922315270E-01 0.845126137E-01 0.769338459E-01 0.694994926E-01 0.622147731E-01
 0.550858863E-01 0.481199771E-01 0.413251817E-01 0.347106084E-01 0.282863416E-01
 0.220633820E-01 0.160535518E-01 0.102693057E-01 0.472341245E-02-0.571499462E-03
-0.535309594E-02-0.960638933E-02-0.133124460E-01-0.164431948E-01-0.189672820E-01
-0.208525453E-01-0.220672693E-01-0.225810502E-01-0.223654304E-01-0.213943254E-01
-0.196441021E-01-0.170930531E-01-0.137200113E-01-0.950230937E-02-0.440745847E-02
 0.160207716E-02 0.817239564E-02 0.153486384E-01 0.230987314E-01 0.314026028E-01
 0.402332470E-01 0.495601669E-01 0.593489148E-01 0.695592239E-01 0.801423714E-01
 0.910378918E-01 0.102169812E+00 0.113442399E+00 0.124736369E+00 0.135906979E+00
 0.146786600E+00 0.157194629E+00 0.166954637E+00 0.175914586E+00 0.183963403E+00
 0.191040218E+00 0.197136477E+00 0.202291712E+00 0.206582561E+00 0.210105464E+00
 0.166615292E+00 0.164799660E+00 0.157389626E+00 0.148403049E+00 0.139582857E+00
 0.130919665E+00 0.122402199E+00 0.114020020E+00 0.105765127E+00 0.976323932E-01
 0.896192938E-01 0.817255080E-01 0.739525706E-01 0.663035735E-01 0.587829724E-01
 0.513964966E-01 0.441510491E-01 0.370546579E-01 0.301164314E-01 0.233465228E-01
 0.167561062E-01 0.103573268E-01 0.416321447E-02-0.181244372E-02-0.731670856E-02
-0.123320799E-01-0.168359708E-01-0.208013076E-01-0.241969004E-01-0.269889887E-01
-0.291427821E-01-0.306237917E-01-0.313989408E-01-0.314374566E-01-0.307115335E-01
-0.291967187E-01-0.268720444E-01-0.237199254E-01-0.197261199E-01-0.148802483E-01
-0.917957164E-02-0.263687805E-02 0.481531909E-02 0.127988523E-01 0.213496871E-01
 0.304145254E-01 0.399503745E-01 0.499153733E-01 0.602641031E-01 0.709445551E-01
 0.818957835E-01 0.930459127E-01 0.104310565E+00 0.115592122E+00 0.126780480E+00
 0.137755960E+00 0.148394525E+00 0.158575058E+00 0.168187350E+00 0.177139014E+00
 0.185360283E+00 0.192805812E+00 0.199453741E+00 0.205302253E+00 0.210364610E+00
 0.163782999E+00 0.161833167E+00 0.154228359E+00 0.145180643E+00 0.136325628E+00
 0.127630115E+00 0.119069926E+00 0.110627301E+00 0.102290511E+00 0.940524861E-01
 0.859096199E-01 0.778608918E-01 0.699073300E-01 0.620516650E-01 0.542981401E-01
 0.466523878E-01 0.391213521E-01 0.317132063E-01 0.244372599E-01 0.173039157E-01
 0.103247529E-01 0.351260160E-02-0.311841141E-02-0.932619441E-02-0.150928358E-01
-0.203941334E-01-0.252005607E-01-0.294782594E-01-0.331900977E-01-0.362969488E-01
-0.387590379E-01-0.405372567E-01-0.415944196E-01-0.418963172E-01-0.414126255E-01
-0.401175581E-01-0.379903056E-01-0.350152589E-01-0.311820600E-01-0.264855996E-01
-0.209258627E-01-0.145068504E-01-0.723210769E-02 0.877682003E-03 0.988337677E-02
 0.193507727E-01 0.292571895E-01 0.395701230E-01 0.502495654E-01 0.612485185E-01
 0.725127310E-01 0.839802250E-01 0.955809951E-01 0.107236989E+00 0.118862845E+00
 0.130367309E+00 0.141655400E+00 0.152631119E+00 0.163200185E+00 0.173272505E+00
 0.182763904E+00 0.191597313E+00 0.199703708E+00 0.207023054E+00 0.213506058E+00
 0.158986956E+00 0.156763688E+00 0.149321258E+00 0.140376776E+00 0.131640121E+00
 0.123038076E+00 0.114529997E+00 0.106096879E+00 0.977297500E-01 0.894244984E-01
 0.811797306E-01 0.729958341E-01 0.648746565E-01 0.568193644E-01 0.488345064E-01
 0.409260355E-01 0.331013389E-01 0.253691114E-01 0.177391078E-01 0.102218073E-01
 0.282897335E-02-0.442594802E-02-0.113126375E-01-0.178138204E-01-0.239046197E-01
-0.295535158E-01-0.347234309E-01-0.393728726E-01-0.434572287E-01-0.469301231E-01
-0.497448929E-01-0.518560372E-01-0.532206148E-01-0.537995435E-01-0.535586774E-01
-0.524696857E-01-0.505106077E-01-0.476661175E-01-0.439274050E-01-0.392916910E-01
-0.337612219E-01-0.273415577E-01-0.200390201E-01-0.118577396E-01-0.279034837E-02
 0.717419852E-02 0.175788235E-01 0.283918437E-01 0.395767540E-01 0.510923527E-01
 0.628927052E-01 0.749270096E-01 0.871394575E-01 0.994691625E-01 0.111850150E+00
 0.124211453E+00 0.136477068E+00 0.148565784E+00 0.160390556E+00 0.171857506E+00
 0.182864681E+00 0.193301320E+00 0.203048572E+00 0.211983159E+00 0.219984695E+00
 0.152118877E+00 0.149332702E+00 0.142268211E+00 0.134000346E+00 0.125674605E+00
 0.117312565E+00 0.108939156E+00 0.100568160E+00 0.922076032E-01 0.838624984E-01
 0.755363256E-01 0.672319978E-01 0.589525290E-01 0.507015549E-01 0.424838662E-01
 0.343058072E-01 0.261756834E-01 0.181037914E-01 0.101014990E-01 0.217751320E-02
-0.565757882E-02-0.131866075E-01-0.203943010E-01-0.272562224E-01-0.337397568E-01
-0.398051590E-01-0.454067178E-01-0.504940487E-01-0.550135188E-01-0.589098148E-01
-0.621275976E-01-0.646131784E-01-0.663161725E-01-0.671910420E-01-0.671984330E-01
-0.663062260E-01-0.644902438E-01-0.617345907E-01-0.580314845E-01-0.533806011E-01
-0.477879234E-01-0.412640050E-01-0.338217579E-01-0.254738349E-01-0.162297450E-01
-0.609452464E-02 0.493323617E-02 0.163864829E-01 0.282316599E-01 0.404334292E-01
 0.529545732E-01 0.657558665E-01 0.787958652E-01 0.920306072E-01 0.105413035E+00
 0.118892096E+00 0.132411182E+00 0.145905748E+00 0.159299672E+00 0.172500238E+00
 0.185391769E+00 0.197828829E+00 0.209631383E+00 0.220586404E+00 0.230461538E+00
 0.144833654E+00 0.141514257E+00 0.134841844E+00 0.127016038E+00 0.118978724E+00
 0.110803328E+00 0.102543794E+00 0.942308158E-01 0.858814344E-01 0.775051117E-01
 0.691071525E-01 0.606907569E-01 0.522583276E-01 0.438124351E-01 0.353566743E-01
 0.268966667E-01 0.184415933E-01 0.100068264E-01 0.161844050E-02-0.673268735E-02
-0.148475925E-01-0.227150843E-01-0.303123277E-01-0.376065858E-01-0.445563830E-01
-0.511125848E-01-0.572195947E-01-0.628167018E-01-0.678396970E-01-0.722225904E-01
-0.758995786E-01-0.788069665E-01-0.808852017E-01-0.820806623E-01-0.823473707E-01
-0.816482604E-01-0.799561292E-01-0.772540495E-01-0.735352710E-01-0.688025355E-01
-0.630668029E-01-0.563455112E-01-0.486602709E-01-0.400343202E-01-0.304896794E-01
-0.200443808E-01-0.870942697E-02 0.351453805E-02 0.161549747E-01 0.291827209E-01
 0.425696932E-01 0.562888533E-01 0.703141317E-01 0.846201777E-01 0.991817564E-01
 0.113972642E+00 0.128963560E+00 0.144118771E+00 0.159390450E+00 0.174709827E+00
 0.189973667E+00 0.205024108E+00 0.219621718E+00 0.233419195E+00 0.245965004E+00
 0.138337255E+00 0.134760872E+00 0.127915069E+00 0.119967423E+00 0.111911625E+00
 0.103764027E+00 0.955390558E-01 0.872478709E-01 0.788970962E-01 0.704896525E-01
 0.620260090E-01 0.535053313E-01 0.449262746E-01 0.362875238E-01 0.275881346E-01
 0.188278500E-01 0.100078471E-01 0.113316916E-02-0.759367086E-02-0.161954537E-01
-0.246463604E-01-0.329181962E-01-0.409761146E-01-0.487770438E-01-0.562694184E-01
-0.633936301E-01-0.700830072E-01-0.762651861E-01-0.818637982E-01-0.868005231E-01
-0.909972563E-01-0.943785012E-01-0.968737230E-01-0.984196216E-01-0.989621580E-01
-0.984582156E-01-0.968768224E-01-0.941997021E-01-0.904212594E-01-0.855478942E-01
-0.795965716E-01-0.725928769E-01-0.645684600E-01-0.555581152E-01-0.455964953E-01
-0.347146131E-01-0.229361486E-01-0.102734985E-01 0.327639305E-02 0.172389671E-01
 0.315953754E-01 0.463310741E-01 0.614361688E-01 0.769057497E-01 0.927400365E-01
 0.108944170E+00 0.125527322E+00 0.142500669E+00 0.159873471E+00 0.177645653E+00
 0.195793957E+00 0.214245781E+00 0.232825845E+00 0.251127213E+00 0.268197507E+00
 0.131593093E+00 0.127765596E+00 0.120566897E+00 0.112483151E+00 0.104363829E+00
 0.961998701E-01 0.879838839E-01 0.797072500E-01 0.713608637E-01 0.629357100E-01
 0.544233024E-01 0.458159707E-01 0.371068642E-01 0.282897260E-01 0.193580780E-01
 0.103033334E-01 0.111028494E-02-0.800669659E-02-0.170510262E-01-0.260198358E-01
-0.348961055E-01-0.436510965E-01-0.522450544E-01-0.606275387E-01-0.687378943E-01
-0.765060186E-01-0.838535130E-01-0.906952694E-01-0.969414264E-01-0.102499679E+00
-0.107277915E+00-0.111187018E+00-0.114143729E+00-0.116073407E+00-0.116912588E+00
-0.116611019E+00-0.115133218E+00-0.112459287E+00-0.108584978E+00-0.103520915E+00
-0.972910598E-01-0.899304003E-01-0.814820528E-01-0.719937980E-01-0.615142621E-01
-0.500888228E-01-0.377552956E-01-0.245394632E-01-0.104504246E-01 0.452437066E-02
 0.199113991E-01 0.357075445E-01 0.519180372E-01 0.685578510E-01 0.856533125E-01
 0.103243686E+00 0.121382795E+00 0.140140995E+00 0.159607321E+00 0.179891929E+00
 0.201128542E+00 0.223476946E+00 0.247124106E+00 0.272256047E+00 0.297666878E+00
 0.123886816E+00 0.119754791E+00 0.112484038E+00 0.104305491E+00 0.961623341E-01
 0.880268887E-01 0.798670128E-01 0.716520473E-01 0.633551031E-01 0.549537912E-01
 0.464299247E-01 0.377690606E-01 0.289599691E-01 0.199943464E-01 0.108669307E-01
 0.157650502E-02-0.787100755E-02-0.172873456E-01-0.266911183E-01-0.360816233E-01
-0.454419404E-01-0.547406897E-01-0.639329925E-01-0.729611441E-01-0.817553252E-01
-0.902345479E-01-0.983080044E-01-0.105876833E+00-0.112836398E+00-0.119078942E+00
-0.124496736E+00-0.128985345E+00-0.132447124E+00-0.134794563E+00-0.135953397E+00
-0.135865226E+00-0.134489372E+00-0.131804079E+00-0.127806604E+00-0.122512423E+00
-0.115953468E+00-0.108175486E+00-0.992345884E-01-0.891932845E-01-0.781160146E-01
-0.660644844E-01-0.530927666E-01-0.392423645E-01-0.245372094E-01-0.897844043E-02
 0.746120326E-02 0.243102815E-01 0.415846184E-01 0.593137890E-01 0.775452256E-01
 0.963468924E-01 0.115810990E+00 0.136059806E+00 0.157254174E+00 0.179606289E+00
 0.203398749E+00 0.229015529E+00 0.256998003E+00 0.288163513E+00 0.320905358E+00
 0.115187645E+00 0.110722288E+00 0.103322916E+00 0.951523110E-01 0.871231854E-01
 0.791575983E-01 0.711821169E-01 0.631377250E-01 0.549794436E-01 0.466735922E-01
 0.381949842E-01 0.295247026E-01 0.206485447E-01 0.115560247E-01 0.223981286E-02
-0.730445934E-02-0.169173367E-01-0.266067069E-01-0.363731682E-01-0.462059230E-01
-0.560810678E-01-0.659608245E-01-0.757932886E-01-0.855124593E-01-0.950386822E-01
-0.104279481E+00-0.113130912E+00-0.121479519E+00-0.129204825E+00-0.136182413E+00
-0.142287567E+00-0.147399098E+00-0.151403561E+00-0.154199228E+00-0.155699864E+00
-0.155837953E+00-0.154567093E+00-0.151863396E+00-0.147725806E+00-0.142175213E+00
-0.135252476E+00-0.127015308E+00-0.117534339E+00-0.106888510E+00-0.951599255E-01
-0.824285895E-01-0.687669590E-01-0.542346388E-01-0.388731472E-01-0.227008313E-01
-0.570774265E-02 0.121499002E-01 0.303965230E-01 0.490625948E-01 0.682084337E-01
 0.879188627E-01 0.108306006E+00 0.129516482E+00 0.151742548E+00 0.175238147E+00
 0.200341269E+00 0.227503538E+00 0.257323444E+00 0.290566325E+00 0.326388240E+00
 0.104961507E+00 0.100097522E+00 0.924924016E-01 0.846538469E-01 0.770850107E-01
 0.695790276E-01 0.620101281E-01 0.543012954E-01 0.464032181E-01 0.382825732E-01
 0.299156811E-01 0.212850366E-01 0.123772500E-01 0.318177114E-02-0.630993024E-02
-0.159485172E-01-0.257503409E-01-0.357214510E-01-0.458572097E-01-0.561410002E-01
-0.665429607E-01-0.770189315E-01-0.875097439E-01-0.979408994E-01-0.108222686E+00
-0.118250892E+00-0.127908111E+00-0.137065843E+00-0.145587146E+00-0.153330237E+00
-0.160152480E+00-0.165915027E+00-0.170487583E+00-0.173753247E+00-0.175612956E+00
-0.175989404E+00-0.174829960E+00-0.172108442E+00-0.167825580E+00-0.162008122E+00
-0.154706538E+00-0.145991489E+00-0.135949284E+00-0.124676593E+00-0.112274662E+00
-0.988432691E-01-0.844748020E-01-0.692484230E-01-0.532247126E-01-0.364407785E-01
-0.189062431E-01-0.601114938E-03 0.185216106E-01 0.379257090E-01 0.577049106E-01
 0.779528618E-01 0.987784863E-01 0.120316438E+00 0.142737672E+00 0.166263059E+00
 0.191182777E+00 0.217885882E+00 0.246907040E+00 0.278995484E+00 0.313585818E+00
 0.909752622E-01 0.850930959E-01 0.788747147E-01 0.725915954E-01 0.661932975E-01
 0.595618263E-01 0.526526272E-01 0.454417206E-01 0.379128717E-01 0.300534740E-01
 0.218529180E-01 0.133019658E-01 0.439250516E-02-0.488320831E-02-0.143797919E-01
-0.241182279E-01-0.341108739E-01-0.443603359E-01-0.548582040E-01-0.655836537E-01
-0.765020400E-01-0.875636190E-01-0.987025350E-01-0.109836251E+00-0.120865397E+00
-0.131674364E+00-0.142132595E+00-0.152096659E+00-0.161413312E+00-0.169923291E+00
-0.177465960E+00-0.183884487E+00-0.189031467E+00-0.192774400E+00-0.195001036E+00
-0.195623964E+00-0.194584027E+00-0.191852629E+00-0.187432304E+00-0.181355819E+00
-0.173683524E+00-0.164499506E+00-0.153906286E+00-0.142018989E+00-0.128958687E+00
-0.114845730E+00-0.997931510E-01-0.839001685E-01-0.672460571E-01-0.498839356E-01
-0.318338126E-01-0.130729461E-01 0.648101885E-02 0.262994468E-01 0.463938452E-01
 0.668130964E-01 0.876275897E-01 0.108925156E+00 0.130811498E+00 0.153412417E+00
 0.176877365E+00 0.201385558E+00 0.227161914E+00 0.254548460E+00 0.283531815E+00
 0.761210546E-01 0.688895211E-01 0.646553412E-01 0.605399758E-01 0.555430353E-01
 0.498955734E-01 0.437088795E-01 0.370374322E-01 0.299083553E-01 0.223342776E-01
 0.143195027E-01 0.586385652E-02-0.303290319E-02-0.122219920E-01-0.217245985E-01
-0.315564461E-01-0.417260043E-01-0.522327051E-01-0.630651265E-01-0.741991848E-01
-0.855964497E-01-0.972025245E-01-0.108945817E+00-0.120736659E+00-0.132466987E+00
-0.144010752E+00-0.155225188E+00-0.165952966E+00-0.176025406E+00-0.185266703E+00
-0.193498969E+00-0.200548127E+00-0.206250176E+00-0.210457474E+00-0.213044882E+00
-0.213914976E+00-0.213002205E+00-0.210275441E+00-0.205738917E+00-0.199431121E+00
-0.191422090E+00-0.181808949E+00-0.170710236E+00-0.158259198E+00-0.144596621E+00
-0.129863501E+00-0.114193961E+00-0.977086052E-01-0.805085599E-01-0.626702979E-01
-0.442416333E-01-0.252396241E-01-0.565310195E-02 0.145423291E-01 0.347837061E-01
 0.551326610E-01 0.756360367E-01 0.963340998E-01 0.117260166E+00 0.138434440E+00
 0.159850419E+00 0.181447387E+00 0.203052357E+00 0.224252447E+00 0.244183257E+00
 0.657988340E-01 0.580913946E-01 0.543029793E-01 0.508165359E-01 0.465145037E-01
 0.414976887E-01 0.358426273E-01 0.296027586E-01 0.228121076E-01 0.154897599E-01
 0.764251780E-02-0.735794019E-03-0.947498623E-02-0.185894556E-01-0.280946940E-01
-0.380029194E-01-0.483201258E-01-0.590437055E-01-0.701602325E-01-0.816433877E-01
-0.934519470E-01-0.105527967E+00-0.117795259E+00-0.130158305E+00-0.142501742E+00
-0.154690638E+00-0.166571736E+00-0.177975595E+00-0.188720003E+00-0.198614508E+00
-0.207465917E+00-0.215084657E+00-0.221291736E+00-0.225925818E+00-0.228849933E+00
-0.229957476E+00-0.229176849E+00-0.226474479E+00-0.221855849E+00-0.215364560E+00
-0.207079276E+00-0.197109014E+00-0.185586795E+00-0.172662526E+00-0.158495158E+00
-0.143244863E+00-0.127065510E+00-0.110097751E+00-0.924629495E-01-0.742578581E-01
-0.555499531E-01-0.363727324E-01-0.167192314E-01 0.347114168E-02 0.236332268E-01
 0.437391065E-01 0.637815222E-01 0.837523416E-01 0.103630409E+00 0.123370178E+00
 0.142887309E+00 0.162038580E+00 0.180596337E+00 0.198225409E+00 0.214486912E+00
 0.588871278E-01 0.509635061E-01 0.468966514E-01 0.435531698E-01 0.395153984E-01
 0.348069109E-01 0.294595864E-01 0.235016178E-01 0.169545840E-01 0.983352121E-02
 0.214946223E-02-0.608420558E-02-0.147129549E-01-0.237654112E-01-0.332621634E-01
-0.432169624E-01-0.536359325E-01-0.645159855E-01-0.758428201E-01-0.875888690E-01
-0.997111127E-01-0.112149172E+00-0.124823570E+00-0.137634456E+00-0.150460988E+00
-0.163161427E+00-0.175574362E+00-0.187520862E+00-0.198808059E+00-0.209233806E+00
-0.218592584E+00-0.226682290E+00-0.233311728E+00-0.238308236E+00-0.241525054E+00
-0.242847770E+00-0.242199585E+00-0.239544585E+00-0.234889001E+00-0.228280336E+00
-0.219804108E+00-0.209578872E+00-0.197749555E+00-0.184479803E+00-0.169943690E+00
-0.154317573E+00-0.137772173E+00-0.120465606E+00-0.102537312E+00-0.841032714E-01
-0.652524233E-01-0.460446812E-01-0.265112296E-01-0.665982720E-02 0.135072218E-01
 0.333789885E-01 0.529699102E-01 0.722649992E-01 0.912260860E-01 0.109789744E+00
 0.127861857E+00 0.145311311E+00 0.161965877E+00 0.177614346E+00 0.192020103E+00
 0.538777262E-01 0.457938015E-01 0.417223014E-01 0.384059586E-01 0.344576873E-01
 0.298841354E-01 0.246958584E-01 0.189024750E-01 0.125098890E-01 0.551832095E-02
-0.208017626E-02-0.101235230E-01-0.186214931E-01-0.275901351E-01-0.370452069E-01
-0.469985418E-01-0.574554205E-01-0.684122369E-01-0.798541903E-01-0.917530060E-01
-0.104064725E+00-0.116727538E+00-0.129659995E+00-0.142759636E+00-0.155902162E+00
-0.168941557E+00-0.181711152E+00-0.194025859E+00-0.205685765E+00-0.216480926E+00
-0.226197541E+00-0.234624967E+00-0.241563544E+00-0.246832699E+00-0.250278622E+00
-0.251781255E+00-0.251259774E+00-0.248676121E+00-0.244036645E+00-0.237391025E+00
-0.228829145E+00-0.218475908E+00-0.206484288E+00-0.193027467E+00-0.178290248E+00
-0.162460610E+00-0.145721659E+00-0.128244460E+00-0.110182017E+00-0.916643888E-01
-0.727949888E-01-0.536476523E-01-0.342638344E-01-0.146478964E-01 0.524458848E-02
 0.248056166E-01 0.439717993E-01 0.626979694E-01 0.809354633E-01 0.986222997E-01
 0.115678430E+00 0.132003978E+00 0.147480518E+00 0.161975965E+00 0.175353795E+00
 0.506610647E-01 0.424897522E-01 0.384835489E-01 0.351395011E-01 0.311947688E-01
 0.266648401E-01 0.215541236E-01 0.158618074E-01 0.958355889E-02 0.271230098E-02
-0.476149982E-02-0.126761114E-01-0.210568793E-01-0.299257711E-01-0.393008776E-01
-0.491949767E-01-0.596137121E-01-0.705535710E-01-0.819996968E-01-0.939236581E-01
-0.106281184E+00-0.119010031E+00-0.132028118E+00-0.145232052E+00-0.158496380E+00
-0.171673521E+00-0.184594825E+00-0.197072834E+00-0.208904818E+00-0.219877616E+00
-0.229773849E+00-0.238379091E+00-0.245489791E+00-0.250921518E+00-0.254516929E+00
-0.256152809E+00-0.255745769E+00-0.253256172E+00-0.248689502E+00-0.242095709E+00
-0.233566031E+00-0.223227695E+00-0.211237103E+00-0.197771773E+00-0.183021754E+00
-0.167181030E+00-0.150439516E+00-0.132975861E+00-0.114951521E+00-0.965060368E-01
-0.777538791E-01-0.587825403E-01-0.396523364E-01-0.203985665E-01-0.103845587E-02
 0.184096098E-01 0.372823328E-01 0.555819385E-01 0.732843205E-01 0.903462023E-01
 0.106708564E+00 0.122299470E+00 0.137037411E+00 0.150836006E+00 0.163610220E+00
 0.495239571E-01 0.414167903E-01 0.371082984E-01 0.336035974E-01 0.295730419E-01
 0.250303764E-01 0.199608654E-01 0.143458312E-01 0.816841889E-02 0.141355535E-02
-0.593286101E-02-0.137159461E-01-0.219640918E-01-0.307016131E-01-0.399479643E-01
-0.497165769E-01-0.600133464E-01-0.708348081E-01-0.821661353E-01-0.939789787E-01
-0.106229275E+00-0.118855208E+00-0.131775290E+00-0.144886985E+00-0.158065900E+00
-0.171165720E+00-0.184019268E+00-0.196440652E+00-0.208228782E+00-0.219172150E+00
-0.229054898E+00-0.237663865E+00-0.244796559E+00-0.250269175E+00-0.253924489E+00
-0.255639017E+00-0.255328596E+00-0.252952307E+00-0.248514101E+00-0.242062062E+00
-0.233685449E+00-0.223509625E+00-0.211689249E+00-0.198400483E+00-0.183832556E+00
-0.168179259E+00-0.151631057E+00-0.134368032E+00-0.116553932E+00-0.983316600E-01
-0.798198879E-01-0.611110441E-01-0.422701463E-01-0.233341940E-01-0.431100419E-02
 0.148250787E-01 0.333632939E-01 0.512893610E-01 0.685778856E-01 0.851917416E-01
 0.101083241E+00 0.116196282E+00 0.130469367E+00 0.143839404E+00 0.156246156E+00
 0.500897765E-01 0.423384234E-01 0.373565294E-01 0.334258080E-01 0.293164104E-01
 0.247999355E-01 0.198024139E-01 0.142852804E-01 0.822316017E-02 0.159661612E-02
-0.561089255E-02-0.132443672E-01-0.213324558E-01-0.298992451E-01-0.389636680E-01
-0.485385098E-01-0.586290285E-01-0.692312941E-01-0.803302526E-01-0.918976963E-01
-0.103890181E+00-0.116247013E+00-0.128888518E+00-0.141714633E+00-0.154604197E+00
-0.167414933E+00-0.179984421E+00-0.192132205E+00-0.203663185E+00-0.214372188E+00
-0.224049807E+00-0.232489228E+00-0.239493728E+00-0.244884506E+00-0.248508245E+00
-0.250243932E+00-0.250008404E+00-0.247759998E+00-0.243500352E+00-0.237273693E+00
-0.229164168E+00-0.219291016E+00-0.207802191E+00-0.194866851E+00-0.180667326E+00
-0.165390998E+00-0.149222597E+00-0.132337376E+00-0.114895396E+00-0.970369205E-01
-0.788791925E-01-0.605142862E-01-0.420079008E-01-0.233986229E-01-0.469661457E-02
 0.141207902E-01 0.323418118E-01 0.499515757E-01 0.669252574E-01 0.832276717E-01
 0.988145322E-01 0.113634638E+00 0.127632797E+00 0.140753150E+00 0.152943060E+00
 0.494208075E-01 0.413788818E-01 0.373031311E-01 0.340075456E-01 0.301820990E-01
 0.258512646E-01 0.210067071E-01 0.156330783E-01 0.971484371E-02 0.323694781E-02
-0.381555222E-02-0.112798410E-01-0.191816427E-01-0.275418237E-01-0.363765284E-01
-0.456963368E-01-0.555048697E-01-0.657971129E-01-0.765575618E-01-0.877581984E-01
-0.993565544E-01-0.111293815E+00-0.123493187E+00-0.135858655E+00-0.148274273E+00
-0.160604268E+00-0.172693953E+00-0.184371769E+00-0.195452482E+00-0.205741450E+00
-0.215040118E+00-0.223152369E+00-0.229891554E+00-0.235087767E+00-0.238594875E+00
-0.240296885E+00-0.240113154E+00-0.238001883E+00-0.233961746E+00-0.228031486E+00
-0.220287353E+00-0.210838780E+00-0.199822545E+00-0.187395766E+00-0.173728436E+00
-0.158995748E+00-0.143370941E+00-0.127018675E+00-0.110089540E+00-0.927156210E-01
-0.750072896E-01-0.570512787E-01-0.389102213E-01-0.206244923E-01-0.221875310E-02
 0.162793733E-01 0.342031121E-01 0.515522435E-01 0.683037415E-01 0.844195932E-01
 0.998509079E-01 0.114541002E+00 0.128428534E+00 0.141451180E+00 0.153549746E+00
 0.508688204E-01 0.429116823E-01 0.390052944E-01 0.359813571E-01 0.324032940E-01
 0.282767639E-01 0.236072913E-01 0.183952861E-01 0.126368953E-01 0.632376550E-02
-0.559102045E-03-0.784790516E-02-0.155528383E-01-0.236862116E-01-0.322590284E-01
-0.412785858E-01-0.507463887E-01-0.606562234E-01-0.709922016E-01-0.817268193E-01
-0.928191170E-01-0.104212932E+00-0.115835406E+00-0.127595946E+00-0.139385581E+00
-0.151077136E+00-0.162526146E+00-0.173572794E+00-0.184044778E+00-0.193761379E+00
-0.202538371E+00-0.210193872E+00-0.216554642E+00-0.221462712E+00-0.224781752E+00
-0.226402849E+00-0.226249158E+00-0.224279210E+00-0.220488384E+00-0.214908615E+00
-0.207606196E+00-0.198677927E+00-0.188245863E+00-0.176451027E+00-0.163446605E+00
-0.149390951E+00-0.134440854E+00-0.118745394E+00-0.102440640E+00-0.856451169E-01
-0.684562922E-01-0.509475507E-01-0.331651121E-01-0.151229762E-01 0.320915808E-02
 0.212097503E-01 0.388053022E-01 0.559444763E-01 0.725777969E-01 0.886495784E-01
 0.104095183E+00 0.118841000E+00 0.132806465E+00 0.145907775E+00 0.158063248E+00
 0.537195392E-01 0.459018424E-01 0.424361601E-01 0.395942293E-01 0.361754261E-01
 0.321938470E-01 0.276608989E-01 0.225876104E-01 0.169826373E-01 0.108518060E-01
 0.419909833E-02-0.297008920E-02-0.105058393E-01-0.184199363E-01-0.267220791E-01
-0.354182906E-01-0.445091985E-01-0.539882407E-01-0.638398677E-01-0.740377828E-01
-0.845432654E-01-0.953036547E-01-0.106251076E+00-0.117301531E+00-0.128354445E+00
-0.139292896E+00-0.149984494E+00-0.160283163E+00-0.170031875E+00-0.179066107E+00
-0.187218413E+00-0.194323480E+00-0.200223789E+00-0.204775378E+00-0.207853496E+00
-0.209357679E+00-0.209215879E+00-0.207387328E+00-0.203863949E+00-0.198670149E+00
-0.191860929E+00-0.183518574E+00-0.173748046E+00-0.162671506E+00-0.150422156E+00
-0.137138054E+00-0.122955941E+00-0.108005583E+00-0.924047977E-01-0.762552023E-01
-0.596390031E-01-0.426169522E-01-0.252284445E-01-0.749647431E-02 0.105544813E-01
 0.282932054E-01 0.457159095E-01 0.627929494E-01 0.794771835E-01 0.957052335E-01
 0.111396849E+00 0.126454517E+00 0.140764996E+00 0.154203698E+00 0.166642934E+00
 0.587498546E-01 0.511930101E-01 0.476541482E-01 0.449193455E-01 0.415762253E-01
 0.376501568E-01 0.331719182E-01 0.281686913E-01 0.226618517E-01 0.166670345E-01
 0.101952013E-01 0.325387181E-02-0.415253686E-02-0.118716937E-01-0.199135002E-01
-0.282842722E-01-0.369851515E-01-0.460104570E-01-0.553460009E-01-0.649675652E-01
-0.748395175E-01-0.849135444E-01-0.951276347E-01-0.105405353E+00-0.115655579E+00
-0.125772744E+00-0.135637745E+00-0.145119533E+00-0.154077560E+00-0.162364915E+00
-0.169832140E+00-0.176331803E+00-0.181723237E+00-0.185877576E+00-0.188682616E+00
-0.190047055E+00-0.189904183E+00-0.188214257E+00-0.184965834E+00-0.180175513E+00
-0.173886478E+00-0.166165680E+00-0.157099798E+00-0.146790579E+00-0.135349497E+00
-0.122892164E+00-0.109532870E+00-0.953793600E-01-0.805280879E-01-0.650598928E-01
-0.490359440E-01-0.324931964E-01-0.154374447E-01 0.217059860E-02 0.197362639E-01
 0.372029282E-01 0.545337349E-01 0.716906264E-01 0.886240229E-01 0.105265498E+00
 0.121521145E+00 0.137265325E+00 0.152336806E+00 0.166540623E+00 0.179659992E+00
 0.654966831E-01 0.582646206E-01 0.548602790E-01 0.521126986E-01 0.486792885E-01
 0.446470901E-01 0.400854349E-01 0.350417867E-01 0.295472667E-01 0.236219503E-01
 0.172786284E-01 0.105252266E-01 0.336627266E-02-0.419619214E-02-0.120038819E-01
-0.200652685E-01-0.283838473E-01-0.369564407E-01-0.457713231E-01-0.548071936E-01
-0.640322194E-01-0.734031498E-01-0.828645155E-01-0.923481584E-01-0.101773039E+00
-0.111045554E+00-0.120060451E+00-0.128702208E+00-0.136847213E+00-0.144366428E+00
-0.151128784E+00-0.157004878E+00-0.161871150E+00-0.165613994E+00-0.168133855E+00
-0.169348881E+00-0.169197842E+00-0.167642295E+00-0.164667621E+00-0.160282895E+00
-0.154519632E+00-0.147429466E+00-0.139080763E+00-0.129554614E+00-0.118940175E+00
-0.107329845E+00-0.948143601E-01-0.814781338E-01-0.673949867E-01-0.526246391E-01
-0.372101925E-01-0.211772602E-01-0.453550881E-02 0.127163725E-01 0.299831498E-01
 0.472915173E-01 0.646460876E-01 0.820365921E-01 0.994364172E-01 0.116796002E+00
 0.134031162E+00 0.151005834E+00 0.167509690E+00 0.183237731E+00 0.197793752E+00
 0.746386200E-01 0.679065287E-01 0.646248832E-01 0.614105687E-01 0.574901663E-01
 0.530685261E-01 0.482294224E-01 0.430122204E-01 0.374371484E-01 0.315151401E-01
 0.252521615E-01 0.186513439E-01 0.117140440E-01 0.444037840E-02-0.317053357E-02
-0.109516764E-01-0.189117193E-01-0.270533003E-01-0.353673957E-01-0.438356660E-01
-0.524304360E-01-0.611139908E-01-0.698379204E-01-0.785427019E-01-0.871576890E-01
-0.956014320E-01-0.103782475E+00-0.111600697E+00-0.118949100E+00-0.125716165E+00
-0.131788611E+00-0.137054548E+00-0.141406894E+00-0.144746795E+00-0.146986946E+00
-0.148054615E+00-0.147894070E+00-0.146468282E+00-0.143759876E+00-0.139770955E+00
-0.134522155E+00-0.128050610E+00-0.120407224E+00-0.111653194E+00-0.101856031E+00
-0.910852179E-01-0.794077665E-01-0.668836609E-01-0.535615534E-01-0.394747518E-01
-0.246382467E-01-0.904812478E-02 0.731201191E-02 0.239272099E-01 0.407905094E-01
 0.579136014E-01 0.753155127E-01 0.930170417E-01 0.111035794E+00 0.129379064E+00
 0.148031086E+00 0.166928530E+00 0.185908929E+00 0.204597935E+00 0.222222254E+00
 0.880777612E-01 0.826846883E-01 0.774514154E-01 0.724719465E-01 0.675342977E-01
 0.624691732E-01 0.572152808E-01 0.517429337E-01 0.460350141E-01 0.400805920E-01
 0.338722914E-01 0.274049826E-01 0.206750557E-01 0.136798583E-01 0.641700346E-02
-0.111699023E-02-0.874694996E-02-0.164987091E-01-0.243549459E-01-0.322979391E-01
-0.403045751E-01-0.483433641E-01-0.563734584E-01-0.643442571E-01-0.721954927E-01
-0.798576102E-01-0.872525573E-01-0.942949280E-01-0.100893542E+00-0.106953368E+00
-0.112377845E+00-0.117071442E+00-0.120942429E+00-0.123905659E+00-0.125885278E+00
-0.126817107E+00-0.126650631E+00-0.125350416E+00-0.122896761E+00-0.119285688E+00
-0.114528067E+00-0.108647995E+00-0.101680502E+00-0.936686322E-01-0.846600085E-01
-0.747029781E-01-0.638424456E-01-0.521152318E-01-0.395448655E-01-0.261351988E-01
-0.118612684E-01 0.334708951E-02 0.189561583E-01 0.349611230E-01 0.513806902E-01
 0.682517439E-01 0.856267735E-01 0.103573471E+00 0.122175656E+00 0.141535193E+00
 0.161774889E+00 0.183043599E+00 0.205530405E+00 0.229527518E+00 0.255012840E+00
 0.993837789E-01 0.947415531E-01 0.890503600E-01 0.832403675E-01 0.776271522E-01
 0.720731393E-01 0.664850026E-01 0.608031303E-01 0.549891219E-01 0.490177497E-01
 0.428722426E-01 0.365416333E-01 0.300192460E-01 0.233020764E-01 0.163909420E-01
 0.929189660E-02 0.202029734E-02-0.544098346E-02-0.129118245E-01-0.203916430E-01
-0.278710965E-01-0.353274569E-01-0.427282564E-01-0.500318147E-01-0.571878739E-01
-0.641382039E-01-0.708173513E-01-0.771536678E-01-0.830705911E-01-0.884882659E-01
-0.933253840E-01-0.975012854E-01-0.100938171E+00-0.103563301E+00-0.105311163E+00
-0.106125407E+00-0.105960391E+00-0.104782306E+00-0.102569737E+00-0.993135646E-01
-0.950163007E-01-0.896907598E-01-0.833581388E-01-0.760456547E-01-0.677837133E-01
-0.586026870E-01-0.485294275E-01-0.375834033E-01-0.257726125E-01-0.130899791E-01
 0.486548292E-03 0.149895810E-01 0.298749804E-01 0.452140868E-01 0.610712096E-01
 0.775181130E-01 0.946428254E-01 0.112557165E+00 0.131405279E+00 0.151375189E+00
 0.172715545E+00 0.195761427E+00 0.220975295E+00 0.249007910E+00 0.279346406E+00
 0.108486980E+00 0.104279913E+00 0.986838788E-01 0.928040445E-01 0.870305076E-01
 0.813079178E-01 0.755857676E-01 0.698222667E-01 0.639852360E-01 0.580508262E-01
 0.520019680E-01 0.458269268E-01 0.395182744E-01 0.330721848E-01 0.264878850E-01
 0.197670292E-01 0.129122427E-01 0.592286466E-02-0.120277819E-02-0.826493185E-02
-0.152835269E-01-0.222309195E-01-0.290809274E-01-0.357987881E-01-0.423431881E-01
-0.486662276E-01-0.547140911E-01-0.604277588E-01-0.657439902E-01-0.705966130E-01
-0.749180317E-01-0.786408409E-01-0.816995800E-01-0.840324834E-01-0.855831802E-01
-0.863022953E-01-0.861486271E-01-0.850900784E-01-0.831040367E-01-0.801773146E-01
-0.763055086E-01-0.714919344E-01-0.657460168E-01-0.590813756E-01-0.515136160E-01
-0.430578515E-01-0.337259583E-01-0.235232841E-01-0.124430396E-01-0.453923421E-03
 0.124929147E-01 0.259172991E-01 0.398391522E-01 0.543009751E-01 0.693615973E-01
 0.850974247E-01 0.101607032E+00 0.119018324E+00 0.137498632E+00 0.157268777E+00
 0.178622559E+00 0.201952249E+00 0.227776855E+00 0.256758809E+00 0.288133115E+00
 0.116271071E+00 0.112412803E+00 0.107127145E+00 0.101394646E+00 0.956925675E-01
 0.900042132E-01 0.843079090E-01 0.785825700E-01 0.728096515E-01 0.669739619E-01
 0.610637665E-01 0.550706349E-01 0.489891917E-01 0.428168699E-01 0.365537070E-01
 0.302021708E-01 0.237671044E-01 0.172560792E-01 0.106815621E-01 0.406543212E-02
-0.260919682E-02-0.913463440E-02-0.155269252E-01-0.217515752E-01-0.277771838E-01
-0.335653909E-01-0.390734859E-01-0.442543328E-01-0.490567051E-01-0.534266569E-01
-0.573088005E-01-0.606474578E-01-0.633879304E-01-0.654778779E-01-0.668687820E-01
-0.675173029E-01-0.673862323E-01-0.664452314E-01-0.646710768E-01-0.620475821E-01
-0.585649647E-01-0.542187989E-01-0.490084998E-01-0.429357328E-01-0.360027775E-01
-0.282109696E-01-0.195598118E-01-0.100501515E-01 0.307059410E-03 0.116049377E-01
 0.233885031E-01 0.356800519E-01 0.485060029E-01 0.619032681E-01 0.759219974E-01
 0.906283185E-01 0.106108077E+00 0.122472323E+00 0.139865085E+00 0.158474773E+00
 0.178551123E+00 0.200432271E+00 0.224592343E+00 0.251740187E+00 0.280421078E+00
 0.123359509E+00 0.119841069E+00 0.114799239E+00 0.109276049E+00 0.103737786E+00
 0.981808156E-01 0.926000699E-01 0.869894400E-01 0.813425034E-01 0.756532028E-01
 0.699164197E-01 0.641283765E-01 0.582869239E-01 0.523917340E-01 0.464444458E-01
 0.404487737E-01 0.344106480E-01 0.283384435E-01 0.222432390E-01 0.161386561E-01
 0.100388760E-01 0.396742998E-02-0.209309184E-02-0.791776646E-02-0.135219228E-01
-0.188688133E-01-0.239287484E-01-0.286674593E-01-0.330432579E-01-0.370128341E-01
-0.405320264E-01-0.435558371E-01-0.460387990E-01-0.479360744E-01-0.492054150E-01
-0.498084761E-01-0.497116111E-01-0.488862954E-01-0.473093428E-01-0.449628197E-01
-0.418334976E-01-0.379114859E-01-0.331878588E-01-0.276529882E-01-0.212952998E-01
-0.140985046E-01-0.603055907E-02 0.295168324E-02 0.124266716E-01 0.224565584E-01
 0.330147557E-01 0.440978743E-01 0.557168275E-01 0.678938404E-01 0.806617141E-01
 0.940641314E-01 0.108156651E+00 0.123008214E+00 0.138703153E+00 0.155343667E+00
 0.173052922E+00 0.191979364E+00 0.212303191E+00 0.234230787E+00 0.256715119E+00
 0.129920840E+00 0.126724079E+00 0.121936709E+00 0.116642781E+00 0.111295350E+00
 0.105901711E+00 0.100470886E+00 0.950091332E-01 0.895197317E-01 0.840038881E-01
 0.784618258E-01 0.728936419E-01 0.672999695E-01 0.616824850E-01 0.560441911E-01
 0.503897183E-01 0.447255000E-01 0.390599221E-01 0.334034376E-01 0.277685206E-01
 0.221695416E-01 0.166229680E-01 0.111454995E-01 0.576326996E-02 0.456620677E-03
-0.452970620E-02-0.922213588E-02-0.136108082E-01-0.176449511E-01-0.212913044E-01
-0.245192498E-01-0.272956025E-01-0.295826718E-01-0.313386060E-01-0.325249247E-01
-0.331074335E-01-0.330558717E-01-0.323436409E-01-0.309479646E-01-0.288504064E-01
-0.260375552E-01-0.225000735E-01-0.182230938E-01-0.131858783E-01-0.736746704E-02
-0.766510842E-03 0.670493487E-02 0.146269854E-01 0.230181832E-01 0.318933912E-01
 0.412563682E-01 0.511104800E-01 0.614622720E-01 0.723224506E-01 0.837058052E-01
 0.956305638E-01 0.108117089E+00 0.121185720E+00 0.134853020E+00 0.149125174E+00
 0.163986072E+00 0.179374635E+00 0.195137560E+00 0.210908756E+00 0.225798249E+00
 0.136078686E+00 0.133178264E+00 0.128733292E+00 0.123667553E+00 0.118480384E+00
 0.113225214E+00 0.107933424E+00 0.102621190E+00 0.972968116E-01 0.919646025E-01
 0.866270065E-01 0.812858045E-01 0.759429410E-01 0.706010312E-01 0.652637407E-01
 0.599360913E-01 0.546246134E-01 0.493375435E-01 0.440849178E-01 0.388786681E-01
 0.337327234E-01 0.286631584E-01 0.236884486E-01 0.188303906E-01 0.141136022E-01
 0.957895443E-02 0.523049571E-02 0.103794830E-02-0.273257680E-02-0.611300720E-02
-0.910662767E-02-0.117005510E-01-0.138652185E-01-0.155367134E-01-0.166787915E-01
-0.172641147E-01-0.172677319E-01-0.166650377E-01-0.154317115E-01-0.135459062E-01
-0.109961508E-01-0.780548574E-02-0.395126641E-02 0.622179417E-03 0.601945445E-02
 0.118573438E-01 0.181973185E-01 0.250098873E-01 0.322813652E-01 0.400052220E-01
 0.481773801E-01 0.567953177E-01 0.658577904E-01 0.753642470E-01 0.853137523E-01
 0.957032517E-01 0.106524855E+00 0.117761992E+00 0.129383653E+00 0.141335905E+00
 0.153529122E+00 0.165819541E+00 0.177983835E+00 0.189693764E+00 0.200518608E+00
 0.142711192E+00 0.140390500E+00 0.135797352E+00 0.130555168E+00 0.125348017E+00
 0.120148055E+00 0.114958689E+00 0.109782882E+00 0.104622282E+00 0.994777754E-01
 0.943500325E-01 0.892399773E-01 0.841491371E-01 0.790799186E-01 0.740358457E-01
 0.690217316E-01 0.640438348E-01 0.591099299E-01 0.542294644E-01 0.494136102E-01
 0.446753800E-01 0.400297493E-01 0.354938135E-01 0.310869887E-01 0.268310867E-01
 0.227504745E-01 0.188685898E-01 0.152139403E-01 0.118382853E-01 0.876343157E-02
 0.599594181E-02 0.352608971E-02 0.131278136E-02-0.339008664E-03-0.146393036E-02
-0.206579245E-02-0.213285536E-02-0.164292497E-02-0.562189787E-03 0.116302469E-02
 0.362792565E-02 0.649475493E-02 0.984308310E-02 0.137124620E-01 0.181097388E-01
 0.229851417E-01 0.283167399E-01 0.340853706E-01 0.402763113E-01 0.468784906E-01
 0.538832061E-01 0.612830520E-01 0.690708980E-01 0.772386268E-01 0.857754946E-01
 0.946659148E-01 0.103886604E+00 0.113402799E+00 0.123163633E+00 0.133096397E+00
 0.143099964E+00 0.153038278E+00 0.162736014E+00 0.171980575E+00 0.180535793E+00
 0.148681089E+00 0.146802247E+00 0.142273843E+00 0.136910573E+00 0.131675228E+00
 0.126527995E+00 0.121445641E+00 0.116415262E+00 0.111429386E+00 0.106483489E+00
 0.101574950E+00 0.967026502E-01 0.918668211E-01 0.870689973E-01 0.823120624E-01
 0.776002705E-01 0.729392767E-01 0.683362037E-01 0.637996718E-01 0.593398698E-01
 0.549685657E-01 0.506991856E-01 0.465468504E-01 0.425284207E-01 0.386624709E-01
 0.349692143E-01 0.314703025E-01 0.281893797E-01 0.251521040E-01 0.223805103E-01
 0.198937748E-01 0.177116860E-01 0.158628598E-01 0.144062815E-01 0.133712711E-01
 0.127773462E-01 0.126412772E-01 0.129792280E-01 0.138064902E-01 0.151343876E-01
 0.169605669E-01 0.192414299E-01 0.219658520E-01 0.251295418E-01 0.287241526E-01
 0.327335149E-01 0.371418595E-01 0.419346131E-01 0.470989719E-01 0.526239611E-01
 0.585000701E-01 0.647186339E-01 0.712709501E-01 0.781469867E-01 0.853337049E-01
 0.928128809E-01 0.100558445E+00 0.108533449E+00 0.116686828E+00 0.124950334E+00
 0.133236066E+00 0.141435459E+00 0.149420813E+00 0.157050312E+00 0.164177313E+00
 0.153417632E+00 0.151807934E+00 0.147515804E+00 0.142304018E+00 0.137200594E+00
 0.132197142E+00 0.127279148E+00 0.122434340E+00 0.117653199E+00 0.112928830E+00
 0.108256608E+00 0.103633888E+00 0.990597606E-01 0.945349634E-01 0.900616944E-01
 0.856436044E-01 0.812857375E-01 0.769944862E-01 0.727776140E-01 0.686442107E-01
 0.646047294E-01 0.606709681E-01 0.568560399E-01 0.531743802E-01 0.496416725E-01
 0.462747775E-01 0.430916063E-01 0.401109867E-01 0.373523459E-01 0.348349884E-01
 0.325783119E-01 0.306028016E-01 0.289314352E-01 0.275899284E-01 0.266000088E-01
 0.259791873E-01 0.257415585E-01 0.258981735E-01 0.264566410E-01 0.274198931E-01
 0.287843458E-01 0.305392556E-01 0.326746330E-01 0.351810232E-01 0.380480140E-01
 0.412637033E-01 0.448157340E-01 0.486921370E-01 0.528819039E-01 0.573754087E-01
 0.621645153E-01 0.672424510E-01 0.726032928E-01 0.782410055E-01 0.841478705E-01
 0.903123021E-01 0.967161283E-01 0.103331611E+00 0.110118575E+00 0.117022216E+00
 0.123972133E+00 0.130882993E+00 0.137657270E+00 0.144190088E+00 0.150375918E+00
 0.157312855E+00 0.155970648E+00 0.151768103E+00 0.146759331E+00 0.141871423E+00
 0.137088299E+00 0.132398412E+00 0.127790302E+00 0.123254135E+00 0.118782304E+00
 0.114369482E+00 0.110012479E+00 0.105710000E+00 0.101462431E+00 0.972717032E-01
 0.931411311E-01 0.890753120E-01 0.850800648E-01 0.811623856E-01 0.773303956E-01
 0.735932961E-01 0.699613541E-01 0.664458573E-01 0.630590320E-01 0.598140433E-01
 0.567248389E-01 0.538060777E-01 0.510729961E-01 0.485412218E-01 0.462266169E-01
 0.441452302E-01 0.423133895E-01 0.407476202E-01 0.394641683E-01 0.384777188E-01
 0.378007181E-01 0.374430828E-01 0.374119878E-01 0.377115607E-01 0.383425690E-01
 0.393021815E-01 0.405843593E-01 0.421811044E-01 0.440830588E-01 0.462797098E-01
 0.487596281E-01 0.515110157E-01 0.545223393E-01 0.577830635E-01 0.612843819E-01
 0.650199726E-01 0.689866170E-01 0.731845200E-01 0.776170790E-01 0.822896585E-01
 0.872071162E-01 0.923700780E-01 0.977704003E-01 0.103386775E+00 0.109181494E+00
 0.115099162E+00 0.121067733E+00 0.127001971E+00 0.132809058E+00 0.138395593E+00
 0.160077527E+00 0.158899814E+00 0.155039683E+00 0.150298297E+00 0.145687953E+00
 0.141192526E+00 0.136793479E+00 0.132475689E+00 0.128227875E+00 0.124042243E+00
 0.119913846E+00 0.115840048E+00 0.111820117E+00 0.107854910E+00 0.103946649E+00
 0.100098774E+00 0.963157937E-01 0.926032290E-01 0.889675394E-01 0.854160413E-01
 0.819568858E-01 0.785990208E-01 0.753520951E-01 0.722264498E-01 0.692330375E-01
 0.663833171E-01 0.636891946E-01 0.611629076E-01 0.588168874E-01 0.566636585E-01
 0.547156930E-01 0.529852882E-01 0.514843352E-01 0.502239913E-01 0.492141843E-01
 0.484632328E-01 0.479774959E-01 0.477611274E-01 0.478158668E-01 0.481408574E-01
 0.487326346E-01 0.495852530E-01 0.506906025E-01 0.520387143E-01 0.536180437E-01
 0.554158129E-01 0.574185066E-01 0.596125498E-01 0.619852468E-01 0.645260066E-01
 0.672279894E-01 0.700901002E-01 0.731191933E-01 0.763320178E-01 0.797557458E-01
 0.834255442E-01 0.873779953E-01 0.916411951E-01 0.962245837E-01 0.101111956E+00
 0.106258698E+00 0.111592926E+00 0.117020443E+00 0.122433893E+00 0.127724841E+00
 0.161913514E+00 0.160868317E+00 0.157273665E+00 0.152879089E+00 0.148648396E+00
 0.144531712E+00 0.140496731E+00 0.136525571E+00 0.132608414E+00 0.128740057E+00
 0.124918155E+00 0.121142320E+00 0.117413610E+00 0.113734268E+00 0.110107489E+00
 0.106537335E+00 0.103028633E+00 0.995868891E-01 0.962182805E-01 0.929295644E-01
 0.897280574E-01 0.866215676E-01 0.836183801E-01 0.807271898E-01 0.779570416E-01
 0.753172562E-01 0.728173703E-01 0.704670474E-01 0.682759658E-01 0.662537217E-01
 0.644096881E-01 0.627528802E-01 0.612917282E-01 0.600338839E-01 0.589859188E-01
 0.581530556E-01 0.575389229E-01 0.571453087E-01 0.569719821E-01 0.570165254E-01
 0.572742410E-01 0.577380881E-01 0.583987311E-01 0.592445657E-01 0.602618083E-01
 0.614346601E-01 0.627455786E-01 0.641758069E-01 0.657062680E-01 0.673190132E-01
 0.689996332E-01 0.707409754E-01 0.725487545E-01 0.744492486E-01 0.764981434E-01
 0.787851810E-01 0.814233571E-01 0.845177397E-01 0.881333947E-01 0.922828466E-01
 0.969270244E-01 0.101976804E+00 0.107295170E+00 0.112711407E+00 0.118054867E+00
 0.162478328E+00 0.161399364E+00 0.158177316E+00 0.154465869E+00 0.150825053E+00
 0.147206828E+00 0.143607602E+00 0.140028477E+00 0.136471808E+00 0.132940471E+00
 0.129437670E+00 0.125966996E+00 0.122532375E+00 0.119138107E+00 0.115788870E+00
 0.112489715E+00 0.109246053E+00 0.106063649E+00 0.102948576E+00 0.999072343E-01
 0.969462693E-01 0.940725878E-01 0.912932754E-01 0.886156112E-01 0.860469788E-01
 0.835948363E-01 0.812666565E-01 0.790698603E-01 0.770117715E-01 0.750994831E-01
 0.733397827E-01 0.717390403E-01 0.703030527E-01 0.690368563E-01 0.679445714E-01
 0.670291632E-01 0.662922338E-01 0.657338351E-01 0.653522238E-01 0.651437044E-01
 0.651023760E-01 0.652200133E-01 0.654858053E-01 0.658861846E-01 0.664045885E-01
 0.670212284E-01 0.677128732E-01 0.684527308E-01 0.692105591E-01 0.699533001E-01
 0.706466809E-01 0.712587610E-01 0.717668980E-01 0.721714199E-01 0.725237727E-01
 0.729871690E-01 0.739008263E-01 0.756050125E-01 0.782360509E-01 0.818079636E-01
 0.862804055E-01 0.915566161E-01 0.974298939E-01 0.103510432E+00 0.109389544E+00
 0.162148550E+00 0.160790592E+00 0.158434257E+00 0.155590653E+00 0.152576804E+00
 0.149469063E+00 0.146310240E+00 0.143124923E+00 0.139928818E+00 0.136733174E+00
 0.133546770E+00 0.130377129E+00 0.127231017E+00 0.124114841E+00 0.121034779E+00
 0.117996953E+00 0.115007468E+00 0.112072408E+00 0.109197900E+00 0.106390059E+00
 0.103655033E+00 0.100998908E+00 0.984277651E-01 0.959475935E-01 0.935643017E-01
 0.912836790E-01 0.891113505E-01 0.870527476E-01 0.851131082E-01 0.832973570E-01
 0.816101208E-01 0.800555944E-01 0.786374882E-01 0.773588941E-01 0.762221217E-01
 0.752285793E-01 0.743785352E-01 0.736709461E-01 0.731032118E-01 0.726709291E-01
 0.723676234E-01 0.721844360E-01 0.721097365E-01 0.721287057E-01 0.722227767E-01
 0.723689049E-01 0.725386515E-01 0.726969913E-01 0.728008151E-01 0.727971792E-01
 0.726214647E-01 0.721959397E-01 0.714296848E-01 0.702201352E-01 0.684526786E-01
 0.659686774E-01 0.641486570E-01 0.642872453E-01 0.660176873E-01 0.691475049E-01
 0.738210529E-01 0.799064785E-01 0.876352564E-01 0.956976488E-01 0.102451935E+00
 0.162851438E+00 0.161585167E+00 0.159443036E+00 0.156935930E+00 0.154307500E+00
 0.151585683E+00 0.148796365E+00 0.145960584E+00 0.143094912E+00 0.140212581E+00
 0.137324601E+00 0.134440452E+00 0.131568685E+00 0.128717110E+00 0.125893086E+00
 0.123103604E+00 0.120355330E+00 0.117654696E+00 0.115007855E+00 0.112420730E+00
 0.109898970E+00 0.107447974E+00 0.105072863E+00 0.102778450E+00 0.100569248E+00
 0.984494686E-01 0.964229926E-01 0.944934040E-01 0.926639661E-01 0.909376591E-01
 0.893171504E-01 0.878047943E-01 0.864025950E-01 0.851121470E-01 0.839345232E-01
 0.828701705E-01 0.819187164E-01 0.810787529E-01 0.803476274E-01 0.797211304E-01
 0.791931897E-01 0.787554905E-01 0.783970058E-01 0.781034753E-01 0.778566152E-01
 0.776331425E-01 0.774033517E-01 0.771290362E-01 0.767603666E-01 0.762312710E-01
 0.754524991E-01 0.743019208E-01 0.726127699E-01 0.701635405E-01 0.666759238E-01
 0.624848120E-01 0.601632036E-01 0.596980713E-01 0.609338731E-01 0.639557913E-01
 0.687320009E-01 0.756206363E-01 0.842810720E-01 0.919776410E-01 0.985584557E-01
 0.163839191E+00 0.162700355E+00 0.160725459E+00 0.158452228E+00 0.156095609E+00
 0.153665647E+00 0.151174709E+00 0.148635283E+00 0.146059260E+00 0.143457785E+00
 0.140841261E+00 0.138219371E+00 0.135601282E+00 0.132995561E+00 0.130410299E+00
 0.127853110E+00 0.125331119E+00 0.122850977E+00 0.120418869E+00 0.118040495E+00
 0.115721069E+00 0.113465309E+00 0.111277394E+00 0.109161004E+00 0.107119262E+00
 0.105154783E+00 0.103269689E+00 0.101465642E+00 0.997439325E-01 0.981055275E-01
 0.965511948E-01 0.950815231E-01 0.936970264E-01 0.923981220E-01 0.911850780E-01
 0.900579616E-01 0.890164375E-01 0.880595744E-01 0.871855840E-01 0.863915086E-01
 0.856729075E-01 0.850234702E-01 0.844345987E-01 0.838949233E-01 0.833896771E-01
 0.828998685E-01 0.824011564E-01 0.818620250E-01 0.812409669E-01 0.804815590E-01
 0.795034841E-01 0.781849176E-01 0.763282478E-01 0.736046135E-01 0.695846081E-01
 0.663681328E-01 0.646709576E-01 0.643759891E-01 0.654978752E-01 0.680633783E-01
 0.725214258E-01 0.792438984E-01 0.862594768E-01 0.923948660E-01 0.978397653E-01
 0.164889559E+00 0.163880080E+00 0.162102133E+00 0.160033762E+00 0.157906264E+00
 0.155722454E+00 0.153486133E+00 0.151203021E+00 0.148880526E+00 0.146527275E+00
 0.144152522E+00 0.141765848E+00 0.139376715E+00 0.136994317E+00 0.134627357E+00
 0.132283956E+00 0.129971638E+00 0.127697244E+00 0.125466943E+00 0.123286232E+00
 0.121159889E+00 0.119091965E+00 0.117085733E+00 0.115143687E+00 0.113267519E+00
 0.111458138E+00 0.109715700E+00 0.108039699E+00 0.106429137E+00 0.104882680E+00
 0.103398874E+00 0.101976380E+00 0.100614153E+00 0.993115455E-01 0.980684087E-01
 0.968849659E-01 0.957616717E-01 0.946989730E-01 0.936969742E-01 0.927551091E-01
 0.918717980E-01 0.910440981E-01 0.902674198E-01 0.895352662E-01 0.888389573E-01
 0.881674811E-01 0.875072926E-01 0.868422762E-01 0.861538276E-01 0.854213834E-01
 0.846236423E-01 0.837410986E-01 0.827568993E-01 0.816074982E-01 0.804174691E-01
 0.797079876E-01 0.794014558E-01 0.796278566E-01 0.803965628E-01 0.818311423E-01
 0.839816853E-01 0.875408426E-01 0.914326757E-01 0.953963846E-01 0.992773324E-01
 0.165970683E+00 0.165098712E+00 0.163475052E+00 0.161608458E+00 0.159704506E+00
 0.157753929E+00 0.155752242E+00 0.153699994E+00 0.151602060E+00 0.149466380E+00
 0.147302672E+00 0.145121470E+00 0.142933384E+00 0.140748635E+00 0.138576791E+00
 0.136426613E+00 0.134306014E+00 0.132222012E+00 0.130180776E+00 0.128187582E+00
 0.126246825E+00 0.124361917E+00 0.122535296E+00 0.120768294E+00 0.119061098E+00
 0.117412701E+00 0.115820959E+00 0.114282675E+00 0.112793863E+00 0.111350074E+00
 0.109946854E+00 0.108580232E+00 0.107247137E+00 0.105945781E+00 0.104675800E+00
 0.103438228E+00 0.102235258E+00 0.101069845E+00 0.999452323E-01 0.988644511E-01
 0.978299156E-01 0.968430564E-01 0.959041789E-01 0.950123817E-01 0.941657573E-01
 0.933617279E-01 0.925978422E-01 0.918731317E-01 0.911905542E-01 0.905616805E-01
 0.900158435E-01 0.896192789E-01 0.895174816E-01 0.900143087E-01 0.912486240E-01
 0.921294093E-01 0.926901177E-01 0.932028741E-01 0.937436149E-01 0.941927433E-01
 0.942922980E-01 0.949533507E-01 0.966559425E-01 0.989370868E-01 0.101493113E+00
 0.166893378E+00 0.166163236E+00 0.164745197E+00 0.163127616E+00 0.161483437E+00
 0.159782678E+00 0.158012286E+00 0.156172007E+00 0.154269740E+00 0.152317554E+00
 0.150329217E+00 0.148318678E+00 0.146299154E+00 0.144282699E+00 0.142280072E+00
 0.140300736E+00 0.138352886E+00 0.136443645E+00 0.134579062E+00 0.132764250E+00
 0.131003261E+00 0.129299119E+00 0.127653584E+00 0.126067042E+00 0.124538273E+00
 0.123064242E+00 0.121640027E+00 0.120258883E+00 0.118912555E+00 0.117591843E+00
 0.116287515E+00 0.114991307E+00 0.113696925E+00 0.112400867E+00 0.111102805E+00
 0.109805569E+00 0.108514607E+00 0.107237250E+00 0.105981670E+00 0.104756095E+00
 0.103568040E+00 0.102423973E+00 0.101329163E+00 0.100287803E+00 0.993034467E-01
 0.983795971E-01 0.975206569E-01 0.967333168E-01 0.960284695E-01 0.954238176E-01
 0.949468538E-01 0.946364850E-01 0.945369080E-01 0.946704969E-01 0.949924141E-01
 0.954032168E-01 0.958392918E-01 0.962965712E-01 0.967915505E-01 0.973491222E-01
 0.980338156E-01 0.989609435E-01 0.100209557E+00 0.101760365E+00 0.103537187E+00
 0.167421505E+00 0.166801065E+00 0.165787831E+00 0.164602891E+00 0.163321599E+00
 0.161908001E+00 0.160359770E+00 0.158696398E+00 0.156942904E+00 0.155123964E+00
 0.153262302E+00 0.151377872E+00 0.149487674E+00 0.147605896E+00 0.145744205E+00
 0.143912226E+00 0.142117932E+00 0.140368059E+00 0.138668329E+00 0.137023613E+00
 0.135437891E+00 0.133914173E+00 0.132454187E+00 0.131058067E+00 0.129723787E+00
 0.128446668E+00 0.127218798E+00 0.126028791E+00 0.124861903E+00 0.123700991E+00
 0.122528166E+00 0.121327139E+00 0.120085523E+00 0.118796721E+00 0.117460847E+00
 0.116084576E+00 0.114679895E+00 0.113262177E+00 0.111847915E+00 0.110452935E+00
 0.109091245E+00 0.107774608E+00 0.106512658E+00 0.105313331E+00 0.104183421E+00
 0.103129297E+00 0.102157667E+00 0.101276368E+00 0.100495137E+00 0.998260528E-01
 0.992831960E-01 0.988806784E-01 0.986282304E-01 0.985251963E-01 0.985574722E-01
 0.987028331E-01 0.989423245E-01 0.992682800E-01 0.996855348E-01 0.100210257E+00
 0.100867949E+00 0.101686195E+00 0.102681577E+00 0.103850134E+00 0.105168633E+00
 0.167901307E+00 0.167425677E+00 0.166879073E+00 0.166278839E+00 0.165571213E+00
 0.164387688E+00 0.162965730E+00 0.161380365E+00 0.159683496E+00 0.157916084E+00
 0.156111404E+00 0.154295757E+00 0.152489096E+00 0.150706023E+00 0.148957163E+00
 0.147250473E+00 0.145592257E+00 0.143987864E+00 0.142442137E+00 0.140959635E+00
 0.139544621E+00 0.138200954E+00 0.136931643E+00 0.135738224E+00 0.134619862E+00
 0.133572102E+00 0.132585317E+00 0.131643057E+00 0.130720928E+00 0.129787371E+00
 0.128806993E+00 0.127746522E+00 0.126580760E+00 0.125296831E+00 0.123896271E+00
 0.122394651E+00 0.120818622E+00 0.119200349E+00 0.117571548E+00 0.115959466E+00
 0.114385635E+00 0.112866305E+00 0.111413695E+00 0.110037178E+00 0.108744286E+00
 0.107541516E+00 0.106434956E+00 0.105430730E+00 0.104535237E+00 0.103755064E+00
 0.103096500E+00 0.102564491E+00 0.102161393E+00 0.101885848E+00 0.101732880E+00
 0.101695560E+00 0.101767614E+00 0.101945855E+00 0.102231242E+00 0.102628566E+00
 0.103144713E+00 0.103785656E+00 0.104553066E+00 0.105441824E+00 0.106439732E+00
 0.168574989E+00 0.168306351E+00 0.168091506E+00 0.167974949E+00 0.167937800E+00
 0.167313129E+00 0.165982619E+00 0.164292872E+00 0.162506908E+00 0.160673290E+00
 0.158835053E+00 0.157023042E+00 0.155255288E+00 0.153540835E+00 0.151884168E+00
 0.150287792E+00 0.148753807E+00 0.147284642E+00 0.145883515E+00 0.144554555E+00
 0.143302932E+00 0.142134622E+00 0.141056001E+00 0.140073106E+00 0.139190480E+00
 0.138409406E+00 0.137724832E+00 0.137120411E+00 0.136561275E+00 0.135988310E+00
 0.135324135E+00 0.134494469E+00 0.133446917E+00 0.132156402E+00 0.130626634E+00
 0.128893241E+00 0.127020866E+00 0.125084147E+00 0.123144574E+00 0.121243089E+00
 0.119404837E+00 0.117645353E+00 0.115974747E+00 0.114400156E+00 0.112926990E+00
 0.111559667E+00 0.110302024E+00 0.109157495E+00 0.108129248E+00 0.107220024E+00
 0.106431991E+00 0.105766349E+00 0.105223008E+00 0.104800485E+00 0.104496032E+00
 0.104306273E+00 0.104227945E+00 0.104258597E+00 0.104396924E+00 0.104642548E+00
 0.104995303E+00 0.105454117E+00 0.106015936E+00 0.106674857E+00 0.107421964E+00
 0.169114724E+00 0.169003412E+00 0.168977812E+00 0.169085652E+00 0.169367537E+00
 0.169235319E+00 0.168523028E+00 0.167217225E+00 0.165326074E+00 0.163265258E+00
 0.161289901E+00 0.159432590E+00 0.157685369E+00 0.156035036E+00 0.154470921E+00
 0.152985707E+00 0.151575044E+00 0.150237203E+00 0.148973078E+00 0.147786275E+00
 0.146683484E+00 0.145674422E+00 0.144771352E+00 0.143988311E+00 0.143340796E+00
 0.142845333E+00 0.142517671E+00 0.142368183E+00 0.142387137E+00 0.142487332E+00
 0.142423540E+00 0.142000377E+00 0.141146615E+00 0.139829382E+00 0.138035506E+00
 0.135801896E+00 0.133321732E+00 0.130845085E+00 0.128463134E+00 0.126196489E+00
 0.124049298E+00 0.122022167E+00 0.120115556E+00 0.118330322E+00 0.116667546E+00
 0.115128256E+00 0.113713257E+00 0.112423040E+00 0.111257762E+00 0.110217206E+00
 0.109300703E+00 0.108507074E+00 0.107834555E+00 0.107280806E+00 0.106843024E+00
 0.106518134E+00 0.106303014E+00 0.106194712E+00 0.106190450E+00 0.106287524E+00
 0.106483005E+00 0.106773302E+00 0.107153744E+00 0.107618339E+00 0.108159609E+00
 0.169413105E+00 0.169422105E+00 0.169462055E+00 0.169516131E+00 0.169572398E+00
 0.169608787E+00 0.169424772E+00 0.168658376E+00 0.167264968E+00 0.165204227E+00
 0.163134947E+00 0.161303401E+00 0.159639969E+00 0.158101454E+00 0.156664178E+00
 0.155313358E+00 0.154039606E+00 0.152837500E+00 0.151705205E+00 0.150644585E+00
 0.149662361E+00 0.148776114E+00 0.148007393E+00 0.147377938E+00 0.146915376E+00
 0.146655604E+00 0.146646127E+00 0.146952793E+00 0.147675484E+00 0.148962110E+00
 0.149815589E+00 0.149908781E+00 0.149328783E+00 0.148001358E+00 0.145881325E+00
 0.142839804E+00 0.139235318E+00 0.136088580E+00 0.133241192E+00 0.130613849E+00
 0.128165871E+00 0.125877023E+00 0.123738058E+00 0.121744916E+00 0.119895488E+00
 0.118188001E+00 0.116620421E+00 0.115190320E+00 0.113894954E+00 0.112731360E+00
 0.111696370E+00 0.110786684E+00 0.109998867E+00 0.109329335E+00 0.108774431E+00
 0.108330436E+00 0.107993603E+00 0.107760236E+00 0.107626587E+00 0.107588828E+00
 0.107642852E+00 0.107784137E+00 0.108007580E+00 0.108307339E+00 0.108676851E+00
 0.169508785E+00 0.169759065E+00 0.169916138E+00 0.169915587E+00 0.169744626E+00
 0.169425219E+00 0.168985277E+00 0.168435678E+00 0.167511523E+00 0.165825278E+00
 0.164042801E+00 0.162451386E+00 0.161004618E+00 0.159662634E+00 0.158409581E+00
 0.157232508E+00 0.156120867E+00 0.155066922E+00 0.154066071E+00 0.153117090E+00
 0.152222022E+00 0.151409820E+00 0.150711209E+00 0.150150314E+00 0.149761543E+00
 0.149590775E+00 0.149699137E+00 0.150171116E+00 0.151128158E+00 0.152706459E+00
 0.153865963E+00 0.154213369E+00 0.153816253E+00 0.152611509E+00 0.150510073E+00
 0.147351205E+00 0.143565193E+00 0.140210092E+00 0.137147948E+00 0.134295210E+00
 0.131615713E+00 0.129099473E+00 0.126746878E+00 0.124559589E+00 0.122537032E+00
 0.120676100E+00 0.118971944E+00 0.117418811E+00 0.116010688E+00 0.114741638E+00
 0.113605954E+00 0.112598225E+00 0.111713305E+00 0.110946290E+00 0.110292464E+00
 0.109747283E+00 0.109306298E+00 0.108965144E+00 0.108719453E+00 0.108564816E+00
 0.108496636E+00 0.108510092E+00 0.108600043E+00 0.108760968E+00 0.108986959E+00
 0.802856863E+00 0.818164766E+00 0.829175949E+00 0.842263460E+00 0.855845571E+00
 0.870189846E+00 0.885121465E+00 0.900544524E+00 0.916495144E+00 0.933072925E+00
 0.949959397E+00 0.967589200E+00 0.986065984E+00 0.100474739E+01 0.102435422E+01
 0.104470301E+01 0.106583512E+01 0.108771777E+01 0.111034274E+01 0.113372958E+01
 0.115815473E+01 0.118349755E+01 0.120977366E+01 0.123706388E+01 0.126541436E+01
 0.129486549E+01 0.132554185E+01 0.135748148E+01 0.139068949E+01 0.142526782E+01
 0.146124101E+01 0.149879849E+01 0.153798521E+01 0.157891214E+01 0.162150073E+01
 0.166599953E+01 0.171266198E+01 0.176134396E+01 0.181227863E+01 0.186551547E+01
 0.192134786E+01 0.198010516E+01 0.204143071E+01 0.210561061E+01 0.217336011E+01
 0.224462628E+01 0.231939197E+01 0.239756703E+01 0.248057413E+01 0.256832480E+01
 0.266010833E+01 0.275738978E+01 0.286066580E+01 0.296955013E+01 0.308523798E+01
 0.320896506E+01 0.334008241E+01 0.348305392E+01 0.363645768E+01 0.380588388E+01
 0.399097228E+01 0.420573950E+01 0.445917463E+01 0.482457113E+01 0.618659878E+01
   85  117
 0.110895956E+01-0.200000003E+00 0.109445250E+01-0.150000006E+00 0.108013892E+01
-0.500000007E-01 0.108705151E+01 0.500000007E-01 0.110562503E+01 0.117600515E+00
 0.113218749E+01 0.182824135E+00 0.115875006E+01 0.235034600E+00 0.118531251E+01
 0.280753106E+00 0.121187496E+01 0.322353840E+00 0.123843753E+01 0.360725552E+00
 0.126821995E+01 0.400000006E+00 0.130948186E+01 0.449999988E+00 0.134468746E+01
 0.488039285E+00 0.137125003E+01 0.514725685E+00 0.141031075E+01 0.550000012E+00
 0.145093751E+01 0.583015025E+00 0.147749996E+01 0.602413476E+00 0.153062499E+01
 0.635765016E+00 0.155718756E+01 0.650274694E+00 0.161031246E+01 0.674296260E+00
 0.166343749E+01 0.692085385E+00 0.169316709E+01 0.699999988E+00 0.174312496E+01
 0.708694756E+00 0.179624999E+01 0.710994542E+00 0.184937501E+01 0.705839157E+00
 0.187593746E+01 0.699839592E+00 0.192906249E+01 0.681192875E+00 0.198218751E+01
 0.651885569E+00 0.200874996E+01 0.631685019E+00 0.204200459E+01 0.600000024E+00
 0.208300853E+01 0.550000012E+00 0.211500001E+01 0.503336608E+00 0.214156246E+01
 0.456508726E+00 0.216812491E+01 0.402620643E+00 0.219079041E+01 0.349999994E+00
 0.221118975E+01 0.300000012E+00 0.222995138E+01 0.250000000E+00 0.224781251E+01
 0.194544539E+00 0.227134180E+01 0.100000001E+00 0.227916336E+01 0.500000007E-01
 0.228190780E+01-0.500000007E-01 0.227437496E+01-0.117143676E+00 0.225805402E+01
-0.200000003E+00 0.224471378E+01-0.250000000E+00 0.222125006E+01-0.327892154E+00
 0.219707251E+01-0.400000006E+00 0.217827487E+01-0.449999988E+00 0.215787244E+01
-0.500000000E+00 0.213551641E+01-0.550000012E+00 0.211076450E+01-0.600000024E+00
 0.208322525E+01-0.649999976E+00 0.205268002E+01-0.699999988E+00 0.201916265E+01
-0.750000000E+00 0.198288989E+01-0.800000012E+00 0.195562506E+01-0.834646165E+00
 0.192906249E+01-0.867358744E+00 0.190035081E+01-0.899999976E+00 0.185756671E+01
-0.949999988E+00 0.182281256E+01-0.989843905E+00 0.179624999E+01-0.102021074E+01
 0.176642334E+01-0.104999995E+01 0.172145152E+01-0.110000002E+01 0.169000006E+01
-0.113588977E+01 0.166073036E+01-0.116246760E+01 0.165772676E+01-0.117493534E+01
 0.161031246E+01-0.111280859E+01 0.158375001E+01-0.107502913E+01 0.155718756E+01
-0.103498483E+01 0.153062499E+01-0.994438589E+00 0.150088751E+01-0.949999988E+00
 0.146903527E+01-0.899999976E+00 0.143792093E+01-0.850000024E+00 0.140741348E+01
-0.800000012E+00 0.137752235E+01-0.750000000E+00 0.134828675E+01-0.699999988E+00
 0.131972361E+01-0.649999976E+00 0.129161525E+01-0.600000024E+00 0.126499999E+01
-0.550031185E+00 0.123973274E+01-0.500000000E+00 0.121500313E+01-0.449999988E+00
 0.119109404E+01-0.400000006E+00 0.116813326E+01-0.349999994E+00 0.114636338E+01
-0.300000012E+00 0.112631714E+01-0.250000000E+00 0.110895956E+01-0.200000003E+00
 0.101600003E+01 0.000000000E+00 0.101600003E+01 0.963999987E+00 0.101600003E+01
 0.967999995E+00 0.101600003E+01 0.100100005E+01 0.101600003E+01 0.101900005E+01
 0.101600003E+01 0.107700002E+01 0.101600003E+01 0.107000005E+01 0.101600003E+01
 0.109599996E+01 0.101600003E+01 0.111300004E+01 0.101600003E+01 0.113800001E+01
 0.101600003E+01 0.114699996E+01 0.101199996E+01 0.116499996E+01 0.100100005E+01
 0.121700001E+01 0.102900004E+01 0.121700001E+01 0.104200006E+01 0.116240001E+01
 0.104600000E+01 0.116237998E+01 0.105599999E+01 0.116260004E+01 0.109700000E+01
 0.116450000E+01 0.110800004E+01 0.116594005E+01 0.111600006E+01 0.116591001E+01
 0.113399994E+01 0.116895998E+01 0.114800000E+01 0.117174995E+01 0.116199994E+01
 0.117556000E+01 0.118099999E+01 0.118299997E+01 0.118200004E+01 0.118350005E+01
 0.118499994E+01 0.118499994E+01 0.119000006E+01 0.118799996E+01 0.119500005E+01
 0.119099998E+01 0.120099998E+01 0.119599998E+01 0.120899999E+01 0.120200002E+01
 0.121500003E+01 0.120799994E+01 0.122200000E+01 0.121399999E+01 0.122800004E+01
 0.122099996E+01 0.123399997E+01 0.123099995E+01 0.123899996E+01 0.123800004E+01
 0.124199998E+01 0.124399996E+01 0.124800003E+01 0.125399995E+01 0.125800002E+01
 0.127800000E+01 0.126300001E+01 0.128999996E+01 0.127999997E+01 0.133099997E+01
 0.127999997E+01 0.134700000E+01 0.127999997E+01 0.134800005E+01 0.130999994E+01
 0.134800005E+01 0.132799995E+01 0.134800005E+01 0.136099994E+01 0.134800005E+01
 0.138000000E+01 0.134800005E+01 0.141900003E+01 0.134800005E+01 0.141900003E+01
 0.130999994E+01 0.137199998E+01 0.130999994E+01 0.137167001E+01 0.129237998E+01
 0.137003005E+01 0.128268003E+01 0.136688006E+01 0.125644004E+01 0.136719000E+01
 0.122955000E+01 0.137178004E+01 0.119576001E+01 0.137223995E+01 0.119402003E+01
 0.138662004E+01 0.116487002E+01 0.138707995E+01 0.116420996E+01 0.140382004E+01
 0.115696001E+01 0.141127002E+01 0.115730000E+01 0.141857004E+01 0.116131997E+01
 0.142100000E+01 0.116400003E+01 0.148662996E+01 0.124049997E+01 0.149730003E+01
 0.123458004E+01 0.149761999E+01 0.123427999E+01 0.149744999E+01 0.123174000E+01
 0.149275005E+01 0.121329999E+01 0.149259996E+01 0.121061003E+01 0.149260998E+01
 0.120485997E+01 0.149278998E+01 0.120213997E+01 0.149339998E+01 0.119641995E+01
 0.149469995E+01 0.118510997E+01 0.149621999E+01 0.116069996E+01 0.147981000E+01
 0.112425995E+01 0.148081994E+01 0.112256002E+01 0.148149002E+01 0.112137997E+01
 0.148645997E+01 0.111691999E+01 0.149094999E+01 0.111439002E+01 0.150304997E+01
 0.111243999E+01 0.159696996E+01 0.109489000E+01 0.162549996E+01 0.108529997E+01
 0.163751996E+01 0.107988000E+01 0.164699996E+01 0.107700002E+01 0.178499997E+01
 0.107700002E+01 0.206999993E+01 0.103999996E+01 0.212800002E+01 0.992999971E+00
 0.224499989E+01 0.708999991E+00 0.233956003E+01 0.461430013E+00 0.234707999E+01
 0.415829986E+00 0.234912992E+01 0.272179991E+00 0.235103011E+01 0.170179993E+00
 0.235157990E+01 0.701199993E-01 0.235124993E+01-0.317899995E-01 0.235050988E+01
-0.144350007E+00 0.234964991E+01-0.214829996E+00 0.234870005E+01-0.326689988E+00
 0.234759998E+01-0.386770010E+00 0.234019995E+01-0.453040004E+00 0.232942009E+01
-0.477569997E+00 0.213400006E+01-0.972999990E+00 0.178600001E+01-0.117400002E+01
 0.176800001E+01-0.121099997E+01 0.176800001E+01-0.125000000E+01 0.168200004E+01
-0.125000000E+01 0.137199998E+01-0.125000000E+01 0.137199998E+01-0.132900000E+01
 0.141999996E+01-0.132900000E+01 0.141999996E+01-0.136300004E+01 0.127300000E+01
-0.136300004E+01 0.115300000E+01-0.136300004E+01 0.101600003E+01-0.122300005E+01
 0.101600003E+01-0.122300005E+01 0.101600003E+01-0.829999983E+00 0.101600003E+01
-0.800000012E+00 0.101600003E+01-0.414999992E+00 0.101600003E+01-0.400000006E+00
 0.101600003E+01-0.100000005E-02 0.101600003E+01 0.000000000E+00
    0 0.170000005E+01    1
 0.000000000E+00 0.000000000E+00 0.000000000E+00 0.000000000E+00 0.000000000E+00
 0.000000000E+00 0.000000000E+00 0.000000000E+00 0.000000000E+00 0.000000000E+00
 0.000000000E+00 0.000000000E+00 0.000000000E+00 0.000000000E+00 0.000000000E+00
 0.000000000E+00 0.000000000E+00 0.000000000E+00 0.000000000E+00 0.000000000E+00
 0.000000000E+00 0.000000000E+00 0.000000000E+00 0.000000000E+00 0.000000000E+00
 0.000000000E+00 0.000000000E+00 0.000000000E+00 0.000000000E+00 0.000000000E+00
 0.000000000E+00 0.000000000E+00 0.000000000E+00 0.000000000E+00 0.000000000E+00
 0.000000000E+00 0.000000000E+00 0.000000000E+00 0.000000000E+00 0.000000000E+00
 0.000000000E+00 0.000000000E+00 0.000000000E+00 0.000000000E+00 0.000000000E+00
 0.000000000E+00 0.000000000E+00 0.000000000E+00 0.000000000E+00 0.000000000E+00
 0.000000000E+00 0.000000000E+00 0.000000000E+00 0.000000000E+00 0.000000000E+00
 0.000000000E+00 0.000000000E+00 0.000000000E+00 0.000000000E+00 0.000000000E+00
 0.000000000E+00 0.000000000E+00 0.000000000E+00 0.000000000E+00 0.000000000E+00
 0.000000000E+00 0.808081627E-01 0.115040123E+00 0.141588017E+00 0.164290369E+00
 0.184512153E+00 0.203024894E+00 0.220289007E+00 0.236575380E+00 0.250772983E+00
 0.265692383E+00 0.280198008E+00 0.294212252E+00 0.307742983E+00 0.320972562E+00
 0.333989918E+00 0.346741080E+00 0.359268755E+00 0.371623337E+00 0.383836955E+00
 0.395896018E+00 0.407881051E+00 0.419789612E+00 0.431586653E+00 0.443329781E+00
 0.455044210E+00 0.466724217E+00 0.478400826E+00 0.490054101E+00 0.501721203E+00
 0.513396263E+00 0.525111020E+00 0.536852777E+00 0.548664749E+00 0.560501099E+00
 0.572421134E+00 0.584428012E+00 0.596500993E+00 0.608679593E+00 0.620960355E+00
 0.633343518E+00 0.645897090E+00 0.658541918E+00 0.671320081E+00 0.684295058E+00
 0.697430313E+00 0.710739970E+00 0.724191487E+00 0.737893879E+00 0.751837432E+00
 0.765940070E+00 0.780315340E+00 0.794956326E+00 0.809860945E+00 0.825046659E+00
 0.840551555E+00 0.856365621E+00 0.872560441E+00 0.889128864E+00 0.906126201E+00
 0.923563898E+00 0.941600740E+00 0.960266054E+00 0.979846358E+00 0.100000000E+01
    1
 0.000000000E+00 0.000000000E+00 0.000000000E+00 0.000000000E+00 0.000000000E+00
 0.000000000E+00 0.000000000E+00 0.000000000E+00 0.000000000E+00 0.000000000E+00
 0.000000000E+00 0.000000000E+00 0.000000000E+00 0.000000000E+00 0.000000000E+00
 0.000000000E+00 0.000000000E+00 0.000000000E+00 0.000000000E+00 0.000000000E+00
 0.000000000E+00 0.000000000E+00 0.000000000E+00 0.000000000E+00 0.000000000E+00
 0.000000000E+00 0.000000000E+00 0.000000000E+00 0.000000000E+00 0.000000000E+00
 0.000000000E+00 0.000000000E+00 0.000000000E+00 0.000000000E+00 0.000000000E+00
 0.000000000E+00 0.000000000E+00 0.000000000E+00 0.000000000E+00 0.000000000E+00
 0.000000000E+00 0.000000000E+00 0.000000000E+00 0.000000000E+00 0.000000000E+00
 0.000000000E+00 0.000000000E+00 0.000000000E+00 0.000000000E+00 0.000000000E+00
 0.000000000E+00 0.000000000E+00 0.000000000E+00 0.000000000E+00 0.000000000E+00
 0.000000000E+00 0.000000000E+00 0.000000000E+00 0.000000000E+00 0.000000000E+00
 0.000000000E+00 0.000000000E+00 0.000000000E+00 0.000000000E+00 0.000000000E+00
&BASIS
 EE2BDRY= 32*0.00000000      ,
 EEBDRY= 32*0.00000000      ,
 EEKNT= 32*0.00000000      ,
 EETENS=  5.00000000    ,
 FF2BDRY= 64*0.00000000      ,
 FFBDRY=  3.71086812    , -9.21341133    ,  5.55193901    , 61*0.00000000      ,
 FFKNT= 64*0.00000000      ,
 FFTENS=  0.00000000    ,
 KEE2BDRY= 32*0          ,
 KEEBDRY= 32*0          ,
 KEEFNC=          0,
 KEEKNT=          0,
 KFF2BDRY= 64*0          ,
 KFFBDRY= 64*0          ,
 KFFFNC=          0,
 KFFKNT=          0,
 KPP2BDRY= 64*0          ,
 KPPBDRY= 64*0          ,
 KPPFNC=          0,
 KPPKNT=          0,
 KWW2BDRY= 64*0          ,
 KWWBDRY= 64*0          ,
 KWWFNC=          0,
 KWWKNT=          0,
 PP2BDRY= 64*0.00000000      ,
 PPBDRY=  296902.250    , -147549.984    , 62*0.00000000      ,
 PPKNT= 64*0.00000000      ,
 PPTENS=  0.00000000    ,
 WW2BDRY= 64*0.00000000      ,
 WWBDRY=  1159.02942    , -32693.4609    , 62*0.00000000      ,
 WWKNT= 64*0.00000000      ,
 WWTENS=  0.00000000    ,
 /
