  EFITD    01/21/2000    #180526  3300ms           7  65  65
 0.170000005E+01 0.320000005E+01 0.169550002E+01 0.839999974E+00 0.000000000E+00
 0.180273652E+01-0.495207235E-01-0.338316977E+00-0.520830788E-01-0.197024000E+01
 0.890673562E+06-0.338316977E+00 0.000000000E+00 0.180273652E+01 0.000000000E+00
-0.495207235E-01 0.000000000E+00-0.520830788E-01 0.000000000E+00 0.000000000E+00
-0.341584849E+01-0.340963721E+01-0.340370083E+01-0.339803457E+01-0.339263368E+01
-0.338749337E+01-0.338260865E+01-0.337797475E+01-0.337358642E+01-0.336943817E+01
-0.336552525E+01-0.336184216E+01-0.335838342E+01-0.335514355E+01-0.335211706E+01
-0.334929848E+01-0.334668207E+01-0.334426212E+01-0.334203291E+01-0.333998847E+01
-0.333812308E+01-0.333643103E+01-0.333490610E+01-0.333354235E+01-0.333233380E+01
-0.333127451E+01-0.333035851E+01-0.332957959E+01-0.332893133E+01-0.332840824E+01
-0.332800364E+01-0.332771134E+01-0.332752562E+01-0.332744002E+01-0.332744837E+01
-0.332754421E+01-0.332772183E+01-0.332797456E+01-0.332829642E+01-0.332868099E+01
-0.332912207E+01-0.332961369E+01-0.333014941E+01-0.333072305E+01-0.333132839E+01
-0.333195925E+01-0.333260918E+01-0.333327222E+01-0.333394217E+01-0.333461261E+01
-0.333527756E+01-0.333593082E+01-0.333656597E+01-0.333717704E+01-0.333775806E+01
-0.333830237E+01-0.333880401E+01-0.333925700E+01-0.333965468E+01-0.333999157E+01
-0.334026098E+01-0.334045696E+01-0.334057307E+01-0.334060359E+01-0.334054208E+01
 0.906504922E+05 0.887151641E+05 0.867963047E+05 0.848939219E+05 0.830080156E+05
 0.811385781E+05 0.792856172E+05 0.774491250E+05 0.756291094E+05 0.738255703E+05
 0.720385000E+05 0.702679062E+05 0.685137812E+05 0.667761328E+05 0.650549609E+05
 0.633502578E+05 0.616620312E+05 0.599902773E+05 0.583350000E+05 0.566961914E+05
 0.550738594E+05 0.534680000E+05 0.518786133E+05 0.503056992E+05 0.487492617E+05
 0.472092969E+05 0.456858047E+05 0.441787852E+05 0.426882383E+05 0.412141680E+05
 0.397565703E+05 0.383154453E+05 0.368907969E+05 0.354826172E+05 0.340909141E+05
 0.327156855E+05 0.313569277E+05 0.300146445E+05 0.286888359E+05 0.273795000E+05
 0.260866367E+05 0.248102480E+05 0.235503320E+05 0.223068906E+05 0.210799219E+05
 0.198694277E+05 0.186754062E+05 0.174978594E+05 0.163367852E+05 0.151921846E+05
 0.140640576E+05 0.129524033E+05 0.118572236E+05 0.107785176E+05 0.971628418E+04
 0.867052539E+04 0.764123926E+04 0.662842676E+04 0.563208838E+04 0.465222314E+04
 0.368883130E+04 0.274191309E+04 0.181146863E+04 0.897497498E+03 0.000000000E+00
-0.484957552E+01-0.462952662E+01-0.441409826E+01-0.420329046E+01-0.399710321E+01
-0.379553676E+01-0.359859061E+01-0.340626502E+01-0.321856022E+01-0.303547597E+01
-0.285701227E+01-0.268316913E+01-0.251394653E+01-0.234934449E+01-0.218936324E+01
-0.203400230E+01-0.188326216E+01-0.173714256E+01-0.159564352E+01-0.145876503E+01
-0.132650721E+01-0.119886994E+01-0.107585323E+01-0.957457066E+00-0.843681574E+00
-0.734526575E+00-0.629992247E+00-0.530078471E+00-0.434785277E+00-0.344112664E+00
-0.258060664E+00-0.176629215E+00-0.998183712E-01-0.276281070E-01 0.399415717E-01
 0.102890663E+00 0.161219180E+00 0.214927092E+00 0.264014453E+00 0.308481187E+00
 0.348327368E+00 0.383552939E+00 0.414157957E+00 0.440142363E+00 0.461506188E+00
 0.478249431E+00 0.490372092E+00 0.497874171E+00 0.500755668E+00 0.499016553E+00
 0.492656887E+00 0.481676608E+00 0.466075748E+00 0.445854336E+00 0.421012312E+00
 0.391549706E+00 0.357466489E+00 0.318762720E+00 0.275438368E+00 0.227493420E+00
 0.174927890E+00 0.117741771E+00 0.559350699E-01-0.104922168E-01-0.815400854E-01
-0.434568719E+06-0.430885344E+06-0.427202000E+06-0.423518625E+06-0.419835250E+06
-0.416151875E+06-0.412468500E+06-0.408785125E+06-0.405101750E+06-0.401418375E+06
-0.397735000E+06-0.394051625E+06-0.390368250E+06-0.386684875E+06-0.383001500E+06
-0.379318125E+06-0.375634750E+06-0.371951375E+06-0.368268000E+06-0.364584625E+06
-0.360901250E+06-0.357217875E+06-0.353534500E+06-0.349851125E+06-0.346167750E+06
-0.342484375E+06-0.338801000E+06-0.335117625E+06-0.331434250E+06-0.327750875E+06
-0.324067531E+06-0.320384156E+06-0.316700781E+06-0.313017406E+06-0.309334031E+06
-0.305650656E+06-0.301967281E+06-0.298283906E+06-0.294600531E+06-0.290917156E+06
-0.287233781E+06-0.283550406E+06-0.279867031E+06-0.276183656E+06-0.272500281E+06
-0.268816906E+06-0.265133531E+06-0.261450156E+06-0.257766781E+06-0.254083406E+06
-0.250400031E+06-0.246716656E+06-0.243033297E+06-0.239349922E+06-0.235666547E+06
-0.231983172E+06-0.228299797E+06-0.224616422E+06-0.220933047E+06-0.217249672E+06
-0.213566297E+06-0.209882922E+06-0.206199547E+06-0.202516172E+06-0.198832797E+06
 0.449670926E-01 0.376492478E-01 0.295877364E-01 0.207551643E-01 0.112231234E-01
 0.116275763E-02-0.917852111E-02-0.195176657E-01-0.274707116E-01-0.305929706E-01
-0.341307186E-01-0.402935334E-01-0.476531349E-01-0.536908209E-01-0.587735996E-01
-0.630282238E-01-0.664543584E-01-0.689790025E-01-0.704222023E-01-0.704142302E-01
-0.682414621E-01-0.663093776E-01-0.664796755E-01-0.682277307E-01-0.713412315E-01
-0.758007392E-01-0.817410275E-01-0.894721821E-01-0.995563269E-01-0.112777300E+00
-0.123160630E+00-0.128730208E+00-0.130094483E+00-0.126906350E+00-0.118974984E+00
-0.105658516E+00-0.892440826E-01-0.758323446E-01-0.644838139E-01-0.545929074E-01
-0.457593091E-01-0.377077758E-01-0.302445758E-01-0.232325420E-01-0.165748838E-01
-0.102038598E-01-0.407278072E-02 0.184957089E-02 0.758281397E-02 0.131377093E-01
 0.185181852E-01 0.237229355E-01 0.287467670E-01 0.335818306E-01 0.382187590E-01
 0.426477753E-01 0.468596891E-01 0.508467779E-01 0.546035245E-01 0.581271090E-01
 0.614176653E-01 0.644783080E-01 0.673149452E-01 0.699358732E-01 0.723513365E-01
 0.444353148E-01 0.361214131E-01 0.267480761E-01 0.161907207E-01 0.445741042E-02
-0.823423918E-02-0.201048572E-01-0.285977032E-01-0.331823118E-01-0.337223150E-01
-0.351437069E-01-0.388211720E-01-0.436090566E-01-0.483200587E-01-0.526635833E-01
-0.565288104E-01-0.598293841E-01-0.624712408E-01-0.643424615E-01-0.653241575E-01
-0.654267818E-01-0.656274855E-01-0.668380708E-01-0.691495687E-01-0.725869760E-01
-0.772311464E-01-0.832586437E-01-0.909902751E-01-0.100982785E+00-0.113970362E+00
-0.124240160E+00-0.129765123E+00-0.131062567E+00-0.127964064E+00-0.120164558E+00
-0.106929205E+00-0.907117203E-01-0.772934631E-01-0.658070967E-01-0.556778386E-01
-0.465358719E-01-0.381301753E-01-0.302842613E-01-0.228716880E-01-0.158014242E-01
-0.900848489E-02-0.244760537E-02 0.391117530E-02 0.100856824E-01 0.160839576E-01
 0.219061114E-01 0.275458954E-01 0.329921767E-01 0.382304266E-01 0.432442464E-01
 0.480169579E-01 0.525331497E-01 0.567800775E-01 0.607488342E-01 0.644350946E-01
 0.678394809E-01 0.709674060E-01 0.738286227E-01 0.764363930E-01 0.788065419E-01
 0.462105982E-01 0.374259837E-01 0.272034351E-01 0.150761809E-01 0.880229520E-03
-0.110198194E-01-0.195812061E-01-0.246061999E-01-0.259427447E-01-0.267980024E-01
-0.286182854E-01-0.314164720E-01-0.348685645E-01-0.386104733E-01-0.423626527E-01
-0.459420308E-01-0.492325537E-01-0.521646291E-01-0.547143742E-01-0.569248311E-01
-0.589425936E-01-0.610196181E-01-0.634238198E-01-0.663523078E-01-0.699338540E-01
-0.742645785E-01-0.794314146E-01-0.855127946E-01-0.925299376E-01-0.100083522E+00
-0.106232420E+00-0.109673768E+00-0.110138580E+00-0.107499070E+00-0.101664357E+00
-0.927316993E-01-0.821024999E-01-0.717491433E-01-0.620368272E-01-0.529394597E-01
-0.443714522E-01-0.362422578E-01-0.284710824E-01-0.209908094E-01-0.137482993E-01
-0.670350343E-02 0.171717998E-03 0.689473283E-02 0.134731270E-01 0.199055765E-01
 0.261826906E-01 0.322879627E-01 0.381989703E-01 0.438889228E-01 0.493286736E-01
 0.544890314E-01 0.593432859E-01 0.638696179E-01 0.680530667E-01 0.718868151E-01
 0.753726289E-01 0.785203353E-01 0.813466609E-01 0.838734731E-01 0.861259028E-01
 0.510140471E-01 0.426466689E-01 0.328407325E-01 0.212536845E-01 0.830101222E-02
-0.102572073E-02-0.608815858E-02-0.932842586E-02-0.123419985E-01-0.153552163E-01
-0.185373966E-01-0.219562706E-01-0.255787335E-01-0.293124542E-01-0.330507196E-01
-0.367003419E-01-0.401937515E-01-0.434937254E-01-0.465970077E-01-0.495379679E-01
-0.523886234E-01-0.552486926E-01-0.582251512E-01-0.614105389E-01-0.648690164E-01
-0.686284378E-01-0.726692006E-01-0.768992603E-01-0.811071098E-01-0.849102661E-01
-0.877887458E-01-0.892541930E-01-0.889845714E-01-0.868397579E-01-0.828578174E-01
-0.772828087E-01-0.705614090E-01-0.631973371E-01-0.555681176E-01-0.478877462E-01
-0.402583182E-01-0.327199399E-01-0.252814014E-01-0.179372076E-01-0.106770312E-01
-0.349099794E-02 0.362720666E-02 0.106783845E-01 0.176564846E-01 0.245476235E-01
 0.313294195E-01 0.379707627E-01 0.444322601E-01 0.506676584E-01 0.566264838E-01
 0.622578077E-01 0.675148442E-01 0.723595470E-01 0.767664760E-01 0.807251930E-01
 0.842407793E-01 0.873324573E-01 0.900306553E-01 0.923731104E-01 0.944010168E-01
 0.590470210E-01 0.519266091E-01 0.435022339E-01 0.339225195E-01 0.241921637E-01
 0.171015300E-01 0.111155249E-01 0.585844833E-02 0.107598875E-02-0.341634266E-02
-0.774765201E-02-0.119949309E-01-0.161887594E-01-0.203252323E-01-0.243810266E-01
-0.283271465E-01-0.321391001E-01-0.358034857E-01-0.393216461E-01-0.427107066E-01
-0.460015349E-01-0.492333211E-01-0.524452217E-01-0.556667671E-01-0.589084178E-01
-0.621525459E-01-0.653440803E-01-0.683807284E-01-0.711061135E-01-0.733139440E-01
-0.747721195E-01-0.752638504E-01-0.746287182E-01-0.727893412E-01-0.697625801E-01
-0.656563714E-01-0.606482774E-01-0.549455099E-01-0.487421975E-01-0.421932377E-01
-0.354089141E-01-0.284617487E-01-0.213967599E-01-0.142408283E-01-0.701003382E-02
 0.284878304E-03 0.763436966E-02 0.150268069E-01 0.224455893E-01 0.298664421E-01
 0.372547954E-01 0.445634350E-01 0.517310053E-01 0.586822741E-01 0.653313920E-01
 0.715886131E-01 0.773698241E-01 0.826066360E-01 0.872546881E-01 0.912986547E-01
 0.947529525E-01 0.976581350E-01 0.100073405E+00 0.102067426E+00 0.103709772E+00
 0.706273243E-01 0.655938536E-01 0.573967509E-01 0.484592244E-01 0.400485098E-01
 0.323429368E-01 0.253624525E-01 0.190015901E-01 0.131337447E-01 0.764579605E-02
 0.244759000E-02-0.252590352E-02-0.731605105E-02-0.119446451E-01-0.164195970E-01
-0.207409784E-01-0.249063205E-01-0.289146025E-01-0.327685922E-01-0.364754796E-01
-0.400457382E-01-0.434903651E-01-0.468167737E-01-0.500239246E-01-0.530972369E-01
-0.560038052E-01-0.586885288E-01-0.610720925E-01-0.630523339E-01-0.645106360E-01
-0.653240904E-01-0.653815642E-01-0.645999461E-01-0.629361644E-01-0.603925288E-01
-0.570144877E-01-0.528812259E-01-0.480912849E-01-0.427471697E-01-0.369431078E-01
-0.307581648E-01-0.242542587E-01-0.174774695E-01-0.104609309E-01-0.322820200E-02
 0.420339778E-02 0.118195927E-01 0.196059812E-01 0.275446065E-01 0.356099159E-01
 0.437637083E-01 0.519488491E-01 0.600821711E-01 0.680486485E-01 0.757018030E-01
 0.828761682E-01 0.894114673E-01 0.951783359E-01 0.100096293E+00 0.104143173E+00
 0.107357591E+00 0.109831490E+00 0.111690104E+00 0.113065742E+00 0.114077836E+00
 0.811328664E-01 0.775021687E-01 0.696564391E-01 0.606036708E-01 0.521224551E-01
 0.441940911E-01 0.367908478E-01 0.298704728E-01 0.233781300E-01 0.172558241E-01
 0.114501538E-01 0.591666810E-02 0.621442392E-03-0.445932895E-02-0.934099592E-02
-0.140327085E-01-0.185396895E-01-0.228650980E-01-0.270111840E-01-0.309796128E-01
-0.347708687E-01-0.383828767E-01-0.418089479E-01-0.450354032E-01-0.480391271E-01
-0.507855229E-01-0.532272719E-01-0.553044751E-01-0.569466539E-01-0.580771193E-01
-0.586196594E-01-0.585070290E-01-0.576897748E-01-0.561418161E-01-0.538615063E-01
-0.508698337E-01-0.472060032E-01-0.429212563E-01-0.380721875E-01-0.327147357E-01
-0.268997978E-01-0.206706263E-01-0.140618533E-01-0.709968386E-02 0.197183865E-03
 0.781619921E-02 0.157493073E-01 0.239909347E-01 0.325353369E-01 0.413727425E-01
 0.504832007E-01 0.598262176E-01 0.693229064E-01 0.788265839E-01 0.880871341E-01
 0.967580304E-01 0.104496002E+00 0.111052677E+00 0.116285495E+00 0.120153591E+00
 0.122739449E+00 0.124269918E+00 0.125053361E+00 0.125361696E+00 0.125386521E+00
 0.890769586E-01 0.862262473E-01 0.786874890E-01 0.698435381E-01 0.614227541E-01
 0.534184650E-01 0.458206050E-01 0.386096872E-01 0.317595489E-01 0.252406802E-01
 0.190235302E-01 0.130811315E-01 0.739068957E-02 0.193422404E-02-0.330153038E-02
-0.832567737E-02-0.131438840E-01-0.177590419E-01-0.221716799E-01-0.263800081E-01
-0.303795841E-01-0.341625735E-01-0.377167612E-01-0.410243794E-01-0.440609902E-01
-0.467945933E-01-0.491851568E-01-0.511847883E-01-0.527387187E-01-0.537873097E-01
-0.542695783E-01-0.541298427E-01-0.533324443E-01-0.518652834E-01-0.497307479E-01
-0.469433479E-01-0.435268134E-01-0.395110734E-01-0.349291861E-01-0.298144240E-01
-0.241978019E-01-0.181061421E-01-0.115608014E-01-0.457689213E-02 0.283709937E-02
 0.106794797E-01 0.189554039E-01 0.276768915E-01 0.368627459E-01 0.465381704E-01
 0.567334779E-01 0.674803108E-01 0.788014680E-01 0.906847194E-01 0.102962777E+00
 0.114459053E+00 0.124199949E+00 0.131980151E+00 0.137646720E+00 0.141055241E+00
 0.142090067E+00 0.141283512E+00 0.139991656E+00 0.138577595E+00 0.137189418E+00
 0.948287919E-01 0.924149156E-01 0.853078589E-01 0.767103955E-01 0.684166327E-01
 0.604378060E-01 0.527755767E-01 0.454240926E-01 0.383725911E-01 0.316074491E-01
 0.251139551E-01 0.188777670E-01 0.128859757E-01 0.712780049E-02 0.159493648E-02
-0.371834962E-02-0.881527085E-02-0.136965998E-01-0.183606949E-01-0.228033997E-01
-0.270177927E-01-0.309937950E-01-0.347176641E-01-0.381714478E-01-0.413324274E-01
-0.441726595E-01-0.466585308E-01-0.487503260E-01-0.504013672E-01-0.515559688E-01
-0.521443896E-01-0.520704016E-01-0.513003916E-01-0.498691462E-01-0.477923416E-01
-0.450892374E-01-0.417798534E-01-0.378845036E-01-0.334235467E-01-0.284165405E-01
-0.228811260E-01-0.168317985E-01-0.102787558E-01-0.322679686E-02 0.432576099E-02
 0.123883095E-01 0.209794696E-01 0.301291998E-01 0.398818403E-01 0.503007732E-01
 0.614758618E-01 0.735361353E-01 0.866733640E-01 0.101191618E+00 0.117316015E+00
 0.132155940E+00 0.144291222E+00 0.153660789E+00 0.160134062E+00 0.163368732E+00
 0.163213864E+00 0.159420118E+00 0.155188128E+00 0.151554316E+00 0.148503840E+00
 0.989346728E-01 0.967815295E-01 0.900019109E-01 0.816213861E-01 0.734718814E-01
 0.655702800E-01 0.579176545E-01 0.505129546E-01 0.433535986E-01 0.364356786E-01
 0.297543406E-01 0.233043469E-01 0.170806553E-01 0.110789509E-01 0.529605988E-02
-0.269739452E-03-0.561851310E-02-0.107485056E-01-0.156559963E-01-0.203351416E-01
-0.247777775E-01-0.289732199E-01-0.329080448E-01-0.365658775E-01-0.399272665E-01
-0.429695882E-01-0.456670225E-01-0.479906164E-01-0.499084368E-01-0.513859764E-01
-0.523872562E-01-0.524607971E-01-0.515580736E-01-0.500719547E-01-0.479505733E-01
-0.452281460E-01-0.419227481E-01-0.380463041E-01-0.336094871E-01-0.286221914E-01
-0.230928287E-01-0.170273799E-01-0.104283420E-01-0.329356268E-02 0.438510301E-02
 0.126234442E-01 0.214470550E-01 0.308943037E-01 0.410206094E-01 0.519047752E-01
 0.636585951E-01 0.764417052E-01 0.904842392E-01 0.106116191E+00 0.123773210E+00
 0.141709968E+00 0.156258479E+00 0.167309150E+00 0.174897969E+00 0.178965271E+00
 0.179065600E+00 0.174992710E+00 0.167972416E+00 0.162305877E+00 0.157850236E+00
 0.101746440E+00 0.998015404E-01 0.930066854E-01 0.848153159E-01 0.768467784E-01
 0.690667778E-01 0.614711270E-01 0.540635474E-01 0.468493439E-01 0.398329012E-01
 0.330171995E-01 0.264040157E-01 0.199944228E-01 0.137892971E-01 0.778978784E-02
 0.199769833E-02-0.358419330E-02-0.895188190E-02-0.140999230E-01-0.190212633E-01
-0.237070937E-01-0.281467512E-01-0.323276855E-01-0.362355113E-01-0.398541950E-01
-0.431663506E-01-0.461536199E-01-0.487970561E-01-0.510778129E-01-0.529784523E-01
-0.540840626E-01-0.543709770E-01-0.538207516E-01-0.524309538E-01-0.501112491E-01
-0.472748801E-01-0.439020842E-01-0.399787612E-01-0.355043262E-01-0.304814000E-01
-0.249124039E-01-0.187983084E-01-0.121377055E-01-0.492580235E-02 0.284675020E-02
 0.111952806E-01 0.201428924E-01 0.297227949E-01 0.399813801E-01 0.509823523E-01
 0.628121123E-01 0.755865946E-01 0.894588754E-01 0.104626291E+00 0.121335581E+00
 0.139796451E+00 0.155930504E+00 0.168334931E+00 0.177109286E+00 0.182282254E+00
 0.183946654E+00 0.181642577E+00 0.175298467E+00 0.168638632E+00 0.163681999E+00
 0.102577113E+00 0.100470044E+00 0.941993371E-01 0.864784718E-01 0.787970871E-01
 0.711753592E-01 0.636527240E-01 0.562567450E-01 0.490062311E-01 0.419142917E-01
 0.349902809E-01 0.282410793E-01 0.216720253E-01 0.152876191E-01 0.909207854E-02
 0.308978045E-02-0.271438714E-02-0.831474084E-02-0.137045719E-01-0.188759714E-01
-0.238196962E-01-0.285251141E-01-0.329802409E-01-0.371719599E-01-0.410865173E-01
-0.447103605E-01-0.480311699E-01-0.510375425E-01-0.537191294E-01-0.556831248E-01
-0.569122732E-01-0.573848151E-01-0.570751131E-01-0.559512936E-01-0.539652891E-01
-0.510585085E-01-0.476414189E-01-0.436467342E-01-0.390994735E-01-0.340072177E-01
-0.283707157E-01-0.221890621E-01-0.154602798E-01-0.818078220E-02-0.344652595E-03
 0.805715192E-02 0.170376729E-01 0.266148709E-01 0.368125550E-01 0.476611927E-01
 0.591982864E-01 0.714680031E-01 0.845194086E-01 0.984036922E-01 0.113174282E+00
 0.128915682E+00 0.144875497E+00 0.157258242E+00 0.166500270E+00 0.172827542E+00
 0.176123649E+00 0.176615730E+00 0.173912257E+00 0.168740079E+00 0.164991140E+00
 0.103401825E+00 0.101124562E+00 0.948603228E-01 0.873316601E-01 0.797519609E-01
 0.721808821E-01 0.646708384E-01 0.572548732E-01 0.499548428E-01 0.427860990E-01
 0.357599668E-01 0.288852025E-01 0.221689697E-01 0.156175010E-01 0.923661981E-02
 0.303213112E-02-0.298985140E-02-0.882265065E-02-0.144588063E-01-0.198898874E-01
-0.251063239E-01-0.300972592E-01-0.348504335E-01-0.393522047E-01-0.435880683E-01
-0.475447401E-01-0.512170754E-01-0.546008237E-01-0.573252589E-01-0.593804643E-01
-0.607503057E-01-0.614139177E-01-0.613467619E-01-0.605213493E-01-0.589085296E-01
-0.564828143E-01-0.532333702E-01-0.490517691E-01-0.443794243E-01-0.391906649E-01
-0.334659256E-01-0.272003561E-01-0.203931574E-01-0.130443880E-01-0.515424972E-02
 0.327710481E-02 0.122495266E-01 0.217625313E-01 0.318144523E-01 0.424007736E-01
 0.535110682E-01 0.651236773E-01 0.771963596E-01 0.896495506E-01 0.102333479E+00
 0.114956483E+00 0.126958713E+00 0.137613282E+00 0.146476984E+00 0.153396145E+00
 0.158347145E+00 0.161401227E+00 0.162776962E+00 0.162970662E+00 0.162687197E+00
 0.104331061E+00 0.102187194E+00 0.954677686E-01 0.876203477E-01 0.798755437E-01
 0.722135305E-01 0.646378100E-01 0.571583025E-01 0.497857742E-01 0.425299741E-01
 0.353993699E-01 0.284013692E-01 0.215426236E-01 0.148293637E-01 0.826767553E-02
 0.186374888E-02-0.437591178E-02-0.104443114E-01-0.163337998E-01-0.220359191E-01
-0.275412053E-01-0.328388810E-01-0.379162319E-01-0.427572094E-01-0.473391525E-01
-0.516248420E-01-0.556422547E-01-0.590501539E-01-0.618456230E-01-0.640164241E-01
-0.655442774E-01-0.664066896E-01-0.665780231E-01-0.660301447E-01-0.647326112E-01
-0.626521036E-01-0.597491376E-01-0.559669919E-01-0.512378998E-01-0.459987819E-01
-0.401799157E-01-0.338106900E-01-0.269029681E-01-0.194630679E-01-0.114980191E-01
-0.301714940E-02 0.596719701E-02 0.154386684E-01 0.253753327E-01 0.357472450E-01
 0.465127490E-01 0.576130301E-01 0.689642504E-01 0.804467350E-01 0.918917805E-01
 0.103071496E+00 0.113706738E+00 0.123509839E+00 0.132244945E+00 0.139763802E+00
 0.146010712E+00 0.151019573E+00 0.154912233E+00 0.157885805E+00 0.160168529E+00
 0.103549883E+00 0.101352349E+00 0.947619602E-01 0.868148431E-01 0.789625570E-01
 0.712092966E-01 0.635544285E-01 0.559993237E-01 0.485469289E-01 0.412011370E-01
 0.339663811E-01 0.268474184E-01 0.198492371E-01 0.129770720E-01 0.623645447E-02
-0.366721273E-03-0.682612788E-02-0.131349415E-01-0.192858055E-01-0.252708346E-01
-0.310816765E-01-0.367097259E-01-0.421465673E-01-0.473850667E-01-0.524219051E-01
-0.569149777E-01-0.609065220E-01-0.643643960E-01-0.672639534E-01-0.695815384E-01
-0.712922141E-01-0.723692998E-01-0.727844834E-01-0.725080967E-01-0.715093911E-01
-0.697565824E-01-0.672168881E-01-0.638573468E-01-0.596501306E-01-0.545839444E-01
-0.485428013E-01-0.420055985E-01-0.349539705E-01-0.273781084E-01-0.192864835E-01
-0.106952433E-01-0.162578688E-02 0.789474417E-02 0.178320911E-01 0.281429291E-01
 0.387722924E-01 0.496503636E-01 0.606888197E-01 0.717774406E-01 0.827823356E-01
 0.935483202E-01 0.103907742E+00 0.113696106E+00 0.122770399E+00 0.131024137E+00
 0.138395861E+00 0.144871265E+00 0.150479525E+00 0.155283555E+00 0.159364581E+00
 0.101871870E+00 0.996097624E-01 0.928667486E-01 0.848420784E-01 0.769258291E-01
 0.691145360E-01 0.614036657E-01 0.537893325E-01 0.462693423E-01 0.388433002E-01
 0.315123536E-01 0.242788885E-01 0.171462297E-01 0.101184836E-01 0.320042786E-02
-0.360254152E-02-0.102844303E-01-0.168386605E-01-0.232581031E-01-0.295351446E-01
-0.356618129E-01-0.416300111E-01-0.474318676E-01-0.530602857E-01-0.581764691E-01
-0.627911389E-01-0.669069290E-01-0.705113411E-01-0.735842809E-01-0.761011094E-01
-0.780340955E-01-0.793534070E-01-0.800279304E-01-0.800258741E-01-0.793153197E-01
-0.778645128E-01-0.756419301E-01-0.726159960E-01-0.687540248E-01-0.640182197E-01
-0.583533905E-01-0.516932979E-01-0.445125960E-01-0.367515832E-01-0.284584220E-01
-0.196650270E-01-0.104004014E-01-0.697974523E-03 0.940217823E-02 0.198520869E-01
 0.305945948E-01 0.415619276E-01 0.526744463E-01 0.638400093E-01 0.749546364E-01
 0.859050527E-01 0.965733975E-01 0.106843829E+00 0.116609700E+00 0.125779957E+00
 0.134283587E+00 0.142071396E+00 0.149115443E+00 0.155406132E+00 0.160947993E+00
 0.990177765E-01 0.966354236E-01 0.897336677E-01 0.816654637E-01 0.737340972E-01
 0.659152940E-01 0.581923462E-01 0.505537763E-01 0.429928973E-01 0.355065875E-01
 0.280942135E-01 0.207569059E-01 0.134970723E-01 0.631812494E-02-0.775674358E-03
-0.777928997E-02-0.146869486E-01-0.214921590E-01-0.281877369E-01-0.347658396E-01
-0.412180461E-01-0.475354753E-01-0.537089184E-01-0.594114251E-01-0.646523535E-01
-0.694318712E-01-0.737415329E-01-0.775644854E-01-0.808771923E-01-0.836511627E-01
-0.858544782E-01-0.874530748E-01-0.884119198E-01-0.886959732E-01-0.882709920E-01
-0.871041194E-01-0.851642117E-01-0.824218541E-01-0.788490921E-01-0.744189471E-01
-0.691057146E-01-0.628900528E-01-0.557705052E-01-0.476328656E-01-0.390069485E-01
-0.298926607E-01-0.203005839E-01-0.102627417E-01 0.179204828E-03 0.109771322E-01
 0.220767315E-01 0.334169567E-01 0.449294671E-01 0.565384217E-01 0.681609213E-01
 0.797081143E-01 0.910870954E-01 0.102203198E+00 0.112962507E+00 0.123274066E+00
 0.133051634E+00 0.142214954E+00 0.150690913E+00 0.158414766E+00 0.165332124E+00
 0.945787057E-01 0.919653475E-01 0.851859599E-01 0.771997496E-01 0.693682060E-01
 0.616340153E-01 0.539661348E-01 0.463509485E-01 0.387829468E-01 0.312604569E-01
 0.237838626E-01 0.163547825E-01 0.897574518E-02 0.165006856E-02-0.561817270E-02
-0.128241209E-01-0.199620947E-01-0.270255450E-01-0.340070240E-01-0.408981591E-01
-0.476896390E-01-0.543712340E-01-0.606297739E-01-0.664760992E-01-0.719108060E-01
-0.769252554E-01-0.815024748E-01-0.856181383E-01-0.892418027E-01-0.923383087E-01
-0.948692113E-01-0.967942029E-01-0.980725065E-01-0.986640900E-01-0.985307768E-01
-0.976371467E-01-0.959510580E-01-0.934439674E-01-0.900907740E-01-0.858692527E-01
-0.807590261E-01-0.747395158E-01-0.677848160E-01-0.598494448E-01-0.508742407E-01
-0.413855352E-01-0.313380472E-01-0.208048057E-01-0.984052382E-02 0.150549086E-02
 0.131837316E-01 0.251419153E-01 0.373237170E-01 0.496681035E-01 0.621089898E-01
 0.745750442E-01 0.869894400E-01 0.992695019E-01 0.111325979E+00 0.123062111E+00
 0.134372592E+00 0.145143166E+00 0.155251771E+00 0.164572448E+00 0.172982782E+00
 0.884468928E-01 0.853667036E-01 0.788799301E-01 0.714315698E-01 0.639308244E-01
 0.563946255E-01 0.488434881E-01 0.412893035E-01 0.337394811E-01 0.261990186E-01
 0.186716430E-01 0.111605199E-01 0.366872852E-02-0.380038796E-02-0.112429569E-01
-0.186543688E-01-0.260291174E-01-0.333606489E-01-0.406412557E-01-0.478619859E-01
-0.550125316E-01-0.617944077E-01-0.682211965E-01-0.742952302E-01-0.800085366E-01
-0.853436962E-01-0.902748182E-01-0.947686061E-01-0.987856314E-01-0.102281734E+00
-0.105209582E+00-0.107520290E+00-0.109165028E+00-0.110096648E+00-0.110271066E+00
-0.109648474E+00-0.108194247E+00-0.105879374E+00-0.102680549E+00-0.985796899E-01
-0.935629457E-01-0.876192525E-01-0.807385966E-01-0.729111135E-01-0.641314462E-01
-0.544101894E-01-0.436311252E-01-0.323945731E-01-0.207218658E-01-0.864338037E-02
 0.380539591E-02 0.165854283E-01 0.296546444E-01 0.429678746E-01 0.564763434E-01
 0.701266751E-01 0.838592201E-01 0.976054966E-01 0.111284539E+00 0.124797978E+00
 0.138024107E+00 0.150811970E+00 0.162977830E+00 0.174307972E+00 0.184572592E+00
 0.819135830E-01 0.783807039E-01 0.722067803E-01 0.651157126E-01 0.578489155E-01
 0.504671000E-01 0.430143997E-01 0.355160348E-01 0.279862080E-01 0.204330143E-01
 0.128612472E-01 0.527404202E-02-0.232610432E-02-0.993665121E-02-0.175545607E-01
-0.251759589E-01-0.327958912E-01-0.404081196E-01-0.480049290E-01-0.555769913E-01
-0.628410131E-01-0.698145479E-01-0.765030533E-01-0.829005688E-01-0.889903605E-01
-0.947457254E-01-0.100130886E+00-0.105102092E+00-0.109608956E+00-0.113596030E+00
-0.117004573E+00-0.119774468E+00-0.121846259E+00-0.123163119E+00-0.123672716E+00
-0.123328842E+00-0.122092620E+00-0.119933300E+00-0.116828434E+00-0.112763464E+00
-0.107730657E+00-0.101727352E+00-0.947536826E-01-0.868096426E-01-0.778912529E-01
-0.679836050E-01-0.570451878E-01-0.450163260E-01-0.325156376E-01-0.195688196E-01
-0.620301161E-02 0.755405705E-02 0.216745846E-01 0.361307859E-01 0.508943908E-01
 0.659354031E-01 0.812197924E-01 0.967057347E-01 0.112337627E+00 0.128036931E+00
 0.143688619E+00 0.159122214E+00 0.174088314E+00 0.188238889E+00 0.201136351E+00
 0.759612843E-01 0.722004995E-01 0.658753216E-01 0.586828105E-01 0.514017902E-01
 0.440462679E-01 0.366282202E-01 0.291566141E-01 0.216366686E-01 0.140706534E-01
 0.645907223E-02-0.119833741E-02-0.890184194E-02-0.166511759E-01-0.244451556E-01
-0.322814025E-01-0.401561074E-01-0.480638482E-01-0.559973717E-01-0.636887029E-01
-0.711607486E-01-0.784236938E-01-0.854753554E-01-0.923015699E-01-0.988765880E-01
-0.105163701E+00-0.111116074E+00-0.116677843E+00-0.121785566E+00-0.126369998E+00
-0.130358219E+00-0.133675918E+00-0.136249989E+00-0.138011009E+00-0.138895720E+00
-0.138849154E+00-0.137826368E+00-0.135793552E+00-0.132728413E+00-0.128619805E+00
-0.123466440E+00-0.117274836E+00-0.110056348E+00-0.101823449E+00-0.925851315E-01
-0.823413953E-01-0.710770935E-01-0.587578528E-01-0.453246906E-01-0.314014927E-01
-0.170101020E-01-0.216887100E-02 0.131082209E-01 0.288122874E-01 0.449395776E-01
 0.614908524E-01 0.784700140E-01 0.958814025E-01 0.113724940E+00 0.131987214E+00
 0.150625318E+00 0.169537142E+00 0.188504830E+00 0.207079351E+00 0.224353567E+00
 0.697399676E-01 0.657524094E-01 0.591311976E-01 0.518221147E-01 0.444897190E-01
 0.371262282E-01 0.297245644E-01 0.222764388E-01 0.147732049E-01 0.720654102E-02
-0.431011664E-03-0.814569090E-02-0.159422755E-01-0.238239560E-01-0.317922309E-01
-0.398468561E-01-0.479857326E-01-0.562047958E-01-0.642509237E-01-0.721537173E-01
-0.799297914E-01-0.875828192E-01-0.951035023E-01-0.102469586E+00-0.109646015E+00
-0.116585322E+00-0.123228341E+00-0.129505336E+00-0.135337546E+00-0.140639216E+00
-0.145320147E+00-0.149288550E+00-0.152454212E+00-0.154731795E+00-0.156044051E+00
-0.156324655E+00-0.155520573E+00-0.153593659E+00-0.150521338E+00-0.146296263E+00
-0.140924856E+00-0.134424910E+00-0.126822069E+00-0.118145540E+00-0.108423077E+00
-0.976754129E-01-0.859104469E-01-0.731172338E-01-0.592596047E-01-0.442687273E-01
-0.287740305E-01-0.127874976E-01 0.368824042E-02 0.206630807E-01 0.381597504E-01
 0.562142208E-01 0.748766661E-01 0.942128599E-01 0.114305578E+00 0.135255665E+00
 0.157181665E+00 0.180215687E+00 0.204487115E+00 0.230031639E+00 0.255462706E+00
 0.626516789E-01 0.583898537E-01 0.516914055E-01 0.443012081E-01 0.369546674E-01
 0.296262745E-01 0.222863965E-01 0.149066346E-01 0.746211875E-02-0.677664866E-04
-0.769950263E-02-0.154458610E-01-0.233163815E-01-0.313177928E-01-0.394543558E-01
-0.477280915E-01-0.561388843E-01-0.644471720E-01-0.726902261E-01-0.808925480E-01
-0.890656114E-01-0.972074643E-01-0.105302252E+00-0.113319874E+00-0.121215761E+00
-0.128931016E+00-0.136392951E+00-0.143516138E+00-0.150204167E+00-0.156351939E+00
-0.161848664E+00-0.166581407E+00-0.170439154E+00-0.173316941E+00-0.175120085E+00
-0.175768003E+00-0.175197363E+00-0.173364401E+00-0.170245916E+00-0.165839031E+00
-0.160159647E+00-0.153239399E+00-0.145121634E+00-0.135856256E+00-0.125493959E+00
-0.114079893E+00-0.101647139E+00-0.882100761E-01-0.737576112E-01-0.582459867E-01
-0.415908769E-01-0.244354755E-01-0.678182067E-02 0.113982158E-01 0.301528983E-01
 0.495503806E-01 0.696825758E-01 0.906716287E-01 0.112679243E+00 0.135920182E+00
 0.160682917E+00 0.187364027E+00 0.216534317E+00 0.249086350E+00 0.283379763E+00
 0.546126328E-01 0.500494763E-01 0.432348102E-01 0.358580127E-01 0.286244564E-01
 0.214622822E-01 0.143036172E-01 0.709364144E-02-0.209481135E-03-0.763699273E-02
-0.152120627E-01-0.229517873E-01-0.308686178E-01-0.389713794E-01-0.472660623E-01
-0.557563938E-01-0.642138496E-01-0.726834238E-01-0.811982229E-01-0.897789150E-01
-0.984329954E-01-0.107153840E+00-0.115919784E+00-0.124693267E+00-0.133420229E+00
-0.142029852E+00-0.150434911E+00-0.158532724E+00-0.166206971E+00-0.173330367E+00
-0.179768205E+00-0.185382709E+00-0.190038055E+00-0.193605751E+00-0.195970029E+00
-0.197032914E+00-0.196718454E+00-0.194975808E+00-0.191780850E+00-0.187136039E+00
-0.181068569E+00-0.173626840E+00-0.164875433E+00-0.154888988E+00-0.143745124E+00
-0.131517142E+00-0.118266307E+00-0.104034446E+00-0.888368189E-01-0.726558268E-01
-0.554368980E-01-0.370902494E-01-0.183421616E-01 0.890598167E-03 0.206839200E-01
 0.411259197E-01 0.623293221E-01 0.844426304E-01 0.107663438E+00 0.132256508E+00
 0.158578858E+00 0.187113583E+00 0.218508810E+00 0.253602862E+00 0.291524529E+00
 0.451156721E-01 0.401840806E-01 0.332127512E-01 0.261460133E-01 0.193444826E-01
 0.126175852E-01 0.584744057E-02-0.103856623E-02-0.808694959E-02-0.153290378E-01
-0.227868985E-01-0.304765292E-01-0.384094715E-01-0.465936288E-01-0.550346375E-01
-0.635105968E-01-0.720728114E-01-0.807623789E-01-0.896094441E-01-0.986321047E-01
-0.107835069E+00-0.117208160E+00-0.126724824E+00-0.136340708E+00-0.145992592E+00
-0.155597612E+00-0.165053368E+00-0.174238712E+00-0.183015570E+00-0.191231996E+00
-0.198726296E+00-0.205332324E+00-0.210885689E+00-0.215230465E+00-0.218226165E+00
-0.219754249E+00-0.219723716E+00-0.218075231E+00-0.214783385E+00-0.209856793E+00
-0.203335851E+00-0.195288569E+00-0.185804382E+00-0.174986646E+00-0.162944153E+00
-0.149782211E+00-0.135593504E+00-0.120448820E+00-0.104387484E+00-0.874062926E-01
-0.694444329E-01-0.503579937E-01-0.307969805E-01-0.107624242E-01 0.978049077E-02
 0.308975652E-01 0.526852943E-01 0.752749369E-01 0.988408923E-01 0.123614199E+00
 0.149903297E+00 0.178126082E+00 0.208860576E+00 0.242918685E+00 0.279709250E+00
 0.321979560E-01 0.263476167E-01 0.205827635E-01 0.149413543E-01 0.923633575E-02
 0.333659118E-02-0.280515966E-02-0.921338703E-02-0.159040708E-01-0.228894297E-01
-0.301799159E-01-0.377849638E-01-0.457123555E-01-0.539642386E-01-0.623177029E-01
-0.708265156E-01-0.795373693E-01-0.884886757E-01-0.977089480E-01-0.107215077E+00
-0.117010325E+00-0.127082214E+00-0.137400478E+00-0.147914946E+00-0.158553898E+00
-0.169222862E+00-0.179804191E+00-0.190157667E+00-0.200122327E+00-0.209519833E+00
-0.218159184E+00-0.225843057E+00-0.232375309E+00-0.237569287E+00-0.241256580E+00
-0.243295208E+00-0.243576914E+00-0.242032483E+00-0.238634810E+00-0.233399272E+00
-0.226381138E+00-0.217670515E+00-0.207384914E+00-0.195660159E+00-0.182640404E+00
-0.168467596E+00-0.153271347E+00-0.137159154E+00-0.120207645E+00-0.102454677E+00
-0.838928521E-01-0.644661114E-01-0.440748073E-01-0.233464874E-01-0.226830924E-02
 0.192061495E-01 0.411450602E-01 0.636359453E-01 0.867868364E-01 0.110729039E+00
 0.135621086E+00 0.161655515E+00 0.189075857E+00 0.218252689E+00 0.249177471E+00
 0.181677714E-01 0.110127693E-01 0.720503554E-02 0.366901280E-02-0.688808213E-03
-0.564520713E-02-0.110939397E-01-0.169828851E-01-0.232856106E-01-0.299895685E-01
-0.370913818E-01-0.445963033E-01-0.525222830E-01-0.606185459E-01-0.689316168E-01
-0.775093958E-01-0.863962248E-01-0.956298336E-01-0.105238900E+00-0.115240663E+00
-0.125638396E+00-0.136418730E+00-0.147548944E+00-0.158974290E+00-0.170615703E+00
-0.182367995E+00-0.194098949E+00-0.205649599E+00-0.216836050E+00-0.227452964E+00
-0.237279072E+00-0.246084347E+00-0.253639013E+00-0.259723634E+00-0.264139652E+00
-0.266719669E+00-0.267336458E+00-0.265909791E+00-0.262410372E+00-0.256860584E+00
-0.249331504E+00-0.239936858E+00-0.228824228E+00-0.216164261E+00-0.202138841E+00
-0.186929077E+00-0.170703784E+00-0.153609172E+00-0.135759920E+00-0.117232084E+00
-0.980578661E-01-0.782227367E-01-0.576655529E-01-0.362826474E-01-0.148258051E-01
 0.677507231E-02 0.285691135E-01 0.505967438E-01 0.728908479E-01 0.954708606E-01
 0.118328586E+00 0.141398907E+00 0.164497569E+00 0.187184453E+00 0.208536789E+00
 0.844942592E-02 0.836970692E-03-0.250635529E-02-0.542262755E-02-0.910449121E-02
-0.134519013E-01-0.183892474E-01-0.238629822E-01-0.298372693E-01-0.362885073E-01
-0.432005003E-01-0.505600683E-01-0.583525002E-01-0.663716197E-01-0.746861771E-01
-0.833532289E-01-0.924214348E-01-0.101931214E+00-0.111913383E+00-0.122386985E+00
-0.133356541E+00-0.144809023E+00-0.156710520E+00-0.169003084E+00-0.181601703E+00
-0.194391966E+00-0.207228571E+00-0.219935253E+00-0.232306436E+00-0.244110942E+00
-0.255097985E+00-0.265005350E+00-0.273569852E+00-0.280539006E+00-0.285683781E+00
-0.288810700E+00-0.289772958E+00-0.288478643E+00-0.284895778E+00-0.279053330E+00
-0.271037966E+00-0.260986984E+00-0.249078020E+00-0.235516474E+00-0.220521837E+00
-0.204313889E+00-0.187099814E+00-0.169062659E+00-0.150351718E+00-0.131074622E+00
-0.111290440E+00-0.910027623E-01-0.701493174E-01-0.485814735E-01-0.270014461E-01
-0.545409508E-02 0.160454884E-01 0.374842174E-01 0.588363819E-01 0.800510496E-01
 0.101036400E+00 0.121638238E+00 0.141612560E+00 0.160600662E+00 0.178133115E+00
 0.205496210E-02-0.576133374E-02-0.939525012E-02-0.121731451E-01-0.156008899E-01
-0.196546372E-01-0.243020058E-01-0.295140613E-01-0.352680348E-01-0.415471010E-01
-0.483379103E-01-0.556248017E-01-0.632043108E-01-0.711206645E-01-0.794238895E-01
-0.881639197E-01-0.973874107E-01-0.107135154E+00-0.117439426E+00-0.128321126E+00
-0.139786512E+00-0.151823536E+00-0.164398164E+00-0.177450493E+00-0.190891221E+00
-0.204598635E+00-0.218416631E+00-0.232154280E+00-0.245587200E+00-0.258461386E+00
-0.270499647E+00-0.281410605E+00-0.290900439E+00-0.298686206E+00-0.304510236E+00
-0.308154583E+00-0.309453547E+00-0.308303744E+00-0.304670006E+00-0.298586786E+00
-0.290154606E+00-0.279532194E+00-0.266924560E+00-0.252568960E+00-0.236719280E+00
-0.219630688E+00-0.201545268E+00-0.182679728E+00-0.163215280E+00-0.143290192E+00
-0.122994490E+00-0.102367111E+00-0.813961402E-01-0.600252822E-01-0.381772481E-01
-0.166468415E-01 0.458478648E-02 0.255011842E-01 0.460599922E-01 0.661916509E-01
 0.857938305E-01 0.104724824E+00 0.122799069E+00 0.139789492E+00 0.155441940E+00
-0.254650414E-02-0.105162887E-01-0.141498642E-01-0.169043951E-01-0.202516988E-01
-0.241840091E-01-0.286899209E-01-0.337592363E-01-0.393858515E-01-0.455701873E-01
-0.523228943E-01-0.593986847E-01-0.668330491E-01-0.746698305E-01-0.829571113E-01
-0.917438269E-01-0.101076752E+00-0.110997766E+00-0.121540844E+00-0.132728830E+00
-0.144569829E+00-0.157053232E+00-0.170145556E+00-0.183786064E+00-0.197882816E+00
-0.212309122E+00-0.226901099E+00-0.241456866E+00-0.255737662E+00-0.269471705E+00
-0.282360911E+00-0.294090599E+00-0.304342031E+00-0.312807232E+00-0.319204867E+00
-0.323296160E+00-0.324899316E+00-0.323900551E+00-0.320261210E+00-0.314019293E+00
-0.305285931E+00-0.294236630E+00-0.281098396E+00-0.266134083E+00-0.249625474E+00
-0.231856406E+00-0.213097394E+00-0.193592474E+00-0.173548684E+00-0.153128400E+00
-0.132444069E+00-0.111554556E+00-0.904618129E-01-0.691046193E-01-0.473422594E-01
-0.259229168E-01-0.492911832E-02 0.155845620E-01 0.355628692E-01 0.549372844E-01
 0.736202002E-01 0.915028080E-01 0.108456373E+00 0.124337591E+00 0.138998494E+00
-0.542755099E-02-0.134827951E-01-0.170458034E-01-0.198346190E-01-0.231890772E-01
-0.270918012E-01-0.315373950E-01-0.365259238E-01-0.420609266E-01-0.481483564E-01
-0.547958836E-01-0.617630556E-01-0.691062212E-01-0.768798292E-01-0.851374418E-01
-0.939310566E-01-0.103309594E+00-0.113316737E+00-0.123988241E+00-0.135348707E+00
-0.147407889E+00-0.160156578E+00-0.173562139E+00-0.187563971E+00-0.202069074E+00
-0.216948286E+00-0.232033476E+00-0.247116387E+00-0.261949658E+00-0.276250541E+00
-0.289707750E+00-0.301991612E+00-0.312767088E+00-0.321709394E+00-0.328521073E+00
-0.332948834E+00-0.334799081E+00-0.333950043E+00-0.330359310E+00-0.324066073E+00
-0.315187186E+00-0.303908318E+00-0.290470153E+00-0.275151968E+00-0.258253753E+00
-0.240078405E+00-0.220915541E+00-0.201027930E+00-0.180640742E+00-0.159934074E+00
-0.139038414E+00-0.118032783E+00-0.969452783E-01-0.757567659E-01-0.544106700E-01
-0.328386649E-01-0.119205136E-01 0.835348573E-02 0.279600807E-01 0.468529724E-01
 0.649675801E-01 0.822245404E-01 0.985337347E-01 0.113799624E+00 0.127928123E+00
-0.626011752E-02-0.142513094E-01-0.181384068E-01-0.211023130E-01-0.245565232E-01
-0.284869634E-01-0.329089202E-01-0.378411934E-01-0.433000699E-01-0.492991842E-01
-0.558499545E-01-0.627244413E-01-0.699820668E-01-0.776803643E-01-0.858751461E-01
-0.946199894E-01-0.103964947E+00-0.113954633E+00-0.124625646E+00-0.136003450E+00
-0.148098722E+00-0.160903126E+00-0.174384892E+00-0.188484147E+00-0.203108341E+00
-0.218128398E+00-0.233375669E+00-0.248640716E+00-0.263674140E+00-0.278190196E+00
-0.291873634E+00-0.304389805E+00-0.315397888E+00-0.324566782E+00-0.331592381E+00
-0.336214960E+00-0.338234961E+00-0.337525755E+00-0.334041506E+00-0.327819586E+00
-0.318976939E+00-0.307701021E+00-0.294236183E+00-0.278866708E+00-0.261898756E+00
-0.243642315E+00-0.224394694E+00-0.204426616E+00-0.183971554E+00-0.163218036E+00
-0.142305121E+00-0.121320330E+00-0.100299060E+00-0.792248547E-01-0.580282994E-01
-0.365807787E-01-0.158097949E-01 0.427086325E-02 0.236341190E-01 0.422387235E-01
 0.600306392E-01 0.769456849E-01 0.929131433E-01 0.107860275E+00 0.121717438E+00
-0.545226131E-02-0.130808242E-01-0.176773351E-01-0.210865475E-01-0.246271044E-01
-0.285415463E-01-0.329070576E-01-0.377630368E-01-0.431348644E-01-0.490416400E-01
-0.554991774E-01-0.622798428E-01-0.694414526E-01-0.770397335E-01-0.851291716E-01
-0.937623233E-01-0.102988414E+00-0.112851299E+00-0.123386964E+00-0.134620413E+00
-0.146562129E+00-0.159203961E+00-0.172514737E+00-0.186435744E+00-0.200876266E+00
-0.215709746E+00-0.230770841E+00-0.245854139E+00-0.260715008E+00-0.275073022E+00
-0.288618594E+00-0.301022857E+00-0.311950505E+00-0.321075171E+00-0.328096539E+00
-0.332757205E+00-0.334858239E+00-0.334271908E+00-0.330949306E+00-0.324923247E+00
-0.316304684E+00-0.305274338E+00-0.292069197E+00-0.276966423E+00-0.260265499E+00
-0.242270574E+00-0.223274171E+00-0.203543574E+00-0.183309987E+00-0.162761018E+00
-0.142035946E+00-0.121223509E+00-0.100361288E+00-0.794357210E-01-0.583809502E-01
-0.370724872E-01-0.164372791E-01 0.350921229E-02 0.227388963E-01 0.412103869E-01
 0.588705540E-01 0.756572708E-01 0.915030092E-01 0.106339104E+00 0.120100491E+00
-0.607927795E-02-0.140441265E-01-0.176624488E-01-0.203850362E-01-0.236273985E-01
-0.273584761E-01-0.315837935E-01-0.363172516E-01-0.415737815E-01-0.473694764E-01
-0.537250005E-01-0.604151338E-01-0.674758926E-01-0.749542266E-01-0.829003379E-01
-0.913639590E-01-0.100391962E+00-0.110026032E+00-0.120300159E+00-0.131237641E+00
-0.142847732E+00-0.155121744E+00-0.168028891E+00-0.181512058E+00-0.195483655E+00
-0.209821925E+00-0.224368408E+00-0.238926634E+00-0.253263056E+00-0.267110378E+00
-0.280173659E+00-0.292139769E+00-0.302689433E+00-0.311511606E+00-0.318319440E+00
-0.322866201E+00-0.324959993E+00-0.324475467E+00-0.321361512E+00-0.315643787E+00
-0.307422042E+00-0.296862096E+00-0.284183681E+00-0.269645333E+00-0.253527582E+00
-0.236116424E+00-0.217687741E+00-0.198494107E+00-0.178754240E+00-0.158645466E+00
-0.138298944E+00-0.117797419E+00-0.971754715E-01-0.764227733E-01-0.554933511E-01
-0.343306549E-01-0.138134593E-01 0.606201636E-02 0.252687335E-01 0.437593199E-01
 0.614715144E-01 0.783322006E-01 0.942615569E-01 0.109177858E+00 0.123002946E+00
-0.447857659E-02-0.123761361E-01-0.158320200E-01-0.182803366E-01-0.212767348E-01
-0.248126369E-01-0.288794972E-01-0.334737599E-01-0.385948457E-01-0.442429669E-01
-0.504156984E-01-0.570998639E-01-0.640897974E-01-0.714478195E-01-0.792280436E-01
-0.874797329E-01-0.962475017E-01-0.105570205E+00-0.115478918E+00-0.125994354E+00
-0.137123838E+00-0.148857698E+00-0.161165595E+00-0.173992589E+00-0.187255427E+00
-0.200839385E+00-0.214595899E+00-0.228341699E+00-0.241859615E+00-0.254901826E+00
-0.267195582E+00-0.278451622E+00-0.288375139E+00-0.296678960E+00-0.303097636E+00
-0.307401985E+00-0.309412152E+00-0.309008449E+00-0.306138217E+00-0.300818384E+00
-0.293133229E+00-0.283227473E+00-0.271295518E+00-0.257567883E+00-0.242296189E+00
-0.225737855E+00-0.208141878E+00-0.189736277E+00-0.170717910E+00-0.151244730E+00
-0.131430298E+00-0.111339681E+00-0.909857526E-01-0.703226551E-01-0.492292531E-01
-0.284603797E-01-0.811043568E-02 0.117550194E-01 0.310721025E-01 0.497677699E-01
 0.677560121E-01 0.849377736E-01 0.101203606E+00 0.116438821E+00 0.130530819E+00
-0.144379528E-02-0.921668019E-02-0.122207301E-01-0.144980196E-01-0.173499454E-01
-0.207610074E-01-0.247189607E-01-0.292122308E-01-0.342323110E-01-0.397752188E-01
-0.458434075E-01-0.524504408E-01-0.593519434E-01-0.665834472E-01-0.741864666E-01
-0.822032839E-01-0.906732827E-01-0.996308327E-01-0.109103121E+00-0.119107746E+00
-0.129649818E+00-0.140718788E+00-0.152285129E+00-0.164296865E+00-0.176676422E+00
-0.189317912E+00-0.202085257E+00-0.214811534E+00-0.227299929E+00-0.239326715E+00
-0.250646412E+00-0.260999233E+00-0.270120740E+00-0.277753174E+00-0.283657938E+00
-0.287627876E+00-0.289498836E+00-0.289158970E+00-0.286554754E+00-0.281693548E+00
-0.274641663E+00-0.265518695E+00-0.254488468E+00-0.241747156E+00-0.227510408E+00
-0.211999685E+00-0.195429504E+00-0.177995875E+00-0.159866706E+00-0.141174242E+00
-0.122009665E+00-0.102420017E+00-0.824081302E-01-0.619388707E-01-0.409616418E-01
-0.202788878E-01 0.106893342E-03 0.201581288E-01 0.398128703E-01 0.589861497E-01
 0.775687099E-01 0.954262391E-01 0.112401254E+00 0.128319249E+00 0.143000349E+00
 0.386354700E-02-0.365692144E-02-0.676820148E-02-0.895513501E-02-0.117509523E-01
-0.151308691E-01-0.190646499E-01-0.235259403E-01-0.284946524E-01-0.339571051E-01
-0.399051160E-01-0.463341363E-01-0.532387458E-01-0.603956655E-01-0.678489655E-01
-0.756423771E-01-0.838116631E-01-0.923869386E-01-0.101391762E+00-0.110840999E+00
-0.120738141E+00-0.131072491E+00-0.141816184E+00-0.152921304E+00-0.164317250E+00
-0.175908536E+00-0.187573373E+00-0.199163333E+00-0.210504308E+00-0.221399263E+00
-0.231632724E+00-0.240977272E+00-0.249201626E+00-0.256080300E+00-0.261403918E+00
-0.264989704E+00-0.266690940E+00-0.266404778E+00-0.264077604E+00-0.259707004E+00
-0.253340483E+00-0.245070979E+00-0.235029221E+00-0.223374069E+00-0.210281447E+00
-0.195932642E+00-0.180502981E+00-0.164151385E+00-0.147011176E+00-0.129182085E+00
-0.110723473E+00-0.916473567E-01-0.719091296E-01-0.513888747E-01-0.308032259E-01
-0.102231354E-01 0.103055518E-01 0.307344608E-01 0.509986021E-01 0.710059777E-01
 0.906278118E-01 0.109689340E+00 0.127963901E+00 0.145175293E+00 0.161014855E+00
 0.109300483E-01 0.372262648E-02 0.731592241E-03-0.148512668E-02-0.439132191E-02
-0.790137891E-02-0.119476598E-01-0.164844822E-01-0.214823801E-01-0.269228239E-01
-0.327945016E-01-0.390909463E-01-0.458094254E-01-0.529523641E-01-0.602964796E-01
-0.679103881E-01-0.758130923E-01-0.840279013E-01-0.925755054E-01-0.101469636E+00
-0.110713810E+00-0.120298631E+00-0.130199224E+00-0.140373021E+00-0.150757566E+00
-0.161268964E+00-0.171800837E+00-0.182224229E+00-0.192388639E+00-0.202124462E+00
-0.211246833E+00-0.219561011E+00-0.226869181E+00-0.232978180E+00-0.237708092E+00
-0.240900517E+00-0.242426425E+00-0.242192462E+00-0.240145221E+00-0.236273155E+00
-0.230605543E+00-0.223209023E+00-0.214181513E+00-0.203644365E+00-0.191733122E+00
-0.178587794E+00-0.164342940E+00-0.149118379E+00-0.133010656E+00-0.116085641E+00
-0.983724445E-01-0.798598975E-01-0.604988933E-01-0.402209610E-01-0.197882243E-01
 0.835293904E-03 0.216585696E-01 0.426717624E-01 0.638430193E-01 0.851082280E-01
 0.106353752E+00 0.127391085E+00 0.147923902E+00 0.167518020E+00 0.185606003E+00
 0.204360131E-01 0.137208337E-01 0.108573902E-01 0.815596990E-02 0.474580750E-02
 0.827109499E-03-0.352123310E-02-0.826297328E-02-0.133797089E-01-0.188613925E-01
-0.247020163E-01-0.308971535E-01-0.374419168E-01-0.443281941E-01-0.515388586E-01
-0.591010153E-01-0.668205917E-01-0.747349113E-01-0.828721672E-01-0.912507921E-01
-0.998775214E-01-0.108746238E+00-0.117836580E+00-0.127112448E+00-0.136520579E+00
-0.145989358E+00-0.155428216E+00-0.164727733E+00-0.173760638E+00-0.182383984E+00
-0.190442324E+00-0.197772130E+00-0.204207271E+00-0.209585175E+00-0.213753626E+00
-0.216577291E+00-0.217943922E+00-0.217769280E+00-0.216000661E+00-0.212618321E+00
-0.207634941E+00-0.201092809E+00-0.193059176E+00-0.183619916E+00-0.172872052E+00
-0.160915554E+00-0.147844926E+00-0.133740693E+00-0.118661121E+00-0.102633692E+00
-0.856452882E-01-0.676283687E-01-0.484365374E-01-0.287558213E-01-0.861021411E-02
 0.120170740E-01 0.331587195E-01 0.548522025E-01 0.771317184E-01 0.100017518E+00
 0.123497456E+00 0.147491217E+00 0.171775281E+00 0.195818484E+00 0.218509451E+00
 0.342907384E-01 0.288999155E-01 0.240662228E-01 0.196151622E-01 0.151958764E-01
 0.106288167E-01 0.584849995E-02 0.823376176E-03-0.446444610E-02-0.100260265E-01
-0.158684161E-01-0.219959933E-01-0.284112226E-01-0.351154134E-01-0.421103425E-01
-0.494030043E-01-0.570007861E-01-0.646773502E-01-0.724672824E-01-0.803966522E-01
-0.884750485E-01-0.966995284E-01-0.105054714E+00-0.113511734E+00-0.122027084E+00
-0.130541712E+00-0.138980687E+00-0.147253409E+00-0.155254558E+00-0.162865967E+00
-0.169959292E+00-0.176399499E+00-0.182049155E+00-0.186773360E+00-0.190444812E+00
-0.192949012E+00-0.194188893E+00-0.194088712E+00-0.192596748E+00-0.189686447E+00
-0.185356051E+00-0.179626480E+00-0.172537670E+00-0.164143592E+00-0.154506207E+00
-0.143688679E+00-0.131748289E+00-0.118729189E+00-0.104655504E+00-0.895249620E-01
-0.733037218E-01-0.559231937E-01-0.372800007E-01-0.181018896E-01 0.170542754E-02
 0.222282577E-01 0.435613431E-01 0.658158809E-01 0.891248211E-01 0.113647625E+00
 0.139575616E+00 0.167140231E+00 0.196633652E+00 0.228499934E+00 0.262726963E+00
 0.460000522E-01 0.413117409E-01 0.360981375E-01 0.308895968E-01 0.258235876E-01
 0.207702126E-01 0.156400800E-01 0.103757503E-01 0.494031608E-02-0.690338318E-03
-0.653220806E-02-0.125959972E-01-0.188889280E-01-0.254160743E-01-0.321815461E-01
-0.391896553E-01-0.464453697E-01-0.539559908E-01-0.614680238E-01-0.690412372E-01
-0.766711086E-01-0.843542367E-01-0.920809209E-01-0.998306721E-01-0.107570522E+00
-0.115254194E+00-0.122821808E+00-0.130200297E+00-0.137304425E+00-0.144038349E+00
-0.150297806E+00-0.155972943E+00-0.160951585E+00-0.165122956E+00-0.168381572E+00
-0.170631126E+00-0.171787977E+00-0.171784088E+00-0.170569077E+00-0.168111056E+00
-0.164396375E+00-0.159427986E+00-0.153222576E+00-0.145806596E+00-0.137211218E+00
-0.127466694E+00-0.116595969E+00-0.104607970E+00-0.914906636E-01-0.772043988E-01
-0.616771542E-01-0.448068157E-01-0.272063036E-01-0.884749461E-02 0.103370780E-01
 0.304449778E-01 0.516050644E-01 0.739841387E-01 0.977981761E-01 0.123329259E+00
 0.150951043E+00 0.181167737E+00 0.214675188E+00 0.252449781E+00 0.293782085E+00
 0.558149628E-01 0.515587367E-01 0.464682281E-01 0.412000306E-01 0.359734967E-01
 0.307378154E-01 0.254464336E-01 0.200611912E-01 0.145529779E-01 0.890040398E-02
 0.308811245E-02-0.289469725E-02-0.905538909E-02-0.153986579E-01-0.219269395E-01
-0.286403242E-01-0.355355777E-01-0.426035449E-01-0.498228073E-01-0.572204366E-01
-0.645427331E-01-0.718109682E-01-0.790356100E-01-0.862088203E-01-0.933100134E-01
-0.100305960E+00-0.107150793E+00-0.113787159E+00-0.120147474E+00-0.126155436E+00
-0.131727785E+00-0.136776388E+00-0.141210824E+00-0.144941047E+00-0.147880271E+00
-0.149947897E+00-0.151071981E+00-0.151191503E+00-0.150257796E+00-0.148235202E+00
-0.145100862E+00-0.140843406E+00-0.135460660E+00-0.128956437E+00-0.121336333E+00
-0.112602800E+00-0.102749176E+00-0.917526409E-01-0.795651600E-01-0.661000982E-01
-0.512083285E-01-0.355244428E-01-0.190396123E-01-0.170962303E-02 0.165409204E-01
 0.358186103E-01 0.562655441E-01 0.780680180E-01 0.101470508E+00 0.126796529E+00
 0.154478788E+00 0.185100272E+00 0.219442144E+00 0.258515298E+00 0.301279098E+00
 0.646484867E-01 0.607601702E-01 0.559565127E-01 0.508240424E-01 0.456461534E-01
 0.404093862E-01 0.350973532E-01 0.296943914E-01 0.241868086E-01 0.185633209E-01
 0.128150443E-01 0.693532731E-02 0.919549027E-03-0.523504056E-02-0.115294028E-01
-0.179627333E-01-0.245325193E-01-0.312349778E-01-0.380669273E-01-0.450320132E-01
-0.521378070E-01-0.590860993E-01-0.659339130E-01-0.726657435E-01-0.792724341E-01
-0.857338607E-01-0.920144320E-01-0.980693847E-01-0.103845946E+00-0.109284587E+00
-0.114320166E+00-0.118883319E+00-0.122902215E+00-0.126304552E+00-0.129019633E+00
-0.130980328E+00-0.132124960E+00-0.132398918E+00-0.131755739E+00-0.130157605E+00
-0.127575055E+00-0.123986013E+00-0.119373903E+00-0.113725081E+00-0.107025474E+00
-0.992564932E-01-0.903903991E-01-0.803854987E-01-0.691822246E-01-0.567036681E-01
-0.428702533E-01-0.283746161E-01-0.131309414E-01 0.293789874E-02 0.199172013E-01
 0.379097722E-01 0.570433103E-01 0.774785951E-01 0.994204655E-01 0.123133712E+00
 0.148967639E+00 0.177397788E+00 0.209107354E+00 0.245171115E+00 0.283638060E+00
 0.730955079E-01 0.695704594E-01 0.650204495E-01 0.600712560E-01 0.550088286E-01
 0.498397350E-01 0.445695706E-01 0.392016619E-01 0.337371081E-01 0.281753968E-01
 0.225151870E-01 0.167549830E-01 0.108936671E-01 0.493089622E-02-0.113260583E-02
-0.729482528E-02-0.135523016E-01-0.199000202E-01-0.263312571E-01-0.328368843E-01
-0.394020937E-01-0.459997095E-01-0.526645929E-01-0.590928942E-01-0.653490946E-01
-0.714425519E-01-0.773259774E-01-0.829645470E-01-0.883175731E-01-0.933408886E-01
-0.979859456E-01-0.102199808E+00-0.105926879E+00-0.109110370E+00-0.111693583E+00
-0.113621160E+00-0.114840433E+00-0.115302749E+00-0.114964359E+00-0.113786750E+00
-0.111736402E+00-0.108783856E+00-0.104902267E+00-0.100065231E+00-0.942439511E-01
-0.874035731E-01-0.794981495E-01-0.704636797E-01-0.602068305E-01-0.485835262E-01
-0.362530388E-01-0.232243668E-01-0.946597103E-02 0.507271523E-02 0.204547681E-01
 0.367546193E-01 0.540588014E-01 0.724672899E-01 0.920947716E-01 0.113071248E+00
 0.135540560E+00 0.159653395E+00 0.185542241E+00 0.213193312E+00 0.240901947E+00
 0.814515576E-01 0.782968923E-01 0.739955083E-01 0.692086518E-01 0.642377436E-01
 0.591191277E-01 0.538835116E-01 0.485519096E-01 0.431371704E-01 0.376464799E-01
 0.320835523E-01 0.264502410E-01 0.207476635E-01 0.149769830E-01 0.913997088E-02
 0.323941582E-02-0.272053271E-02-0.873403996E-02-0.147931911E-01-0.208874177E-01
-0.270026699E-01-0.331208557E-01-0.392211154E-01-0.452623554E-01-0.512507781E-01
-0.572292283E-01-0.628932193E-01-0.682847053E-01-0.733684972E-01-0.781210735E-01
-0.825129598E-01-0.865045339E-01-0.900544301E-01-0.931203738E-01-0.956587270E-01
-0.976245850E-01-0.989727527E-01-0.996598303E-01-0.996452421E-01-0.988913476E-01
-0.973629430E-01-0.950263664E-01-0.918482020E-01-0.877937302E-01-0.828250498E-01
-0.768987462E-01-0.699632093E-01-0.619559474E-01-0.528051928E-01-0.424365588E-01
-0.315522999E-01-0.200774148E-01-0.795718655E-02 0.485615712E-02 0.184079688E-01
 0.327419862E-01 0.478989854E-01 0.639133379E-01 0.808066502E-01 0.985765308E-01
 0.117176630E+00 0.136480451E+00 0.156214118E+00 0.175825328E+00 0.194246173E+00
 0.900863558E-01 0.873494819E-01 0.832734108E-01 0.785027146E-01 0.734728128E-01
 0.682956427E-01 0.630273372E-01 0.576954037E-01 0.523135401E-01 0.468884408E-01
 0.414231904E-01 0.359191224E-01 0.303769633E-01 0.247975644E-01 0.191824213E-01
 0.135340467E-01 0.785626844E-02 0.215449510E-02-0.356403831E-02-0.929004047E-02
-0.150119951E-01-0.207162071E-01-0.263872202E-01-0.320084542E-01-0.375682823E-01
-0.430558324E-01-0.484471992E-01-0.537839644E-01-0.587218329E-01-0.633228794E-01
-0.675935596E-01-0.714798793E-01-0.749543682E-01-0.779932365E-01-0.805683285E-01
-0.826440230E-01-0.841774195E-01-0.851285607E-01-0.854609534E-01-0.851400867E-01
-0.841319039E-01-0.824013501E-01-0.799111500E-01-0.766206235E-01-0.724847838E-01
-0.674533471E-01-0.614679493E-01-0.544490144E-01-0.463065617E-01-0.376463868E-01
-0.284562707E-01-0.187092461E-01-0.837539975E-02 0.257370272E-02 0.141622685E-01
 0.264072828E-01 0.393143967E-01 0.528720953E-01 0.670434162E-01 0.817542151E-01
 0.968767628E-01 0.112207830E+00 0.127442732E+00 0.142155379E+00 0.155812114E+00
 0.100162126E+00 0.983911306E-01 0.936125219E-01 0.880689695E-01 0.826449320E-01
 0.772540048E-01 0.718797892E-01 0.665150508E-01 0.611548312E-01 0.557950512E-01
 0.504322052E-01 0.450634211E-01 0.396866426E-01 0.343007706E-01 0.289058462E-01
 0.235031825E-01 0.180955082E-01 0.126870722E-01 0.728374999E-02 0.189310627E-02
-0.347558735E-02-0.881143101E-02-0.141020874E-01-0.193340629E-01-0.244930610E-01
-0.295629147E-01-0.345237441E-01-0.393523462E-01-0.440027639E-01-0.484842919E-01
-0.528558791E-01-0.567415170E-01-0.602118038E-01-0.632921979E-01-0.659827292E-01
-0.682580322E-01-0.700426400E-01-0.712997317E-01-0.720032230E-01-0.721277744E-01
-0.716450959E-01-0.705220923E-01-0.687194392E-01-0.661904216E-01-0.628814027E-01
-0.587385558E-01-0.537342355E-01-0.477216877E-01-0.412665419E-01-0.343407393E-01
-0.269230139E-01-0.189924370E-01-0.105283447E-01-0.151234423E-02 0.806862582E-02
 0.182183869E-01 0.289266855E-01 0.401633792E-01 0.518716462E-01 0.639603958E-01
 0.762963817E-01 0.886975229E-01 0.100930005E+00 0.112713948E+00 0.123742104E+00
 0.108874857E+00 0.107715398E+00 0.102867074E+00 0.969094038E-01 0.911939517E-01
 0.856399983E-01 0.801953599E-01 0.748276934E-01 0.695159584E-01 0.642456263E-01
 0.590062663E-01 0.537903160E-01 0.485923961E-01 0.434090160E-01 0.382383727E-01
 0.330802538E-01 0.279360004E-01 0.228084829E-01 0.177020952E-01 0.126227457E-01
 0.757783232E-02 0.257621775E-02-0.237181317E-02-0.725455629E-02-0.120587898E-01
-0.167694315E-01-0.213690847E-01-0.258377884E-01-0.301527064E-01-0.342931524E-01
-0.382315777E-01-0.419070683E-01-0.453038812E-01-0.484282561E-01-0.513089560E-01
-0.540181287E-01-0.561331846E-01-0.577219352E-01-0.588052236E-01-0.593806095E-01
-0.594319254E-01-0.589321852E-01-0.578422360E-01-0.561047271E-01-0.536297150E-01
-0.502617210E-01-0.465105772E-01-0.422790870E-01-0.375947207E-01-0.324625373E-01
-0.268754475E-01-0.208190158E-01-0.142748822E-01-0.722418958E-02 0.348464644E-03
 0.845034979E-02 0.170752611E-01 0.261977836E-01 0.357676484E-01 0.457048528E-01
 0.558964238E-01 0.661958605E-01 0.764264837E-01 0.863896385E-01 0.958780572E-01
 0.115649104E+00 0.114829868E+00 0.110224791E+00 0.104347743E+00 0.986585766E-01
 0.931346640E-01 0.877446756E-01 0.824614465E-01 0.772630051E-01 0.721320808E-01
 0.670553595E-01 0.620227866E-01 0.570269488E-01 0.520627014E-01 0.471268557E-01
 0.422179699E-01 0.373361856E-01 0.324831493E-01 0.276619121E-01 0.228768941E-01
 0.181338359E-01 0.134397745E-01 0.880303886E-02 0.423326716E-02-0.258526881E-03
-0.465983991E-02-0.895655621E-02-0.131328842E-01-0.171713848E-01-0.210531857E-01
-0.247570518E-01-0.282593034E-01-0.315419734E-01-0.345913768E-01-0.373928249E-01
-0.399187468E-01-0.420980267E-01-0.439020284E-01-0.453151278E-01-0.463241301E-01
-0.469145551E-01-0.470694341E-01-0.467693359E-01-0.459939130E-01-0.447273105E-01
-0.429739803E-01-0.408027098E-01-0.382363275E-01-0.352878720E-01-0.319585055E-01
-0.282380898E-01-0.241065305E-01-0.195357036E-01-0.144923367E-01-0.894216262E-02
-0.285552675E-02 0.378578552E-02 0.109811686E-01 0.187043175E-01 0.268980637E-01
 0.354720205E-01 0.443038791E-01 0.532446541E-01 0.621276908E-01 0.707805306E-01
 0.121216200E+00 0.120730788E+00 0.116178341E+00 0.110489570E+00 0.104984701E+00
 0.996361151E-01 0.944223404E-01 0.893218219E-01 0.843151957E-01 0.793861821E-01
 0.745216459E-01 0.697113425E-01 0.649475530E-01 0.602247342E-01 0.555392355E-01
 0.508890375E-01 0.462735966E-01 0.416937023E-01 0.371513627E-01 0.326497443E-01
 0.281931031E-01 0.237867665E-01 0.194370989E-01 0.151515137E-01 0.109384879E-01
 0.680758944E-02 0.276949885E-02-0.116398965E-02-0.498001417E-02-0.866473000E-02
-0.122034065E-01-0.155808255E-01-0.187821891E-01-0.217926987E-01-0.245959498E-01
-0.271718148E-01-0.294959210E-01-0.315490738E-01-0.333171263E-01-0.347893089E-01
-0.359569378E-01-0.368128866E-01-0.373518504E-01-0.375714712E-01-0.374744460E-01
-0.370712616E-01-0.363807045E-01-0.354163721E-01-0.341838971E-01-0.326782539E-01
-0.308815055E-01-0.287611429E-01-0.262692664E-01-0.233435035E-01-0.199106205E-01
-0.158937443E-01-0.112231914E-01-0.584957143E-02 0.243492206E-03 0.702981744E-02
 0.144363418E-01 0.223449469E-01 0.306004304E-01 0.390237123E-01 0.474281497E-01
 0.125247642E+00 0.124957971E+00 0.120829523E+00 0.115432926E+00 0.110214360E+00
 0.105151527E+00 0.100218162E+00 0.953916088E-01 0.906534940E-01 0.859893188E-01
 0.813877806E-01 0.768402442E-01 0.723402277E-01 0.678830743E-01 0.634656772E-01
 0.590862408E-01 0.547441430E-01 0.504397750E-01 0.461744778E-01 0.419504270E-01
 0.377706066E-01 0.336387567E-01 0.295593366E-01 0.255375355E-01 0.215792470E-01
 0.176910777E-01 0.138803367E-01 0.101550138E-01 0.652373862E-02 0.299570453E-02
-0.419437274E-03-0.371173560E-02-0.687109306E-02-0.988721941E-02-0.127494382E-01
-0.154466480E-01-0.179679394E-01-0.203042421E-01-0.224490892E-01-0.243987739E-01
-0.261523426E-01-0.277116578E-01-0.290816091E-01-0.302704386E-01-0.312899649E-01
-0.321552232E-01-0.328827240E-01-0.334864482E-01-0.339738801E-01-0.343415700E-01
-0.345699675E-01-0.346174724E-01-0.344141573E-01-0.338566154E-01-0.328070484E-01
-0.311011299E-01-0.285680201E-01-0.250601806E-01-0.204836354E-01-0.148190679E-01
-0.813053269E-02-0.562887522E-03 0.767169520E-02 0.163189210E-01 0.251159444E-01
 0.128116429E+00 0.127993077E+00 0.124179997E+00 0.119181119E+00 0.114385337E+00
 0.109732583E+00 0.105183646E+00 0.100715756E+00 0.963146240E-01 0.919705257E-01
 0.876764655E-01 0.834273174E-01 0.792193413E-01 0.750499144E-01 0.709173679E-01
 0.668208525E-01 0.627602190E-01 0.587359183E-01 0.547489487E-01 0.508007929E-01
 0.468933471E-01 0.430289060E-01 0.392101370E-01 0.354400501E-01 0.317220092E-01
 0.280597117E-01 0.244572088E-01 0.209188685E-01 0.174493715E-01 0.140536530E-01
 0.107368464E-01 0.750418333E-02 0.436089048E-02 0.131207111E-02-0.163745065E-02
-0.448340923E-02-0.722257746E-02-0.985342171E-02-0.123766912E-01-0.147958864E-01
-0.171176530E-01-0.193521455E-01-0.215133671E-01-0.236193929E-01-0.256923772E-01
-0.277580507E-01-0.298444405E-01-0.319795236E-01-0.341877528E-01-0.364849418E-01
-0.388707481E-01-0.413175523E-01-0.437544659E-01-0.460456572E-01-0.479661487E-01
-0.491902046E-01-0.493249372E-01-0.480032489E-01-0.449789129E-01-0.401639640E-01
-0.336264074E-01-0.255852062E-01-0.164035857E-01-0.654706964E-02 0.351504912E-02
 0.129476249E+00 0.129312247E+00 0.125928834E+00 0.121743836E+00 0.117622294E+00
 0.113522872E+00 0.109448805E+00 0.105402917E+00 0.101386614E+00 0.974004343E-01
 0.934444442E-01 0.895185992E-01 0.856228843E-01 0.817574486E-01 0.779226422E-01
 0.741190016E-01 0.703472495E-01 0.666082278E-01 0.629028752E-01 0.592321828E-01
 0.555971377E-01 0.519987196E-01 0.484378599E-01 0.449154563E-01 0.414323658E-01
 0.379894227E-01 0.345874652E-01 0.312273428E-01 0.279099457E-01 0.246361997E-01
 0.214070417E-01 0.182233658E-01 0.150859244E-01 0.119951759E-01 0.895105675E-02
 0.595265906E-02 0.299778976E-02 0.824427989E-04-0.279978616E-02-0.565831224E-02
-0.850619562E-02-0.113607999E-01-0.142444624E-01-0.171851460E-01-0.202170089E-01
-0.233807825E-01-0.267238189E-01-0.302995741E-01-0.341661870E-01-0.383834131E-01
-0.430067070E-01-0.480761304E-01-0.535959303E-01-0.594958402E-01-0.655517429E-01
-0.712132677E-01-0.754215121E-01-0.771230981E-01-0.758707374E-01-0.715866908E-01
-0.643644333E-01-0.544719808E-01-0.425042883E-01-0.295926817E-01-0.169241074E-01
 0.130026355E+00 0.129598439E+00 0.127122849E+00 0.123833112E+00 0.120375134E+00
 0.116825230E+00 0.113229759E+00 0.109614268E+00 0.105993561E+00 0.102376834E+00
 0.987702161E-01 0.951781645E-01 0.916041136E-01 0.880509019E-01 0.845209435E-01
 0.810163319E-01 0.775388256E-01 0.740898624E-01 0.706705004E-01 0.672813803E-01
 0.639227107E-01 0.605942234E-01 0.572951548E-01 0.540242679E-01 0.507798679E-01
 0.475598536E-01 0.443617739E-01 0.411829092E-01 0.380203649E-01 0.348711237E-01
 0.317321196E-01 0.286002457E-01 0.254723057E-01 0.223448947E-01 0.192141831E-01
 0.160755813E-01 0.129232947E-01 0.974975619E-02 0.654496159E-02 0.329569378E-02
-0.153446435E-04-0.341051491E-02-0.691835396E-02-0.105748447E-01-0.144248838E-01
-0.185240004E-01-0.229403935E-01-0.277573392E-01-0.330759548E-01-0.390181541E-01
-0.457291640E-01-0.533785596E-01-0.621582419E-01-0.722777545E-01-0.839696750E-01
-0.975915566E-01-0.109027326E+00-0.114430711E+00-0.114820965E+00-0.110739842E+00
-0.101775333E+00-0.883389860E-01-0.697926208E-01-0.499841049E-01-0.337195285E-01
 0.131635383E+00 0.131379619E+00 0.129091978E+00 0.126116067E+00 0.123051591E+00
 0.119915858E+00 0.116728060E+00 0.113504678E+00 0.110258609E+00 0.106999889E+00
 0.103736512E+00 0.100475103E+00 0.972213298E-01 0.939801037E-01 0.907556936E-01
 0.875516832E-01 0.843709782E-01 0.812157020E-01 0.780871809E-01 0.749858543E-01
 0.719112009E-01 0.688617527E-01 0.658350140E-01 0.628275126E-01 0.598348267E-01
 0.568516776E-01 0.538720451E-01 0.508893356E-01 0.478965752E-01 0.448866114E-01
 0.418523140E-01 0.387867168E-01 0.356830992E-01 0.325349607E-01 0.293358378E-01
 0.260790139E-01 0.227570217E-01 0.193610191E-01 0.158800036E-01 0.122998692E-01
 0.860234443E-02 0.476373034E-02 0.753451779E-03-0.346769718E-02-0.794973038E-02
-0.127562834E-01-0.179683920E-01-0.236897208E-01-0.300539806E-01-0.372355171E-01
-0.454642475E-01-0.550455749E-01-0.663835108E-01-0.800002515E-01-0.965437442E-01
-0.114857934E+00-0.127286091E+00-0.133748800E+00-0.134643406E+00-0.129732639E+00
-0.119181722E+00-0.102061801E+00-0.794851258E-01-0.595132485E-01-0.426458865E-01
 0.133277401E+00 0.133211240E+00 0.131114930E+00 0.128416643E+00 0.125671029E+00
 0.122878678E+00 0.120044336E+00 0.117174000E+00 0.114274427E+00 0.111352794E+00
 0.108416475E+00 0.105472855E+00 0.102529101E+00 0.995919183E-01 0.966673791E-01
 0.937606990E-01 0.908760652E-01 0.880165249E-01 0.851838440E-01 0.823783875E-01
 0.795990303E-01 0.768431127E-01 0.741063431E-01 0.713828281E-01 0.686650947E-01
 0.659442097E-01 0.632099733E-01 0.604512133E-01 0.576561280E-01 0.548127256E-01
 0.519092679E-01 0.489346497E-01 0.458787344E-01 0.427325070E-01 0.394880064E-01
 0.361380540E-01 0.326757431E-01 0.290936697E-01 0.253830142E-01 0.215324350E-01
 0.175268315E-01 0.133459792E-01 0.896297488E-02 0.434244610E-02-0.561652298E-03
-0.580889499E-02-0.114762969E-01-0.176639576E-01-0.245036297E-01-0.321723633E-01
-0.409154184E-01-0.510865524E-01-0.632189289E-01-0.781259760E-01-0.967480317E-01
-0.112550057E+00-0.123099238E+00-0.128541946E+00-0.128763482E+00-0.123728901E+00
-0.112336777E+00-0.938652977E-01-0.744015276E-01-0.575489104E-01-0.428052321E-01
 0.134691581E+00 0.134811178E+00 0.133029461E+00 0.130617514E+00 0.128182948E+00
 0.125719264E+00 0.123219915E+00 0.120682292E+00 0.118107900E+00 0.115501739E+00
 0.112871252E+00 0.110225342E+00 0.107573427E+00 0.104924731E+00 0.102287725E+00
 0.996697396E-01 0.970767066E-01 0.945129022E-01 0.919808298E-01 0.894810259E-01
 0.870119557E-01 0.845698640E-01 0.821486413E-01 0.797397569E-01 0.773322284E-01
 0.749127492E-01 0.724658817E-01 0.699745417E-01 0.674205795E-01 0.647855625E-01
 0.620516688E-01 0.592025779E-01 0.562242046E-01 0.531052426E-01 0.498372987E-01
 0.464146696E-01 0.428336859E-01 0.390917212E-01 0.351859853E-01 0.311121345E-01
 0.268628690E-01 0.224265438E-01 0.177857932E-01 0.129161831E-01 0.778476661E-02
 0.234846491E-02-0.344789540E-02-0.967408810E-02-0.164178349E-01-0.237894543E-01
-0.319287255E-01-0.410165451E-01-0.513026044E-01-0.632397830E-01-0.760501251E-01
-0.861420557E-01-0.931214020E-01-0.967112705E-01-0.968531445E-01-0.929722562E-01
-0.848667845E-01-0.722791851E-01-0.596945845E-01-0.476784930E-01-0.364121273E-01
 0.135947570E+00 0.136287838E+00 0.134733215E+00 0.132641956E+00 0.130558997E+00
 0.128452256E+00 0.126299709E+00 0.124090821E+00 0.121825173E+00 0.119509764E+00
 0.117156126E+00 0.114777967E+00 0.112389497E+00 0.110004239E+00 0.107634291E+00
 0.105289944E+00 0.102979384E+00 0.100708574E+00 0.984811187E-01 0.962981135E-01
 0.941579640E-01 0.920561552E-01 0.899849683E-01 0.879332125E-01 0.858860165E-01
 0.838247314E-01 0.817271546E-01 0.795680285E-01 0.773200095E-01 0.749550164E-01
 0.724459589E-01 0.697685704E-01 0.669030547E-01 0.638353750E-01 0.605577603E-01
 0.570684783E-01 0.533708259E-01 0.494715013E-01 0.453786626E-01 0.410999320E-01
 0.366405919E-01 0.320021175E-01 0.271811262E-01 0.221687183E-01 0.169502124E-01
 0.115052629E-01 0.580854714E-02-0.168688683E-03-0.645539211E-02-0.130740376E-01
-0.200265348E-01-0.272631515E-01-0.346115232E-01-0.416328087E-01-0.477516204E-01
-0.531138442E-01-0.571851470E-01-0.594491288E-01-0.596735515E-01-0.578986779E-01
-0.544557162E-01-0.491368994E-01-0.422238894E-01-0.345596559E-01-0.266766027E-01
 0.136676744E+00 0.137243271E+00 0.136059403E+00 0.134433225E+00 0.132827356E+00
 0.131159216E+00 0.129388094E+00 0.127504662E+00 0.125519052E+00 0.123451434E+00
 0.121325962E+00 0.119167089E+00 0.116997592E+00 0.114837520E+00 0.112703808E+00
 0.110610209E+00 0.108567461E+00 0.106583387E+00 0.104662992E+00 0.102808416E+00
 0.101018704E+00 0.992894098E-01 0.976120606E-01 0.959734917E-01 0.943551064E-01
 0.927322879E-01 0.910741314E-01 0.893437713E-01 0.874996409E-01 0.854977742E-01
 0.832951143E-01 0.808533430E-01 0.781426206E-01 0.751444325E-01 0.718529224E-01
 0.682745054E-01 0.644257665E-01 0.603301264E-01 0.560141131E-01 0.515037850E-01
 0.468220562E-01 0.419870093E-01 0.370112509E-01 0.319021232E-01 0.266626030E-01
 0.212928802E-01 0.157926939E-01 0.101647377E-01 0.441970443E-02-0.141620659E-02
-0.729045831E-02-0.131102009E-01-0.187301058E-01-0.239574276E-01-0.285868514E-01
-0.324234962E-01-0.352682434E-01-0.369408652E-01-0.373292789E-01-0.364101939E-01
-0.342336148E-01-0.309061594E-01-0.266158693E-01-0.216231141E-01-0.161918309E-01
 0.136339366E+00 0.137022972E+00 0.136731744E+00 0.136060148E+00 0.135216191E+00
 0.134108409E+00 0.132726789E+00 0.131113961E+00 0.129324973E+00 0.127413452E+00
 0.125427589E+00 0.123408757E+00 0.121391073E+00 0.119401827E+00 0.117462315E+00
 0.115588881E+00 0.113793872E+00 0.112086438E+00 0.110472932E+00 0.108957082E+00
 0.107539736E+00 0.106218331E+00 0.104985885E+00 0.103829689E+00 0.102729559E+00
 0.101655945E+00 0.100568131E+00 0.994132534E-01 0.981271118E-01 0.966376290E-01
 0.948714167E-01 0.927623287E-01 0.902602300E-01 0.873376802E-01 0.839931071E-01
 0.802498087E-01 0.761508048E-01 0.717509910E-01 0.671084300E-01 0.622773282E-01
 0.573037341E-01 0.522240549E-01 0.470656082E-01 0.418483764E-01 0.365873799E-01
 0.312953517E-01 0.259857662E-01 0.206762124E-01 0.153922969E-01 0.101720300E-01
 0.507030496E-02 0.162361262E-03-0.445570378E-02-0.867115241E-02-0.123629598E-01
-0.154110864E-01-0.177056398E-01-0.191580113E-01-0.197127480E-01-0.193554554E-01
-0.181147903E-01-0.160606559E-01-0.132995350E-01-0.996381324E-02-0.619516196E-02
 0.135875165E+00 0.136766732E+00 0.137519404E+00 0.138182536E+00 0.138630599E+00
 0.137956768E+00 0.136747047E+00 0.135183200E+00 0.133388042E+00 0.131456316E+00
 0.129463300E+00 0.127467364E+00 0.125511587E+00 0.123626344E+00 0.121832728E+00
 0.120145597E+00 0.118575878E+00 0.117132165E+00 0.115821511E+00 0.114649810E+00
 0.113621555E+00 0.112739176E+00 0.112001739E+00 0.111402839E+00 0.110927500E+00
 0.110547855E+00 0.110217556E+00 0.109865800E+00 0.109393485E+00 0.108675927E+00
 0.107576154E+00 0.105966963E+00 0.103753492E+00 0.100888848E+00 0.973810703E-01
 0.932911634E-01 0.887207538E-01 0.837903693E-01 0.786162540E-01 0.732950941E-01
 0.678994060E-01 0.624800920E-01 0.570717119E-01 0.516978540E-01 0.463757701E-01
 0.411202200E-01 0.359466635E-01 0.308740679E-01 0.259274207E-01 0.211399067E-01
 0.165544860E-01 0.122244824E-01 0.821268186E-02 0.458872830E-02 0.142496044E-02
-0.120879582E-02-0.325098052E-02-0.465412624E-02-0.539003313E-02-0.545339100E-02
-0.486319885E-02-0.366181484E-02-0.191165181E-02 0.310284086E-03 0.291926181E-02
 0.135997742E+00 0.137252152E+00 0.138676405E+00 0.140391752E+00 0.142359287E+00
 0.142934635E+00 0.141823769E+00 0.139877617E+00 0.137738362E+00 0.135518000E+00
 0.133315295E+00 0.131200209E+00 0.129212484E+00 0.127371252E+00 0.125685260E+00
 0.124159262E+00 0.122797340E+00 0.121604510E+00 0.120587453E+00 0.119754769E+00
 0.119116850E+00 0.118685395E+00 0.118472293E+00 0.118487723E+00 0.118736587E+00
 0.119212337E+00 0.119885989E+00 0.120687634E+00 0.121479616E+00 0.122034743E+00
 0.122059353E+00 0.121275097E+00 0.119489759E+00 0.116617203E+00 0.112681352E+00
 0.107826136E+00 0.102303259E+00 0.963981077E-01 0.903404430E-01 0.842765719E-01
 0.782883465E-01 0.724183396E-01 0.666876659E-01 0.611067377E-01 0.556816570E-01
 0.504181087E-01 0.453238562E-01 0.404105000E-01 0.356946848E-01 0.311989263E-01
 0.269519109E-01 0.229881704E-01 0.193470269E-01 0.160707720E-01 0.132021299E-01
 0.107812434E-01 0.884243287E-02 0.741106411E-02 0.650090445E-02 0.611230824E-02
 0.623150589E-02 0.683112349E-02 0.787189510E-02 0.930536445E-02 0.110772001E-01
 0.135918066E+00 0.137359783E+00 0.139059231E+00 0.141156927E+00 0.143765748E+00
 0.145434096E+00 0.145744145E+00 0.144649312E+00 0.142154783E+00 0.139273480E+00
 0.136624962E+00 0.134283185E+00 0.132226095E+00 0.130421743E+00 0.128845915E+00
 0.127483442E+00 0.126326978E+00 0.125376076E+00 0.124636427E+00 0.124119818E+00
 0.123844206E+00 0.123834066E+00 0.124120340E+00 0.124740496E+00 0.125738323E+00
 0.127162501E+00 0.129061267E+00 0.131465703E+00 0.134334624E+00 0.137335867E+00
 0.139538065E+00 0.140207306E+00 0.139091268E+00 0.136087388E+00 0.131168380E+00
 0.124494933E+00 0.116819657E+00 0.109103851E+00 0.101689026E+00 0.946367458E-01
 0.879381374E-01 0.815670267E-01 0.754961148E-01 0.697022825E-01 0.641680807E-01
 0.588820502E-01 0.538385846E-01 0.490377843E-01 0.444852747E-01 0.401918925E-01
 0.361732394E-01 0.324489512E-01 0.290416274E-01 0.259754695E-01 0.232745912E-01
 0.209611636E-01 0.190535039E-01 0.175643116E-01 0.164991841E-01 0.158556420E-01
 0.156227164E-01 0.157811996E-01 0.163045079E-01 0.171600580E-01 0.183109827E-01
 0.135371566E+00 0.136796191E+00 0.138378516E+00 0.140128940E+00 0.142036244E+00
 0.144034147E+00 0.145597011E+00 0.145794451E+00 0.144483387E+00 0.141538918E+00
 0.138571680E+00 0.136181533E+00 0.134202838E+00 0.132542267E+00 0.131148070E+00
 0.129991472E+00 0.129058331E+00 0.128345326E+00 0.127858162E+00 0.127611294E+00
 0.127628833E+00 0.127949089E+00 0.128622651E+00 0.129713416E+00 0.131306812E+00
 0.133519128E+00 0.136512905E+00 0.140525490E+00 0.145932212E+00 0.153302968E+00
 0.158829540E+00 0.161286473E+00 0.161049321E+00 0.157883018E+00 0.151664823E+00
 0.141943589E+00 0.130122155E+00 0.120122373E+00 0.111322753E+00 0.103385627E+00
 0.961072519E-01 0.893565938E-01 0.830465555E-01 0.771180242E-01 0.715303645E-01
 0.662558973E-01 0.612765327E-01 0.565817580E-01 0.521672890E-01 0.480340496E-01
 0.441872627E-01 0.406355076E-01 0.373897254E-01 0.344621055E-01 0.318648852E-01
 0.296091139E-01 0.277034380E-01 0.261530317E-01 0.249587018E-01 0.241162814E-01
 0.236163829E-01 0.234444700E-01 0.235812999E-01 0.240036435E-01 0.246852022E-01
 0.134446844E+00 0.135854304E+00 0.137262687E+00 0.138618380E+00 0.139890894E+00
 0.141057014E+00 0.142079830E+00 0.142894030E+00 0.142782718E+00 0.140753150E+00
 0.138432980E+00 0.136524484E+00 0.134935468E+00 0.133606181E+00 0.132506832E+00
 0.131619900E+00 0.130937010E+00 0.130457714E+00 0.130189314E+00 0.130147234E+00
 0.130355880E+00 0.130863354E+00 0.131730005E+00 0.133027837E+00 0.134856254E+00
 0.137353405E+00 0.140716538E+00 0.145237699E+00 0.151360959E+00 0.159603074E+00
 0.165993080E+00 0.169069484E+00 0.169169873E+00 0.166155800E+00 0.159796566E+00
 0.149571285E+00 0.137191966E+00 0.126734018E+00 0.117639251E+00 0.109514721E+00
 0.102119349E+00 0.953048617E-01 0.889766291E-01 0.830708295E-01 0.775422081E-01
 0.723579153E-01 0.674942210E-01 0.629346594E-01 0.586686693E-01 0.546905510E-01
 0.509985201E-01 0.475937910E-01 0.444796719E-01 0.416606814E-01 0.391416289E-01
 0.369267426E-01 0.350188576E-01 0.334186926E-01 0.321242809E-01 0.311305467E-01
 0.304291416E-01 0.300084259E-01 0.298536941E-01 0.299475491E-01 0.302704219E-01
 0.580722570E+00 0.593066275E+00 0.601830542E+00 0.612376750E+00 0.623196125E+00
 0.634691775E+00 0.646849096E+00 0.659501672E+00 0.672634900E+00 0.686320186E+00
 0.700611889E+00 0.715307176E+00 0.730576217E+00 0.746676743E+00 0.763163507E+00
 0.780707657E+00 0.799117625E+00 0.818083644E+00 0.837906778E+00 0.858639181E+00
 0.880265474E+00 0.902943909E+00 0.926685929E+00 0.951534986E+00 0.977509975E+00
 0.100472450E+01 0.103324270E+01 0.106311274E+01 0.109467494E+01 0.112781155E+01
 0.116254497E+01 0.119906402E+01 0.123744380E+01 0.127807856E+01 0.132108712E+01
 0.136631596E+01 0.141400337E+01 0.146431088E+01 0.151796269E+01 0.157476532E+01
 0.163482881E+01 0.169836211E+01 0.176605034E+01 0.183825672E+01 0.191498232E+01
 0.199614191E+01 0.208323884E+01 0.217605877E+01 0.227458715E+01 0.238033462E+01
 0.249301267E+01 0.261286759E+01 0.274191809E+01 0.287930179E+01 0.302562523E+01
 0.318308330E+01 0.335001493E+01 0.353064919E+01 0.372322464E+01 0.393334460E+01
 0.416053629E+01 0.441092491E+01 0.469789505E+01 0.507970142E+01 0.650879574E+01
   85  117
 0.111950076E+01-0.200000003E+00 0.110492301E+01-0.150000006E+00 0.109059966E+01
-0.500000007E-01 0.109901917E+01 0.500000007E-01 0.111249495E+01 0.100000001E+00
 0.113218749E+01 0.152501568E+00 0.115875006E+01 0.207364827E+00 0.118531251E+01
 0.254684091E+00 0.121400213E+01 0.300000012E+00 0.124802172E+01 0.349999994E+00
 0.128515565E+01 0.400000006E+00 0.131812501E+01 0.440031856E+00 0.134468746E+01
 0.470823050E+00 0.137127531E+01 0.500000000E+00 0.142230189E+01 0.550000012E+00
 0.145093751E+01 0.575119972E+00 0.148147058E+01 0.600000024E+00 0.153062499E+01
 0.637203276E+00 0.155718756E+01 0.655680358E+00 0.161031246E+01 0.687666833E+00
 0.163687503E+01 0.702432394E+00 0.169000006E+01 0.727057338E+00 0.174312496E+01
 0.747153163E+00 0.176968753E+01 0.756644607E+00 0.182281256E+01 0.770179212E+00
 0.187593746E+01 0.777711034E+00 0.192906249E+01 0.778609514E+00 0.198218751E+01
 0.769584477E+00 0.202046394E+01 0.750000000E+00 0.206187510E+01 0.711004138E+00
 0.208843756E+01 0.667128503E+00 0.211500001E+01 0.605083823E+00 0.213342476E+01
 0.550000012E+00 0.215031695E+01 0.500000000E+00 0.216812491E+01 0.445529103E+00
 0.219468760E+01 0.366996378E+00 0.221611810E+01 0.300000012E+00 0.223219371E+01
 0.250000000E+00 0.224781251E+01 0.196419165E+00 0.227070403E+01 0.100000001E+00
 0.227857852E+01 0.500000007E-01 0.228166199E+01-0.500000007E-01 0.227437496E+01
-0.116030738E+00 0.225739384E+01-0.200000003E+00 0.224342442E+01-0.250000000E+00
 0.222125006E+01-0.320312053E+00 0.219468760E+01-0.393668771E+00 0.217289186E+01
-0.449999988E+00 0.215129352E+01-0.500000000E+00 0.212760735E+01-0.550000012E+00
 0.210151482E+01-0.600000024E+00 0.207269692E+01-0.649999976E+00 0.204089594E+01
-0.699999988E+00 0.200874996E+01-0.745209396E+00 0.198218751E+01-0.781535089E+00
 0.195562506E+01-0.816104531E+00 0.192726326E+01-0.850000024E+00 0.188666391E+01
-0.899999976E+00 0.184937501E+01-0.944611788E+00 0.182281256E+01-0.977638721E+00
 0.179624999E+01-0.100973666E+01 0.175976419E+01-0.104999995E+01 0.171984339E+01
-0.110000002E+01 0.169000006E+01-0.113704276E+01 0.164895320E+01-0.118495858E+01
 0.163043320E+01-0.114999998E+01 0.159865665E+01-0.110000002E+01 0.156815183E+01
-0.104999995E+01 0.153790474E+01-0.100000000E+01 0.150749791E+01-0.949999988E+00
 0.147749996E+01-0.902729571E+00 0.145093751E+01-0.858068883E+00 0.142437506E+01
-0.812461972E+00 0.139781249E+01-0.766287863E+00 0.137125003E+01-0.719583094E+00
 0.134468746E+01-0.672245979E+00 0.131812501E+01-0.624103665E+00 0.129156256E+01
-0.574937880E+00 0.126499999E+01-0.524496377E+00 0.123843753E+01-0.472495168E+00
 0.121187496E+01-0.418601900E+00 0.118531251E+01-0.362345010E+00 0.115875006E+01
-0.302774280E+00 0.113758826E+01-0.250000000E+00 0.111950076E+01-0.200000003E+00
 0.101600003E+01 0.000000000E+00 0.101600003E+01 0.963999987E+00 0.101600003E+01
 0.967999995E+00 0.101600003E+01 0.100100005E+01 0.101600003E+01 0.101900005E+01
 0.101600003E+01 0.107700002E+01 0.101600003E+01 0.107000005E+01 0.101600003E+01
 0.109599996E+01 0.101600003E+01 0.111300004E+01 0.101600003E+01 0.113800001E+01
 0.101600003E+01 0.114699996E+01 0.101199996E+01 0.116499996E+01 0.100100005E+01
 0.121700001E+01 0.102900004E+01 0.121700001E+01 0.104200006E+01 0.116240001E+01
 0.104600000E+01 0.116237998E+01 0.105599999E+01 0.116260004E+01 0.109700000E+01
 0.116450000E+01 0.110800004E+01 0.116594005E+01 0.111600006E+01 0.116591001E+01
 0.113399994E+01 0.116895998E+01 0.114800000E+01 0.117174995E+01 0.116199994E+01
 0.117556000E+01 0.118099999E+01 0.118299997E+01 0.118200004E+01 0.118350005E+01
 0.118499994E+01 0.118499994E+01 0.119000006E+01 0.118799996E+01 0.119500005E+01
 0.119099998E+01 0.120099998E+01 0.119599998E+01 0.120899999E+01 0.120200002E+01
 0.121500003E+01 0.120799994E+01 0.122200000E+01 0.121399999E+01 0.122800004E+01
 0.122099996E+01 0.123399997E+01 0.123099995E+01 0.123899996E+01 0.123800004E+01
 0.124199998E+01 0.124399996E+01 0.124800003E+01 0.125399995E+01 0.125800002E+01
 0.127800000E+01 0.126300001E+01 0.128999996E+01 0.127999997E+01 0.133099997E+01
 0.127999997E+01 0.134700000E+01 0.127999997E+01 0.134800005E+01 0.130999994E+01
 0.134800005E+01 0.132799995E+01 0.134800005E+01 0.136099994E+01 0.134800005E+01
 0.138000000E+01 0.134800005E+01 0.141900003E+01 0.134800005E+01 0.141900003E+01
 0.130999994E+01 0.137199998E+01 0.130999994E+01 0.137167001E+01 0.129237998E+01
 0.137003005E+01 0.128268003E+01 0.136688006E+01 0.125644004E+01 0.136719000E+01
 0.122955000E+01 0.137178004E+01 0.119576001E+01 0.137223995E+01 0.119402003E+01
 0.138662004E+01 0.116487002E+01 0.138707995E+01 0.116420996E+01 0.140382004E+01
 0.115696001E+01 0.141127002E+01 0.115730000E+01 0.141857004E+01 0.116131997E+01
 0.142100000E+01 0.116400003E+01 0.148662996E+01 0.124049997E+01 0.149730003E+01
 0.123458004E+01 0.149761999E+01 0.123427999E+01 0.149744999E+01 0.123174000E+01
 0.149275005E+01 0.121329999E+01 0.149259996E+01 0.121061003E+01 0.149260998E+01
 0.120485997E+01 0.149278998E+01 0.120213997E+01 0.149339998E+01 0.119641995E+01
 0.149469995E+01 0.118510997E+01 0.149621999E+01 0.116069996E+01 0.147981000E+01
 0.112425995E+01 0.148081994E+01 0.112256002E+01 0.148149002E+01 0.112137997E+01
 0.148645997E+01 0.111691999E+01 0.149094999E+01 0.111439002E+01 0.150304997E+01
 0.111243999E+01 0.159696996E+01 0.109489000E+01 0.162549996E+01 0.108529997E+01
 0.163751996E+01 0.107988000E+01 0.164699996E+01 0.107700002E+01 0.178499997E+01
 0.107700002E+01 0.206999993E+01 0.103999996E+01 0.212800002E+01 0.992999971E+00
 0.224499989E+01 0.708999991E+00 0.233956003E+01 0.461430013E+00 0.234707999E+01
 0.415829986E+00 0.234912992E+01 0.272179991E+00 0.235103011E+01 0.170179993E+00
 0.235157990E+01 0.701199993E-01 0.235124993E+01-0.317899995E-01 0.235050988E+01
-0.144350007E+00 0.234964991E+01-0.214829996E+00 0.234870005E+01-0.326689988E+00
 0.234759998E+01-0.386770010E+00 0.234019995E+01-0.453040004E+00 0.232942009E+01
-0.477569997E+00 0.213400006E+01-0.972999990E+00 0.178600001E+01-0.117400002E+01
 0.176800001E+01-0.121099997E+01 0.176800001E+01-0.125000000E+01 0.168200004E+01
-0.125000000E+01 0.137199998E+01-0.125000000E+01 0.137199998E+01-0.132900000E+01
 0.141999996E+01-0.132900000E+01 0.141999996E+01-0.136300004E+01 0.127300000E+01
-0.136300004E+01 0.115300000E+01-0.136300004E+01 0.101600003E+01-0.122300005E+01
 0.101600003E+01-0.122300005E+01 0.101600003E+01-0.829999983E+00 0.101600003E+01
-0.800000012E+00 0.101600003E+01-0.414999992E+00 0.101600003E+01-0.400000006E+00
 0.101600003E+01-0.100000005E-02 0.101600003E+01 0.000000000E+00
    0 0.170000005E+01    1
 0.000000000E+00 0.000000000E+00 0.000000000E+00 0.000000000E+00 0.000000000E+00
 0.000000000E+00 0.000000000E+00 0.000000000E+00 0.000000000E+00 0.000000000E+00
 0.000000000E+00 0.000000000E+00 0.000000000E+00 0.000000000E+00 0.000000000E+00
 0.000000000E+00 0.000000000E+00 0.000000000E+00 0.000000000E+00 0.000000000E+00
 0.000000000E+00 0.000000000E+00 0.000000000E+00 0.000000000E+00 0.000000000E+00
 0.000000000E+00 0.000000000E+00 0.000000000E+00 0.000000000E+00 0.000000000E+00
 0.000000000E+00 0.000000000E+00 0.000000000E+00 0.000000000E+00 0.000000000E+00
 0.000000000E+00 0.000000000E+00 0.000000000E+00 0.000000000E+00 0.000000000E+00
 0.000000000E+00 0.000000000E+00 0.000000000E+00 0.000000000E+00 0.000000000E+00
 0.000000000E+00 0.000000000E+00 0.000000000E+00 0.000000000E+00 0.000000000E+00
 0.000000000E+00 0.000000000E+00 0.000000000E+00 0.000000000E+00 0.000000000E+00
 0.000000000E+00 0.000000000E+00 0.000000000E+00 0.000000000E+00 0.000000000E+00
 0.000000000E+00 0.000000000E+00 0.000000000E+00 0.000000000E+00 0.000000000E+00
 0.000000000E+00 0.723697245E-01 0.103113443E+00 0.126959443E+00 0.147412583E+00
 0.165691078E+00 0.182413429E+00 0.198018625E+00 0.212777734E+00 0.226860836E+00
 0.240352303E+00 0.252325356E+00 0.265073359E+00 0.277448863E+00 0.289643019E+00
 0.301556677E+00 0.313325673E+00 0.324959785E+00 0.336383134E+00 0.347686112E+00
 0.358953834E+00 0.370134056E+00 0.381272554E+00 0.392385960E+00 0.403454512E+00
 0.414527118E+00 0.425625414E+00 0.436702996E+00 0.447871536E+00 0.459087431E+00
 0.470344096E+00 0.481668502E+00 0.493067294E+00 0.504582524E+00 0.516242862E+00
 0.527997613E+00 0.539882183E+00 0.551884890E+00 0.564105451E+00 0.576498687E+00
 0.589070916E+00 0.601825416E+00 0.614807606E+00 0.628057778E+00 0.641568899E+00
 0.655285299E+00 0.669347525E+00 0.683719039E+00 0.698389113E+00 0.713431954E+00
 0.728833795E+00 0.744615316E+00 0.760851324E+00 0.777500451E+00 0.794601023E+00
 0.812224865E+00 0.830329716E+00 0.849010408E+00 0.868237138E+00 0.888112605E+00
 0.908595264E+00 0.929817379E+00 0.951841116E+00 0.974957108E+00 0.100000000E+01
    1
 0.000000000E+00 0.000000000E+00 0.000000000E+00 0.000000000E+00 0.000000000E+00
 0.000000000E+00 0.000000000E+00 0.000000000E+00 0.000000000E+00 0.000000000E+00
 0.000000000E+00 0.000000000E+00 0.000000000E+00 0.000000000E+00 0.000000000E+00
 0.000000000E+00 0.000000000E+00 0.000000000E+00 0.000000000E+00 0.000000000E+00
 0.000000000E+00 0.000000000E+00 0.000000000E+00 0.000000000E+00 0.000000000E+00
 0.000000000E+00 0.000000000E+00 0.000000000E+00 0.000000000E+00 0.000000000E+00
 0.000000000E+00 0.000000000E+00 0.000000000E+00 0.000000000E+00 0.000000000E+00
 0.000000000E+00 0.000000000E+00 0.000000000E+00 0.000000000E+00 0.000000000E+00
 0.000000000E+00 0.000000000E+00 0.000000000E+00 0.000000000E+00 0.000000000E+00
 0.000000000E+00 0.000000000E+00 0.000000000E+00 0.000000000E+00 0.000000000E+00
 0.000000000E+00 0.000000000E+00 0.000000000E+00 0.000000000E+00 0.000000000E+00
 0.000000000E+00 0.000000000E+00 0.000000000E+00 0.000000000E+00 0.000000000E+00
 0.000000000E+00 0.000000000E+00 0.000000000E+00 0.000000000E+00 0.000000000E+00
&BASIS
 EE2BDRY= 32*0.00000000      ,
 EEBDRY= 32*0.00000000      ,
 EEKNT= 32*0.00000000      ,
 EETENS=  5.00000000    ,
 FF2BDRY= 64*0.00000000      ,
 FFBDRY=  4.84957552    , -14.2309933    ,  9.46295834    , 61*0.00000000      ,
 FFKNT= 64*0.00000000      ,
 FFTENS=  0.00000000    ,
 KEE2BDRY= 32*0          ,
 KEEBDRY= 32*0          ,
 KEEFNC=          0,
 KEEKNT=          0,
 KFF2BDRY= 64*0          ,
 KFFBDRY= 64*0          ,
 KFFFNC=          0,
 KFFKNT=          0,
 KPP2BDRY= 64*0          ,
 KPPBDRY= 64*0          ,
 KPPFNC=          0,
 KPPKNT=          0,
 KWW2BDRY= 64*0          ,
 KWWBDRY= 64*0          ,
 KWWFNC=          0,
 KWWKNT=          0,
 PP2BDRY= 64*0.00000000      ,
 PPBDRY=  434568.719    , -235735.922    , 62*0.00000000      ,
 PPKNT= 64*0.00000000      ,
 PPTENS=  0.00000000    ,
 WW2BDRY= 64*0.00000000      ,
 WWBDRY= -479.400970    ,  9085.69043    , 62*0.00000000      ,
 WWKNT= 64*0.00000000      ,
 WWTENS=  0.00000000    ,
 /
