  EFITD    01/21/2000    #180523  3800ms           7  65  65
 0.170000005E+01 0.320000005E+01 0.169550002E+01 0.839999974E+00 0.000000000E+00
 0.180535638E+01-0.427660048E-01-0.273989171E+00-0.863648672E-02-0.196649170E+01
 0.885788562E+06-0.273989171E+00 0.000000000E+00 0.180535638E+01 0.000000000E+00
-0.427660048E-01 0.000000000E+00-0.863648672E-02 0.000000000E+00 0.000000000E+00
-0.337270975E+01-0.336910152E+01-0.336566496E+01-0.336239648E+01-0.335929298E+01
-0.335635090E+01-0.335356688E+01-0.335093737E+01-0.334845877E+01-0.334612775E+01
-0.334394050E+01-0.334189367E+01-0.333998346E+01-0.333820605E+01-0.333655810E+01
-0.333503580E+01-0.333363533E+01-0.333235312E+01-0.333118510E+01-0.333012772E+01
-0.332917738E+01-0.332832980E+01-0.332758141E+01-0.332692838E+01-0.332636690E+01
-0.332589293E+01-0.332550263E+01-0.332519245E+01-0.332495809E+01-0.332479596E+01
-0.332470202E+01-0.332467222E+01-0.332470298E+01-0.332479024E+01-0.332493019E+01
-0.332511854E+01-0.332535172E+01-0.332562590E+01-0.332593679E+01-0.332628083E+01
-0.332665396E+01-0.332705212E+01-0.332747173E+01-0.332790875E+01-0.332835913E+01
-0.332881880E+01-0.332928443E+01-0.332975173E+01-0.333021688E+01-0.333067584E+01
-0.333112478E+01-0.333156013E+01-0.333197761E+01-0.333237338E+01-0.333274364E+01
-0.333308434E+01-0.333339190E+01-0.333366227E+01-0.333389163E+01-0.333407593E+01
-0.333421135E+01-0.333429408E+01-0.333432007E+01-0.333428550E+01-0.333418655E+01
 0.955839141E+05 0.932120000E+05 0.908679688E+05 0.885518203E+05 0.862635625E+05
 0.840031875E+05 0.817707031E+05 0.795661016E+05 0.773893906E+05 0.752405625E+05
 0.731196250E+05 0.710265703E+05 0.689613984E+05 0.669241172E+05 0.649147227E+05
 0.629332109E+05 0.609795898E+05 0.590538516E+05 0.571560039E+05 0.552860391E+05
 0.534439609E+05 0.516297695E+05 0.498434648E+05 0.480850469E+05 0.463545117E+05
 0.446518672E+05 0.429771055E+05 0.413302344E+05 0.397112461E+05 0.381201445E+05
 0.365569297E+05 0.350216016E+05 0.335141602E+05 0.320346055E+05 0.305829375E+05
 0.291591543E+05 0.277632578E+05 0.263952480E+05 0.250551230E+05 0.237428848E+05
 0.224585352E+05 0.212020703E+05 0.199734902E+05 0.187727988E+05 0.175999922E+05
 0.164550723E+05 0.153380400E+05 0.142488926E+05 0.131876318E+05 0.121542578E+05
 0.111487695E+05 0.101711680E+05 0.922145215E+04 0.829962305E+04 0.740568018E+04
 0.653962402E+04 0.570145361E+04 0.489116992E+04 0.410877246E+04 0.335426123E+04
 0.262763623E+04 0.192889771E+04 0.125804553E+04 0.615079590E+03 0.000000000E+00
-0.300555968E+01-0.286157584E+01-0.272072482E+01-0.258300662E+01-0.244842100E+01
-0.231696820E+01-0.218864799E+01-0.206346083E+01-0.194140625E+01-0.182248449E+01
-0.170669544E+01-0.159403920E+01-0.148451579E+01-0.137812507E+01-0.127486706E+01
-0.117474186E+01-0.107774937E+01-0.983889759E+00-0.893162847E+00-0.805568695E+00
-0.721107304E+00-0.639778674E+00-0.561582804E+00-0.486519694E+00-0.414589345E+00
-0.345791757E+00-0.280126929E+00-0.217594862E+00-0.158195570E+00-0.101929024E+00
-0.487952493E-01 0.120576774E-02 0.480740219E-01 0.918095186E-01 0.132412255E+00
 0.169882223E+00 0.204219431E+00 0.235423878E+00 0.263495564E+00 0.288434476E+00
 0.310240656E+00 0.328914046E+00 0.344454706E+00 0.356862575E+00 0.366137683E+00
 0.372280061E+00 0.375289649E+00 0.375166476E+00 0.371910542E+00 0.365521878E+00
 0.356000423E+00 0.343346208E+00 0.327559233E+00 0.308639497E+00 0.286587000E+00
 0.261401743E+00 0.233083725E+00 0.201632947E+00 0.167049408E+00 0.129333094E+00
 0.884840339E-01 0.445022099E-01-0.261237635E-02-0.528597236E-01-0.106239833E+00
-0.575442062E+06-0.568716188E+06-0.561990312E+06-0.555264500E+06-0.548538625E+06
-0.541812750E+06-0.535086938E+06-0.528361062E+06-0.521635188E+06-0.514909344E+06
-0.508183469E+06-0.501457625E+06-0.494731750E+06-0.488005906E+06-0.481280031E+06
-0.474554188E+06-0.467828344E+06-0.461102469E+06-0.454376625E+06-0.447650750E+06
-0.440924906E+06-0.434199031E+06-0.427473188E+06-0.420747312E+06-0.414021469E+06
-0.407295625E+06-0.400569750E+06-0.393843906E+06-0.387118031E+06-0.380392188E+06
-0.373666312E+06-0.366940469E+06-0.360214594E+06-0.353488750E+06-0.346762875E+06
-0.340037031E+06-0.333311188E+06-0.326585312E+06-0.319859469E+06-0.313133594E+06
-0.306407750E+06-0.299681875E+06-0.292956031E+06-0.286230156E+06-0.279504312E+06
-0.272778469E+06-0.266052594E+06-0.259326734E+06-0.252600875E+06-0.245875016E+06
-0.239149172E+06-0.232423312E+06-0.225697453E+06-0.218971594E+06-0.212245734E+06
-0.205519875E+06-0.198794016E+06-0.192068156E+06-0.185342297E+06-0.178616438E+06
-0.171890594E+06-0.165164734E+06-0.158438875E+06-0.151713016E+06-0.144987156E+06
 0.752732456E-01 0.677299052E-01 0.594038181E-01 0.502596907E-01 0.403788537E-01
 0.299581755E-01 0.192810334E-01 0.867000874E-02 0.766920566E-03-0.171757478E-02
-0.455769897E-02-0.101607721E-01-0.170178562E-01-0.224858765E-01-0.269420333E-01
-0.305138659E-01-0.331966765E-01-0.349097401E-01-0.354598872E-01-0.344543122E-01
-0.311388001E-01-0.280178990E-01-0.270242710E-01-0.275911335E-01-0.294721667E-01
-0.326138884E-01-0.371104851E-01-0.432173796E-01-0.514163971E-01-0.623882450E-01
-0.708793476E-01-0.751531646E-01-0.757479146E-01-0.723652840E-01-0.648456067E-01
-0.526320226E-01-0.377385318E-01-0.255260877E-01-0.151657816E-01-0.611827336E-02
 0.197808351E-02 0.937566441E-02 0.162538122E-01 0.227395892E-01 0.289218277E-01
 0.348615162E-01 0.405994244E-01 0.461614728E-01 0.515625067E-01 0.568089448E-01
 0.619007237E-01 0.668328628E-01 0.715967715E-01 0.761814639E-01 0.805747509E-01
 0.847643018E-01 0.887387544E-01 0.924885646E-01 0.960068107E-01 0.992896780E-01
 0.102336682E+00 0.105150700E+00 0.107737683E+00 0.110106245E+00 0.112267092E+00
 0.741237402E-01 0.654339343E-01 0.556356050E-01 0.445898585E-01 0.323049799E-01
 0.190217346E-01 0.670618704E-02-0.181646529E-02-0.595721742E-02-0.556114223E-02
-0.606161915E-02-0.897486415E-02-0.130739473E-01-0.171002951E-01-0.207389314E-01
-0.238659326E-01-0.263844393E-01-0.281900372E-01-0.291594155E-01-0.291611589E-01
-0.281977002E-01-0.272801798E-01-0.273485593E-01-0.284807291E-01-0.306799170E-01
-0.339995213E-01-0.385802202E-01-0.446925946E-01-0.528173670E-01-0.635937452E-01
-0.719987080E-01-0.762499273E-01-0.768025443E-01-0.735104978E-01-0.661082491E-01
-0.539523698E-01-0.391999111E-01-0.269301459E-01-0.163787547E-01-0.703685032E-02
 0.142547500E-02 0.923413131E-02 0.165491607E-01 0.234856717E-01 0.301263742E-01
 0.365297236E-01 0.427355543E-01 0.487690717E-01 0.546437912E-01 0.603637323E-01
 0.659251660E-01 0.713181347E-01 0.765279382E-01 0.815365911E-01 0.863244832E-01
 0.908719897E-01 0.951611549E-01 0.991771668E-01 0.102909617E+00 0.106353253E+00
 0.109508350E+00 0.112380497E+00 0.114980035E+00 0.117321111E+00 0.119420633E+00
 0.753500834E-01 0.661050603E-01 0.553559661E-01 0.425864272E-01 0.276109111E-01
 0.152420374E-01 0.662509957E-02 0.197341642E-02 0.145086087E-02 0.151288079E-02
 0.557707041E-03-0.143728964E-02-0.412713364E-02-0.712329149E-02-0.101265050E-01
-0.129392790E-01-0.154347271E-01-0.175347142E-01-0.192087069E-01-0.204956364E-01
-0.215418953E-01-0.226028990E-01-0.239492990E-01-0.257759374E-01-0.282041058E-01
-0.313187242E-01-0.351932906E-01-0.398928002E-01-0.454321355E-01-0.514573604E-01
-0.562607646E-01-0.586963929E-01-0.585275143E-01-0.556420088E-01-0.499604009E-01
-0.415683836E-01-0.316970162E-01-0.220783520E-01-0.130314911E-01-0.453103427E-02
 0.350118987E-02 0.111478893E-01 0.184830241E-01 0.255680457E-01 0.324513763E-01
 0.391690210E-01 0.457455032E-01 0.521947965E-01 0.585211776E-01 0.647199526E-01
 0.707782507E-01 0.766758770E-01 0.823865756E-01 0.878796056E-01 0.931218788E-01
 0.980805233E-01 0.102725565E+00 0.107032627E+00 0.110985048E+00 0.114575244E+00
 0.117805138E+00 0.120685540E+00 0.123234726E+00 0.125476524E+00 0.127438098E+00
 0.796762481E-01 0.708513781E-01 0.605618209E-01 0.484235212E-01 0.348782390E-01
 0.254175756E-01 0.207301080E-01 0.181076229E-01 0.157799013E-01 0.134902243E-01
 0.110455258E-01 0.836480781E-02 0.547819352E-02 0.248158304E-02-0.511975493E-03
-0.340250460E-02-0.611626077E-02-0.861089397E-02-0.108792745E-01-0.129533727E-01
-0.149042541E-01-0.168317705E-01-0.188433416E-01-0.210316367E-01-0.234607551E-01
-0.261593964E-01-0.291120149E-01-0.322378427E-01-0.353504010E-01-0.381127484E-01
-0.400672071E-01-0.407841019E-01-0.399800688E-01-0.375317074E-01-0.334721431E-01
-0.280152969E-01-0.215528160E-01-0.145260729E-01-0.726514356E-02 0.439127980E-04
 0.731360307E-02 0.145109491E-01 0.216303747E-01 0.286785010E-01 0.356656797E-01
 0.426011495E-01 0.494901314E-01 0.563319437E-01 0.631186366E-01 0.698339343E-01
 0.764525011E-01 0.829395950E-01 0.892514735E-01 0.953369439E-01 0.101140179E+00
 0.106604934E+00 0.111679628E+00 0.116322517E+00 0.120505951E+00 0.124219008E+00
 0.127467960E+00 0.130274594E+00 0.132672802E+00 0.134704173E+00 0.136413649E+00
 0.871877670E-01 0.796671510E-01 0.709457994E-01 0.611432418E-01 0.512948446E-01
 0.444324240E-01 0.388357714E-01 0.340765528E-01 0.298660807E-01 0.259954594E-01
 0.223181918E-01 0.187458824E-01 0.152417030E-01 0.118072955E-01 0.846635085E-02
 0.524966465E-02 0.218405388E-02-0.714822905E-03-0.344652124E-02-0.602706475E-02
-0.848703086E-02-0.108661084E-01-0.132047581E-01-0.155347157E-01-0.178699587E-01
-0.201984867E-01-0.224741567E-01-0.246083867E-01-0.264644250E-01-0.278613381E-01
-0.285953581E-01-0.284761097E-01-0.273626298E-01-0.251867473E-01-0.219628066E-01
-0.177848898E-01-0.128078945E-01-0.721247774E-02-0.116750645E-02 0.519285351E-02
 0.117737697E-01 0.185136292E-01 0.253748968E-01 0.323357508E-01 0.393834822E-01
 0.465095304E-01 0.537056290E-01 0.609606691E-01 0.682578385E-01 0.755718052E-01
 0.828659013E-01 0.900895000E-01 0.971762016E-01 0.104043990E+00 0.110598736E+00
 0.116741739E+00 0.122380532E+00 0.127440289E+00 0.131873220E+00 0.135664016E+00
 0.138830528E+00 0.141419336E+00 0.143497109E+00 0.145140037E+00 0.146424279E+00
 0.978709385E-01 0.923556164E-01 0.842834860E-01 0.756441727E-01 0.675437450E-01
 0.602081046E-01 0.536654405E-01 0.478020124E-01 0.424795523E-01 0.375740491E-01
 0.329864249E-01 0.286449902E-01 0.245039593E-01 0.205390416E-01 0.167413093E-01
 0.131106656E-01 0.965006370E-02 0.636115437E-02 0.324162468E-02 0.284351088E-03
-0.252163573E-02-0.518851262E-02-0.772571890E-02-0.101352818E-01-0.124070141E-01
-0.145141352E-01-0.164098218E-01-0.180255249E-01-0.192723349E-01-0.200468320E-01
-0.202418808E-01-0.197607800E-01-0.185312107E-01-0.165155176E-01-0.137153072E-01
-0.101695498E-01-0.594642013E-02-0.113075541E-02 0.418938790E-02 0.993340183E-02
 0.160341375E-01 0.224395711E-01 0.291115940E-01 0.360234007E-01 0.431564339E-01
 0.504973345E-01 0.580349714E-01 0.657573864E-01 0.736484155E-01 0.816834942E-01
 0.898242518E-01 0.980115458E-01 0.106157184E+00 0.114136852E+00 0.121789828E+00
 0.128932968E+00 0.135388702E+00 0.141014695E+00 0.145724088E+00 0.149495780E+00
 0.152376845E+00 0.154473796E+00 0.155928791E+00 0.156889260E+00 0.157485455E+00
 0.107786648E+00 0.103643991E+00 0.961382389E-01 0.876966566E-01 0.797712952E-01
 0.723771527E-01 0.655084625E-01 0.591337867E-01 0.532023162E-01 0.476565771E-01
 0.424421914E-01 0.375133231E-01 0.328348316E-01 0.283820909E-01 0.241393261E-01
 0.200972818E-01 0.162507854E-01 0.125967171E-01 0.913268700E-02 0.585658196E-02
 0.276701618E-02-0.135390175E-03-0.284609501E-02-0.535436580E-02-0.764099928E-02
-0.967641361E-02-0.114195496E-01-0.128180627E-01-0.138103347E-01-0.143296747E-01
-0.143107250E-01-0.136972070E-01-0.124481823E-01-0.105414940E-01-0.797510240E-02
-0.476593059E-02-0.946347776E-03 0.344100175E-02 0.834895670E-02 0.137310382E-01
 0.195453055E-01 0.257566404E-01 0.323376022E-01 0.392682850E-01 0.465354994E-01
 0.541316047E-01 0.620530136E-01 0.702983662E-01 0.788660422E-01 0.877503753E-01
 0.969354436E-01 0.106384106E+00 0.116018191E+00 0.125683799E+00 0.135106236E+00
 0.143894717E+00 0.151662171E+00 0.158134624E+00 0.163159341E+00 0.166696280E+00
 0.168844357E+00 0.169868872E+00 0.170125410E+00 0.169916928E+00 0.169447064E+00
 0.115635790E+00 0.112291723E+00 0.105204560E+00 0.970863923E-01 0.893323570E-01
 0.819538012E-01 0.749552399E-01 0.683285594E-01 0.620556772E-01 0.561124608E-01
 0.504728369E-01 0.451120213E-01 0.400086232E-01 0.351455919E-01 0.305103064E-01
 0.260940921E-01 0.218915250E-01 0.178997386E-01 0.141179701E-01 0.105474461E-01
 0.719167851E-02 0.405713450E-02 0.115419598E-02-0.150172482E-02-0.388908107E-02
-0.597929861E-02-0.773629127E-02-0.911660679E-02-0.100704730E-01-0.105442721E-01
-0.104857842E-01-0.985610392E-02-0.863327738E-02-0.680650538E-02-0.437558535E-02
-0.134982087E-02 0.225358317E-02 0.641182205E-02 0.110991644E-01 0.162895974E-01
 0.219591148E-01 0.280874986E-01 0.346595533E-01 0.416658819E-01 0.491033643E-01
 0.569754541E-01 0.652924255E-01 0.740716830E-01 0.833380222E-01 0.931238383E-01
 0.103468776E+00 0.114417627E+00 0.126013592E+00 0.138278797E+00 0.151081994E+00
 0.163026944E+00 0.172976211E+00 0.180751994E+00 0.186209783E+00 0.189187691E+00
 0.189526424E+00 0.187853977E+00 0.185813442E+00 0.183756247E+00 0.181795254E+00
 0.121708632E+00 0.118837878E+00 0.112206802E+00 0.104377672E+00 0.967922881E-01
 0.894724429E-01 0.824309587E-01 0.756724477E-01 0.691950172E-01 0.629920885E-01
 0.570543557E-01 0.513714440E-01 0.459333397E-01 0.407313146E-01 0.357584916E-01
 0.310100820E-01 0.264834035E-01 0.221778639E-01 0.180949494E-01 0.142383361E-01
 0.106141362E-01 0.723130628E-02 0.410216488E-02 0.124298770E-02-0.132537319E-02
-0.357688079E-02-0.547965849E-02-0.699508050E-02-0.807602704E-02-0.866292603E-02
-0.867435895E-02-0.807622913E-02-0.688640634E-02-0.510782842E-02-0.274662417E-02
 0.188998631E-03 0.368794426E-02 0.773700699E-02 0.123220524E-01 0.174292959E-01
 0.230465978E-01 0.291647054E-01 0.357784256E-01 0.428877696E-01 0.504991114E-01
 0.586265251E-01 0.672935098E-01 0.765353069E-01 0.864023641E-01 0.969655141E-01
 0.108324334E+00 0.120621420E+00 0.134068683E+00 0.148999915E+00 0.165651143E+00
 0.180942595E+00 0.193312705E+00 0.202704608E+00 0.208991274E+00 0.211814165E+00
 0.211001128E+00 0.206384897E+00 0.201397315E+00 0.197104231E+00 0.193465903E+00
 0.126479164E+00 0.123910062E+00 0.117611825E+00 0.110003322E+00 0.102556549E+00
 0.952993333E-01 0.882462263E-01 0.814081430E-01 0.747923255E-01 0.684026182E-01
 0.622401349E-01 0.563041158E-01 0.505928434E-01 0.451044068E-01 0.398373194E-01
 0.347909704E-01 0.299659483E-01 0.253642462E-01 0.209894758E-01 0.168470517E-01
 0.129444217E-01 0.929130241E-02 0.589996809E-02 0.278551364E-02-0.338986320E-04
-0.253685843E-02-0.469861226E-02-0.649109343E-02-0.788318086E-02-0.884152297E-02
-0.901102275E-02-0.834860746E-02-0.714977924E-02-0.536654051E-02-0.301539549E-02
-0.100827783E-03 0.336911785E-02 0.738638919E-02 0.119437557E-01 0.170350708E-01
 0.226557832E-01 0.288037155E-01 0.354800709E-01 0.426906087E-01 0.504470468E-01
 0.587688014E-01 0.676852316E-01 0.772387460E-01 0.874891728E-01 0.985202044E-01
 0.110448994E+00 0.123440608E+00 0.137729168E+00 0.153643399E+00 0.171605974E+00
 0.189813182E+00 0.204510763E+00 0.215567470E+00 0.223012164E+00 0.226786450E+00
 0.226453200E+00 0.221833721E+00 0.214207768E+00 0.207963988E+00 0.202967808E+00
 0.130302116E+00 0.127977967E+00 0.121703990E+00 0.114244342E+00 0.106912591E+00
 0.997057706E-01 0.926404968E-01 0.857347324E-01 0.790036395E-01 0.724586397E-01
 0.661078021E-01 0.599566512E-01 0.540090092E-01 0.482677296E-01 0.427353457E-01
 0.374145582E-01 0.323086344E-01 0.274216998E-01 0.227589980E-01 0.183270797E-01
 0.141339740E-01 0.101893349E-01 0.650455384E-02 0.309282006E-02-0.308995695E-04
-0.284999935E-02-0.534656178E-02-0.750197098E-02-0.929799024E-02-0.104069375E-01
-0.108046550E-01-0.104723359E-01-0.940440688E-02-0.752753345E-02-0.514115812E-02
-0.219059736E-02 0.130643754E-02 0.534408400E-02 0.992109999E-02 0.150372284E-01
 0.206928700E-01 0.268896129E-01 0.336311720E-01 0.409245342E-01 0.487812124E-01
 0.572187491E-01 0.662625059E-01 0.759480149E-01 0.863239467E-01 0.974561349E-01
 0.109432653E+00 0.122370057E+00 0.136420324E+00 0.151776895E+00 0.168679669E+00
 0.187328413E+00 0.203572661E+00 0.215979844E+00 0.224646851E+00 0.229604483E+00
 0.230954424E+00 0.228242084E+00 0.221408635E+00 0.214244902E+00 0.208808139E+00
 0.132780373E+00 0.130419329E+00 0.124530450E+00 0.117339484E+00 0.110115103E+00
 0.102919236E+00 0.958062261E-01 0.888111070E-01 0.819572434E-01 0.752608702E-01
 0.687336326E-01 0.623841323E-01 0.562189929E-01 0.502436683E-01 0.444630161E-01
 0.388818011E-01 0.335050412E-01 0.283382889E-01 0.233878512E-01 0.186609421E-01
 0.141657898E-01 0.991170388E-02 0.590908155E-02 0.216936693E-02-0.129507727E-02
-0.447121495E-02-0.734572997E-02-0.990562048E-02-0.118383318E-01-0.131242685E-01
-0.137423724E-01-0.136716282E-01-0.128914267E-01-0.113786850E-01-0.912327971E-02
-0.604604743E-02-0.247448240E-02 0.161379552E-02 0.623656576E-02 0.114006717E-01
 0.171096791E-01 0.233657118E-01 0.301712118E-01 0.375301726E-01 0.454490632E-01
 0.539376214E-01 0.630096719E-01 0.726839304E-01 0.829848200E-01 0.939430743E-01
 0.105595902E+00 0.117986284E+00 0.131160989E+00 0.145167544E+00 0.160054669E+00
 0.175902069E+00 0.191940814E+00 0.204316065E+00 0.213468790E+00 0.219629124E+00
 0.222682416E+00 0.222864598E+00 0.219784901E+00 0.214187160E+00 0.210025683E+00
 0.135781214E+00 0.133527070E+00 0.127268478E+00 0.119842187E+00 0.112453699E+00
 0.105119526E+00 0.978740826E-01 0.907419324E-01 0.837405547E-01 0.768828988E-01
 0.701789185E-01 0.636365861E-01 0.572626069E-01 0.510629192E-01 0.450431406E-01
 0.392088853E-01 0.335660316E-01 0.281209089E-01 0.228804424E-01 0.178522300E-01
 0.130445752E-01 0.846647192E-02 0.412756577E-02 0.380773999E-04-0.379132573E-02
-0.734974025E-02-0.106263468E-01-0.133215850E-01-0.154194823E-01-0.169006512E-01
-0.177433286E-01-0.179240741E-01-0.174178407E-01-0.161972083E-01-0.142309573E-01
-0.114766080E-01-0.788551010E-02-0.378487352E-02 0.884124835E-03 0.610792171E-02
 0.118866339E-01 0.182166919E-01 0.250949282E-01 0.325192474E-01 0.404883586E-01
 0.490015112E-01 0.580581836E-01 0.676575527E-01 0.777975097E-01 0.884727836E-01
 0.996717438E-01 0.111370862E+00 0.123525210E+00 0.136051446E+00 0.148794711E+00
 0.161456168E+00 0.173465207E+00 0.184082597E+00 0.192857951E+00 0.199635938E+00
 0.204394400E+00 0.207208350E+00 0.208302960E+00 0.208185360E+00 0.207574144E+00
 0.138286069E+00 0.136251137E+00 0.129455328E+00 0.121557698E+00 0.113847815E+00
 0.106284074E+00 0.988535285E-01 0.915547311E-01 0.843907520E-01 0.773661286E-01
 0.704857558E-01 0.637545511E-01 0.571774431E-01 0.507594422E-01 0.445058048E-01
 0.384221561E-01 0.325146131E-01 0.267898813E-01 0.212552976E-01 0.159188136E-01
 0.107889157E-01 0.587450759E-02 0.118478725E-02-0.327075156E-02-0.748234941E-02
-0.114400974E-01-0.148567334E-01-0.177191813E-01-0.200099237E-01-0.217080507E-01
-0.227901898E-01-0.232312810E-01-0.230051540E-01-0.220849868E-01-0.204438549E-01
-0.180558711E-01-0.149004934E-01-0.109707788E-01-0.618190272E-02-0.874290708E-03
 0.501051871E-02 0.114487167E-01 0.184291620E-01 0.259446315E-01 0.339870118E-01
 0.425460152E-01 0.516084358E-01 0.611570738E-01 0.711690634E-01 0.816133171E-01
 0.924467146E-01 0.103608534E+00 0.115012467E+00 0.126535669E+00 0.138005525E+00
 0.149189413E+00 0.159802988E+00 0.169553697E+00 0.178202063E+00 0.185598135E+00
 0.191686466E+00 0.196502954E+00 0.200173169E+00 0.202899158E+00 0.204914629E+00
 0.138642281E+00 0.136588335E+00 0.129926220E+00 0.121883303E+00 0.113997541E+00
 0.106265351E+00 0.986775756E-01 0.912279189E-01 0.839129984E-01 0.767316893E-01
 0.696845353E-01 0.627733320E-01 0.560008623E-01 0.493707694E-01 0.428874977E-01
 0.365563221E-01 0.303833541E-01 0.243755914E-01 0.185409002E-01 0.128879203E-01
 0.742582651E-02 0.216386165E-02-0.288916985E-02-0.772437965E-02-0.123324739E-01
-0.164384376E-01-0.200315788E-01-0.230957717E-01-0.256105568E-01-0.275521837E-01
-0.288946088E-01-0.296103898E-01-0.296715200E-01-0.290501826E-01-0.277194884E-01
-0.256542098E-01-0.228314865E-01-0.192305632E-01-0.148292109E-01-0.962109026E-02
-0.352187199E-02 0.308626378E-02 0.102156075E-01 0.178708751E-01 0.260415319E-01
 0.347101875E-01 0.438543893E-01 0.534459949E-01 0.634497330E-01 0.738211647E-01
 0.845040306E-01 0.954269692E-01 0.106499806E+00 0.117610112E+00 0.128621489E+00
 0.139376014E+00 0.149703234E+00 0.159436181E+00 0.168429896E+00 0.176576763E+00
 0.183815122E+00 0.190131366E+00 0.195556179E+00 0.200154543E+00 0.204010114E+00
 0.137857378E+00 0.135762975E+00 0.128946632E+00 0.120810315E+00 0.112830296E+00
 0.104999490E+00 0.973088965E-01 0.897499621E-01 0.823161155E-01 0.750030801E-01
 0.678087324E-01 0.607327372E-01 0.537763052E-01 0.469419435E-01 0.402333587E-01
 0.336554460E-01 0.272142868E-01 0.209172778E-01 0.147732208E-01 0.879238732E-02
 0.298627932E-02-0.263370713E-02-0.806101598E-02-0.132884821E-01-0.180543903E-01
-0.223505255E-01-0.261618998E-01-0.294680186E-01-0.322440825E-01-0.344621018E-01
-0.360919908E-01-0.371025614E-01-0.374624655E-01-0.371410474E-01-0.361090228E-01
-0.343389958E-01-0.318055786E-01-0.284849145E-01-0.243533123E-01-0.193852093E-01
-0.135443388E-01-0.678943284E-02 0.492130115E-03 0.834362488E-02 0.167217813E-01
 0.255954042E-01 0.349347331E-01 0.447054505E-01 0.548666678E-01 0.653696284E-01
 0.761563107E-01 0.871579871E-01 0.982938781E-01 0.109470576E+00 0.120582677E+00
 0.131515428E+00 0.142149508E+00 0.152367726E+00 0.162062272E+00 0.171141282E+00
 0.179533154E+00 0.187188536E+00 0.194079518E+00 0.200196788E+00 0.205545411E+00
 0.135706574E+00 0.133508697E+00 0.126535565E+00 0.118352994E+00 0.110346355E+00
 0.102488473E+00 0.947595611E-01 0.871450156E-01 0.796351060E-01 0.722238645E-01
 0.649081320E-01 0.576867871E-01 0.505603589E-01 0.435307547E-01 0.366011672E-01
 0.297760721E-01 0.230613239E-01 0.164644197E-01 0.999498833E-02 0.366589986E-02
-0.250426005E-02-0.848533027E-02-0.142924534E-01-0.196833350E-01-0.246533845E-01
-0.291884914E-01-0.332675129E-01-0.368638597E-01-0.399467722E-01-0.424824953E-01
-0.444353856E-01-0.457690395E-01-0.464473218E-01-0.464353561E-01-0.457003303E-01
-0.442121774E-01-0.419439487E-01-0.388719402E-01-0.349756293E-01-0.302376486E-01
-0.246444792E-01-0.181908738E-01-0.108893178E-01-0.266793719E-02 0.604605628E-02
 0.152457599E-01 0.249152891E-01 0.350211263E-01 0.455212146E-01 0.563672483E-01
 0.675047264E-01 0.788723007E-01 0.904012620E-01 0.102015324E+00 0.113631077E+00
 0.125159144E+00 0.136506036E+00 0.147576526E+00 0.158276081E+00 0.168513089E+00
 0.178200498E+00 0.187257096E+00 0.195608541E+00 0.203188762E+00 0.209941998E+00
 0.131801113E+00 0.129379541E+00 0.122549526E+00 0.114458308E+00 0.106554165E+00
 0.987761095E-01 0.910903960E-01 0.834813043E-01 0.759413242E-01 0.684668645E-01
 0.610563904E-01 0.537097082E-01 0.464276411E-01 0.392119810E-01 0.320654958E-01
 0.249919817E-01 0.179963280E-01 0.110844765E-01 0.426319893E-02-0.246053934E-02
-0.908124167E-02-0.153496386E-01-0.212967005E-01-0.268970858E-01-0.321273208E-01
-0.369611681E-01-0.413682163E-01-0.453137942E-01-0.487595908E-01-0.516645536E-01
-0.539859943E-01-0.556807816E-01-0.567065217E-01-0.570227243E-01-0.565918498E-01
-0.553801879E-01-0.533584915E-01-0.505023971E-01-0.467925109E-01-0.422142521E-01
-0.367572978E-01-0.304143094E-01-0.231771525E-01-0.150261326E-01-0.593502400E-02
 0.366274756E-02 0.137952687E-01 0.243971348E-01 0.354167670E-01 0.468061939E-01
 0.585165620E-01 0.704959854E-01 0.826884508E-01 0.950332507E-01 0.107464626E+00
 0.119911566E+00 0.132297561E+00 0.144540176E+00 0.156550243E+00 0.168230712E+00
 0.179475471E+00 0.190168664E+00 0.200185642E+00 0.209396958E+00 0.217676044E+00
 0.126058385E+00 0.123163909E+00 0.116656400E+00 0.109139822E+00 0.101585031E+00
 0.940111652E-01 0.864398181E-01 0.788827986E-01 0.713467747E-01 0.638356283E-01
 0.563516803E-01 0.488965474E-01 0.414716527E-01 0.340786539E-01 0.267197713E-01
 0.193980765E-01 0.121176858E-01 0.488385605E-02-0.229718164E-02-0.941850618E-02
-0.162325725E-01-0.227493383E-01-0.289694984E-01-0.348791517E-01-0.404549651E-01
-0.456662402E-01-0.504760630E-01-0.548422597E-01-0.587184541E-01-0.620552525E-01
-0.648015514E-01-0.669059679E-01-0.683182776E-01-0.689908341E-01-0.688799173E-01
-0.679468438E-01-0.661589131E-01-0.634899884E-01-0.599207580E-01-0.554385930E-01
-0.500370450E-01-0.437149107E-01-0.364751294E-01-0.283243414E-01-0.192765556E-01
-0.936244335E-02 0.148123165E-02 0.127752256E-01 0.244951472E-01 0.366095304E-01
 0.490827896E-01 0.618763454E-01 0.749489069E-01 0.882562846E-01 0.101750873E+00
 0.115380555E+00 0.129087061E+00 0.142803296E+00 0.156449571E+00 0.169928446E+00
 0.183118314E+00 0.195866764E+00 0.207986221E+00 0.219256163E+00 0.229437292E+00
 0.119879991E+00 0.116534486E+00 0.110357821E+00 0.103215404E+00 0.959060192E-01
 0.884921402E-01 0.810194984E-01 0.735138655E-01 0.659892336E-01 0.584529266E-01
 0.509085581E-01 0.433577262E-01 0.358011052E-01 0.282391626E-01 0.206727274E-01
 0.131035140E-01 0.553471548E-02-0.202845549E-02-0.957919005E-02-0.168773141E-01
-0.239341706E-01-0.307511464E-01-0.373195931E-01-0.436205231E-01-0.496254601E-01
-0.552974902E-01-0.605923086E-01-0.654593483E-01-0.698430538E-01-0.736843050E-01
-0.769219920E-01-0.794947520E-01-0.813427418E-01-0.824094042E-01-0.826431215E-01
-0.819987580E-01-0.804388002E-01-0.779342055E-01-0.744648352E-01-0.700192899E-01
-0.645943657E-01-0.581939183E-01-0.508272834E-01-0.425071940E-01-0.332470275E-01
-0.230556671E-01-0.119255921E-01 0.159955496E-03 0.127030788E-01 0.256781112E-01
 0.390586890E-01 0.528183766E-01 0.669310093E-01 0.813706741E-01 0.961112007E-01
 0.111124903E+00 0.126380339E+00 0.141838640E+00 0.157447517E+00 0.173132047E+00
 0.188780725E+00 0.204225242E+00 0.219214305E+00 0.233389363E+00 0.246290758E+00
 0.114274636E+00 0.110709928E+00 0.104385868E+00 0.971412137E-01 0.898189321E-01
 0.824329108E-01 0.749950111E-01 0.675140247E-01 0.599946752E-01 0.524384081E-01
 0.448444858E-01 0.372109786E-01 0.295354221E-01 0.218152776E-01 0.140482616E-01
 0.623282278E-02-0.163051626E-02-0.953492429E-02-0.172469355E-01-0.247812830E-01
-0.321428403E-01-0.393264629E-01-0.463168100E-01-0.530883446E-01-0.596056618E-01
-0.658240840E-01-0.716905519E-01-0.771446899E-01-0.821202472E-01-0.865466595E-01
-0.903509781E-01-0.934598744E-01-0.958018601E-01-0.973094553E-01-0.979213193E-01
-0.975841358E-01-0.962541848E-01-0.938984454E-01-0.904951766E-01-0.860338658E-01
-0.805145055E-01-0.739462450E-01-0.663453266E-01-0.577324107E-01-0.481291674E-01
-0.375541784E-01-0.260184035E-01-0.135223074E-01-0.522289774E-04 0.138881626E-01
 0.282795131E-01 0.431062207E-01 0.583571829E-01 0.740264058E-01 0.901130885E-01
 0.106621169E+00 0.123558104E+00 0.140932545E+00 0.158749819E+00 0.177003786E+00
 0.195661560E+00 0.214635149E+00 0.233725309E+00 0.252494633E+00 0.269981623E+00
 0.108361736E+00 0.104578696E+00 0.979538858E-01 0.905961096E-01 0.832256451E-01
 0.758342147E-01 0.684143826E-01 0.609574132E-01 0.534540564E-01 0.458951518E-01
 0.382720940E-01 0.305770449E-01 0.228029564E-01 0.149432635E-01 0.699101854E-02
-0.106316875E-02-0.923608057E-02-0.172832143E-01-0.252189729E-01-0.330523439E-01
-0.407834910E-01-0.484023318E-01-0.558879226E-01-0.632082745E-01-0.703205019E-01
-0.771712884E-01-0.836976469E-01-0.898280293E-01-0.954838470E-01-0.100581288E+00
-0.105033517E+00-0.108753107E+00-0.111654691E+00-0.113657735E+00-0.114689097E+00
-0.114685528E+00-0.113595635E+00-0.111381382E+00-0.108018920E+00-0.103498571E+00
-0.978241116E-01-0.910111666E-01-0.830848366E-01-0.740766227E-01-0.640207455E-01
-0.529500097E-01-0.408913791E-01-0.278615467E-01-0.138621964E-01 0.112525490E-02
 0.165947136E-01 0.325389169E-01 0.489597134E-01 0.658707768E-01 0.832981989E-01
 0.101281226E+00 0.119873613E+00 0.139145359E+00 0.159184709E+00 0.180100113E+00
 0.202021614E+00 0.225100696E+00 0.249504000E+00 0.275358021E+00 0.301344842E+00
 0.101521708E+00 0.974702612E-01 0.907823071E-01 0.833495110E-01 0.759702623E-01
 0.686187446E-01 0.612648912E-01 0.538798198E-01 0.464381687E-01 0.389187708E-01
 0.313045084E-01 0.235818531E-01 0.157404356E-01 0.777280191E-02-0.325362460E-03
-0.855404511E-02-0.169053841E-01-0.251740832E-01-0.333955958E-01-0.415859111E-01
-0.497459024E-01-0.578629710E-01-0.659116358E-01-0.738537312E-01-0.816386640E-01
-0.892038271E-01-0.964753628E-01-0.103369281E+00-0.109793127E+00-0.115647994E+00
-0.120831110E+00-0.125238746E+00-0.128769398E+00-0.131327182E+00-0.132825062E+00
-0.133187979E+00-0.132355407E+00-0.130283296E+00-0.126945227E+00-0.122332551E+00
-0.116453625E+00-0.109331958E+00-0.101003550E+00-0.915132612E-01-0.809106901E-01
-0.692454651E-01-0.565623157E-01-0.428959392E-01-0.282658208E-01-0.126708820E-01
 0.391628966E-02 0.209851246E-01 0.385413095E-01 0.566166267E-01 0.752618387E-01
 0.945473611E-01 0.114567406E+00 0.135446593E+00 0.157349348E+00 0.180493414E+00
 0.205170333E+00 0.231778666E+00 0.260886014E+00 0.293363214E+00 0.327542126E+00
 0.936971158E-01 0.893490240E-01 0.825528949E-01 0.751413032E-01 0.678829476E-01
 0.607051402E-01 0.535392538E-01 0.463300273E-01 0.390353762E-01 0.316239521E-01
 0.240725260E-01 0.163639635E-01 0.848575495E-02 0.429091102E-03-0.781164505E-02
-0.162390508E-01-0.246770382E-01-0.331482925E-01-0.416697301E-01-0.502481423E-01
-0.588784739E-01-0.675428957E-01-0.762102380E-01-0.848355815E-01-0.933601335E-01
-0.101711430E+00-0.109803908E+00-0.117540084E+00-0.124812238E+00-0.131504759E+00
-0.137497038E+00-0.142666936E+00-0.146894589E+00-0.150066569E+00-0.152079850E+00
-0.152845740E+00-0.152293086E+00-0.150370866E+00-0.147049680E+00-0.142322093E+00
-0.136201903E+00-0.128721967E+00-0.119931065E+00-0.109889813E+00-0.986656845E-01
-0.863276273E-01-0.729403347E-01-0.585584491E-01-0.432209261E-01-0.269461069E-01
-0.972853042E-02 0.845937617E-02 0.270542018E-01 0.461323112E-01 0.657679141E-01
 0.860493183E-01 0.107089892E+00 0.129038543E+00 0.152092621E+00 0.176515356E+00
 0.202660069E+00 0.231002346E+00 0.262176633E+00 0.296999007E+00 0.334588319E+00
 0.843832195E-01 0.796717256E-01 0.727139488E-01 0.656253844E-01 0.588119514E-01
 0.520803407E-01 0.453119650E-01 0.384342149E-01 0.314009152E-01 0.241812859E-01
 0.167539734E-01 0.910371449E-02 0.121940917E-02-0.690714782E-02-0.152820889E-01
-0.237370189E-01-0.323029719E-01-0.410018638E-01-0.498463698E-01-0.588387325E-01
-0.679693893E-01-0.772157535E-01-0.865411758E-01-0.958940536E-01-0.105207361E+00
-0.114398532E+00-0.123369910E+00-0.132009789E+00-0.140194252E+00-0.147789657E+00
-0.154656053E+00-0.160651118E+00-0.165634736E+00-0.169473961E+00-0.172047913E+00
-0.173252553E+00-0.173004776E+00-0.171245635E+00-0.167942345E+00-0.163088903E+00
-0.156705230E+00-0.148834884E+00-0.139541283E+00-0.128902912E+00-0.117007591E+00
-0.103946090E+00-0.898053050E-01-0.746611580E-01-0.585709140E-01-0.415643863E-01
-0.236320291E-01-0.470545748E-02 0.146709783E-01 0.345068313E-01 0.548429638E-01
 0.757483318E-01 0.973207206E-01 0.119691245E+00 0.143032804E+00 0.167573318E+00
 0.193615928E+00 0.221570283E+00 0.252002209E+00 0.285706520E+00 0.322088987E+00
 0.715524256E-01 0.659089312E-01 0.602139086E-01 0.545860752E-01 0.488884784E-01
 0.429967865E-01 0.368659310E-01 0.304727312E-01 0.238023400E-01 0.168439057E-01
 0.958891679E-02 0.203056913E-02-0.583645329E-02-0.140168443E-01-0.223431550E-01
-0.308503117E-01-0.395659469E-01-0.485095158E-01-0.576911941E-01-0.671105236E-01
-0.767549053E-01-0.865980536E-01-0.965986252E-01-0.106698953E+00-0.116824232E+00
-0.126882091E+00-0.136762857E+00-0.146340460E+00-0.155474365E+00-0.164012298E+00
-0.171793997E+00-0.178655818E+00-0.184436068E+00-0.188980877E+00-0.192150041E+00
-0.193822891E+00-0.193903223E+00-0.192323372E+00-0.189046800E+00-0.184068948E+00
-0.177416489E+00-0.169144601E+00-0.159332812E+00-0.148079395E+00-0.135494873E+00
-0.121694714E+00-0.106792003E+00-0.908899531E-01-0.740748122E-01-0.564093404E-01
-0.379272923E-01-0.186305903E-01 0.150650099E-02 0.219701771E-01 0.427809842E-01
 0.639877543E-01 0.856588781E-01 0.107880875E+00 0.130759820E+00 0.154424056E+00
 0.179028064E+00 0.204758957E+00 0.231853426E+00 0.260672927E+00 0.291203618E+00
 0.576901622E-01 0.507513359E-01 0.470061637E-01 0.434858724E-01 0.391432755E-01
 0.342021473E-01 0.287698098E-01 0.228992831E-01 0.166177861E-01 0.993902236E-02
 0.286912057E-02-0.458953483E-02-0.124334712E-01-0.204882938E-01-0.287879873E-01
-0.373625644E-01-0.462365560E-01-0.554273725E-01-0.649436116E-01-0.747832581E-01
-0.849317983E-01-0.953603312E-01-0.106023826E+00-0.116859496E+00-0.127785593E+00
-0.138700739E+00-0.149483860E+00-0.159995109E+00-0.170077667E+00-0.179560810E+00
-0.188263923E+00-0.196001813E+00-0.202590793E+00-0.207855418E+00-0.211635545E+00
-0.213793114E+00-0.214218155E+00-0.212833762E+00-0.209599242E+00-0.204511389E+00
-0.197603673E+00-0.188943341E+00-0.178626657E+00-0.166772574E+00-0.153515324E+00
-0.138996437E+00-0.123356536E+00-0.106727540E+00-0.892254338E-01-0.709441081E-01
-0.519505516E-01-0.322818831E-01-0.119451126E-01 0.907966681E-02 0.301999375E-01
 0.514763743E-01 0.729536265E-01 0.946693271E-01 0.116654031E+00 0.138924927E+00
 0.161471546E+00 0.184226722E+00 0.207005173E+00 0.229368359E+00 0.250400454E+00
 0.481493361E-01 0.407596976E-01 0.374730080E-01 0.345731452E-01 0.309088007E-01
 0.265796520E-01 0.216612611E-01 0.162068307E-01 0.102509437E-01 0.381389493E-02
-0.309596816E-02-0.104835927E-01-0.181466378E-01-0.261101890E-01-0.344026349E-01
-0.430511460E-01-0.520787984E-01-0.615022928E-01-0.713298097E-01-0.815588608E-01
-0.921740979E-01-0.103145070E+00-0.114424132E+00-0.125944495E+00-0.137618691E+00
-0.149337485E+00-0.160969749E+00-0.172363073E+00-0.183345631E+00-0.193729416E+00
-0.203314558E+00-0.211895272E+00-0.219266593E+00-0.225232154E+00-0.229612142E+00
-0.232251287E+00-0.233025894E+00-0.231849596E+00-0.228677258E+00-0.223506629E+00
-0.216377541E+00-0.207368806E+00-0.196592897E+00-0.184188843E+00-0.170314029E+00
-0.155135259E+00-0.138819754E+00-0.121526614E+00-0.103398934E+00-0.845568106E-01
-0.650910437E-01-0.450566672E-01-0.244643297E-01-0.326460856E-02 0.179438442E-01
 0.391263999E-01 0.602704585E-01 0.813627318E-01 0.102376439E+00 0.123259343E+00
 0.143918514E+00 0.164199129E+00 0.183857411E+00 0.202536240E+00 0.219769031E+00
 0.419126265E-01 0.343235806E-01 0.307589062E-01 0.280007683E-01 0.245932117E-01
 0.205606092E-01 0.159357972E-01 0.107482402E-01 0.502127782E-02-0.122756115E-02
-0.798361097E-02-0.152277173E-01-0.227827169E-01-0.306913313E-01-0.389889553E-01
-0.477057323E-01-0.568662621E-01-0.664882511E-01-0.765806586E-01-0.871414840E-01
-0.981554464E-01-0.109591506E+00-0.121400490E+00-0.133512810E+00-0.145836636E+00
-0.158256605E+00-0.170633242E+00-0.182803646E+00-0.194583207E+00-0.205768868E+00
-0.216143936E+00-0.225484267E+00-0.233565852E+00-0.240173310E+00-0.245108888E+00
-0.248201385E+00-0.249314129E+00-0.248351693E+00-0.245264322E+00-0.240050077E+00
-0.232754081E+00-0.223465174E+00-0.212310150E+00-0.199446008E+00-0.185050890E+00
-0.169314370E+00-0.152427703E+00-0.134574667E+00-0.115923382E+00-0.966194272E-01
-0.767804533E-01-0.564925931E-01-0.358095579E-01-0.147571824E-01 0.664824480E-02
 0.277652293E-01 0.486038588E-01 0.691437349E-01 0.893402249E-01 0.109122179E+00
 0.128386155E+00 0.146989778E+00 0.164747387E+00 0.181432351E+00 0.196791485E+00
 0.374815241E-01 0.297435876E-01 0.261804797E-01 0.234477073E-01 0.201220438E-01
 0.162121281E-01 0.117305284E-01 0.668897200E-02 0.109563605E-02-0.504683796E-02
-0.117440661E-01-0.188037474E-01-0.262447949E-01-0.340954587E-01-0.423861481E-01
-0.511457287E-01-0.603990108E-01-0.701644793E-01-0.804520473E-01-0.912605971E-01
-0.102575436E+00-0.114365645E+00-0.126581416E+00-0.139151618E+00-0.151981592E+00
-0.164951697E+00-0.177916497E+00-0.190705270E+00-0.203123674E+00-0.214957073E+00
-0.225975484E+00-0.235940188E+00-0.244611785E+00-0.251759350E+00-0.257170230E+00
-0.260659814E+00-0.262080222E+00-0.261327922E+00-0.258348674E+00-0.253139943E+00
-0.245750368E+00-0.236276329E+00-0.224855706E+00-0.211659670E+00-0.196882948E+00
-0.180733472E+00-0.163421988E+00-0.145152330E+00-0.126112923E+00-0.106469564E+00
-0.863597766E-01-0.658882633E-01-0.451229140E-01-0.240891967E-01-0.275766803E-02
 0.182319302E-01 0.388102420E-01 0.589262620E-01 0.785248056E-01 0.975363255E-01
 0.115872018E+00 0.133422092E+00 0.150057197E+00 0.165633693E+00 0.180003628E+00
 0.347795524E-01 0.269605163E-01 0.234657135E-01 0.206984989E-01 0.173639767E-01
 0.134807201E-01 0.905587804E-02 0.409132335E-02-0.141445035E-02-0.746533414E-02
-0.140670817E-01-0.210306551E-01-0.283934120E-01-0.361909680E-01-0.444571227E-01
-0.532227308E-01-0.625140592E-01-0.723508671E-01-0.827442408E-01-0.936941206E-01
-0.105186686E+00-0.117191605E+00-0.129659221E+00-0.142517939E+00-0.155671895E+00
-0.168999240E+00-0.182351276E+00-0.195552677E+00-0.208403200E+00-0.220680922E+00
-0.232147336E+00-0.242554098E+00-0.251651406E+00-0.259197682E+00-0.264969736E+00
-0.268773109E+00-0.270451635E+00-0.269895166E+00-0.267045230E+00-0.261897832E+00
-0.254502892E+00-0.244960815E+00-0.233416170E+00-0.220049053E+00-0.205065027E+00
-0.188684285E+00-0.171130821E+00-0.152622476E+00-0.133362114E+00-0.113530517E+00
-0.932810530E-01-0.727362782E-01-0.519866161E-01-0.310919564E-01-0.100885415E-01
 0.109912604E-01 0.314596705E-01 0.513155535E-01 0.705294982E-01 0.890513435E-01
 0.106813915E+00 0.123736098E+00 0.139726594E+00 0.154689103E+00 0.168529034E+00
 0.341291353E-01 0.263773426E-01 0.225661881E-01 0.196211655E-01 0.161796492E-01
 0.122591536E-01 0.784756429E-02 0.292862579E-02-0.251185708E-02-0.848581176E-02
-0.150034782E-01-0.218850598E-01-0.291717462E-01-0.369023979E-01-0.451130942E-01
-0.538362600E-01-0.630993247E-01-0.729230121E-01-0.833192766E-01-0.942889154E-01
-0.105818957E+00-0.117879868E+00-0.130422726E+00-0.143376499E+00-0.156645671E+00
-0.170108378E+00-0.183615446E+00-0.196990594E+00-0.210031927E+00-0.222515196E+00
-0.234198824E+00-0.244830728E+00-0.254156709E+00-0.261930287E+00-0.267923176E+00
-0.271935701E+00-0.273806721E+00-0.273421735E+00-0.270718724E+00-0.265691102E+00
-0.258387506E+00-0.248908401E+00-0.237399727E+00-0.224044293E+00-0.209051505E+00
-0.192646429E+00-0.175058812E+00-0.156512961E+00-0.137218729E+00-0.117364399E+00
-0.971111655E-01-0.765894800E-01-0.558968447E-01-0.350966603E-01-0.142168161E-01
 0.675463444E-02 0.270817708E-01 0.467469990E-01 0.657195300E-01 0.839550421E-01
 0.101397187E+00 0.117980108E+00 0.133631974E+00 0.148279339E+00 0.161852092E+00
 0.351650454E-01 0.277796090E-01 0.232597906E-01 0.198521614E-01 0.163016412E-01
 0.123763178E-01 0.800235942E-02 0.314235059E-02-0.222732243E-02-0.812372845E-02
-0.145603046E-01-0.213564821E-01-0.285544507E-01-0.361935496E-01-0.443100147E-01
-0.529362410E-01-0.620996170E-01-0.718208775E-01-0.821121410E-01-0.929745361E-01
-0.104395702E+00-0.116346940E+00-0.128780514E+00-0.141626850E+00-0.154792264E+00
-0.168157026E+00-0.181574389E+00-0.194870710E+00-0.207846880E+00-0.220281497E+00
-0.231935710E+00-0.242559835E+00-0.251901746E+00-0.259716392E+00-0.265776098E+00
-0.269881099E+00-0.271869242E+00-0.271624058E+00-0.269080758E+00-0.264229417E+00
-0.257114768E+00-0.247833088E+00-0.236526102E+00-0.223372608E+00-0.208578423E+00
-0.192365512E+00-0.174961299E+00-0.156588376E+00-0.137455776E+00-0.117751561E+00
-0.976374820E-01-0.772451162E-01-0.566737242E-01-0.359890498E-01-0.152220139E-01
 0.563557539E-02 0.258477721E-01 0.453959182E-01 0.642487332E-01 0.823622793E-01
 0.996816382E-01 0.116143584E+00 0.131680027E+00 0.146222159E+00 0.159704968E+00
 0.348736234E-01 0.271886252E-01 0.235717297E-01 0.207833871E-01 0.174911469E-01
 0.137199229E-01 0.946161989E-02 0.470135640E-02-0.575643033E-03-0.638332497E-02
-0.127350511E-01-0.194386058E-01-0.265338775E-01-0.340573490E-01-0.420427620E-01
-0.505205467E-01-0.595166087E-01-0.690506324E-01-0.791341066E-01-0.897679701E-01
-0.100940153E+00-0.112622865E+00-0.124769896E+00-0.137314051E+00-0.150164828E+00
-0.163206652E+00-0.176297963E+00-0.189271182E+00-0.201934263E+00-0.214073524E+00
-0.225458369E+00-0.235847548E+00-0.244997129E+00-0.252669573E+00-0.258643657E+00
-0.262724400E+00-0.264752477E+00-0.264612079E+00-0.262236685E+00-0.257612199E+00
-0.250777125E+00-0.241819650E+00-0.230871990E+00-0.218102470E+00-0.203706056E+00
-0.187893972E+00-0.170883238E+00-0.152886882E+00-0.134105191E+00-0.114718512E+00
-0.948817506E-01-0.747207478E-01-0.543308929E-01-0.337787010E-01-0.131092146E-01
 0.763366045E-02 0.277612824E-01 0.472678989E-01 0.661215931E-01 0.842725486E-01
 0.101657525E+00 0.118203379E+00 0.133830905E+00 0.148459345E+00 0.162011728E+00
 0.366737321E-01 0.290632304E-01 0.256013870E-01 0.230662785E-01 0.199969262E-01
 0.163989812E-01 0.122778639E-01 0.763377966E-02 0.246255798E-02-0.324475323E-02
-0.950449705E-02-0.161195695E-01-0.231122449E-01-0.305096693E-01-0.383401476E-01
-0.466306470E-01-0.554047078E-01-0.646804050E-01-0.744681731E-01-0.847685337E-01
-0.955696404E-01-0.106844753E+00-0.118549697E+00-0.130620450E+00-0.142971039E+00
-0.155491889E+00-0.168048993E+00-0.180483982E+00-0.192615494E+00-0.204241917E+00
-0.215145707E+00-0.225099236E+00-0.233872145E+00-0.241239756E+00-0.246992216E+00
-0.250943750E+00-0.252941370E+00-0.252872199E+00-0.250669003E+00-0.246313140E+00
-0.239834994E+00-0.231311336E+00-0.220860362E+00-0.208634451E+00-0.194811434E+00
-0.179584920E+00-0.163154572E+00-0.145716637E+00-0.127455562E+00-0.108536705E+00
-0.891002268E-01-0.692561418E-01-0.490795374E-01-0.286046546E-01-0.781435613E-02
 0.126367491E-01 0.326655619E-01 0.522098616E-01 0.712071136E-01 0.895855352E-01
 0.107260786E+00 0.124136023E+00 0.140104443E+00 0.155054286E+00 0.168875948E+00
 0.398531854E-01 0.323714577E-01 0.293405615E-01 0.269687828E-01 0.240346268E-01
 0.205516536E-01 0.165304765E-01 0.119812759E-01 0.691190036E-02 0.132752163E-02
-0.476816995E-02-0.113691147E-01-0.183002502E-01-0.255890116E-01-0.332626812E-01
-0.413469076E-01-0.498639643E-01-0.588308834E-01-0.682574362E-01-0.781439543E-01
-0.884791166E-01-0.992376432E-01-0.110377967E+00-0.121840119E+00-0.133543834E+00
-0.145387113E+00-0.157245561E+00-0.168972462E+00-0.180400118E+00-0.191342324E+00
-0.201598346E+00-0.210958213E+00-0.219209239E+00-0.226143718E+00-0.231567025E+00
-0.235305995E+00-0.237216696E+00-0.237191141E+00-0.235162258E+00-0.231106773E+00
-0.225045621E+00-0.217041865E+00-0.207196355E+00-0.195641339E+00-0.182532668E+00
-0.168041050E+00-0.152343169E+00-0.135613024E+00-0.118013911E+00-0.996916145E-01
-0.807686672E-01-0.613398552E-01-0.414686725E-01-0.211841855E-01-0.476546731E-03
 0.199502874E-01 0.400716849E-01 0.598449074E-01 0.792088360E-01 0.980815366E-01
 0.116357766E+00 0.133907929E+00 0.150579810E+00 0.166204602E+00 0.180608258E+00
 0.452153422E-01 0.379843749E-01 0.348623879E-01 0.325803682E-01 0.297003277E-01
 0.262458455E-01 0.222458113E-01 0.177255888E-01 0.127048995E-01 0.719793374E-02
 0.121441577E-02-0.523922825E-02-0.121597769E-01-0.193725564E-01-0.269052573E-01
-0.347836539E-01-0.430300348E-01-0.516614132E-01-0.606876351E-01-0.701094642E-01
-0.799166560E-01-0.900859311E-01-0.100579046E+00-0.111340918E+00-0.122298032E+00
-0.133357272E+00-0.144405320E+00-0.155308977E+00-0.165916234E+00-0.176058635E+00
-0.185554743E+00-0.194214836E+00-0.201846674E+00-0.208262116E+00-0.213284329E+00
-0.216754958E+00-0.218541011E+00-0.218540758E+00-0.216688097E+00-0.212955162E+00
-0.207352921E+00-0.199929416E+00-0.190766156E+00-0.179972634E+00-0.167679489E+00
-0.154030919E+00-0.139176637E+00-0.123264000E+00-0.106430717E+00-0.887983888E-01
-0.704672113E-01-0.515123568E-01-0.319829136E-01-0.119064068E-01 0.869311485E-02
 0.291579422E-01 0.494970791E-01 0.696879327E-01 0.896793753E-01 0.109388486E+00
 0.128693968E+00 0.147428557E+00 0.165373966E+00 0.182263583E+00 0.197799131E+00
 0.522955097E-01 0.453766957E-01 0.423775129E-01 0.400703438E-01 0.370846838E-01
 0.335034803E-01 0.293923635E-01 0.247956906E-01 0.197420381E-01 0.142493257E-01
 0.832839217E-02 0.198522769E-02-0.477776630E-02-0.119610764E-01-0.193843506E-01
-0.270752925E-01-0.350579768E-01-0.433509909E-01-0.519652441E-01-0.609025955E-01
-0.701544583E-01-0.797002316E-01-0.895056650E-01-0.995213315E-01-0.109681316E+00
-0.119902313E+00-0.130083174E+00-0.140105233E+00-0.149833366E+00-0.159118086E+00
-0.167798519E+00-0.175706506E+00-0.182671487E+00-0.188526183E+00-0.193112671E+00
-0.196288586E+00-0.197932839E+00-0.197950751E+00-0.196277782E+00-0.192881912E+00
-0.187764153E+00-0.180957228E+00-0.172522634E+00-0.162545994E+00-0.151131287E+00
-0.138394207E+00-0.124455072E+00-0.109431706E+00-0.934325606E-01-0.765502006E-01
-0.588549785E-01-0.403882265E-01-0.211529545E-01-0.109710486E-02 0.191751607E-01
 0.396257788E-01 0.602408126E-01 0.810055360E-01 0.101889394E+00 0.122831836E+00
 0.143724307E+00 0.164385334E+00 0.184528708E+00 0.203734651E+00 0.221454412E+00
 0.617643595E-01 0.553321503E-01 0.524564832E-01 0.496843830E-01 0.462110750E-01
 0.422321334E-01 0.378253683E-01 0.330263413E-01 0.278526004E-01 0.223129187E-01
 0.164112858E-01 0.101487758E-01 0.352438889E-02-0.346460077E-02-0.108226109E-01
-0.183587708E-01-0.261020437E-01-0.340763181E-01-0.422936752E-01-0.507570319E-01
-0.594598278E-01-0.683847144E-01-0.775021166E-01-0.867689699E-01-0.961276218E-01
-0.105505161E+00-0.114813127E+00-0.123947866E+00-0.132791504E+00-0.141213775E+00
-0.149074569E+00-0.156227365E+00-0.162523344E+00-0.167816132E+00-0.171966836E+00
-0.174849138E+00-0.176354140E+00-0.176394537E+00-0.174907893E+00-0.171858519E+00
-0.167238086E+00-0.161064655E+00-0.153380185E+00-0.144246802E+00-0.133741856E+00
-0.121952280E+00-0.108968392E+00-0.948775932E-01-0.797581971E-01-0.636737645E-01
-0.466682985E-01-0.287627932E-01-0.995408650E-02 0.978314877E-02 0.298575163E-01
 0.503347032E-01 0.712655857E-01 0.926946178E-01 0.114658721E+00 0.137179315E+00
 0.160245255E+00 0.183778599E+00 0.207562387E+00 0.231081828E+00 0.253261417E+00
 0.754856169E-01 0.703540221E-01 0.655758008E-01 0.610970370E-01 0.566361509E-01
 0.520221218E-01 0.471921973E-01 0.421155579E-01 0.367741063E-01 0.311559103E-01
 0.252524093E-01 0.190570001E-01 0.125641609E-01 0.576873310E-02-0.133498223E-02
-0.875494443E-02-0.162892081E-01-0.239877328E-01-0.318507180E-01-0.398794375E-01
-0.480699725E-01-0.564092807E-01-0.648734123E-01-0.734263584E-01-0.820192173E-01
-0.905897692E-01-0.990623608E-01-0.107348248E+00-0.115346521E+00-0.122945637E+00
-0.130025581E+00-0.136460662E+00-0.142122969E+00-0.146886155E+00-0.150629580E+00
-0.153242439E+00-0.154627681E+00-0.154705450E+00-0.153415710E+00-0.150719896E+00
-0.146601453E+00-0.141065031E+00-0.134134591E+00-0.125850245E+00-0.116264142E+00
-0.105435610E+00-0.934256464E-01-0.802910551E-01-0.660784915E-01-0.508185253E-01
-0.345203392E-01-0.171683766E-01 0.127474021E-02 0.203042813E-01 0.399520621E-01
 0.602803305E-01 0.813733116E-01 0.103336073E+00 0.126296297E+00 0.150407434E+00
 0.175853208E+00 0.202855214E+00 0.231692731E+00 0.262790829E+00 0.296133459E+00
 0.871893466E-01 0.827714428E-01 0.775962770E-01 0.723518059E-01 0.672480315E-01
 0.621545091E-01 0.569819696E-01 0.516730249E-01 0.461905375E-01 0.405098908E-01
 0.346143954E-01 0.284926295E-01 0.221369546E-01 0.155428853E-01 0.870935712E-02
 0.164041971E-02-0.564994523E-02-0.131871365E-01-0.207754932E-01-0.284345224E-01
-0.361742228E-01-0.439892970E-01-0.518628880E-01-0.597665869E-01-0.676604733E-01
-0.754929781E-01-0.832009837E-01-0.907101706E-01-0.979358181E-01-0.104784086E+00
-0.111153804E+00-0.116938747E+00-0.122030415E+00-0.126321062E+00-0.129707009E+00
-0.132091954E+00-0.133390069E+00-0.133528754E+00-0.132450759E+00-0.130115539E+00
-0.126499683E+00-0.121596366E+00-0.115413763E+00-0.107972503E+00-0.993022248E-01
-0.894373655E-01-0.784121752E-01-0.662551820E-01-0.529827252E-01-0.385911576E-01
-0.230458677E-01-0.626233406E-02 0.112303179E-01 0.294576343E-01 0.484785400E-01
 0.683829039E-01 0.892930478E-01 0.111369282E+00 0.134819925E+00 0.159916937E+00
 0.187019795E+00 0.216612473E+00 0.249362007E+00 0.286204040E+00 0.326443911E+00
 0.969937369E-01 0.930106938E-01 0.879516155E-01 0.826483071E-01 0.773873329E-01
 0.721168965E-01 0.667899102E-01 0.613677241E-01 0.558207631E-01 0.501271635E-01
 0.442711040E-01 0.382414088E-01 0.320305154E-01 0.256337654E-01 0.190489031E-01
 0.122753959E-01 0.531277806E-02-0.184431847E-02-0.920344703E-02-0.165418256E-01
-0.239020307E-01-0.312711634E-01-0.386375599E-01-0.459788144E-01-0.532633737E-01
-0.604498982E-01-0.674873218E-01-0.743150562E-01-0.808635503E-01-0.870553404E-01
-0.928065330E-01-0.980286375E-01-0.102630779E+00-0.106522098E+00-0.109614365E+00
-0.111824535E+00-0.113077238E+00-0.113306887E+00-0.112459399E+00-0.110493220E+00
-0.107379764E+00-0.103102915E+00-0.976578221E-01-0.910488442E-01-0.832867399E-01
-0.743851662E-01-0.643565059E-01-0.532073490E-01-0.409337617E-01-0.275174156E-01
-0.129252262E-01 0.287965056E-02 0.193569120E-01 0.366014093E-01 0.547096394E-01
 0.737958476E-01 0.940033123E-01 0.115515783E+00 0.138572127E+00 0.163486749E+00
 0.190678269E+00 0.220707998E+00 0.254324228E+00 0.292490572E+00 0.334181696E+00
 0.105791956E+00 0.102175973E+00 0.974165946E-01 0.922538787E-01 0.870473310E-01
 0.817830265E-01 0.764437616E-01 0.710130930E-01 0.654766634E-01 0.598226152E-01
 0.540416054E-01 0.481266379E-01 0.420728773E-01 0.358774662E-01 0.295394044E-01
 0.230594464E-01 0.164400879E-01 0.968606211E-02 0.280692312E-02-0.417762948E-02
-0.112928590E-01-0.183148384E-01-0.252789613E-01-0.321621820E-01-0.389431864E-01
-0.455906764E-01-0.520656705E-01-0.583209582E-01-0.643010363E-01-0.699433386E-01
-0.751795322E-01-0.799370036E-01-0.841406137E-01-0.877146348E-01-0.905846953E-01
-0.926797986E-01-0.939342156E-01-0.942891687E-01-0.936941206E-01-0.921076164E-01
-0.894975588E-01-0.858408809E-01-0.811226070E-01-0.753341913E-01-0.684712827E-01
-0.605307855E-01-0.515071414E-01-0.413876772E-01-0.301462803E-01-0.177336726E-01
-0.405983767E-02 0.103466250E-01 0.254990514E-01 0.414506271E-01 0.582793839E-01
 0.760859400E-01 0.949968621E-01 0.115171500E+00 0.136812434E+00 0.160180956E+00
 0.185620904E+00 0.213598192E+00 0.244775951E+00 0.280180275E+00 0.317878902E+00
 0.114201277E+00 0.110951208E+00 0.106445543E+00 0.101472676E+00 0.963906124E-01
 0.912043750E-01 0.859181583E-01 0.805341452E-01 0.750525594E-01 0.694722459E-01
 0.637913942E-01 0.580081865E-01 0.521213114E-01 0.461303480E-01 0.400360525E-01
 0.338406004E-01 0.275478624E-01 0.211637244E-01 0.146964826E-01 0.815673079E-02
 0.155513221E-02-0.508748833E-02-0.117956763E-01-0.183309410E-01-0.247239862E-01
-0.309456550E-01-0.369717926E-01-0.427700877E-01-0.482967161E-01-0.535021126E-01
-0.583318360E-01-0.627272055E-01-0.666270107E-01-0.699689835E-01-0.726912096E-01
-0.747335702E-01-0.760392770E-01-0.765561908E-01-0.762378052E-01-0.750438571E-01
-0.729404688E-01-0.698998868E-01-0.658997595E-01-0.609219596E-01-0.549509004E-01
-0.479715019E-01-0.399667695E-01-0.309152678E-01-0.207891371E-01-0.955351163E-02
 0.282964879E-02 0.158173032E-01 0.294850059E-01 0.438991562E-01 0.591287017E-01
 0.752504766E-01 0.923523605E-01 0.110535696E+00 0.129917398E+00 0.150631487E+00
 0.172829628E+00 0.196678251E+00 0.222344622E+00 0.249908552E+00 0.277777374E+00
 0.122495584E+00 0.119616292E+00 0.115363196E+00 0.110565171E+00 0.105589844E+00
 0.100469768E+00 0.952333584E-01 0.899002552E-01 0.844824389E-01 0.789865628E-01
 0.734160170E-01 0.677724332E-01 0.620568171E-01 0.562702902E-01 0.504146367E-01
 0.444926843E-01 0.385086313E-01 0.324682929E-01 0.263792686E-01 0.202509761E-01
 0.140945790E-01 0.792332273E-02 0.175056257E-02-0.439995201E-02-0.105536031E-01
-0.164527856E-01-0.221361015E-01-0.275989547E-01-0.327902548E-01-0.376725122E-01
-0.422054604E-01-0.463415273E-01-0.500317588E-01-0.532264113E-01-0.558749884E-01
-0.579270162E-01-0.593338981E-01-0.600501224E-01-0.600338951E-01-0.592473857E-01
-0.576566495E-01-0.552313179E-01-0.519440100E-01-0.477694571E-01-0.426833630E-01
-0.366608575E-01-0.296744108E-01-0.216912515E-01-0.126722921E-01-0.257012085E-02
 0.813491642E-02 0.194579251E-01 0.314302407E-01 0.440898426E-01 0.574778132E-01
 0.716362745E-01 0.866060928E-01 0.102423295E+00 0.119113050E+00 0.136679232E+00
 0.155085877E+00 0.174223214E+00 0.193842337E+00 0.213415578E+00 0.231844112E+00
 0.131010354E+00 0.128539100E+00 0.124541409E+00 0.119792737E+00 0.114786543E+00
 0.109631062E+00 0.104381599E+00 0.990653634E-01 0.936959386E-01 0.882799998E-01
 0.828206241E-01 0.773191676E-01 0.717764199E-01 0.661932826E-01 0.605713017E-01
 0.549130067E-01 0.492221974E-01 0.435041301E-01 0.377657004E-01 0.320155621E-01
 0.262642819E-01 0.205245521E-01 0.148114981E-01 0.914373901E-02 0.354285841E-02
-0.195209018E-02-0.734106684E-02-0.126577849E-01-0.176314786E-01-0.222970285E-01
-0.266464204E-01-0.306244455E-01-0.341950506E-01-0.373238884E-01-0.399721339E-01
-0.420955420E-01-0.436523929E-01-0.446043052E-01-0.449156128E-01-0.445527434E-01
-0.434836671E-01-0.416773818E-01-0.391034000E-01-0.357311778E-01-0.315296613E-01
-0.264667477E-01-0.205072463E-01-0.136029711E-01-0.570109487E-02 0.273767509E-02
 0.117315277E-01 0.212995298E-01 0.314630866E-01 0.422443002E-01 0.536633246E-01
 0.657350272E-01 0.784645379E-01 0.918413252E-01 0.105830871E+00 0.120362997E+00
 0.135315329E+00 0.150490552E+00 0.165588289E+00 0.180180788E+00 0.193723500E+00
 0.140948176E+00 0.139426738E+00 0.134772316E+00 0.129299596E+00 0.123931587E+00
 0.118586764E+00 0.113251358E+00 0.107919484E+00 0.102587014E+00 0.972503871E-01
 0.919064879E-01 0.865527540E-01 0.811873674E-01 0.758094415E-01 0.704191625E-01
 0.650179684E-01 0.596086383E-01 0.541954339E-01 0.487841964E-01 0.433824249E-01
 0.379994176E-01 0.326463915E-01 0.273366328E-01 0.220856722E-01 0.169112626E-01
 0.118332906E-01 0.686952099E-02 0.204078620E-02-0.261291745E-02-0.709253829E-02
-0.114369746E-01-0.153494021E-01-0.188712832E-01-0.220078789E-01-0.247374531E-01
-0.269961152E-01-0.287485942E-01-0.299679860E-01-0.306289159E-01-0.307053477E-01
-0.301697850E-01-0.289926901E-01-0.271417871E-01-0.245814659E-01-0.212733950E-01
-0.171819292E-01-0.122944070E-01-0.651112152E-02-0.266620627E-03 0.646283105E-02
 0.136963194E-01 0.214516390E-01 0.297459476E-01 0.385944843E-01 0.480079241E-01
 0.579885840E-01 0.685256273E-01 0.795892179E-01 0.911236107E-01 0.103039406E+00
 0.115205288E+00 0.127440706E+00 0.139512196E+00 0.151138201E+00 0.162007749E+00
 0.149629757E+00 0.148723781E+00 0.144008473E+00 0.138133600E+00 0.132490098E+00
 0.126998484E+00 0.121607915E+00 0.116287194E+00 0.111016251E+00 0.105781309E+00
 0.100572541E+00 0.953828767E-01 0.902073309E-01 0.850427523E-01 0.798875913E-01
 0.747418627E-01 0.696070716E-01 0.644862428E-01 0.593839027E-01 0.543061458E-01
 0.492606349E-01 0.442566685E-01 0.393052176E-01 0.344189331E-01 0.296121091E-01
 0.249005426E-01 0.203012917E-01 0.158333536E-01 0.115182111E-01 0.737590343E-02
 0.343149994E-02-0.265273091E-03-0.370224495E-02-0.689217262E-02-0.988420751E-02
-0.123452377E-01-0.143210795E-01-0.158225484E-01-0.168438628E-01-0.173705108E-01
-0.173823331E-01-0.168539919E-01-0.157532766E-01-0.140363537E-01-0.116370320E-01
-0.844246335E-02-0.484772911E-02-0.779838418E-03 0.374003779E-02 0.870937668E-02
 0.141359800E-01 0.200338252E-01 0.264201630E-01 0.333125293E-01 0.407251008E-01
 0.486642234E-01 0.571231693E-01 0.660764351E-01 0.754740611E-01 0.852366164E-01
 0.952517763E-01 0.105373517E+00 0.115425184E+00 0.125207588E+00 0.134512380E+00
 0.156425253E+00 0.155863136E+00 0.151398674E+00 0.145612702E+00 0.140004903E+00
 0.134553418E+00 0.129227713E+00 0.124001518E+00 0.118853703E+00 0.113767788E+00
 0.108731151E+00 0.103734300E+00 0.987703279E-01 0.938344970E-01 0.889239535E-01
 0.840375200E-01 0.791755766E-01 0.743399709E-01 0.695339516E-01 0.647621378E-01
 0.600305162E-01 0.553464256E-01 0.507185571E-01 0.461569354E-01 0.416729264E-01
 0.372791849E-01 0.329896845E-01 0.288197938E-01 0.247863568E-01 0.209075511E-01
 0.172036700E-01 0.136973383E-01 0.104078213E-01 0.735384272E-02 0.456292043E-02
 0.209545624E-02-0.216430144E-04-0.177236821E-02-0.314354850E-02-0.412209844E-02
-0.469414098E-02-0.484480103E-02-0.455845380E-02-0.381994830E-02-0.261862017E-02
-0.960039091E-03 0.110134622E-02 0.354736368E-02 0.636864081E-02 0.956636574E-02
 0.131518887E-01 0.171456505E-01 0.215755049E-01 0.264741052E-01 0.318749510E-01
 0.378069691E-01 0.442878045E-01 0.513165183E-01 0.588667467E-01 0.668815002E-01
 0.752707645E-01 0.839126557E-01 0.926586092E-01 0.101342335E+00 0.109791629E+00
 0.162061304E+00 0.161840990E+00 0.157430306E+00 0.151838169E+00 0.146420702E+00
 0.141150579E+00 0.136007175E+00 0.130969882E+00 0.126020268E+00 0.121142901E+00
 0.116325393E+00 0.111558124E+00 0.106833920E+00 0.102147661E+00 0.974960327E-01
 0.928773060E-01 0.882911608E-01 0.837385729E-01 0.792217180E-01 0.747439116E-01
 0.703095645E-01 0.659241453E-01 0.615941696E-01 0.573271774E-01 0.531317368E-01
 0.490174070E-01 0.449947789E-01 0.410754681E-01 0.372721329E-01 0.335984752E-01
 0.300692637E-01 0.267001893E-01 0.235074311E-01 0.205083452E-01 0.177228488E-01
 0.151737351E-01 0.128793353E-01 0.108535551E-01 0.910713430E-02 0.764865009E-02
 0.648502540E-02 0.562159996E-02 0.506176753E-02 0.480609853E-02 0.485085836E-02
 0.518622063E-02 0.579635892E-02 0.667026779E-02 0.780439749E-02 0.920521654E-02
 0.108914264E-01 0.128957126E-01 0.152656334E-01 0.180628542E-01 0.213596765E-01
 0.252319798E-01 0.297485348E-01 0.349580608E-01 0.408766009E-01 0.474780314E-01
 0.546897464E-01 0.623944253E-01 0.704379305E-01 0.786424056E-01 0.868225023E-01
 0.166199043E+00 0.166181207E+00 0.162204623E+00 0.156908855E+00 0.151780158E+00
 0.146797568E+00 0.141936287E+00 0.137175009E+00 0.132496580E+00 0.127887487E+00
 0.123337232E+00 0.118837811E+00 0.114383258E+00 0.109969296E+00 0.105593108E+00
 0.101253144E+00 0.969489366E-01 0.926810130E-01 0.884507820E-01 0.842604935E-01
 0.801131651E-01 0.760125443E-01 0.719630867E-01 0.679699481E-01 0.640389621E-01
 0.601766333E-01 0.563901477E-01 0.526873618E-01 0.490768105E-01 0.455676690E-01
 0.421697125E-01 0.388932452E-01 0.357489921E-01 0.327480473E-01 0.299017970E-01
 0.272213072E-01 0.247159936E-01 0.223929659E-01 0.202568769E-01 0.183099061E-01
 0.165517274E-01 0.149793914E-01 0.135871070E-01 0.123660173E-01 0.113041475E-01
 0.103868963E-01 0.959874410E-02 0.892679952E-02 0.836449489E-02 0.791584793E-02
 0.760052027E-02 0.745971687E-02 0.756247854E-02 0.801088009E-02 0.894104969E-02
 0.105154766E-01 0.129032331E-01 0.162504427E-01 0.206502844E-01 0.261220317E-01
 0.326023921E-01 0.399480015E-01 0.479487777E-01 0.563528724E-01 0.648999959E-01
 0.169231385E+00 0.169389069E+00 0.165732071E+00 0.160833195E+00 0.156123474E+00
 0.151546270E+00 0.147065237E+00 0.142659679E+00 0.138316810E+00 0.134027943E+00
 0.129786819E+00 0.125588790E+00 0.121430524E+00 0.117309630E+00 0.113224648E+00
 0.109174825E+00 0.105160080E+00 0.101180896E+00 0.972382426E-01 0.933335423E-01
 0.894686133E-01 0.856456310E-01 0.818670988E-01 0.781358629E-01 0.744550675E-01
 0.708282068E-01 0.672590956E-01 0.637518913E-01 0.603110939E-01 0.569415279E-01
 0.536482893E-01 0.504366755E-01 0.473120585E-01 0.442797095E-01 0.413445085E-01
 0.385105163E-01 0.357804112E-01 0.331549868E-01 0.306327138E-01 0.282094106E-01
 0.258778725E-01 0.236275494E-01 0.214442220E-01 0.193098001E-01 0.172023531E-01
 0.150965936E-01 0.129650775E-01 0.107803950E-01 0.851848442E-02 0.616357755E-02
 0.371560943E-02 0.120121532E-02-0.131032930E-02-0.368550606E-02-0.570233678E-02
-0.703865662E-02-0.730531150E-02-0.613833219E-02-0.329329609E-02 0.131755078E-02
 0.762755470E-02 0.154204937E-01 0.243371017E-01 0.339165777E-01 0.436943658E-01
 0.170833081E+00 0.170965582E+00 0.167730689E+00 0.163630694E+00 0.159576818E+00
 0.155536994E+00 0.151518673E+00 0.147526622E+00 0.143563285E+00 0.139629692E+00
 0.135726243E+00 0.131853059E+00 0.128010198E+00 0.124197863E+00 0.120416403E+00
 0.116666324E+00 0.112948261E+00 0.109262981E+00 0.105611265E+00 0.101993926E+00
 0.984117389E-01 0.948654041E-01 0.913555697E-01 0.878827795E-01 0.844475329E-01
 0.810502768E-01 0.776914507E-01 0.743715391E-01 0.710910708E-01 0.678506792E-01
 0.646510795E-01 0.614929982E-01 0.583770908E-01 0.553037636E-01 0.522728972E-01
 0.492834896E-01 0.463332236E-01 0.434179381E-01 0.405311212E-01 0.376633331E-01
 0.348016061E-01 0.319288075E-01 0.290229693E-01 0.260566473E-01 0.229963269E-01
 0.198020115E-01 0.164270885E-01 0.128187351E-01 0.891920831E-02 0.466873171E-02
 0.112652988E-04-0.509457756E-02-0.106552429E-01-0.166036896E-01-0.227202866E-01
-0.284611341E-01-0.327764638E-01-0.346211158E-01-0.335510671E-01-0.294882767E-01
-0.225237012E-01-0.129208732E-01-0.126777601E-02 0.113146426E-01 0.236499161E-01
 0.171773911E+00 0.171693161E+00 0.169291884E+00 0.166009024E+00 0.162574455E+00
 0.159056410E+00 0.155498594E+00 0.151925236E+00 0.148350358E+00 0.144782513E+00
 0.141227424E+00 0.137689188E+00 0.134170949E+00 0.130675331E+00 0.127204552E+00
 0.123760514E+00 0.120344795E+00 0.116958603E+00 0.113602743E+00 0.110277563E+00
 0.106982909E+00 0.103718095E+00 0.100481898E+00 0.972725525E-01 0.940877944E-01
 0.909249187E-01 0.877808630E-01 0.846522972E-01 0.815357417E-01 0.784276575E-01
 0.753245279E-01 0.722228885E-01 0.691192970E-01 0.660102069E-01 0.628917441E-01
 0.597593896E-01 0.566075034E-01 0.534287952E-01 0.502136536E-01 0.469493903E-01
 0.436193869E-01 0.402021036E-01 0.366699696E-01 0.329881161E-01 0.291128606E-01
 0.249899626E-01 0.205525197E-01 0.157184489E-01 0.103875808E-01 0.443851063E-02
-0.227419613E-02-0.992129836E-02-0.186971128E-01-0.288148634E-01-0.405116789E-01
-0.541490987E-01-0.656419992E-01-0.711715370E-01-0.717516467E-01-0.679189861E-01
-0.592599586E-01-0.461777598E-01-0.280317422E-01-0.863982551E-02 0.722678890E-02
 0.173668832E+00 0.173787042E+00 0.171548903E+00 0.168543443E+00 0.165472895E+00
 0.162348270E+00 0.159184262E+00 0.155994251E+00 0.152789071E+00 0.149577215E+00
 0.146365643E+00 0.143160209E+00 0.139966011E+00 0.136787578E+00 0.133628830E+00
 0.130493090E+00 0.127382994E+00 0.124300383E+00 0.121246248E+00 0.118220620E+00
 0.115222521E+00 0.112249888E+00 0.109299593E+00 0.106367409E+00 0.103448108E+00
 0.100535527E+00 0.976227298E-01 0.947021917E-01 0.917660519E-01 0.888063312E-01
 0.858151615E-01 0.827849954E-01 0.797087029E-01 0.765795708E-01 0.733911395E-01
 0.701368973E-01 0.668098181E-01 0.634017140E-01 0.599024333E-01 0.562989376E-01
 0.525742024E-01 0.487059653E-01 0.446652547E-01 0.404146388E-01 0.359060355E-01
 0.310778823E-01 0.258513372E-01 0.201249775E-01 0.137672871E-01 0.660583889E-02
-0.158802536E-02-0.111197559E-01-0.223955866E-01-0.359429009E-01-0.524176061E-01
-0.706844553E-01-0.831463560E-01-0.897321999E-01-0.908390284E-01-0.862272158E-01
-0.760515779E-01-0.593759455E-01-0.372921228E-01-0.178004950E-01-0.139023189E-02
 0.175469741E+00 0.175793320E+00 0.173743814E+00 0.171013430E+00 0.168256953E+00
 0.165471300E+00 0.162657931E+00 0.159819961E+00 0.156961858E+00 0.154089049E+00
 0.151207685E+00 0.148324281E+00 0.145445406E+00 0.142577380E+00 0.139726013E+00
 0.136896268E+00 0.134092122E+00 0.131316349E+00 0.128570333E+00 0.125854000E+00
 0.123165667E+00 0.120501935E+00 0.117857672E+00 0.115225993E+00 0.112598300E+00
 0.109964408E+00 0.107312806E+00 0.104630962E+00 0.101905711E+00 0.991238058E-01
 0.962723717E-01 0.933393762E-01 0.903140604E-01 0.871870592E-01 0.839504451E-01
 0.805974230E-01 0.771218091E-01 0.735172778E-01 0.697763711E-01 0.658893809E-01
 0.618430823E-01 0.576193184E-01 0.531934574E-01 0.485326089E-01 0.435934067E-01
 0.383192264E-01 0.326363072E-01 0.264481828E-01 0.196271967E-01 0.120008681E-01
 0.332882348E-02-0.673822034E-02-0.187315922E-01-0.334703811E-01-0.519149080E-01
-0.676065460E-01-0.781568959E-01-0.837266967E-01-0.842061341E-01-0.795541927E-01
-0.686552376E-01-0.507568605E-01-0.318746269E-01-0.155706173E-01-0.133933825E-02
 0.176930293E+00 0.177449584E+00 0.175739512E+00 0.173307031E+00 0.170871526E+00
 0.168423831E+00 0.165954053E+00 0.163456693E+00 0.160930991E+00 0.158380359E+00
 0.155811265E+00 0.153232023E+00 0.150651798E+00 0.148079738E+00 0.145524323E+00
 0.142992869E+00 0.140491262E+00 0.138023630E+00 0.135592163E+00 0.133196980E+00
 0.130835891E+00 0.128504306E+00 0.126195073E+00 0.123898365E+00 0.121601708E+00
 0.119290069E+00 0.116946146E+00 0.114550851E+00 0.112084009E+00 0.109525241E+00
 0.106854960E+00 0.104055390E+00 0.101111405E+00 0.980111659E-01 0.947463214E-01
 0.913117453E-01 0.877048969E-01 0.839247853E-01 0.799706206E-01 0.758404061E-01
 0.715294257E-01 0.670288131E-01 0.623241328E-01 0.573940761E-01 0.522090048E-01
 0.467294604E-01 0.409043357E-01 0.346685909E-01 0.279402770E-01 0.206164848E-01
 0.125674894E-01 0.362689374E-02-0.643310044E-02-0.180361159E-01-0.304447748E-01
-0.402765945E-01-0.471942686E-01-0.509113669E-01-0.513705797E-01-0.480183251E-01
-0.406572558E-01-0.288693979E-01-0.169871859E-01-0.558865257E-02 0.512310397E-02
 0.178162754E+00 0.178914845E+00 0.177440748E+00 0.175350904E+00 0.173291370E+00
 0.171223760E+00 0.169120967E+00 0.166968942E+00 0.164765179E+00 0.162515774E+00
 0.160232067E+00 0.157928079E+00 0.155618533E+00 0.153317541E+00 0.151037768E+00
 0.148789912E+00 0.146582454E+00 0.144421399E+00 0.142310232E+00 0.140249670E+00
 0.138237491E+00 0.136268258E+00 0.134333000E+00 0.132418960E+00 0.130509287E+00
 0.128583074E+00 0.126615450E+00 0.124578230E+00 0.122441009E+00 0.120172665E+00
 0.117743269E+00 0.115126178E+00 0.112299882E+00 0.109249443E+00 0.105967119E+00
 0.102452129E+00 0.987095311E-01 0.947485268E-01 0.905802473E-01 0.862156600E-01
 0.816635415E-01 0.769289657E-01 0.720121413E-01 0.669077858E-01 0.616048649E-01
 0.560868643E-01 0.503325872E-01 0.443179682E-01 0.380196720E-01 0.314223878E-01
 0.245339982E-01 0.174187403E-01 0.102725206E-01 0.357377972E-02-0.211954932E-02
-0.722675398E-02-0.112549337E-01-0.136641255E-01-0.142229330E-01-0.129978247E-01
-0.103546577E-01-0.586283440E-02 0.352057425E-03 0.740761077E-02 0.147439167E-01
 0.178742036E+00 0.179731339E+00 0.178661972E+00 0.177085966E+00 0.175553232E+00
 0.173966900E+00 0.172278553E+00 0.170475706E+00 0.168568209E+00 0.166577399E+00
 0.164529249E+00 0.162450179E+00 0.160364866E+00 0.158294976E+00 0.156258762E+00
 0.154270992E+00 0.152343035E+00 0.150483117E+00 0.148696288E+00 0.146984473E+00
 0.145346120E+00 0.143775925E+00 0.142264038E+00 0.140795484E+00 0.139349297E+00
 0.137897864E+00 0.136406600E+00 0.134834394E+00 0.133134961E+00 0.131259441E+00
 0.129160061E+00 0.126794443E+00 0.124129780E+00 0.121146001E+00 0.117837325E+00
 0.114211820E+00 0.110289089E+00 0.106096610E+00 0.101665556E+00 0.970268995E-01
 0.922083706E-01 0.872326493E-01 0.821165964E-01 0.768714920E-01 0.715039745E-01
 0.660177246E-01 0.604158863E-01 0.547045991E-01 0.488981456E-01 0.430264398E-01
 0.371456780E-01 0.313513950E-01 0.257878657E-01 0.206363518E-01 0.160716288E-01
 0.122445626E-01 0.931933988E-02 0.745886471E-02 0.676996540E-02 0.728151388E-02
 0.896670017E-02 0.117610209E-01 0.155168166E-01 0.199949872E-01 0.249380656E-01
 0.178040728E+00 0.179133639E+00 0.179082036E+00 0.178594097E+00 0.177922323E+00
 0.176963374E+00 0.175705418E+00 0.174195722E+00 0.172495484E+00 0.170664310E+00
 0.168755770E+00 0.166815698E+00 0.164881885E+00 0.162984431E+00 0.161146730E+00
 0.159386575E+00 0.157717332E+00 0.156148702E+00 0.154687345E+00 0.153336912E+00
 0.152097896E+00 0.150967017E+00 0.149936095E+00 0.148990616E+00 0.148107812E+00
 0.147254527E+00 0.146385267E+00 0.145441040E+00 0.144350305E+00 0.143032819E+00
 0.141406924E+00 0.139399096E+00 0.136953771E+00 0.134040698E+00 0.130658627E+00
 0.126834109E+00 0.122615866E+00 0.118065991E+00 0.113250323E+00 0.108230598E+00
 0.103059642E+00 0.977796614E-01 0.924228206E-01 0.870131254E-01 0.815688968E-01
 0.761056095E-01 0.706390142E-01 0.651885420E-01 0.597811081E-01 0.544553176E-01
 0.492654443E-01 0.442840904E-01 0.396015048E-01 0.353201963E-01 0.315466039E-01
 0.283841230E-01 0.259278752E-01 0.242567677E-01 0.234230869E-01 0.234450568E-01
 0.243045073E-01 0.259465557E-01 0.282803494E-01 0.311861709E-01 0.345307589E-01
 0.177189395E+00 0.178487852E+00 0.179622784E+00 0.180651993E+00 0.181438789E+00
 0.180967480E+00 0.179897755E+00 0.178434476E+00 0.176715821E+00 0.174848273E+00
 0.172916338E+00 0.170985490E+00 0.169103876E+00 0.167305440E+00 0.165613562E+00
 0.164044574E+00 0.162610322E+00 0.161319971E+00 0.160180926E+00 0.159199238E+00
 0.158379391E+00 0.157723591E+00 0.157230288E+00 0.156891972E+00 0.156691626E+00
 0.156597927E+00 0.156559110E+00 0.156496167E+00 0.156298622E+00 0.155827567E+00
 0.154930413E+00 0.153465465E+00 0.151327059E+00 0.148463070E+00 0.144882545E+00
 0.140653685E+00 0.135890037E+00 0.130726412E+00 0.125292957E+00 0.119698226E+00
 0.114023954E+00 0.108327851E+00 0.102649353E+00 0.970155001E-01 0.914459825E-01
 0.859571621E-01 0.805654898E-01 0.752902925E-01 0.701562688E-01 0.651954934E-01
 0.604487695E-01 0.559659302E-01 0.518046916E-01 0.480280183E-01 0.447004065E-01
 0.418836027E-01 0.396321155E-01 0.379885659E-01 0.369793214E-01 0.366111137E-01
 0.368692912E-01 0.377178788E-01 0.391016342E-01 0.409503244E-01 0.431848429E-01
 0.177052408E+00 0.178744674E+00 0.180627331E+00 0.182835922E+00 0.185327098E+00
 0.186254561E+00 0.185288861E+00 0.183386520E+00 0.181269512E+00 0.179064050E+00
 0.176881447E+00 0.174800575E+00 0.172866300E+00 0.171100244E+00 0.169512197E+00
 0.168107301E+00 0.166889802E+00 0.165864840E+00 0.165039346E+00 0.164422289E+00
 0.164024547E+00 0.163858443E+00 0.163936570E+00 0.164269745E+00 0.164863065E+00
 0.165709019E+00 0.166775182E+00 0.167983562E+00 0.169180781E+00 0.170113668E+00
 0.170455009E+00 0.169894591E+00 0.168218046E+00 0.165329084E+00 0.161254019E+00
 0.156152919E+00 0.150305986E+00 0.144031152E+00 0.137584597E+00 0.131129846E+00
 0.124758683E+00 0.118519247E+00 0.112435617E+00 0.106519692E+00 0.100778200E+00
 0.952168107E-01 0.898428187E-01 0.846668780E-01 0.797042102E-01 0.749753788E-01
 0.705064610E-01 0.663287193E-01 0.624775104E-01 0.589906126E-01 0.559059866E-01
 0.532591566E-01 0.510805175E-01 0.493926518E-01 0.482080244E-01 0.475272872E-01
 0.473384075E-01 0.476168692E-01 0.483268797E-01 0.494236127E-01 0.508561134E-01
 0.176716089E+00 0.178611293E+00 0.180797055E+00 0.183429495E+00 0.186634496E+00
 0.188781500E+00 0.189401671E+00 0.188443482E+00 0.185913548E+00 0.182950363E+00
 0.180250496E+00 0.177897662E+00 0.175867915E+00 0.174126044E+00 0.172645181E+00
 0.171408087E+00 0.170406148E+00 0.169638291E+00 0.169110298E+00 0.168834537E+00
 0.168830052E+00 0.169122785E+00 0.169746026E+00 0.170740843E+00 0.172155797E+00
 0.174045101E+00 0.176462531E+00 0.179442748E+00 0.182939798E+00 0.186583638E+00
 0.189336896E+00 0.190381855E+00 0.189436659E+00 0.186386123E+00 0.181198895E+00
 0.174053058E+00 0.165785864E+00 0.157467350E+00 0.149477914E+00 0.141886681E+00
 0.134684548E+00 0.127843231E+00 0.121333010E+00 0.115128487E+00 0.109210148E+00
 0.103564501E+00 0.981839225E-01 0.930663943E-01 0.882152393E-01 0.836387649E-01
 0.793497860E-01 0.753649026E-01 0.717034414E-01 0.683862269E-01 0.654340461E-01
 0.628659725E-01 0.606977269E-01 0.589400716E-01 0.575974956E-01 0.566672608E-01
 0.561389588E-01 0.559945926E-01 0.562092550E-01 0.567522720E-01 0.575887114E-01
 0.175874114E+00 0.177751109E+00 0.179805055E+00 0.182043761E+00 0.184453070E+00
 0.186958849E+00 0.188972145E+00 0.189449713E+00 0.188232288E+00 0.185180455E+00
 0.182103574E+00 0.179675430E+00 0.177712783E+00 0.176114306E+00 0.174821511E+00
 0.173801169E+00 0.173036575E+00 0.172523245E+00 0.172267154E+00 0.172284290E+00
 0.172601208E+00 0.173255920E+00 0.174301133E+00 0.175808296E+00 0.177873388E+00
 0.180626735E+00 0.184250042E+00 0.189008012E+00 0.195318639E+00 0.203816086E+00
 0.210260257E+00 0.213285655E+00 0.213308513E+00 0.210065007E+00 0.203416303E+00
 0.192858294E+00 0.179951340E+00 0.169060707E+00 0.159494862E+00 0.150878966E+00
 0.142987713E+00 0.135676861E+00 0.128850862E+00 0.122444794E+00 0.116413668E+00
 0.110726170E+00 0.105360955E+00 0.100304447E+00 0.955493674E-01 0.910936743E-01
 0.869396254E-01 0.830928609E-01 0.795613974E-01 0.763545930E-01 0.734820217E-01
 0.709523410E-01 0.687721744E-01 0.669451132E-01 0.654708967E-01 0.643448159E-01
 0.635574386E-01 0.630946159E-01 0.629378110E-01 0.630647540E-01 0.634501800E-01
 0.174620494E+00 0.176499963E+00 0.178370982E+00 0.180166289E+00 0.181850985E+00
 0.183403313E+00 0.184787750E+00 0.185935989E+00 0.186045766E+00 0.184002951E+00
 0.181635007E+00 0.179727957E+00 0.178183168E+00 0.176942453E+00 0.175968975E+00
 0.175240755E+00 0.174746826E+00 0.174485564E+00 0.174464673E+00 0.174702078E+00
 0.175227806E+00 0.176084295E+00 0.177331805E+00 0.179054037E+00 0.181364223E+00
 0.184418231E+00 0.188437358E+00 0.193748027E+00 0.200845361E+00 0.210304707E+00
 0.217704728E+00 0.221416429E+00 0.221812204E+00 0.218733594E+00 0.211919099E+00
 0.200784713E+00 0.187233508E+00 0.175801203E+00 0.165867180E+00 0.156996533E+00
 0.148924485E+00 0.141489774E+00 0.134590194E+00 0.128156632E+00 0.122139409E+00
 0.116501555E+00 0.111215450E+00 0.106260911E+00 0.101623878E+00 0.972953439E-01
 0.932703763E-01 0.895472541E-01 0.861265212E-01 0.830101222E-01 0.802005306E-01
 0.776999220E-01 0.755093694E-01 0.736281723E-01 0.720532835E-01 0.707789436E-01
 0.697964281E-01 0.690940320E-01 0.686572418E-01 0.684690326E-01 0.685103461E-01
 0.712331951E+00 0.726624906E+00 0.737098992E+00 0.749517739E+00 0.762484133E+00
 0.776073813E+00 0.790204883E+00 0.804920256E+00 0.820144832E+00 0.836036325E+00
 0.852571249E+00 0.869121373E+00 0.886845767E+00 0.905040383E+00 0.924180210E+00
 0.943935454E+00 0.964376390E+00 0.985625386E+00 0.100781214E+01 0.103101468E+01
 0.105500472E+01 0.108000827E+01 0.110607493E+01 0.113325548E+01 0.116159034E+01
 0.119116855E+01 0.122211421E+01 0.125438106E+01 0.128803039E+01 0.132326114E+01
 0.136017203E+01 0.139891315E+01 0.143947721E+01 0.148186183E+01 0.152625227E+01
 0.157315862E+01 0.162247074E+01 0.167423940E+01 0.172843623E+01 0.178567731E+01
 0.184619808E+01 0.191003847E+01 0.197720587E+01 0.204786634E+01 0.212313294E+01
 0.220273280E+01 0.228655124E+01 0.237557340E+01 0.247010970E+01 0.257029343E+01
 0.267652845E+01 0.279012227E+01 0.291012740E+01 0.303847361E+01 0.317573953E+01
 0.332146168E+01 0.347913861E+01 0.364832926E+01 0.383334470E+01 0.403340197E+01
 0.425892019E+01 0.451294422E+01 0.481379175E+01 0.523600960E+01 0.684069586E+01
   86  117
 0.110815811E+01-0.200000003E+00 0.109345031E+01-0.150000006E+00 0.107983124E+01
-0.500000007E-01 0.108864379E+01 0.500000007E-01 0.110562503E+01 0.108762659E+00
 0.113218749E+01 0.171979800E+00 0.115875006E+01 0.223606959E+00 0.118531251E+01
 0.269341171E+00 0.121187496E+01 0.311320901E+00 0.123843753E+01 0.350387216E+00
 0.127565885E+01 0.400000006E+00 0.131621552E+01 0.449999988E+00 0.134468746E+01
 0.481815189E+00 0.137125003E+01 0.510190010E+00 0.141201580E+01 0.550000012E+00
 0.145093751E+01 0.584658325E+00 0.147749996E+01 0.606665373E+00 0.153062499E+01
 0.645493865E+00 0.155718756E+01 0.663550079E+00 0.161031246E+01 0.694797933E+00
 0.163687503E+01 0.709289908E+00 0.169000006E+01 0.733610690E+00 0.173238504E+01
 0.750000000E+00 0.176968753E+01 0.762709916E+00 0.182281256E+01 0.775437772E+00
 0.187593746E+01 0.782819271E+00 0.192906249E+01 0.784055352E+00 0.198218751E+01
 0.776241660E+00 0.203338361E+01 0.750000000E+00 0.206187510E+01 0.724305928E+00
 0.208843756E+01 0.684747815E+00 0.211500001E+01 0.628674090E+00 0.214156246E+01
 0.556294024E+00 0.215916085E+01 0.500000000E+00 0.217526913E+01 0.449999988E+00
 0.219468760E+01 0.388941407E+00 0.222125006E+01 0.305698037E+00 0.223777676E+01
 0.250000000E+00 0.225198007E+01 0.200000003E+00 0.227327609E+01 0.100000001E+00
 0.228005409E+01 0.500000007E-01 0.228139496E+01-0.500000007E-01 0.227437496E+01
-0.109644830E+00 0.225536060E+01-0.200000003E+00 0.224103427E+01-0.250000000E+00
 0.222125006E+01-0.312157184E+00 0.219468760E+01-0.385748833E+00 0.216966438E+01
-0.449999988E+00 0.214796233E+01-0.500000000E+00 0.212419438E+01-0.550000012E+00
 0.209799743E+01-0.600000024E+00 0.206902051E+01-0.649999976E+00 0.203699780E+01
-0.699999988E+00 0.200874996E+01-0.739733517E+00 0.198218751E+01-0.775698304E+00
 0.195562506E+01-0.809730232E+00 0.192165005E+01-0.850000024E+00 0.188006020E+01
-0.899999976E+00 0.184937501E+01-0.935587764E+00 0.182281256E+01-0.965978086E+00
 0.179041445E+01-0.100000000E+01 0.174699938E+01-0.104999995E+01 0.171656251E+01
-0.108510959E+01 0.169000006E+01-0.111618817E+01 0.164451385E+01-0.116335106E+01
 0.162559009E+01-0.118437338E+01 0.160568154E+01-0.114999998E+01 0.157452798E+01
-0.110000002E+01 0.154441226E+01-0.104999995E+01 0.151480150E+01-0.100000000E+01
 0.148550069E+01-0.949999988E+00 0.145641398E+01-0.899999976E+00 0.142749202E+01
-0.850000024E+00 0.139867747E+01-0.800000012E+00 0.137125003E+01-0.753092587E+00
 0.134468746E+01-0.705346882E+00 0.131812501E+01-0.656212211E+00 0.129156256E+01
-0.605731606E+00 0.126499999E+01-0.553692281E+00 0.123882043E+01-0.500000000E+00
 0.121459448E+01-0.449999988E+00 0.119091773E+01-0.400000006E+00 0.116796517E+01
-0.349999994E+00 0.114602053E+01-0.300000012E+00 0.112568259E+01-0.250000000E+00
 0.110815811E+01-0.200000003E+00
 0.101600003E+01 0.000000000E+00 0.101600003E+01 0.963999987E+00 0.101600003E+01
 0.967999995E+00 0.101600003E+01 0.100100005E+01 0.101600003E+01 0.101900005E+01
 0.101600003E+01 0.107700002E+01 0.101600003E+01 0.107000005E+01 0.101600003E+01
 0.109599996E+01 0.101600003E+01 0.111300004E+01 0.101600003E+01 0.113800001E+01
 0.101600003E+01 0.114699996E+01 0.101199996E+01 0.116499996E+01 0.100100005E+01
 0.121700001E+01 0.102900004E+01 0.121700001E+01 0.104200006E+01 0.116240001E+01
 0.104600000E+01 0.116237998E+01 0.105599999E+01 0.116260004E+01 0.109700000E+01
 0.116450000E+01 0.110800004E+01 0.116594005E+01 0.111600006E+01 0.116591001E+01
 0.113399994E+01 0.116895998E+01 0.114800000E+01 0.117174995E+01 0.116199994E+01
 0.117556000E+01 0.118099999E+01 0.118299997E+01 0.118200004E+01 0.118350005E+01
 0.118499994E+01 0.118499994E+01 0.119000006E+01 0.118799996E+01 0.119500005E+01
 0.119099998E+01 0.120099998E+01 0.119599998E+01 0.120899999E+01 0.120200002E+01
 0.121500003E+01 0.120799994E+01 0.122200000E+01 0.121399999E+01 0.122800004E+01
 0.122099996E+01 0.123399997E+01 0.123099995E+01 0.123899996E+01 0.123800004E+01
 0.124199998E+01 0.124399996E+01 0.124800003E+01 0.125399995E+01 0.125800002E+01
 0.127800000E+01 0.126300001E+01 0.128999996E+01 0.127999997E+01 0.133099997E+01
 0.127999997E+01 0.134700000E+01 0.127999997E+01 0.134800005E+01 0.130999994E+01
 0.134800005E+01 0.132799995E+01 0.134800005E+01 0.136099994E+01 0.134800005E+01
 0.138000000E+01 0.134800005E+01 0.141900003E+01 0.134800005E+01 0.141900003E+01
 0.130999994E+01 0.137199998E+01 0.130999994E+01 0.137167001E+01 0.129237998E+01
 0.137003005E+01 0.128268003E+01 0.136688006E+01 0.125644004E+01 0.136719000E+01
 0.122955000E+01 0.137178004E+01 0.119576001E+01 0.137223995E+01 0.119402003E+01
 0.138662004E+01 0.116487002E+01 0.138707995E+01 0.116420996E+01 0.140382004E+01
 0.115696001E+01 0.141127002E+01 0.115730000E+01 0.141857004E+01 0.116131997E+01
 0.142100000E+01 0.116400003E+01 0.148662996E+01 0.124049997E+01 0.149730003E+01
 0.123458004E+01 0.149761999E+01 0.123427999E+01 0.149744999E+01 0.123174000E+01
 0.149275005E+01 0.121329999E+01 0.149259996E+01 0.121061003E+01 0.149260998E+01
 0.120485997E+01 0.149278998E+01 0.120213997E+01 0.149339998E+01 0.119641995E+01
 0.149469995E+01 0.118510997E+01 0.149621999E+01 0.116069996E+01 0.147981000E+01
 0.112425995E+01 0.148081994E+01 0.112256002E+01 0.148149002E+01 0.112137997E+01
 0.148645997E+01 0.111691999E+01 0.149094999E+01 0.111439002E+01 0.150304997E+01
 0.111243999E+01 0.159696996E+01 0.109489000E+01 0.162549996E+01 0.108529997E+01
 0.163751996E+01 0.107988000E+01 0.164699996E+01 0.107700002E+01 0.178499997E+01
 0.107700002E+01 0.206999993E+01 0.103999996E+01 0.212800002E+01 0.992999971E+00
 0.224499989E+01 0.708999991E+00 0.233956003E+01 0.461430013E+00 0.234707999E+01
 0.415829986E+00 0.234912992E+01 0.272179991E+00 0.235103011E+01 0.170179993E+00
 0.235157990E+01 0.701199993E-01 0.235124993E+01-0.317899995E-01 0.235050988E+01
-0.144350007E+00 0.234964991E+01-0.214829996E+00 0.234870005E+01-0.326689988E+00
 0.234759998E+01-0.386770010E+00 0.234019995E+01-0.453040004E+00 0.232942009E+01
-0.477569997E+00 0.213400006E+01-0.972999990E+00 0.178600001E+01-0.117400002E+01
 0.176800001E+01-0.121099997E+01 0.176800001E+01-0.125000000E+01 0.168200004E+01
-0.125000000E+01 0.137199998E+01-0.125000000E+01 0.137199998E+01-0.132900000E+01
 0.141999996E+01-0.132900000E+01 0.141999996E+01-0.136300004E+01 0.127300000E+01
-0.136300004E+01 0.115300000E+01-0.136300004E+01 0.101600003E+01-0.122300005E+01
 0.101600003E+01-0.122300005E+01 0.101600003E+01-0.829999983E+00 0.101600003E+01
-0.800000012E+00 0.101600003E+01-0.414999992E+00 0.101600003E+01-0.400000006E+00
 0.101600003E+01-0.100000005E-02 0.101600003E+01 0.000000000E+00
    0 0.170000005E+01    1
 0.000000000E+00 0.000000000E+00 0.000000000E+00 0.000000000E+00 0.000000000E+00
 0.000000000E+00 0.000000000E+00 0.000000000E+00 0.000000000E+00 0.000000000E+00
 0.000000000E+00 0.000000000E+00 0.000000000E+00 0.000000000E+00 0.000000000E+00
 0.000000000E+00 0.000000000E+00 0.000000000E+00 0.000000000E+00 0.000000000E+00
 0.000000000E+00 0.000000000E+00 0.000000000E+00 0.000000000E+00 0.000000000E+00
 0.000000000E+00 0.000000000E+00 0.000000000E+00 0.000000000E+00 0.000000000E+00
 0.000000000E+00 0.000000000E+00 0.000000000E+00 0.000000000E+00 0.000000000E+00
 0.000000000E+00 0.000000000E+00 0.000000000E+00 0.000000000E+00 0.000000000E+00
 0.000000000E+00 0.000000000E+00 0.000000000E+00 0.000000000E+00 0.000000000E+00
 0.000000000E+00 0.000000000E+00 0.000000000E+00 0.000000000E+00 0.000000000E+00
 0.000000000E+00 0.000000000E+00 0.000000000E+00 0.000000000E+00 0.000000000E+00
 0.000000000E+00 0.000000000E+00 0.000000000E+00 0.000000000E+00 0.000000000E+00
 0.000000000E+00 0.000000000E+00 0.000000000E+00 0.000000000E+00 0.000000000E+00
 0.000000000E+00 0.765285939E-01 0.109009653E+00 0.134180501E+00 0.155709326E+00
 0.174942479E+00 0.192565396E+00 0.208987623E+00 0.224510074E+00 0.237981439E+00
 0.252322614E+00 0.266049325E+00 0.279371798E+00 0.292423427E+00 0.305134833E+00
 0.317605853E+00 0.329852164E+00 0.341862470E+00 0.353789389E+00 0.365565956E+00
 0.377241552E+00 0.388821870E+00 0.400295168E+00 0.411753953E+00 0.423196703E+00
 0.434561521E+00 0.445955485E+00 0.457348943E+00 0.468736500E+00 0.480156034E+00
 0.491616338E+00 0.503144920E+00 0.514731944E+00 0.526369035E+00 0.538076341E+00
 0.549914241E+00 0.561854303E+00 0.573912501E+00 0.586060643E+00 0.598367572E+00
 0.610835552E+00 0.623475730E+00 0.636277020E+00 0.649229527E+00 0.662434638E+00
 0.675857663E+00 0.689482152E+00 0.703353763E+00 0.717498124E+00 0.731918395E+00
 0.746617913E+00 0.761664927E+00 0.776988626E+00 0.792706430E+00 0.808794677E+00
 0.825255990E+00 0.842150569E+00 0.859514713E+00 0.877361357E+00 0.895704269E+00
 0.914690733E+00 0.934314609E+00 0.954737663E+00 0.976272881E+00 0.100000000E+01
    1
 0.000000000E+00 0.000000000E+00 0.000000000E+00 0.000000000E+00 0.000000000E+00
 0.000000000E+00 0.000000000E+00 0.000000000E+00 0.000000000E+00 0.000000000E+00
 0.000000000E+00 0.000000000E+00 0.000000000E+00 0.000000000E+00 0.000000000E+00
 0.000000000E+00 0.000000000E+00 0.000000000E+00 0.000000000E+00 0.000000000E+00
 0.000000000E+00 0.000000000E+00 0.000000000E+00 0.000000000E+00 0.000000000E+00
 0.000000000E+00 0.000000000E+00 0.000000000E+00 0.000000000E+00 0.000000000E+00
 0.000000000E+00 0.000000000E+00 0.000000000E+00 0.000000000E+00 0.000000000E+00
 0.000000000E+00 0.000000000E+00 0.000000000E+00 0.000000000E+00 0.000000000E+00
 0.000000000E+00 0.000000000E+00 0.000000000E+00 0.000000000E+00 0.000000000E+00
 0.000000000E+00 0.000000000E+00 0.000000000E+00 0.000000000E+00 0.000000000E+00
 0.000000000E+00 0.000000000E+00 0.000000000E+00 0.000000000E+00 0.000000000E+00
 0.000000000E+00 0.000000000E+00 0.000000000E+00 0.000000000E+00 0.000000000E+00
 0.000000000E+00 0.000000000E+00 0.000000000E+00 0.000000000E+00 0.000000000E+00
&BASIS
 EE2BDRY= 32*0.00000000      ,
 EEBDRY= 32*0.00000000      ,
 EEKNT= 32*0.00000000      ,
 EETENS=  5.00000000    ,
 FF2BDRY= 64*0.00000000      ,
 FFBDRY=  3.00555968    , -9.31521511    ,  6.41589546    , 61*0.00000000      ,
 FFKNT= 64*0.00000000      ,
 FFTENS=  0.00000000    ,
 KEE2BDRY= 32*0          ,
 KEEBDRY= 32*0          ,
 KEEFNC=          0,
 KEEKNT=          0,
 KFF2BDRY= 64*0          ,
 KFFBDRY= 64*0          ,
 KFFFNC=          0,
 KFFKNT=          0,
 KPP2BDRY= 64*0          ,
 KPPBDRY= 64*0          ,
 KPPFNC=          0,
 KPPKNT=          0,
 KWW2BDRY= 64*0          ,
 KWWBDRY= 64*0          ,
 KWWFNC=          0,
 KWWKNT=          0,
 PP2BDRY= 64*0.00000000      ,
 PPBDRY=  575442.062    , -430454.906    , 62*0.00000000      ,
 PPKNT= 64*0.00000000      ,
 PPTENS=  0.00000000    ,
 WW2BDRY= 64*0.00000000      ,
 WWBDRY= -957.230408    , -22431.9883    , 62*0.00000000      ,
 WWKNT= 64*0.00000000      ,
 WWTENS=  0.00000000    ,
 /
