  EFITD    01/21/2000    #180523  4750ms           7  65  65
 0.170000005E+01 0.320000005E+01 0.169550002E+01 0.839999974E+00 0.000000000E+00
 0.182143831E+01-0.383158661E-01-0.245981112E+00 0.591068063E-02-0.197064543E+01
 0.888020875E+06-0.245981112E+00 0.000000000E+00 0.182143831E+01 0.000000000E+00
-0.383158661E-01 0.000000000E+00 0.591068063E-02 0.000000000E+00 0.000000000E+00
-0.334652805E+01-0.334436417E+01-0.334233022E+01-0.334042382E+01-0.333864141E+01
-0.333698058E+01-0.333543801E+01-0.333401084E+01-0.333269596E+01-0.333149052E+01
-0.333039117E+01-0.332939482E+01-0.332849860E+01-0.332769942E+01-0.332699394E+01
-0.332637930E+01-0.332585216E+01-0.332540941E+01-0.332504821E+01-0.332476473E+01
-0.332455659E+01-0.332441998E+01-0.332435203E+01-0.332434964E+01-0.332440925E+01
-0.332452822E+01-0.332470274E+01-0.332493019E+01-0.332520700E+01-0.332553005E+01
-0.332589626E+01-0.332630229E+01-0.332674503E+01-0.332722116E+01-0.332772779E+01
-0.332826138E+01-0.332881880E+01-0.332939720E+01-0.332999301E+01-0.333060288E+01
-0.333122420E+01-0.333185339E+01-0.333248734E+01-0.333312297E+01-0.333375692E+01
-0.333438611E+01-0.333500743E+01-0.333561778E+01-0.333621359E+01-0.333679223E+01
-0.333735013E+01-0.333788419E+01-0.333839154E+01-0.333886862E+01-0.333931255E+01
-0.333972025E+01-0.334008813E+01-0.334041333E+01-0.334069276E+01-0.334092331E+01
-0.334110141E+01-0.334122443E+01-0.334128881E+01-0.334129143E+01-0.334122944E+01
 0.112301633E+06 0.109461172E+06 0.106655188E+06 0.103883672E+06 0.101146617E+06
 0.984440312E+05 0.957759219E+05 0.931422734E+05 0.905430938E+05 0.879783828E+05
 0.854481406E+05 0.829523594E+05 0.804910547E+05 0.780642188E+05 0.756718438E+05
 0.733139453E+05 0.709905078E+05 0.687015391E+05 0.664470391E+05 0.642270117E+05
 0.620414492E+05 0.598903516E+05 0.577737266E+05 0.556915664E+05 0.536438750E+05
 0.516306523E+05 0.496518984E+05 0.477076094E+05 0.457977930E+05 0.439224414E+05
 0.420815586E+05 0.402751406E+05 0.385031953E+05 0.367657148E+05 0.350627070E+05
 0.333941641E+05 0.317600879E+05 0.301604805E+05 0.285953418E+05 0.270646719E+05
 0.255684688E+05 0.241067324E+05 0.226794668E+05 0.212866680E+05 0.199283359E+05
 0.186044727E+05 0.173150781E+05 0.160601523E+05 0.148396934E+05 0.136537021E+05
 0.125021797E+05 0.113851240E+05 0.103025381E+05 0.925441895E+04 0.824076758E+04
 0.726158496E+04 0.631687012E+04 0.540662354E+04 0.453084473E+04 0.368953394E+04
 0.288269116E+04 0.211031641E+04 0.137240955E+04 0.668970764E+03 0.000000000E+00
-0.189600253E+01-0.178289187E+01-0.167247164E+01-0.156474185E+01-0.145970261E+01
-0.135735393E+01-0.125769556E+01-0.116072786E+01-0.106645048E+01-0.974863708E+00
-0.885967374E+00-0.799761534E+00-0.716246188E+00-0.635421276E+00-0.557286918E+00
-0.481843024E+00-0.409089625E+00-0.339026719E+00-0.271654278E+00-0.206972331E+00
-0.144980878E+00-0.856799185E-01-0.290694386E-01 0.248505529E-01 0.760800540E-01
 0.124619074E+00 0.170467600E+00 0.213625640E+00 0.254093200E+00 0.291870266E+00
 0.326956838E+00 0.359352946E+00 0.389058530E+00 0.416073650E+00 0.440398276E+00
 0.462032437E+00 0.480976075E+00 0.497229248E+00 0.510791898E+00 0.521664143E+00
 0.529845834E+00 0.535337031E+00 0.538137794E+00 0.538248003E+00 0.535667777E+00
 0.530397058E+00 0.522435784E+00 0.511784077E+00 0.498441905E+00 0.482409239E+00
 0.463686049E+00 0.442272395E+00 0.418168247E+00 0.391373634E+00 0.361888498E+00
 0.329712898E+00 0.294846803E+00 0.257290214E+00 0.217043146E+00 0.174105585E+00
 0.128477544E+00 0.801590085E-01 0.291499887E-01-0.245495178E-01-0.809395164E-01
-0.726074125E+06-0.717316562E+06-0.708559062E+06-0.699801500E+06-0.691043938E+06
-0.682286438E+06-0.673528875E+06-0.664771312E+06-0.656013812E+06-0.647256250E+06
-0.638498688E+06-0.629741188E+06-0.620983625E+06-0.612226125E+06-0.603468562E+06
-0.594711000E+06-0.585953500E+06-0.577195938E+06-0.568438375E+06-0.559680875E+06
-0.550923312E+06-0.542165750E+06-0.533408250E+06-0.524650688E+06-0.515893156E+06
-0.507135625E+06-0.498378062E+06-0.489620531E+06-0.480863000E+06-0.472105469E+06
-0.463347906E+06-0.454590375E+06-0.445832844E+06-0.437075312E+06-0.428317750E+06
-0.419560219E+06-0.410802688E+06-0.402045125E+06-0.393287594E+06-0.384530062E+06
-0.375772531E+06-0.367014969E+06-0.358257438E+06-0.349499906E+06-0.340742344E+06
-0.331984812E+06-0.323227281E+06-0.314469750E+06-0.305712188E+06-0.296954656E+06
-0.288197125E+06-0.279439562E+06-0.270682031E+06-0.261924500E+06-0.253166953E+06
-0.244409422E+06-0.235651875E+06-0.226894344E+06-0.218136797E+06-0.209379250E+06
-0.200621719E+06-0.191864172E+06-0.183106641E+06-0.174349094E+06-0.165591562E+06
 0.927851722E-01 0.852605700E-01 0.768934116E-01 0.676399395E-01 0.575781241E-01
 0.469048060E-01 0.359035879E-01 0.248944908E-01 0.165028293E-01 0.134135550E-01
 0.984192919E-02 0.332682696E-02-0.448917830E-02-0.106923413E-01-0.157130063E-01
-0.197001845E-01-0.226533003E-01-0.244853832E-01-0.249830894E-01-0.237101745E-01
-0.198280234E-01-0.161123350E-01-0.147024132E-01-0.149618350E-01-0.166063029E-01
-0.195603948E-01-0.239046291E-01-0.298855938E-01-0.379795991E-01-0.488643125E-01
-0.572721250E-01-0.614614673E-01-0.619717278E-01-0.585050732E-01-0.509030968E-01
-0.386092737E-01-0.236427356E-01-0.113757383E-01-0.976394105E-03 0.809802115E-02
 0.162128676E-01 0.236241575E-01 0.305143129E-01 0.370126478E-01 0.432093926E-01
 0.491662659E-01 0.549242385E-01 0.605090782E-01 0.659352317E-01 0.712085441E-01
 0.763282478E-01 0.812885836E-01 0.860801116E-01 0.906910077E-01 0.951082259E-01
 0.993186757E-01 0.103310280E+00 0.107072942E+00 0.110599294E+00 0.113885246E+00
 0.116930209E+00 0.119737089E+00 0.122312017E+00 0.124663882E+00 0.126803741E+00
 0.924736410E-01 0.838058367E-01 0.739641711E-01 0.628047511E-01 0.503341705E-01
 0.367933922E-01 0.241433531E-01 0.152002489E-01 0.105500929E-01 0.103433020E-01
 0.916004088E-02 0.548981270E-02 0.634613505E-03-0.404279120E-02-0.821317174E-02
-0.117516620E-01-0.145587558E-01-0.165234674E-01-0.175116025E-01-0.173781663E-01
-0.161250420E-01-0.148716411E-01-0.146564431E-01-0.155589152E-01-0.175722856E-01
-0.207405277E-01-0.251969397E-01-0.312067624E-01-0.392472968E-01-0.499558784E-01
-0.582965985E-01-0.624820217E-01-0.629676729E-01-0.596071444E-01-0.521345660E-01
-0.399053916E-01-0.250813141E-01-0.127520766E-01-0.215093791E-02 0.723328674E-02
 0.157327093E-01 0.235753153E-01 0.309229773E-01 0.378922746E-01 0.445669778E-01
 0.510062017E-01 0.572500527E-01 0.633237064E-01 0.692403689E-01 0.750034973E-01
 0.806086361E-01 0.860449299E-01 0.912966654E-01 0.963447914E-01 0.101168588E+00
 0.105747409E+00 0.110062361E+00 0.114097901E+00 0.117843077E+00 0.121292382E+00
 0.124446042E+00 0.127309859E+00 0.129894570E+00 0.132214874E+00 0.134288296E+00
 0.947492570E-01 0.855543986E-01 0.747693777E-01 0.618778355E-01 0.466994904E-01
 0.340377353E-01 0.250434242E-01 0.199384578E-01 0.188946780E-01 0.183894206E-01
 0.168386549E-01 0.142389555E-01 0.109622553E-01 0.742579345E-02 0.395029411E-02
 0.746386417E-03-0.205129897E-02-0.436033774E-02-0.614958210E-02-0.746363774E-02
-0.846513454E-02-0.943647977E-02-0.106757442E-01-0.123955272E-01-0.147253312E-01
-0.177527368E-01-0.215513092E-01-0.261850785E-01-0.316675790E-01-0.376428440E-01
-0.423984937E-01-0.447853990E-01-0.445658639E-01-0.416272953E-01-0.358899347E-01
-0.274395514E-01-0.175096449E-01-0.783561356E-02 0.126329181E-02 0.981323421E-02
 0.178933851E-01 0.255875140E-01 0.329705812E-01 0.401048884E-01 0.470395163E-01
 0.538108759E-01 0.604436323E-01 0.669516549E-01 0.733388141E-01 0.795997828E-01
 0.857207701E-01 0.916804448E-01 0.974511802E-01 0.103000745E+00 0.108294472E+00
 0.113297962E+00 0.117979892E+00 0.122314781E+00 0.126285270E+00 0.129883483E+00
 0.133111492E+00 0.135980621E+00 0.138509989E+00 0.140724391E+00 0.142652139E+00
 0.100420795E+00 0.916954353E-01 0.813672245E-01 0.690603405E-01 0.552379005E-01
 0.453982353E-01 0.402508527E-01 0.371158868E-01 0.342441536E-01 0.313924439E-01
 0.283808708E-01 0.251422990E-01 0.217214059E-01 0.182281937E-01 0.147877606E-01
 0.115090646E-01 0.847150292E-02 0.571973901E-02 0.325971027E-02 0.105441711E-02
-0.976060284E-03-0.294316513E-02-0.496642664E-02-0.714893080E-02-0.956240948E-02
-0.122404825E-01-0.151704205E-01-0.182727929E-01-0.213614181E-01-0.240988731E-01
-0.260265358E-01-0.267137531E-01-0.258764960E-01-0.233910382E-01-0.192905255E-01
-0.137892412E-01-0.727952318E-02-0.203454605E-03 0.710850814E-02 0.144703211E-01
 0.217947792E-01 0.290493406E-01 0.362288989E-01 0.433405191E-01 0.503949039E-01
 0.574014820E-01 0.643655062E-01 0.712860674E-01 0.781547576E-01 0.849545076E-01
 0.916588381E-01 0.982314795E-01 0.104626812E+00 0.110791385E+00 0.116666928E+00
 0.122194730E+00 0.127320975E+00 0.132002175E+00 0.136209607E+00 0.139932081E+00
 0.143176347E+00 0.145965382E+00 0.148334712E+00 0.150327817E+00 0.151991531E+00
 0.109758541E+00 0.102436259E+00 0.936148018E-01 0.834756345E-01 0.731535107E-01
 0.657375231E-01 0.595498942E-01 0.541837737E-01 0.493640155E-01 0.448916554E-01
 0.406286195E-01 0.364943594E-01 0.324595533E-01 0.285327882E-01 0.247436836E-01
 0.211274959E-01 0.177137144E-01 0.145186875E-01 0.115414914E-01 0.876272749E-02
 0.614672061E-02 0.364751881E-02 0.121800054E-02-0.117985310E-02-0.356537988E-02
-0.593077065E-02-0.823291298E-02-0.103852376E-01-0.122521892E-01-0.136534208E-01
-0.143853603E-01-0.142576322E-01-0.131292436E-01-0.109320581E-01-0.768056372E-02
-0.346909137E-02 0.154714414E-02 0.718718115E-02 0.132819368E-01 0.196971670E-01
 0.263380893E-01 0.331432484E-01 0.400753170E-01 0.471127108E-01 0.542429201E-01
 0.614575148E-01 0.687482357E-01 0.761038214E-01 0.835070089E-01 0.909317136E-01
 0.983400121E-01 0.105679400E+00 0.112880863E+00 0.119858995E+00 0.126515597E+00
 0.132747665E+00 0.138458654E+00 0.143570557E+00 0.148033783E+00 0.151832819E+00
 0.154986843E+00 0.157545090E+00 0.159577638E+00 0.161164194E+00 0.162384167E+00
 0.123259172E+00 0.118353784E+00 0.109628446E+00 0.100022659E+00 0.910474733E-01
 0.828876048E-01 0.755626783E-01 0.689559430E-01 0.629280135E-01 0.573548265E-01
 0.521379635E-01 0.472069532E-01 0.425175726E-01 0.380471908E-01 0.337883048E-01
 0.297417305E-01 0.259105805E-01 0.222957395E-01 0.188931432E-01 0.156929698E-01
 0.126807550E-01 0.984028541E-02 0.715787522E-02 0.462737260E-02 0.225522951E-02
 0.650675938E-04-0.189880270E-02-0.356970937E-02-0.486005703E-02-0.566728646E-02
-0.588481175E-02-0.541630061E-02-0.418972084E-02-0.216768216E-02 0.647935318E-03
 0.421788450E-02 0.847371295E-02 0.133303357E-01 0.186994988E-01 0.245004669E-01
 0.306660477E-01 0.371442586E-01 0.438970998E-01 0.508979373E-01 0.581284240E-01
 0.655754209E-01 0.732279941E-01 0.810743123E-01 0.890981629E-01 0.972746387E-01
 0.105564542E+00 0.113906994E+00 0.122210763E+00 0.130346581E+00 0.138146654E+00
 0.145419419E+00 0.151979044E+00 0.157676876E+00 0.162422687E+00 0.166195318E+00
 0.169045269E+00 0.171085209E+00 0.172464848E+00 0.173338667E+00 0.173842296E+00
 0.135362491E+00 0.132072702E+00 0.123668529E+00 0.113815583E+00 0.104674451E+00
 0.962099880E-01 0.883812755E-01 0.811352208E-01 0.744070709E-01 0.681299418E-01
 0.622429028E-01 0.566954575E-01 0.514491275E-01 0.464767776E-01 0.417606495E-01
 0.372896828E-01 0.330568887E-01 0.290571190E-01 0.252856761E-01 0.217378233E-01
 0.184092820E-01 0.152976168E-01 0.124042919E-01 0.973708462E-02 0.731251482E-02
 0.515785441E-02 0.331229996E-02 0.182679191E-02 0.761982403E-03 0.183948054E-03
 0.157650371E-03 0.739009934E-03 0.196856936E-02 0.386808277E-02 0.643919967E-02
 0.966464076E-02 0.135117052E-01 0.179374572E-01 0.228944812E-01 0.283360928E-01
 0.342202298E-01 0.405117273E-01 0.471832193E-01 0.542149805E-01 0.615941361E-01
 0.693134665E-01 0.773699433E-01 0.857628658E-01 0.944913924E-01 0.103550665E+00
 0.112925448E+00 0.122578822E+00 0.132431433E+00 0.142324522E+00 0.151971251E+00
 0.160960779E+00 0.168886155E+00 0.175461039E+00 0.180527031E+00 0.184043691E+00
 0.186116561E+00 0.187027127E+00 0.187151298E+00 0.186806500E+00 0.186203271E+00
 0.144283116E+00 0.141879901E+00 0.133788899E+00 0.124140099E+00 0.115039095E+00
 0.106470048E+00 0.984141305E-01 0.908428431E-01 0.837213323E-01 0.770120248E-01
 0.706781894E-01 0.646866485E-01 0.590093546E-01 0.536239631E-01 0.485135093E-01
 0.436656810E-01 0.390718430E-01 0.347261801E-01 0.306251328E-01 0.267671943E-01
 0.231532063E-01 0.197870359E-01 0.166765992E-01 0.138350353E-01 0.112818945E-01
 0.904410053E-02 0.715650059E-02 0.566176930E-02 0.460938644E-02 0.405312655E-02
 0.404560380E-02 0.462566549E-02 0.581465708E-02 0.762275560E-02 0.100496151E-01
 0.130854789E-01 0.167127550E-01 0.209082756E-01 0.256459508E-01 0.308994241E-01
 0.366444215E-01 0.428605601E-01 0.495326407E-01 0.566514581E-01 0.642142817E-01
 0.722252131E-01 0.806954652E-01 0.896436945E-01 0.990964323E-01 0.109088391E+00
 0.119662389E+00 0.130867749E+00 0.142754495E+00 0.155355647E+00 0.168548942E+00
 0.180847436E+00 0.191044435E+00 0.198967859E+00 0.204473451E+00 0.207391262E+00
 0.207545802E+00 0.205604821E+00 0.203326866E+00 0.201065317E+00 0.198923752E+00
 0.150464222E+00 0.148545727E+00 0.140946016E+00 0.131576926E+00 0.122625709E+00
 0.114098303E+00 0.105988853E+00 0.982830450E-01 0.909616649E-01 0.840032250E-01
 0.773859620E-01 0.710893348E-01 0.650950596E-01 0.593876988E-01 0.539548583E-01
 0.487871617E-01 0.438780263E-01 0.392234474E-01 0.348218754E-01 0.306742303E-01
 0.267840941E-01 0.231581051E-01 0.198064931E-01 0.167436861E-01 0.139889931E-01
 0.115672573E-01 0.950960070E-02 0.785444863E-02 0.664947834E-02 0.595595501E-02
 0.585891912E-02 0.639306242E-02 0.753774913E-02 0.928891916E-02 0.116396509E-01
 0.145813050E-01 0.181024894E-01 0.221896544E-01 0.268281251E-01 0.320034809E-01
 0.377030037E-01 0.439170189E-01 0.506401658E-01 0.578725561E-01 0.656209588E-01
 0.739001930E-01 0.827348605E-01 0.921617970E-01 0.102233626E+00 0.113024212E+00
 0.124637417E+00 0.137222052E+00 0.150999442E+00 0.166317716E+00 0.183419928E+00
 0.199118406E+00 0.211782619E+00 0.221356049E+00 0.227710679E+00 0.230477124E+00
 0.229473874E+00 0.224556535E+00 0.219283372E+00 0.214746252E+00 0.210897014E+00
 0.154531553E+00 0.152891561E+00 0.145674676E+00 0.136575878E+00 0.127825528E+00
 0.119432174E+00 0.111384876E+00 0.103671461E+00 0.962796882E-01 0.891974568E-01
 0.824130476E-01 0.759153664E-01 0.696943849E-01 0.637414530E-01 0.580495484E-01
 0.526134595E-01 0.474298820E-01 0.424974635E-01 0.378168933E-01 0.333909988E-01
 0.292249192E-01 0.253263246E-01 0.217056815E-01 0.183765367E-01 0.153557649E-01
 0.126637891E-01 0.103247026E-01 0.836628024E-02 0.681975717E-02 0.571901258E-02
 0.544349849E-02 0.603855820E-02 0.718596997E-02 0.893683918E-02 0.112735424E-01
 0.141919833E-01 0.176845863E-01 0.217434634E-01 0.263603348E-01 0.315275900E-01
 0.372393765E-01 0.434926189E-01 0.502880551E-01 0.576313995E-01 0.655346885E-01
 0.740180239E-01 0.831118003E-01 0.928598717E-01 0.103324004E+00 0.114590429E+00
 0.126779571E+00 0.140060559E+00 0.154672310E+00 0.170948192E+00 0.189313427E+00
 0.207917348E+00 0.222919255E+00 0.234179005E+00 0.241723582E+00 0.245494023E+00
 0.245048791E+00 0.240214899E+00 0.232309178E+00 0.225816995E+00 0.220604211E+00
 0.156836271E+00 0.155409351E+00 0.148180366E+00 0.139360324E+00 0.130904675E+00
 0.122745842E+00 0.114857711E+00 0.107229292E+00 0.998557284E-01 0.927340165E-01
 0.858614668E-01 0.792352706E-01 0.728526562E-01 0.667111054E-01 0.608087108E-01
 0.551444255E-01 0.497182868E-01 0.445316173E-01 0.395871885E-01 0.348893441E-01
 0.304441676E-01 0.262595806E-01 0.223454591E-01 0.187136903E-01 0.153781474E-01
 0.123545509E-01 0.966013968E-02 0.731303822E-02 0.533114886E-02 0.406457670E-02
 0.353866047E-02 0.377305737E-02 0.477329688E-02 0.661784038E-02 0.898542814E-02
 0.119370213E-01 0.154575333E-01 0.195449274E-01 0.241935588E-01 0.293988101E-01
 0.351582542E-01 0.414719731E-01 0.483430699E-01 0.557784811E-01 0.637900531E-01
 0.723959357E-01 0.816223249E-01 0.915058106E-01 0.102096379E+00 0.113461405E+00
 0.125690714E+00 0.138902813E+00 0.153251573E+00 0.168932229E+00 0.186186209E+00
 0.205213293E+00 0.221774682E+00 0.234405786E+00 0.243204117E+00 0.248201564E+00
 0.249504134E+00 0.246651664E+00 0.239588290E+00 0.232185587E+00 0.226545319E+00
 0.156370148E+00 0.154672906E+00 0.148161396E+00 0.140078351E+00 0.132148638E+00
 0.124344073E+00 0.116687454E+00 0.109198667E+00 0.101892106E+00 0.947778970E-01
 0.878630430E-01 0.811524019E-01 0.746494159E-01 0.683567524E-01 0.622767918E-01
 0.564120077E-01 0.507653244E-01 0.453403518E-01 0.401415937E-01 0.351745971E-01
 0.304460824E-01 0.259639993E-01 0.217375588E-01 0.177771710E-01 0.140943155E-01
 0.107012792E-01 0.761074433E-02 0.483516185E-02 0.270865904E-02 0.125173165E-02
 0.486429868E-03 0.434649934E-03 0.111769023E-02 0.255943765E-02 0.477038091E-02
 0.783763640E-02 0.114212073E-01 0.155841876E-01 0.203070939E-01 0.255842824E-01
 0.314157829E-01 0.378031991E-01 0.447493866E-01 0.522590131E-01 0.603392459E-01
 0.690005124E-01 0.782572925E-01 0.881289691E-01 0.986406058E-01 0.109823503E+00
 0.121715352E+00 0.134359434E+00 0.147802442E+00 0.162091523E+00 0.177274585E+00
 0.193431079E+00 0.209774658E+00 0.222370893E+00 0.231669083E+00 0.237904280E+00
 0.240960553E+00 0.241080210E+00 0.237866551E+00 0.232080415E+00 0.227758139E+00
 0.155198872E+00 0.153032139E+00 0.147011504E+00 0.139659077E+00 0.132171229E+00
 0.124660335E+00 0.117201179E+00 0.109837785E+00 0.102598056E+00 0.955008268E-01
 0.885594189E-01 0.817836598E-01 0.751810893E-01 0.687578544E-01 0.625192672E-01
 0.564703345E-01 0.506160706E-01 0.449617803E-01 0.395132750E-01 0.342770182E-01
 0.292602293E-01 0.244709216E-01 0.199178979E-01 0.156106679E-01 0.115592955E-01
 0.777415372E-02 0.426557707E-02 0.135431404E-02-0.942868239E-03-0.260556070E-02
-0.361098396E-02-0.393500924E-02-0.355278538E-02-0.243900041E-02-0.568701886E-03
 0.208540936E-02 0.553498976E-02 0.986956246E-02 0.147123691E-01 0.200862270E-01
 0.260083415E-01 0.324830562E-01 0.395111442E-01 0.470926501E-01 0.552275330E-01
 0.639158115E-01 0.731574297E-01 0.829518363E-01 0.932969600E-01 0.104187369E+00
 0.115610927E+00 0.127543196E+00 0.139937684E+00 0.152708560E+00 0.165696874E+00
 0.178596765E+00 0.190825254E+00 0.201627463E+00 0.210543618E+00 0.217415392E+00
 0.222220674E+00 0.225036830E+00 0.226094633E+00 0.225912571E+00 0.225224882E+00
 0.154809341E+00 0.152695432E+00 0.146353021E+00 0.138893887E+00 0.131449699E+00
 0.124029025E+00 0.116656475E+00 0.109356694E+00 0.102150507E+00 0.950545147E-01
 0.880818963E-01 0.812432319E-01 0.745472610E-01 0.680014640E-01 0.616125725E-01
 0.553869046E-01 0.493306853E-01 0.434502698E-01 0.377523266E-01 0.322439671E-01
 0.269328281E-01 0.218271110E-01 0.169355534E-01 0.122673651E-01 0.783210248E-02
 0.363946613E-02-0.212473378E-05-0.307876663E-02-0.557172298E-02-0.745855132E-02
-0.871412270E-02-0.931148417E-02-0.922248885E-02-0.841814652E-02-0.686859014E-02
-0.454224972E-02-0.140436622E-02 0.259133382E-02 0.749649853E-02 0.129297217E-01
 0.189505666E-01 0.255327690E-01 0.326648392E-01 0.403398536E-01 0.485500023E-01
 0.572851673E-01 0.665321276E-01 0.762734711E-01 0.864859149E-01 0.971376598E-01
 0.108184539E+00 0.119564317E+00 0.131188557E+00 0.142931476E+00 0.154616475E+00
 0.166005775E+00 0.176808879E+00 0.186727047E+00 0.195515856E+00 0.203022435E+00
 0.209190547E+00 0.214057252E+00 0.217751265E+00 0.220479354E+00 0.222480640E+00
 0.153246582E+00 0.151059344E+00 0.144855991E+00 0.137370259E+00 0.129915863E+00
 0.122507364E+00 0.115155511E+00 0.107871853E+00 0.100667715E+00 0.935536325E-01
 0.865391195E-01 0.796327442E-01 0.728422701E-01 0.661748722E-01 0.596373565E-01
 0.532363616E-01 0.469785482E-01 0.408707373E-01 0.349200666E-01 0.291340686E-01
 0.235207397E-01 0.180885755E-01 0.128465546E-01 0.780409109E-02 0.297093531E-02
-0.135638681E-02-0.516630523E-02-0.844147429E-02-0.111598400E-01-0.132956645E-01
-0.148205021E-01-0.157040898E-01-0.159151331E-01-0.154219447E-01-0.141929509E-01
-0.121971220E-01-0.940456893E-02-0.578791788E-02-0.132750347E-02 0.397827290E-02
 0.102152182E-01 0.169682056E-01 0.242501404E-01 0.320664868E-01 0.404065922E-01
 0.492527261E-01 0.585819855E-01 0.683656633E-01 0.785677284E-01 0.891427770E-01
 0.100033291E+00 0.111166298E+00 0.122449607E+00 0.133768305E+00 0.144983023E+00
 0.155932441E+00 0.166442558E+00 0.176342934E+00 0.185485706E+00 0.193761215E+00
 0.201106787E+00 0.207508817E+00 0.212998956E+00 0.217643902E+00 0.221529379E+00
 0.151077151E+00 0.148817256E+00 0.142483115E+00 0.134953573E+00 0.127482414E+00
 0.120071538E+00 0.112722844E+00 0.105438985E+00 0.982237831E-01 0.910820588E-01
 0.840192512E-01 0.770411864E-01 0.701538324E-01 0.633632764E-01 0.566756837E-01
 0.500973947E-01 0.436349623E-01 0.372952819E-01 0.310856421E-01 0.250138137E-01
 0.190881100E-01 0.133174015E-01 0.771113485E-02 0.227929652E-02-0.269340305E-02
-0.719752535E-02-0.112169692E-01-0.147299683E-01-0.177100990E-01-0.201272909E-01
-0.219488349E-01-0.231403634E-01-0.236667898E-01-0.234931558E-01-0.225854069E-01
-0.209110379E-01-0.184396226E-01-0.151430955E-01-0.109953964E-01-0.596968411E-02
-0.284807047E-04 0.687020039E-02 0.143029494E-01 0.223177280E-01 0.308684800E-01
 0.399226919E-01 0.494498089E-01 0.594147332E-01 0.697756857E-01 0.804828554E-01
 0.914769843E-01 0.102687865E+00 0.114033051E+00 0.125417173E+00 0.136732697E+00
 0.147862524E+00 0.158684969E+00 0.169080526E+00 0.178939372E+00 0.188167915E+00
 0.196693331E+00 0.204465434E+00 0.211455986E+00 0.217655703E+00 0.223069921E+00
 0.147975609E+00 0.145596653E+00 0.139119506E+00 0.131560907E+00 0.124095090E+00
 0.116703048E+00 0.109373234E+00 0.102099068E+00 0.948782861E-01 0.877115503E-01
 0.806014314E-01 0.735516697E-01 0.665667206E-01 0.596515387E-01 0.528114960E-01
 0.460523479E-01 0.393802822E-01 0.328019746E-01 0.263246652E-01 0.199562199E-01
 0.137051931E-01 0.758087263E-02 0.159330689E-02-0.398476096E-02-0.914616790E-02
-0.138762016E-01-0.181535073E-01-0.219510291E-01-0.252369940E-01-0.279759578E-01
-0.301298797E-01-0.316592194E-01-0.325240307E-01-0.326850004E-01-0.321044251E-01
-0.307470616E-01-0.285808444E-01-0.255773645E-01-0.217121579E-01-0.169648752E-01
-0.113201626E-01-0.477266265E-02 0.266242609E-02 0.110595543E-01 0.199542418E-01
 0.293406621E-01 0.392036326E-01 0.495091230E-01 0.602141619E-01 0.712694228E-01
 0.826192573E-01 0.942011178E-01 0.105944946E+00 0.117773004E+00 0.129600301E+00
 0.141335830E+00 0.152884394E+00 0.164149061E+00 0.175033614E+00 0.185444847E+00
 0.195294172E+00 0.204498872E+00 0.212983251E+00 0.220679909E+00 0.227531925E+00
 0.143536136E+00 0.140940100E+00 0.134568781E+00 0.127084926E+00 0.119715221E+00
 0.112410434E+00 0.105145052E+00 0.979092568E-01 0.907003805E-01 0.835191086E-01
 0.763677359E-01 0.692494512E-01 0.621679835E-01 0.551275089E-01 0.481326394E-01
 0.411884561E-01 0.343005806E-01 0.274752825E-01 0.207195487E-01 0.140411798E-01
 0.744887069E-02 0.952281232E-03-0.518807722E-02-0.109677836E-01-0.163740069E-01
-0.213862751E-01-0.259772968E-01-0.301138666E-01-0.337578692E-01-0.368673690E-01
-0.393977836E-01-0.413031317E-01-0.425372757E-01-0.430551954E-01-0.428141654E-01
-0.417748243E-01-0.399020873E-01-0.371658318E-01-0.335412957E-01-0.290091876E-01
-0.235553887E-01-0.171698928E-01-0.984308030E-02-0.155439659E-02 0.772182504E-02
 0.175101180E-01 0.278437361E-01 0.386540145E-01 0.498875827E-01 0.614952780E-01
 0.734272599E-01 0.856307223E-01 0.980486944E-01 0.110619463E+00 0.123276204E+00
 0.135946780E+00 0.148553491E+00 0.161012635E+00 0.173233643E+00 0.185117930E+00
 0.196557596E+00 0.207434654E+00 0.217621952E+00 0.226987243E+00 0.235400975E+00
 0.137642592E+00 0.134620339E+00 0.128502697E+00 0.121494152E+00 0.114418231E+00
 0.107292823E+00 0.100137904E+00 0.929654092E-01 0.857831016E-01 0.785964876E-01
 0.714098290E-01 0.642267242E-01 0.570505597E-01 0.498847552E-01 0.427330285E-01
 0.355995633E-01 0.284891780E-01 0.214074645E-01 0.143609075E-01 0.735701714E-02
 0.404433464E-03-0.624881545E-02-0.126017909E-01-0.186443534E-01-0.243577585E-01
-0.297152959E-01-0.346830636E-01-0.392208360E-01-0.432831049E-01-0.468202345E-01
-0.497797653E-01-0.521078184E-01-0.537505709E-01-0.546557419E-01-0.547740348E-01
-0.540604629E-01-0.524754897E-01-0.499859266E-01-0.465654880E-01-0.421950221E-01
-0.368623175E-01-0.305615496E-01-0.232925266E-01-0.150606707E-01-0.588147528E-02
 0.420890795E-02 0.152731743E-01 0.267908368E-01 0.387380049E-01 0.510832258E-01
 0.637906641E-01 0.768213719E-01 0.901335701E-01 0.103682563E+00 0.117420167E+00
 0.131293684E+00 0.145244151E+00 0.159203783E+00 0.173091993E+00 0.186810121E+00
 0.200234860E+00 0.213211268E+00 0.225548089E+00 0.237019792E+00 0.247380987E+00
 0.131447539E+00 0.128020212E+00 0.122156255E+00 0.115445927E+00 0.108569168E+00
 0.101578496E+00 0.945128724E-01 0.873947218E-01 0.802367032E-01 0.730460435E-01
 0.658269972E-01 0.585822500E-01 0.513138436E-01 0.440237187E-01 0.367141105E-01
 0.293878298E-01 0.220484640E-01 0.147005515E-01 0.734973373E-02 0.289851482E-05
-0.710451743E-02-0.139759742E-01-0.206050854E-01-0.269759912E-01-0.330637991E-01
-0.388351120E-01-0.442487411E-01-0.492565520E-01-0.538045317E-01-0.578340553E-01
-0.612833425E-01-0.640890375E-01-0.661879703E-01-0.675188974E-01-0.680242702E-01
-0.676518604E-01-0.663561970E-01-0.640996695E-01-0.608533174E-01-0.565971211E-01
-0.513198338E-01-0.450183228E-01-0.376963876E-01-0.293631125E-01-0.200304016E-01
-0.970797427E-02 0.160902168E-02 0.139317289E-01 0.267154276E-01 0.399347544E-01
 0.535634495E-01 0.675750449E-01 0.819432959E-01 0.966421738E-01 0.111645423E+00
 0.126925290E+00 0.142450348E+00 0.158181772E+00 0.174067304E+00 0.190031931E+00
 0.205963627E+00 0.221692517E+00 0.236963481E+00 0.251410127E+00 0.264559984E+00
 0.125752926E+00 0.122114472E+00 0.116104662E+00 0.109292187E+00 0.102395646E+00
 0.954261050E-01 0.883929506E-01 0.813031122E-01 0.741602480E-01 0.669654831E-01
 0.597184002E-01 0.524178706E-01 0.450627357E-01 0.376522094E-01 0.301862024E-01
 0.226655155E-01 0.150920097E-01 0.746873394E-02-0.199933973E-03-0.769098708E-02
-0.150132449E-01-0.221652463E-01-0.291353948E-01-0.359021351E-01-0.424342267E-01
-0.486911722E-01-0.546238348E-01-0.601752698E-01-0.652818605E-01-0.698746443E-01
-0.738809779E-01-0.772263780E-01-0.798365250E-01-0.816394314E-01-0.825675055E-01
-0.825596005E-01-0.815627724E-01-0.795337334E-01-0.764398128E-01-0.722593963E-01
-0.669817701E-01-0.606062487E-01-0.531407148E-01-0.445993654E-01-0.349997394E-01
-0.243589189E-01-0.126892291E-01 0.429028069E-05 0.137272384E-01 0.279250573E-01
 0.425785929E-01 0.576723516E-01 0.731953382E-01 0.891417339E-01 0.105511032E+00
 0.122307621E+00 0.139539629E+00 0.157216653E+00 0.175345346E+00 0.193921372E+00
 0.212914303E+00 0.232239425E+00 0.251700968E+00 0.270860076E+00 0.288726032E+00
 0.119791016E+00 0.115940690E+00 0.109655373E+00 0.102734193E+00 0.957908034E-01
 0.888166726E-01 0.818037540E-01 0.747428387E-01 0.676244497E-01 0.604394935E-01
 0.531797297E-01 0.458380617E-01 0.384087116E-01 0.308872666E-01 0.232707094E-01
 0.155574111E-01 0.774713699E-02-0.158911178E-03-0.794959348E-02-0.156399123E-01
-0.232344288E-01-0.307271965E-01-0.381016620E-01-0.453306325E-01-0.523764044E-01
-0.591910034E-01-0.657167584E-01-0.718870759E-01-0.776276141E-01-0.828577727E-01
-0.874924958E-01-0.914444476E-01-0.946263596E-01-0.969535857E-01-0.983466879E-01
-0.987338722E-01-0.980532542E-01-0.962546319E-01-0.933008119E-01-0.891682059E-01
-0.838467032E-01-0.773388073E-01-0.696579218E-01-0.608259030E-01-0.508699194E-01
-0.398187675E-01-0.276988018E-01-0.145297851E-01-0.320360850E-03 0.149370376E-01
 0.306824464E-01 0.469085760E-01 0.636173040E-01 0.808225945E-01 0.985510722E-01
 0.116842784E+00 0.135752603E+00 0.155352056E+00 0.175731599E+00 0.197002828E+00
 0.219300523E+00 0.242783740E+00 0.267632902E+00 0.294005573E+00 0.320591420E+00
 0.113007076E+00 0.108900450E+00 0.102543958E+00 0.955509841E-01 0.886005461E-01
 0.816674083E-01 0.747222826E-01 0.677369684E-01 0.606866255E-01 0.535504557E-01
 0.463116094E-01 0.389567092E-01 0.314753577E-01 0.238596667E-01 0.161038656E-01
 0.820400566E-02 0.157761926E-03-0.783443637E-02-0.157941934E-01-0.237328671E-01
-0.316513032E-01-0.395394713E-01-0.473761596E-01-0.551286936E-01-0.627528429E-01
-0.701929256E-01-0.773822367E-01-0.842438266E-01-0.906916410E-01-0.966321826E-01
-0.101966523E+00-0.106592812E+00-0.110409021E+00-0.113316029E+00-0.115220688E+00
-0.116038896E+00-0.115698330E+00-0.114140771E+00-0.111323774E+00-0.107221507E+00
-0.101824813E+00-0.951402336E-01-0.871881470E-01-0.780000463E-01-0.676150545E-01
-0.560758337E-01-0.434240587E-01-0.296956357E-01-0.149156963E-01 0.906611793E-03
 0.177837461E-01 0.351494253E-01 0.530086048E-01 0.713935047E-01 0.903556496E-01
 0.109966420E+00 0.130321205E+00 0.151546180E+00 0.173807830E+00 0.197326645E+00
 0.222397819E+00 0.249424487E+00 0.278979003E+00 0.311934322E+00 0.346593827E+00
 0.105313867E+00 0.100924388E+00 0.944627747E-01 0.874904990E-01 0.806574374E-01
 0.738939792E-01 0.671342835E-01 0.603249483E-01 0.534250140E-01 0.464036725E-01
 0.392378233E-01 0.319101214E-01 0.244075246E-01 0.167202856E-01 0.884111505E-02
 0.764577184E-03-0.731753791E-02-0.154331112E-01-0.236004069E-01-0.318276472E-01
-0.401124209E-01-0.484410822E-01-0.567881018E-01-0.651155785E-01-0.733728558E-01
-0.814964697E-01-0.894104019E-01-0.970267877E-01-0.104247093E+00-0.110963874E+00
-0.117063075E+00-0.122426815E+00-0.126936704E+00-0.130477384E+00-0.132940307E+00
-0.134227455E+00-0.134254694E+00-0.132954717E+00-0.130279154E+00-0.126199767E+00
-0.120708652E+00-0.113817245E+00-0.105554238E+00-0.959624797E-01-0.850949660E-01
-0.730101839E-01-0.597668551E-01-0.454185382E-01-0.300081559E-01-0.135632120E-01
 0.390712544E-02 0.224095769E-01 0.413210951E-01 0.607215911E-01 0.806868970E-01
 0.101306245E+00 0.122693844E+00 0.144999593E+00 0.168422103E+00 0.193226233E+00
 0.219767317E+00 0.248523101E+00 0.280129999E+00 0.315405339E+00 0.353454232E+00
 0.962187350E-01 0.914812088E-01 0.848828331E-01 0.782172680E-01 0.718097091E-01
 0.654765964E-01 0.591038726E-01 0.526210405E-01 0.459828228E-01 0.391585976E-01
 0.321266726E-01 0.248711202E-01 0.173801519E-01 0.964521896E-02 0.165974791E-02
-0.638959324E-02-0.145354168E-01-0.228019822E-01-0.312045962E-01-0.397487991E-01
-0.484294593E-01-0.572298057E-01-0.661204904E-01-0.750587583E-01-0.839878544E-01
-0.928366557E-01-0.101519808E+00-0.109938301E+00-0.117980652E+00-0.125524789E+00
-0.132440552E+00-0.138592929E+00-0.143845797E+00-0.148066163E+00-0.151128665E+00
-0.152919933E+00-0.153342843E+00-0.152320012E+00-0.149796575E+00-0.145741746E+00
-0.140149131E+00-0.133035839E+00-0.124440089E+00-0.114417657E+00-0.103037342E+00
-0.903753936E-01-0.765094161E-01-0.615114979E-01-0.454406142E-01-0.283335373E-01
-0.101922788E-01 0.903671794E-02 0.287310239E-01 0.488965064E-01 0.695719719E-01
 0.908253118E-01 0.112753823E+00 0.135488540E+00 0.159202561E+00 0.184124291E+00
 0.210557625E+00 0.238913313E+00 0.269758761E+00 0.303891510E+00 0.340708971E+00
 0.838523060E-01 0.782428905E-01 0.727978200E-01 0.675096586E-01 0.621693693E-01
 0.566461533E-01 0.508931950E-01 0.448864475E-01 0.386103652E-01 0.320531875E-01
 0.252049770E-01 0.180568062E-01 0.106011946E-01 0.283534708E-02-0.505304011E-02
-0.130978758E-01-0.213271379E-01-0.297618546E-01-0.384149104E-01-0.472897924E-01
-0.563792922E-01-0.656641573E-01-0.751118436E-01-0.846753418E-01-0.942922831E-01
-0.103884347E+00-0.113357127E+00-0.122600615E+00-0.131490365E+00-0.139889449E+00
-0.147651210E+00-0.154622823E+00-0.160649702E+00-0.165580288E+00-0.169271335E+00
-0.171593219E+00-0.172434866E+00-0.171708137E+00-0.169351161E+00-0.165330380E+00
-0.159641191E+00-0.152306914E+00-0.143376276E+00-0.132919446E+00-0.121022902E+00
-0.107783340E+00-0.933010057E-01-0.776726902E-01-0.609847158E-01-0.433062837E-01
-0.246837586E-01-0.513777323E-02 0.153318606E-01 0.361399800E-01 0.573038086E-01
 0.788704902E-01 0.100907318E+00 0.123499997E+00 0.146753907E+00 0.170796782E+00
 0.195782527E+00 0.221897751E+00 0.249378726E+00 0.278587341E+00 0.309507310E+00
 0.703625754E-01 0.634925291E-01 0.599638149E-01 0.567309931E-01 0.527068898E-01
 0.481083877E-01 0.430385694E-01 0.375481285E-01 0.316630527E-01 0.253960807E-01
 0.187513884E-01 0.117254015E-01 0.430360576E-02-0.330338394E-02-0.111225909E-01
-0.191819798E-01-0.275062881E-01-0.361145847E-01-0.450184233E-01-0.542201549E-01
-0.637113154E-01-0.734709576E-01-0.834641010E-01-0.936402380E-01-0.103932135E+00
-0.114254959E+00-0.124505959E+00-0.134564742E+00-0.144294441E+00-0.153543621E+00
-0.162149400E+00-0.169941291E+00-0.176746145E+00-0.182393640E+00-0.186722383E+00
-0.189586028E+00-0.190859184E+00-0.190442517E+00-0.188266829E+00-0.184295654E+00
-0.178526103E+00-0.170987904E+00-0.161740690E+00-0.150869653E+00-0.138479814E+00
-0.124689355E+00-0.109622486E+00-0.934019759E-01-0.761421621E-01-0.579425283E-01
-0.388825424E-01-0.190183297E-01 0.161776855E-02 0.230138171E-01 0.445069671E-01
 0.661591887E-01 0.880146623E-01 0.110109955E+00 0.132474259E+00 0.155123204E+00
 0.178044498E+00 0.201168686E+00 0.224307269E+00 0.247016609E+00 0.268372327E+00
 0.610566437E-01 0.537494645E-01 0.506857894E-01 0.480651371E-01 0.447069369E-01
 0.407091267E-01 0.361457579E-01 0.310694631E-01 0.255157091E-01 0.195080843E-01
 0.130628664E-01 0.619308231E-02-0.108737557E-02-0.859552994E-02-0.163757615E-01
-0.244623683E-01-0.328822583E-01-0.416551679E-01-0.507927909E-01-0.602973625E-01
-0.701599792E-01-0.803588033E-01-0.908571854E-01-0.101601973E+00-0.112521999E+00
-0.123526938E+00-0.134506717E+00-0.145331696E+00-0.155853659E+00-0.165907890E+00
-0.175316304E+00-0.183891758E+00-0.191443443E+00-0.197783038E+00-0.202731535E+00
-0.206126347E+00-0.207827926E+00-0.207725853E+00-0.205743536E+00-0.201841354E+00
-0.196017832E+00-0.188308761E+00-0.178784251E+00-0.167543977E+00-0.154710963E+00
-0.140424222E+00-0.124830924E+00-0.108078331E+00-0.903060064E-01-0.716384798E-01
-0.521782078E-01-0.319981724E-01-0.111319898E-01 0.104437117E-01 0.320402086E-01
 0.536159128E-01 0.751544237E-01 0.966397822E-01 0.118042886E+00 0.139309213E+00
 0.160343319E+00 0.180987492E+00 0.200994536E+00 0.220003068E+00 0.237541646E+00
 0.549924076E-01 0.474955216E-01 0.441522710E-01 0.416730642E-01 0.385688171E-01
 0.348634794E-01 0.305895079E-01 0.257761031E-01 0.204465557E-01 0.146183716E-01
 0.830543693E-02 0.152298564E-02-0.555114681E-02-0.129405726E-01-0.206732396E-01
-0.287764445E-01-0.372741297E-01-0.461848862E-01-0.555200838E-01-0.652819425E-01
-0.754615143E-01-0.860366076E-01-0.969696343E-01-0.108205661E+00-0.119670615E+00
-0.131269872E+00-0.142887503E+00-0.154386178E+00-0.165608138E+00-0.176377237E+00
-0.186502233E+00-0.195781305E+00-0.204007953E+00-0.210977688E+00-0.216495618E+00
-0.220384166E+00-0.222490773E+00-0.222694546E+00-0.220911771E+00-0.217099503E+00
-0.211257115E+00-0.203425422E+00-0.193683699E+00-0.182144448E+00-0.168946803E+00
-0.154248476E+00-0.138217390E+00-0.121023059E+00-0.102828480E+00-0.837828070E-01
-0.640152320E-01-0.436304733E-01-0.227070581E-01-0.130156532E-02 0.205319021E-01
 0.420727544E-01 0.633312687E-01 0.842855573E-01 0.104888931E+00 0.125067890E+00
 0.144716486E+00 0.163689628E+00 0.181798741E+00 0.198814094E+00 0.214479372E+00
 0.506721064E-01 0.430321209E-01 0.396955386E-01 0.372435972E-01 0.342214182E-01
 0.306378026E-01 0.265052691E-01 0.218353756E-01 0.166360009E-01 0.109092295E-01
 0.464828406E-02-0.193888170E-02-0.886929221E-02-0.161661766E-01-0.238554776E-01
-0.319629461E-01-0.405117422E-01-0.495202802E-01-0.590001531E-01-0.689539760E-01
-0.793731809E-01-0.902357101E-01-0.101503715E+00-0.113121323E+00-0.125012666E+00
-0.137080222E+00-0.149203911E+00-0.161240757E+00-0.173025817E+00-0.184374154E+00
-0.195084199E+00-0.204942554E+00-0.213730067E+00-0.221229076E+00-0.227231517E+00
-0.231547385E+00-0.234012932E+00-0.234498173E+00-0.232912898E+00-0.229210794E+00
-0.223391175E+00-0.215498418E+00-0.205618635E+00-0.193874449E+00-0.180417761E+00
-0.165421382E+00-0.149070039E+00-0.131551415E+00-0.113047458E+00-0.937268808E-01
-0.737384260E-01-0.532052480E-01-0.322195366E-01-0.108354287E-01 0.109455306E-01
 0.323886387E-01 0.534171052E-01 0.739757270E-01 0.940063074E-01 0.113436706E+00
 0.132175624E+00 0.150110796E+00 0.167110398E+00 0.183028400E+00 0.197714552E+00
 0.480329953E-01 0.403147154E-01 0.370516926E-01 0.345671847E-01 0.315373689E-01
 0.279811397E-01 0.239056125E-01 0.193125494E-01 0.142003875E-01 0.856531877E-02
 0.240197312E-02-0.408253958E-02-0.109228315E-01-0.181511007E-01-0.257977787E-01
-0.338909552E-01-0.424551740E-01-0.515098609E-01-0.610674620E-01-0.711314008E-01
-0.816938132E-01-0.927331895E-01-0.104211971E+00-0.116074160E+00-0.128243208E+00
-0.140620217E+00-0.153082833E+00-0.165484846E+00-0.177656934E+00-0.189408645E+00
-0.200531751E+00-0.210805118E+00-0.220001042E+00-0.227892697E+00-0.234262705E+00
-0.238911957E+00-0.241668388E+00-0.242394879E+00-0.240995824E+00-0.237421528E+00
-0.231670350E+00-0.223788068E+00-0.213864759E+00-0.202029273E+00-0.188441843E+00
-0.173285425E+00-0.156756327E+00-0.139054894E+00-0.120376810E+00-0.100905322E+00
-0.808049589E-01-0.602169596E-01-0.392567143E-01-0.180144347E-01 0.343825109E-02
 0.250273477E-01 0.459906161E-01 0.663273782E-01 0.860070884E-01 0.104977779E+00
 0.123170167E+00 0.140500948E+00 0.156876653E+00 0.172198951E+00 0.186371356E+00
 0.474086180E-01 0.397588126E-01 0.361752659E-01 0.335137099E-01 0.303790849E-01
 0.267880764E-01 0.227277949E-01 0.181815848E-01 0.131351696E-01 0.757684559E-02
 0.149705773E-02-0.490623061E-02-0.116709266E-01-0.188322980E-01-0.264230575E-01
-0.344728902E-01-0.430075005E-01-0.520472191E-01-0.616052970E-01-0.716859177E-01
-0.822819769E-01-0.933727026E-01-0.104921214E+00-0.116872102E+00-0.129149213E+00
-0.141653806E+00-0.154263258E+00-0.166830719E+00-0.179185614E+00-0.191135660E+00
-0.202470109E+00-0.212964654E+00-0.222387776E+00-0.230508327E+00-0.237104192E+00
-0.241971299E+00-0.244932741E+00-0.245846838E+00-0.244614005E+00-0.241181418E+00
-0.235545322E+00-0.227750629E+00-0.217887834E+00-0.206087515E+00-0.192512885E+00
-0.177351028E+00-0.160803437E+00-0.143076569E+00-0.124372847E+00-0.104882896E+00
-0.847789645E-01-0.642098635E-01-0.432973914E-01-0.221337918E-01-0.779492781E-03
 0.207416192E-01 0.416058712E-01 0.617934801E-01 0.812711641E-01 0.999920890E-01
 0.117897496E+00 0.134919241E+00 0.150983363E+00 0.166014403E+00 0.179940492E+00
 0.484139696E-01 0.411295928E-01 0.368331037E-01 0.337144472E-01 0.304793064E-01
 0.268900394E-01 0.228717625E-01 0.183869228E-01 0.134119214E-01 0.792949554E-02
 0.192569825E-02-0.440227706E-02-0.110917296E-01-0.181771442E-01-0.256908350E-01
-0.336623974E-01-0.421176068E-01-0.510769673E-01-0.605540127E-01-0.705533251E-01
-0.810683668E-01-0.920791104E-01-0.103549629E+00-0.115425698E+00-0.127632573E+00
-0.140073121E+00-0.152626529E+00-0.165147871E+00-0.177468598E+00-0.189398378E+00
-0.200728342E+00-0.211235836E+00-0.220690593E+00-0.228862271E+00-0.235529035E+00
-0.240486473E+00-0.243556589E+00-0.244596049E+00-0.243502975E+00-0.240221769E+00
-0.234745577E+00-0.227115989E+00-0.217420176E+00-0.205785602E+00-0.192372695E+00
-0.177366287E+00-0.160966128E+00-0.143377632E+00-0.124802843E+00-0.105432615E+00
-0.854399204E-01-0.649745315E-01-0.441589355E-01-0.230851192E-01-0.181160297E-02
 0.196399335E-01 0.404384471E-01 0.605585016E-01 0.799638256E-01 0.986069143E-01
 0.116430067E+00 0.133367643E+00 0.149349332E+00 0.164304197E+00 0.178165317E+00
 0.479939431E-01 0.403854921E-01 0.370336585E-01 0.345692560E-01 0.316093117E-01
 0.281833839E-01 0.242859777E-01 0.199039634E-01 0.150236869E-01 0.963087566E-02
 0.370765245E-02-0.255300710E-02-0.917068589E-02-0.161733069E-01-0.235905591E-01
-0.314508043E-01-0.397791006E-01-0.485954992E-01-0.579132810E-01-0.677370280E-01
-0.780605003E-01-0.888643861E-01-0.100113913E+00-0.111756593E+00-0.123720020E+00
-0.135910079E+00-0.148209736E+00-0.160478458E+00-0.172552839E+00-0.184248209E+00
-0.195361823E+00-0.205677316E+00-0.214970678E+00-0.223017454E+00-0.229600966E+00
-0.234520957E+00-0.237602264E+00-0.238702774E+00-0.237720087E+00-0.234596342E+00
-0.229320630E+00-0.221928969E+00-0.212501660E+00-0.201158300E+00-0.188050911E+00
-0.173355654E+00-0.157263786E+00-0.139972627E+00-0.121676832E+00-0.102560714E+00
-0.827917457E-01-0.625154600E-01-0.418517441E-01-0.208922196E-01 0.302219443E-03
 0.217062756E-01 0.424927361E-01 0.626375601E-01 0.821027383E-01 0.100836106E+00
 0.118772782E+00 0.135837838E+00 0.151949853E+00 0.167025715E+00 0.180985942E+00
 0.497204065E-01 0.421777703E-01 0.389793888E-01 0.367732085E-01 0.340406597E-01
 0.307901260E-01 0.270300899E-01 0.227643345E-01 0.179938599E-01 0.127188545E-01
 0.694164401E-02 0.673556060E-03-0.590285426E-02-0.128293457E-01-0.201400798E-01
-0.278644208E-01-0.360271558E-01-0.446477011E-01-0.537387505E-01-0.633045807E-01
-0.733390823E-01-0.838236511E-01-0.947249457E-01-0.105992742E+00-0.117557883E+00
-0.129330590E+00-0.141199306E+00-0.153030261E+00-0.164667919E+00-0.175936639E+00
-0.186643556E+00-0.196582749E+00-0.205540895E+00-0.213303953E+00-0.219664797E+00
-0.224431410E+00-0.227434903E+00-0.228537083E+00-0.227636740E+00-0.224674225E+00
-0.219633922E+00-0.212544352E+00-0.203475803E+00-0.192535862E+00-0.179863036E+00
-0.165619060E+00-0.149980426E+00-0.133129716E+00-0.115247428E+00-0.965044349E-01
-0.770558417E-01-0.570362695E-01-0.365571678E-01-0.157071799E-01 0.544152036E-02
 0.268125087E-01 0.476366952E-01 0.679058209E-01 0.875806063E-01 0.106598727E+00
 0.124878690E+00 0.142323047E+00 0.158822492E+00 0.174261734E+00 0.188527271E+00
 0.528372601E-01 0.454142988E-01 0.426515229E-01 0.406033583E-01 0.379996151E-01
 0.348556787E-01 0.311838277E-01 0.269957799E-01 0.223003980E-01 0.171023328E-01
 0.114003988E-01 0.518360268E-02-0.133884232E-02-0.818703976E-02-0.153857786E-01
-0.229600668E-01-0.309320409E-01-0.393192843E-01-0.481332839E-01-0.573777221E-01
-0.670465901E-01-0.771221370E-01-0.875728279E-01-0.983512923E-01-0.109392501E+00
-0.120612204E+00-0.131905913E+00-0.143148497E+00-0.154194683E+00-0.164880529E+00
-0.175026134E+00-0.184439436E+00-0.192921340E+00-0.200271845E+00-0.206296951E+00
-0.210816100E+00-0.213669553E+00-0.214725226E+00-0.213884532E+00-0.211086616E+00
-0.206310704E+00-0.199576348E+00-0.190941468E+00-0.180498332E+00-0.168367848E+00
-0.154692560E+00-0.139628857E+00-0.123338923E+00-0.105982855E+00-0.877113715E-01
-0.686593279E-01-0.489398986E-01-0.286389403E-01-0.780746620E-02 0.135533130E-01
 0.347048491E-01 0.555625372E-01 0.760620832E-01 0.961340442E-01 0.115692012E+00
 0.134626657E+00 0.152803421E+00 0.170064047E+00 0.186232716E+00 0.201127917E+00
 0.581740253E-01 0.509944893E-01 0.481208786E-01 0.461512990E-01 0.435892716E-01
 0.404593870E-01 0.367915928E-01 0.326120406E-01 0.279407557E-01 0.227914602E-01
 0.171724651E-01 0.110883685E-01 0.454396289E-02-0.226844079E-02-0.937702414E-02
-0.168095548E-01-0.245868508E-01-0.327248313E-01-0.412339233E-01-0.501175113E-01
-0.593700707E-01-0.689752251E-01-0.789038315E-01-0.891121030E-01-0.995400026E-01
-0.110109888E+00-0.120725609E+00-0.131272227E+00-0.141616493E+00-0.151608199E+00
-0.161082655E+00-0.169864058E+00-0.177770063E+00-0.184617266E+00-0.190227270E+00
-0.194433331E+00-0.197086841E+00-0.198063478E+00-0.197268367E+00-0.194639966E+00
-0.190152198E+00-0.183814839E+00-0.175671846E+00-0.165797949E+00-0.154293627E+00
-0.141278848E+00-0.126886070E+00-0.111252837E+00-0.945144445E-01-0.767971426E-01
-0.582120456E-01-0.388504900E-01-0.187818669E-01 0.194266019E-02 0.232712608E-01
 0.444793329E-01 0.655715764E-01 0.865186453E-01 0.107263178E+00 0.127716303E+00
 0.147750065E+00 0.167189032E+00 0.185804680E+00 0.203317970E+00 0.219416738E+00
 0.652392358E-01 0.583632924E-01 0.556004159E-01 0.535907485E-01 0.509061366E-01
 0.476310328E-01 0.438321792E-01 0.395546407E-01 0.348274298E-01 0.296686720E-01
 0.240892805E-01 0.180952605E-01 0.116888490E-01 0.486743404E-02-0.217809970E-02
-0.949805230E-02-0.171004962E-01-0.249972846E-01-0.331981853E-01-0.417073928E-01
-0.505209677E-01-0.596248657E-01-0.689931661E-01-0.785865039E-01-0.883506984E-01
-0.982156172E-01-0.108094439E+00-0.117883518E+00-0.127462819E+00-0.136697158E+00
-0.145438388E+00-0.153528422E+00-0.160803139E+00-0.167097151E+00-0.172249094E+00
-0.176107362E+00-0.178535715E+00-0.179418549E+00-0.178665519E+00-0.176214844E+00
-0.172035292E+00-0.166126624E+00-0.158518210E+00-0.149266154E+00-0.138448983E+00
-0.126162142E+00-0.112511791E+00-0.976079926E-01-0.815578997E-01-0.644588694E-01
-0.463915579E-01-0.274121966E-01-0.754212774E-02 0.132506555E-01 0.342811942E-01
 0.555087402E-01 0.769172087E-01 0.984893218E-01 0.120191403E+00 0.141958788E+00
 0.163676903E+00 0.185155168E+00 0.206093460E+00 0.226051956E+00 0.244455785E+00
 0.747132450E-01 0.683171526E-01 0.656699762E-01 0.631719604E-01 0.599765144E-01
 0.562812984E-01 0.521643534E-01 0.476614013E-01 0.427903384E-01 0.375606082E-01
 0.319774337E-01 0.260441788E-01 0.197641999E-01 0.131432777E-01 0.619456265E-02
-0.110721402E-02-0.858979952E-02-0.162783843E-01-0.241905451E-01-0.323358178E-01
-0.407141782E-01-0.493152030E-01-0.581171401E-01-0.670858175E-01-0.761736110E-01
-0.853186026E-01-0.944439992E-01-0.103458084E+00-0.112254657E+00-0.120714165E+00
-0.128705576E+00-0.136089012E+00-0.142719045E+00-0.148448810E+00-0.153134450E+00
-0.156639919E+00-0.158841789E+00-0.159633726E+00-0.158930331E+00-0.156670064E+00
-0.152816996E+00-0.147361174E+00-0.140317589E+00-0.131723747E+00-0.121635981E+00
-0.110124767E+00-0.972691327E-01-0.831507593E-01-0.678478554E-01-0.514293648E-01
-0.339498222E-01-0.154456859E-01 0.406592432E-02 0.245849900E-01 0.454566181E-01
 0.667520836E-01 0.885255635E-01 0.110823676E+00 0.133684754E+00 0.157130778E+00
 0.181149602E+00 0.205659151E+00 0.230431750E+00 0.254927814E+00 0.278020471E+00
 0.884868726E-01 0.833928287E-01 0.787962377E-01 0.745588467E-01 0.703518987E-01
 0.659991130E-01 0.614359267E-01 0.566308983E-01 0.515658744E-01 0.462292358E-01
 0.406131223E-01 0.347120762E-01 0.285222605E-01 0.220407378E-01 0.152639681E-01
 0.818367116E-02 0.790896418E-03-0.671895454E-02-0.143696815E-01-0.221780371E-01
-0.301470850E-01-0.382695049E-01-0.465277657E-01-0.548932776E-01-0.633254796E-01
-0.717711002E-01-0.801637694E-01-0.884239525E-01-0.964594334E-01-0.104166284E+00
-0.111430466E+00-0.118130066E+00-0.124138117E+00-0.129325911E+00-0.133566782E+00
-0.136740059E+00-0.138735026E+00-0.139454648E+00-0.138818800E+00-0.136766672E+00
-0.133258283E+00-0.128274843E+00-0.121817894E+00-0.113907360E+00-0.104578316E+00
-0.938768983E-01-0.818553567E-01-0.685665011E-01-0.540577583E-01-0.383651890E-01
-0.215080064E-01-0.348527892E-02 0.157203954E-01 0.355386809E-01 0.560031869E-01
 0.771797821E-01 0.991572216E-01 0.122045889E+00 0.145979613E+00 0.171119064E+00
 0.197656408E+00 0.225823432E+00 0.255912125E+00 0.288367152E+00 0.323171049E+00
 0.100172170E+00 0.957731307E-01 0.907844901E-01 0.857799053E-01 0.809171796E-01
 0.760666355E-01 0.711390749E-01 0.660770088E-01 0.608432367E-01 0.554130822E-01
 0.497697517E-01 0.439015031E-01 0.377998464E-01 0.314582177E-01 0.248708799E-01
 0.180318188E-01 0.109343203E-01 0.356952380E-02-0.384960277E-02-0.113680642E-01
-0.189773068E-01-0.266696587E-01-0.344320424E-01-0.422421843E-01-0.500672273E-01
-0.578629971E-01-0.655737072E-01-0.731319934E-01-0.804593638E-01-0.874670520E-01
-0.940574035E-01-0.100125715E+00-0.105562568E+00-0.110256575E+00-0.114097431E+00
-0.116979130E+00-0.118803218E+00-0.119481787E+00-0.118940115E+00-0.117118672E+00
-0.113974370E+00-0.109480858E+00-0.103627905E+00-0.964196622E-01-0.878720507E-01
-0.780090839E-01-0.668584183E-01-0.544459186E-01-0.407892838E-01-0.258899461E-01
-0.972149707E-02 0.779060461E-02 0.260422304E-01 0.450596698E-01 0.649049208E-01
 0.856726989E-01 0.107491709E+00 0.130530417E+00 0.155007407E+00 0.181207746E+00
 0.209507912E+00 0.240414575E+00 0.274625689E+00 0.313120306E+00 0.355169356E+00
 0.109986618E+00 0.106011897E+00 0.101135187E+00 0.960607976E-01 0.910263285E-01
 0.859806240E-01 0.808768943E-01 0.756766945E-01 0.703504682E-01 0.648762360E-01
 0.592378192E-01 0.534233898E-01 0.474243052E-01 0.412343480E-01 0.348492563E-01
 0.282667484E-01 0.214872975E-01 0.145163042E-01 0.736942561E-02 0.207387493E-04
-0.731346896E-02-0.146458978E-01-0.219796188E-01-0.293019582E-01-0.365890078E-01
-0.438060127E-01-0.509077609E-01-0.578388087E-01-0.645338297E-01-0.709184483E-01
-0.769103765E-01-0.824209824E-01-0.873572007E-01-0.916237310E-01-0.951255038E-01
-0.977702513E-01-0.994710848E-01-0.100148931E+00-0.997346193E-01-0.981705040E-01
-0.954114795E-01-0.914252773E-01-0.861919224E-01-0.797024071E-01-0.719565153E-01
-0.629597828E-01-0.527197868E-01-0.412417985E-01-0.285242330E-01-0.145549048E-01
 0.688796339E-03 0.172272678E-01 0.344583876E-01 0.524847023E-01 0.714092180E-01
 0.913529769E-01 0.112467118E+00 0.134945035E+00 0.159037754E+00 0.185075238E+00
 0.213496417E+00 0.244889244E+00 0.280036807E+00 0.319946587E+00 0.363541514E+00
 0.118838988E+00 0.115224868E+00 0.110629782E+00 0.105681755E+00 0.100684747E+00
 0.956250727E-01 0.904860422E-01 0.852516666E-01 0.799078271E-01 0.744426474E-01
 0.688464567E-01 0.631116256E-01 0.572323017E-01 0.512042530E-01 0.450247861E-01
 0.386926793E-01 0.322081521E-01 0.255724881E-01 0.187864993E-01 0.118453521E-01
 0.474135531E-02-0.227929954E-02-0.925636478E-02-0.161695834E-01-0.230017994E-01
-0.297258366E-01-0.363066085E-01-0.427002460E-01-0.488537662E-01-0.547060817E-01
-0.601890609E-01-0.652287975E-01-0.697471648E-01-0.736636072E-01-0.768970400E-01
-0.793679059E-01-0.810001716E-01-0.817232653E-01-0.814737156E-01-0.801964551E-01
-0.778455809E-01-0.743846074E-01-0.697860792E-01-0.640305504E-01-0.571047962E-01
-0.489993691E-01-0.397052318E-01-0.292092804E-01-0.174879283E-01-0.449696649E-02
 0.984709710E-02 0.249497890E-01 0.408245474E-01 0.575277992E-01 0.751423314E-01
 0.937746540E-01 0.113558456E+00 0.134661824E+00 0.157298163E+00 0.181742519E+00
 0.208356589E+00 0.237629920E+00 0.270258129E+00 0.307314336E+00 0.346767068E+00
 0.127334714E+00 0.124080047E+00 0.119730860E+00 0.114957117E+00 0.110064588E+00
 0.105059758E+00 0.999481678E-01 0.947330445E-01 0.894152001E-01 0.839936584E-01
 0.784663931E-01 0.728309900E-01 0.670851842E-01 0.612272695E-01 0.552563407E-01
 0.491725467E-01 0.429772101E-01 0.366729647E-01 0.302638635E-01 0.237560216E-01
 0.171604231E-01 0.104986858E-01 0.374196819E-02-0.285648345E-02-0.933284499E-02
-0.156600345E-01-0.218165480E-01-0.277722143E-01-0.334843844E-01-0.389037877E-01
-0.439752229E-01-0.486379936E-01-0.528274886E-01-0.564766079E-01-0.595171005E-01
-0.618810765E-01-0.635026693E-01-0.643195659E-01-0.642742589E-01-0.633150190E-01
-0.613964088E-01-0.584794879E-01-0.545314960E-01-0.495251417E-01-0.434374474E-01
-0.362481847E-01-0.279379804E-01-0.184862278E-01-0.786925387E-02 0.394002441E-02
 0.169675872E-01 0.306146350E-01 0.449626595E-01 0.600827001E-01 0.760481283E-01
 0.929404795E-01 0.110852905E+00 0.129892781E+00 0.150184005E+00 0.171868891E+00
 0.195108905E+00 0.220082477E+00 0.246972024E+00 0.275877595E+00 0.305140704E+00
 0.135774344E+00 0.132888138E+00 0.128780991E+00 0.124160357E+00 0.119347394E+00
 0.114379168E+00 0.109287076E+00 0.104092471E+00 0.988081843E-01 0.934410691E-01
 0.879942477E-01 0.824687332E-01 0.768645927E-01 0.711817220E-01 0.654204041E-01
 0.595817268E-01 0.536678769E-01 0.476824157E-01 0.416305885E-01 0.355196893E-01
 0.293594878E-01 0.231620688E-01 0.169393364E-01 0.107139992E-01 0.445554731E-02
-0.156414101E-02-0.738859270E-02-0.130156148E-01-0.183932316E-01-0.234834999E-01
-0.282449555E-01-0.326275751E-01-0.365789272E-01-0.400446989E-01-0.429686382E-01
-0.452933945E-01-0.469625033E-01-0.479218103E-01-0.481203161E-01-0.475106463E-01
-0.460492671E-01-0.436964333E-01-0.404158719E-01-0.361742154E-01-0.309402291E-01
-0.246838611E-01-0.173752066E-01-0.898324791E-02 0.525917101E-03 0.111915795E-01
 0.224794392E-01 0.344044566E-01 0.469994061E-01 0.603043474E-01 0.743627548E-01
 0.892193243E-01 0.104917578E+00 0.121496141E+00 0.138982534E+00 0.157382339E+00
 0.176659912E+00 0.196702987E+00 0.217254147E+00 0.237762451E+00 0.257066280E+00
 0.144537017E+00 0.142069519E+00 0.138184115E+00 0.133566886E+00 0.128678113E+00
 0.123633735E+00 0.118491746E+00 0.113280252E+00 0.108012937E+00 0.102696106E+00
 0.973322093E-01 0.919217467E-01 0.864644423E-01 0.809599981E-01 0.754086003E-01
 0.698112845E-01 0.641702488E-01 0.584890991E-01 0.527730733E-01 0.470292978E-01
 0.412669964E-01 0.354976729E-01 0.297353324E-01 0.239975899E-01 0.183050707E-01
 0.126970056E-01 0.717092911E-02 0.168802554E-02-0.346453139E-02-0.832453929E-02
-0.128839742E-01-0.170839559E-01-0.208851956E-01-0.242494792E-01-0.271330327E-01
-0.294854920E-01-0.312584229E-01-0.324063040E-01-0.328860283E-01-0.326564051E-01
-0.316777378E-01-0.299114529E-01-0.273195524E-01-0.238639247E-01-0.195056051E-01
-0.142042208E-01-0.791797601E-02-0.604231958E-03 0.778169231E-02 0.167244151E-01
 0.262405425E-01 0.363486335E-01 0.470703617E-01 0.584285259E-01 0.704441369E-01
 0.831327885E-01 0.965000689E-01 0.110535279E+00 0.125202775E+00 0.140429690E+00
 0.156088531E+00 0.171973169E+00 0.187768698E+00 0.203025296E+00 0.217168659E+00
 0.154838428E+00 0.153364733E+00 0.148734704E+00 0.143299162E+00 0.137985826E+00
 0.132704198E+00 0.127436757E+00 0.122175463E+00 0.116914608E+00 0.111649305E+00
 0.106375188E+00 0.101088502E+00 0.957861841E-01 0.904660970E-01 0.851271227E-01
 0.797693729E-01 0.743943006E-01 0.690048262E-01 0.636054948E-01 0.582026169E-01
 0.528043769E-01 0.474210046E-01 0.420649275E-01 0.367509238E-01 0.314961374E-01
 0.263200030E-01 0.212397482E-01 0.162759908E-01 0.114700850E-01 0.681996765E-02
 0.228307559E-02-0.182425161E-02-0.554447202E-02-0.888140127E-02-0.118097272E-01
-0.142585486E-01-0.161869116E-01-0.175624657E-01-0.183543488E-01-0.185310394E-01
-0.180597045E-01-0.169057325E-01-0.150319710E-01-0.123974392E-01-0.895559881E-02
-0.465277536E-02 0.571010693E-03 0.677159615E-02 0.134522552E-01 0.206322670E-01
 0.283297747E-01 0.365627259E-01 0.453486778E-01 0.547031946E-01 0.646370351E-01
 0.751522034E-01 0.862369984E-01 0.978598967E-01 0.109962404E+00 0.122450866E+00
 0.135187790E+00 0.147984028E+00 0.160594761E+00 0.172724396E+00 0.184046164E+00
 0.163761601E+00 0.162915021E+00 0.158199742E+00 0.152318567E+00 0.146687582E+00
 0.141221941E+00 0.135866657E+00 0.130587518E+00 0.125362113E+00 0.120174758E+00
 0.115014032E+00 0.109871373E+00 0.104740471E+00 0.996168554E-01 0.944977626E-01
 0.893819705E-01 0.842698291E-01 0.791632459E-01 0.740656927E-01 0.689822882E-01
 0.639198199E-01 0.588868260E-01 0.538936295E-01 0.489523746E-01 0.440769941E-01
 0.392830931E-01 0.345877223E-01 0.300101563E-01 0.255725197E-01 0.212956425E-01
 0.172060095E-01 0.133568356E-01 0.976178609E-02 0.640815496E-02 0.324436952E-02
 0.627942092E-03-0.148661621E-02-0.310778688E-02-0.422663055E-02-0.482534105E-02
-0.488090422E-02-0.436630100E-02-0.325007271E-02-0.149413757E-02 0.951209746E-03
 0.415803865E-02 0.824448746E-02 0.127392709E-01 0.176636819E-01 0.230338499E-01
 0.288659651E-01 0.351778306E-01 0.419883579E-01 0.493156277E-01 0.571736358E-01
 0.655679479E-01 0.744904131E-01 0.839133561E-01 0.937837288E-01 0.104017898E+00
 0.114498109E+00 0.125071540E+00 0.135553524E+00 0.145735875E+00 0.155400991E+00
 0.170700744E+00 0.170199275E+00 0.165727302E+00 0.159918502E+00 0.154302254E+00
 0.148854539E+00 0.143542305E+00 0.138336927E+00 0.133215189E+00 0.128158733E+00
 0.123153314E+00 0.118187949E+00 0.113254391E+00 0.108346634E+00 0.103460662E+00
 0.985942185E-01 0.937466472E-01 0.889188498E-01 0.841132030E-01 0.793335438E-01
 0.745851696E-01 0.698748305E-01 0.652107820E-01 0.606027246E-01 0.560618564E-01
 0.516008474E-01 0.472338796E-01 0.429767855E-01 0.388471335E-01 0.348641388E-01
 0.310495123E-01 0.274277516E-01 0.240200590E-01 0.208473541E-01 0.179402269E-01
 0.153647782E-01 0.131517323E-01 0.113202864E-01 0.988654606E-02 0.886633620E-02
 0.827601831E-02 0.813264307E-02 0.845382456E-02 0.925718341E-02 0.105585949E-01
 0.123671032E-01 0.146709979E-01 0.174007863E-01 0.205280539E-01 0.240468942E-01
 0.279658996E-01 0.323042646E-01 0.370890610E-01 0.423522033E-01 0.481263138E-01
 0.544391684E-01 0.613068379E-01 0.687262863E-01 0.766683668E-01 0.850725323E-01
 0.938443840E-01 0.102856897E+00 0.111955702E+00 0.120968372E+00 0.129716605E+00
 0.176420912E+00 0.176261187E+00 0.171834290E+00 0.166210994E+00 0.160774663E+00
 0.155496359E+00 0.150353745E+00 0.145324424E+00 0.140388235E+00 0.135528117E+00
 0.130730212E+00 0.125983551E+00 0.121279702E+00 0.116612434E+00 0.111977383E+00
 0.107371874E+00 0.102794699E+00 0.982460380E-01 0.937273502E-01 0.892413259E-01
 0.847918466E-01 0.803839490E-01 0.760238469E-01 0.717189088E-01 0.674776584E-01
 0.633097962E-01 0.592262149E-01 0.552390479E-01 0.513616987E-01 0.476088636E-01
 0.439965650E-01 0.405420326E-01 0.372632481E-01 0.341796689E-01 0.313137211E-01
 0.286911279E-01 0.263330527E-01 0.242560562E-01 0.224733837E-01 0.209959894E-01
 0.198330693E-01 0.189922061E-01 0.184791442E-01 0.182972234E-01 0.184462834E-01
 0.189210251E-01 0.197092332E-01 0.207925327E-01 0.221599024E-01 0.238122996E-01
 0.257646646E-01 0.280471407E-01 0.307055041E-01 0.338000916E-01 0.374021046E-01
 0.415863544E-01 0.464203916E-01 0.519513674E-01 0.581932142E-01 0.651170686E-01
 0.726468861E-01 0.806612819E-01 0.890015587E-01 0.974850953E-01 0.105921865E+00
 0.180584654E+00 0.180624291E+00 0.176632375E+00 0.171302661E+00 0.166151330E+00
 0.161155954E+00 0.156290054E+00 0.151530668E+00 0.146859139E+00 0.142260537E+00
 0.137723133E+00 0.133237749E+00 0.128797382E+00 0.124396801E+00 0.120032310E+00
 0.115701564E+00 0.111403368E+00 0.107137606E+00 0.102905110E+00 0.987076536E-01
 0.945478305E-01 0.904291049E-01 0.863557309E-01 0.823327824E-01 0.783661231E-01
 0.744624659E-01 0.706293285E-01 0.668750778E-01 0.632089376E-01 0.596409664E-01
 0.561820231E-01 0.528437048E-01 0.496382117E-01 0.465783477E-01 0.436773747E-01
 0.409483947E-01 0.384028889E-01 0.360500216E-01 0.338964202E-01 0.319461711E-01
 0.302007739E-01 0.286590382E-01 0.273168739E-01 0.261670761E-01 0.251991656E-01
 0.243995842E-01 0.237526912E-01 0.232433677E-01 0.228619203E-01 0.226092208E-01
 0.225021821E-01 0.225797836E-01 0.229093973E-01 0.235919710E-01 0.247630030E-01
 0.265847147E-01 0.292260218E-01 0.328326672E-01 0.374968573E-01 0.432360731E-01
 0.499843247E-01 0.575946867E-01 0.658528134E-01 0.745022595E-01 0.832782015E-01
 0.183594912E+00 0.183806241E+00 0.180134267E+00 0.175204247E+00 0.170475230E+00
 0.165887758E+00 0.161403269E+00 0.156999469E+00 0.152662233E+00 0.148381785E+00
 0.144150898E+00 0.139964074E+00 0.135817111E+00 0.131706938E+00 0.127631396E+00
 0.123589106E+00 0.119579427E+00 0.115602344E+00 0.111658387E+00 0.107748620E+00
 0.103874564E+00 0.100038171E+00 0.962418541E-01 0.924884155E-01 0.887811035E-01
 0.851236060E-01 0.815200731E-01 0.779751316E-01 0.744938776E-01 0.710818917E-01
 0.677451715E-01 0.644900724E-01 0.613231473E-01 0.582509898E-01 0.552799180E-01
 0.524155088E-01 0.496619828E-01 0.470216759E-01 0.444945656E-01 0.420778990E-01
 0.397658199E-01 0.375489853E-01 0.354142450E-01 0.333443359E-01 0.313178487E-01
 0.293095279E-01 0.272913091E-01 0.252343975E-01 0.231127944E-01 0.209085308E-01
 0.186193362E-01 0.162698533E-01 0.139278257E-01 0.117259650E-01 0.988648552E-02
 0.873300433E-02 0.865700748E-02 0.100246593E-01 0.130813941E-01 0.179143790E-01
 0.244548023E-01 0.324827544E-01 0.416337959E-01 0.514409356E-01 0.614335127E-01
 0.185115039E+00 0.185290903E+00 0.182048053E+00 0.177935421E+00 0.173877135E+00
 0.169837594E+00 0.165823027E+00 0.161837414E+00 0.157882527E+00 0.153958857E+00
 0.150066227E+00 0.146204218E+00 0.142372370E+00 0.138570398E+00 0.134798154E+00
 0.131055728E+00 0.127343342E+00 0.123661406E+00 0.120010391E+00 0.116390847E+00
 0.112803340E+00 0.109248452E+00 0.105726749E+00 0.102238804E+00 0.987852216E-01
 0.953666419E-01 0.919837952E-01 0.886375755E-01 0.853290185E-01 0.820593759E-01
 0.788300931E-01 0.756427273E-01 0.724988878E-01 0.693999976E-01 0.663470328E-01
 0.633401498E-01 0.603781827E-01 0.574581362E-01 0.545746200E-01 0.517192408E-01
 0.488799736E-01 0.460404865E-01 0.431794375E-01 0.402697511E-01 0.372779705E-01
 0.341637656E-01 0.308797285E-01 0.273717344E-01 0.235802773E-01 0.194434319E-01
 0.149027295E-01 0.991424732E-02 0.446915766E-02-0.136721600E-02-0.737530272E-02
-0.130074900E-01-0.172042921E-01-0.189105626E-01-0.176787786E-01-0.134311691E-01
-0.626045652E-02 0.356641039E-02 0.154545382E-01 0.282700416E-01 0.408229157E-01
 0.185919791E+00 0.185858756E+00 0.183485210E+00 0.180225477E+00 0.176807970E+00
 0.173304543E+00 0.169760451E+00 0.166200593E+00 0.162639171E+00 0.159084797E+00
 0.155543029E+00 0.152017772E+00 0.148511946E+00 0.145027891E+00 0.141567558E+00
 0.138132572E+00 0.134724244E+00 0.131343573E+00 0.127991125E+00 0.124667101E+00
 0.121371202E+00 0.118102677E+00 0.114860274E+00 0.111642256E+00 0.108446471E+00
 0.105270371E+00 0.102111153E+00 0.989658162E-01 0.958312750E-01 0.927044898E-01
 0.895825326E-01 0.864625797E-01 0.833419189E-01 0.802177936E-01 0.770871863E-01
 0.739464462E-01 0.707908124E-01 0.676138848E-01 0.644068941E-01 0.611579120E-01
 0.578510053E-01 0.544651784E-01 0.509732254E-01 0.473404191E-01 0.435229503E-01
 0.394661091E-01 0.351021178E-01 0.303475633E-01 0.251004137E-01 0.192367975E-01
 0.126081314E-01 0.503973896E-02-0.366740348E-02-0.137319509E-01-0.253970977E-01
-0.390319563E-01-0.505074859E-01-0.559633449E-01-0.564266890E-01-0.524409376E-01
-0.435874574E-01-0.302731488E-01-0.118487934E-01 0.782488845E-02 0.239226539E-01
 0.187732995E+00 0.187864974E+00 0.185660213E+00 0.182689220E+00 0.179647386E+00
 0.176547408E+00 0.173405230E+00 0.170235157E+00 0.167048529E+00 0.163854152E+00
 0.160659105E+00 0.157469302E+00 0.154289797E+00 0.151125014E+00 0.147978783E+00
 0.144854277E+00 0.141753986E+00 0.138679624E+00 0.135632068E+00 0.132611245E+00
 0.129616097E+00 0.126644522E+00 0.123693399E+00 0.120758526E+00 0.117834762E+00
 0.114916071E+00 0.111995719E+00 0.109066427E+00 0.106120631E+00 0.103150718E+00
 0.100149274E+00 0.971092358E-01 0.940240398E-01 0.908875689E-01 0.876940116E-01
 0.844375491E-01 0.811118335E-01 0.777093694E-01 0.742206648E-01 0.706332847E-01
 0.669307336E-01 0.630911589E-01 0.590858720E-01 0.548775308E-01 0.504179262E-01
 0.456450954E-01 0.404794551E-01 0.348184220E-01 0.285287593E-01 0.214355644E-01
 0.133066187E-01 0.383134605E-02-0.740378955E-02-0.209361836E-01-0.374344923E-01
-0.557561740E-01-0.682218969E-01-0.747634619E-01-0.757842511E-01-0.710415095E-01
-0.606895126E-01-0.437776372E-01-0.214063954E-01-0.166519184E-02 0.149530750E-01
 0.189484596E+00 0.189819261E+00 0.187804371E+00 0.185111746E+00 0.182388723E+00
 0.179632872E+00 0.176846310E+00 0.174032763E+00 0.171197146E+00 0.168345258E+00
 0.165483445E+00 0.162618384E+00 0.159756705E+00 0.156904772E+00 0.154068351E+00
 0.151252404E+00 0.148460835E+00 0.145696342E+00 0.142960280E+00 0.140252531E+00
 0.137571350E+00 0.134913340E+00 0.132273376E+00 0.129644573E+00 0.127018407E+00
 0.124384768E+00 0.121732272E+00 0.119048536E+00 0.116320617E+00 0.113535494E+00
 0.110680595E+00 0.107744262E+00 0.104716115E+00 0.101587273E+00 0.983502939E-01
 0.949989259E-01 0.915275589E-01 0.879304186E-01 0.842006207E-01 0.803289860E-01
 0.763027444E-01 0.721041560E-01 0.677089021E-01 0.630842522E-01 0.581868850E-01
 0.529600494E-01 0.473296344E-01 0.411985926E-01 0.344383270E-01 0.268749222E-01
 0.182656869E-01 0.825734437E-02-0.368885510E-02-0.184059851E-01-0.368752405E-01
-0.525769442E-01-0.631062314E-01-0.686318502E-01-0.690449774E-01-0.643027276E-01
-0.532700717E-01-0.351744294E-01-0.160895754E-01 0.387371314E-03 0.147693977E-01
 0.190918565E+00 0.191447645E+00 0.189770877E+00 0.187376931E+00 0.184976578E+00
 0.182560936E+00 0.180120498E+00 0.177650154E+00 0.175149500E+00 0.172622263E+00
 0.170075104E+00 0.167516530E+00 0.164955840E+00 0.162402242E+00 0.159864247E+00
 0.157349229E+00 0.154863060E+00 0.152409837E+00 0.149991781E+00 0.147608966E+00
 0.145259202E+00 0.142937899E+00 0.140637875E+00 0.138349339E+00 0.136059806E+00
 0.133754283E+00 0.131415516E+00 0.129024446E+00 0.126561001E+00 0.124004900E+00
 0.121336736E+00 0.118538924E+00 0.115596630E+00 0.112498328E+00 0.109236054E+00
 0.105805136E+00 0.102203526E+00 0.984307379E-01 0.944865271E-01 0.903694034E-01
 0.860751718E-01 0.815953985E-01 0.769160837E-01 0.720162317E-01 0.668665171E-01
 0.614276938E-01 0.556488670E-01 0.494652130E-01 0.427951105E-01 0.355362222E-01
 0.275599249E-01 0.187019352E-01 0.873826817E-02-0.275102933E-02-0.150332004E-01
-0.247525200E-01-0.315874219E-01-0.352449119E-01-0.356679782E-01-0.323034339E-01
-0.249533765E-01-0.131392023E-01-0.120030809E-02 0.102725336E-01 0.210654270E-01
 0.192139879E+00 0.192900792E+00 0.191460058E+00 0.189408466E+00 0.187384099E+00
 0.185348943E+00 0.183276251E+00 0.181152284E+00 0.178974882E+00 0.176750332E+00
 0.174490213E+00 0.172208682E+00 0.169920594E+00 0.167640164E+00 0.165380120E+00
 0.163151234E+00 0.160961971E+00 0.158818424E+00 0.156724066E+00 0.154679611E+00
 0.152682871E+00 0.150728375E+00 0.148807168E+00 0.146906465E+00 0.145009384E+00
 0.143094957E+00 0.141138256E+00 0.139111042E+00 0.136982828E+00 0.134722456E+00
 0.132299989E+00 0.129688814E+00 0.126867563E+00 0.123821475E+00 0.120543122E+00
 0.117032118E+00 0.113293990E+00 0.109338462E+00 0.105177246E+00 0.100821882E+00
 0.962817371E-01 0.915624350E-01 0.866647214E-01 0.815838203E-01 0.763092041E-01
 0.708248690E-01 0.651102215E-01 0.591419674E-01 0.528978966E-01 0.463644639E-01
 0.395525470E-01 0.325317718E-01 0.255083665E-01 0.189804900E-01 0.135071455E-01
 0.856819563E-02 0.464841863E-02 0.230279751E-02 0.176508946E-02 0.295835035E-02
 0.549925212E-02 0.990092009E-02 0.160896163E-01 0.231568255E-01 0.305251051E-01
 0.192724794E+00 0.193722710E+00 0.192685515E+00 0.191145912E+00 0.189646587E+00
 0.188091427E+00 0.186432451E+00 0.184657469E+00 0.182776541E+00 0.180811197E+00
 0.178787529E+00 0.176732138E+00 0.174669772E+00 0.172622204E+00 0.170607746E+00
 0.168641239E+00 0.166734114E+00 0.164894640E+00 0.163127899E+00 0.161435843E+00
 0.159816980E+00 0.158265948E+00 0.156772971E+00 0.155322984E+00 0.153894946E+00
 0.152461112E+00 0.150986761E+00 0.149430513E+00 0.147745848E+00 0.145883605E+00
 0.143795758E+00 0.141439751E+00 0.138782695E+00 0.135804594E+00 0.132499874E+00
 0.128877014E+00 0.124956109E+00 0.120765284E+00 0.116336405E+00 0.111701161E+00
 0.106887989E+00 0.101920247E+00 0.968154669E-01 0.915855393E-01 0.862377211E-01
 0.807763189E-01 0.752051622E-01 0.695312098E-01 0.637697354E-01 0.579519682E-01
 0.521357507E-01 0.464184731E-01 0.409456454E-01 0.358966589E-01 0.314377174E-01
 0.277061425E-01 0.248558857E-01 0.230456963E-01 0.223816615E-01 0.228945985E-01
 0.245649889E-01 0.273416676E-01 0.310885962E-01 0.355704539E-01 0.405282080E-01
 0.192048594E+00 0.193153918E+00 0.193128109E+00 0.192669839E+00 0.192027047E+00
 0.191096336E+00 0.189865842E+00 0.188382879E+00 0.186708644E+00 0.184902862E+00
 0.183019146E+00 0.181103468E+00 0.179193661E+00 0.177319929E+00 0.175505713E+00
 0.173768893E+00 0.172122851E+00 0.170577407E+00 0.169139251E+00 0.167812094E+00
 0.166596502E+00 0.165489227E+00 0.164482132E+00 0.163560644E+00 0.162701949E+00
 0.161872685E+00 0.161027059E+00 0.160105646E+00 0.159036353E+00 0.157738298E+00
 0.156129152E+00 0.154134840E+00 0.151699379E+00 0.148792386E+00 0.145412803E+00
 0.141587600E+00 0.137366250E+00 0.132811710E+00 0.127990797E+00 0.122966208E+00
 0.117791660E+00 0.112510212E+00 0.107154787E+00 0.101750046E+00 0.963149443E-01
 0.908655673E-01 0.854182243E-01 0.799928978E-01 0.746170506E-01 0.693297684E-01
 0.641856194E-01 0.592570715E-01 0.546333417E-01 0.504145660E-01 0.467033386E-01
 0.435984582E-01 0.411909707E-01 0.395572297E-01 0.387488790E-01 0.387854390E-01
 0.396518521E-01 0.412974209E-01 0.436352156E-01 0.465480313E-01 0.499034822E-01
 0.191225931E+00 0.192541286E+00 0.193696678E+00 0.194749013E+00 0.195560366E+00
 0.195114329E+00 0.194069996E+00 0.192631960E+00 0.190938368E+00 0.189095676E+00
 0.187188506E+00 0.185282364E+00 0.183425486E+00 0.181651860E+00 0.179984927E+00
 0.178441063E+00 0.177032158E+00 0.175767466E+00 0.174654469E+00 0.173699319E+00
 0.172906637E+00 0.172278747E+00 0.171814233E+00 0.171505630E+00 0.171335936E+00
 0.171273664E+00 0.171266675E+00 0.171235323E+00 0.171068177E+00 0.170625016E+00
 0.169751823E+00 0.168305576E+00 0.166179627E+00 0.163321316E+00 0.159739867E+00
 0.155504212E+00 0.150729150E+00 0.145550966E+00 0.140101388E+00 0.134490296E+00
 0.128800645E+00 0.123091102E+00 0.117401905E+00 0.111760780E+00 0.106187977E+00
 0.100700356E+00 0.953147560E-01 0.900508091E-01 0.849334002E-01 0.799946189E-01
 0.752750486E-01 0.708239228E-01 0.666979402E-01 0.629585162E-01 0.596681945E-01
 0.568866432E-01 0.546665192E-01 0.530492067E-01 0.520606115E-01 0.517078862E-01
 0.519774929E-01 0.528349951E-01 0.542267002E-01 0.560836010E-01 0.583272986E-01
 0.191106677E+00 0.192818031E+00 0.194721788E+00 0.196952745E+00 0.199466929E+00
 0.200417861E+00 0.199475944E+00 0.197597459E+00 0.195504323E+00 0.193322912E+00
 0.191164628E+00 0.189108491E+00 0.187199429E+00 0.185459077E+00 0.183897227E+00
 0.182519048E+00 0.181328788E+00 0.180331662E+00 0.179534674E+00 0.178946957E+00
 0.178579643E+00 0.178445309E+00 0.178556889E+00 0.178925499E+00 0.179556504E+00
 0.180442497E+00 0.181550890E+00 0.182803065E+00 0.184044182E+00 0.185018659E+00
 0.185396031E+00 0.184862956E+00 0.183202848E+00 0.180318296E+00 0.176235765E+00
 0.171116725E+00 0.165244147E+00 0.158939108E+00 0.152460560E+00 0.145973891E+00
 0.139572248E+00 0.133304715E+00 0.127196074E+00 0.121258825E+00 0.115500137E+00
 0.109926037E+00 0.104544066E+00 0.993649885E-01 0.944040343E-01 0.896815658E-01
 0.852233246E-01 0.810599849E-01 0.772261098E-01 0.737584904E-01 0.706939548E-01
 0.680669174E-01 0.659067705E-01 0.642353892E-01 0.630648658E-01 0.623958707E-01
 0.622167103E-01 0.625033975E-01 0.632207543E-01 0.643244758E-01 0.657639876E-01
 0.190780535E+00 0.192699477E+00 0.194909930E+00 0.197566763E+00 0.200795159E+00
 0.202964634E+00 0.203606650E+00 0.202670112E+00 0.200162202E+00 0.197221667E+00
 0.194545284E+00 0.192216992E+00 0.190212831E+00 0.188497558E+00 0.187044144E+00
 0.185835287E+00 0.184862316E+00 0.184124112E+00 0.183626547E+00 0.183382168E+00
 0.183410347E+00 0.183737591E+00 0.184397861E+00 0.185432941E+00 0.186892137E+00
 0.188830495E+00 0.191302508E+00 0.194343328E+00 0.197906569E+00 0.201618537E+00
 0.204431683E+00 0.205519974E+00 0.204598427E+00 0.201550245E+00 0.196343303E+00
 0.189157009E+00 0.180836543E+00 0.172462270E+00 0.164418548E+00 0.156775594E+00
 0.149524853E+00 0.142638460E+00 0.136087105E+00 0.129845783E+00 0.123895295E+00
 0.118222386E+00 0.112819545E+00 0.107684754E+00 0.102821186E+00 0.982368961E-01
 0.939443037E-01 0.899594873E-01 0.863011628E-01 0.829894319E-01 0.800443366E-01
 0.774842352E-01 0.753241926E-01 0.735744685E-01 0.722392127E-01 0.713155419E-01
 0.707930401E-01 0.706538409E-01 0.708732083E-01 0.714206398E-01 0.722613484E-01
 0.189943016E+00 0.191853970E+00 0.193940565E+00 0.196208298E+00 0.198642135E+00
 0.201168448E+00 0.203199744E+00 0.203694552E+00 0.202495068E+00 0.199462995E+00
 0.196408063E+00 0.194004312E+00 0.192068130E+00 0.190497532E+00 0.189233825E+00
 0.188243538E+00 0.187509716E+00 0.187027723E+00 0.186803401E+00 0.186852738E+00
 0.187202588E+00 0.187892184E+00 0.188975573E+00 0.190525278E+00 0.192638576E+00
 0.195447445E+00 0.199135721E+00 0.203970939E+00 0.210375264E+00 0.218988881E+00
 0.225530356E+00 0.228620306E+00 0.228678092E+00 0.225436255E+00 0.218753517E+00
 0.208119974E+00 0.195110500E+00 0.184132412E+00 0.174487874E+00 0.165799186E+00
 0.157839939E+00 0.150465742E+00 0.143581286E+00 0.137122005E+00 0.131043196E+00
 0.125313714E+00 0.119912229E+00 0.114825018E+00 0.110044561E+00 0.105568469E+00
 0.101398543E+00 0.975399241E-01 0.940000713E-01 0.907877609E-01 0.879119858E-01
 0.853808299E-01 0.832004100E-01 0.813739002E-01 0.799007043E-01 0.787758753E-01
 0.779898465E-01 0.775283873E-01 0.773729458E-01 0.775012225E-01 0.778879598E-01
 0.188690886E+00 0.190627649E+00 0.192547575E+00 0.194378614E+00 0.196085900E+00
 0.197651178E+00 0.199043781E+00 0.200199619E+00 0.200319439E+00 0.198290929E+00
 0.195942014E+00 0.194058999E+00 0.192542091E+00 0.191331193E+00 0.190389171E+00
 0.189693615E+00 0.189232960E+00 0.189005077E+00 0.189017147E+00 0.189286813E+00
 0.189843804E+00 0.190732867E+00 0.192016393E+00 0.193779171E+00 0.196136102E+00
 0.199245304E+00 0.203330934E+00 0.208723217E+00 0.215922460E+00 0.225509673E+00
 0.233020335E+00 0.236808643E+00 0.237248853E+00 0.234178692E+00 0.227331653E+00
 0.216116056E+00 0.202451959E+00 0.190918580E+00 0.180889979E+00 0.171928629E+00
 0.163769484E+00 0.156252161E+00 0.149275586E+00 0.142771542E+00 0.136690825E+00
 0.130996555E+00 0.125660941E+00 0.120663464E+00 0.115989625E+00 0.111629888E+00
 0.107578807E+00 0.103834070E+00 0.100395679E+00 0.972650200E-01 0.944440290E-01
 0.919343829E-01 0.897366926E-01 0.878498554E-01 0.862705112E-01 0.849926099E-01
 0.840072110E-01 0.833024457E-01 0.828636661E-01 0.826737434E-01 0.827135146E-01
 0.768271506E+00 0.783385932E+00 0.794698060E+00 0.807915926E+00 0.822062135E+00
 0.836839974E+00 0.852005541E+00 0.867837429E+00 0.884217501E+00 0.901515782E+00
 0.918830633E+00 0.936911583E+00 0.955573857E+00 0.975269616E+00 0.995516479E+00
 0.101642585E+01 0.103825450E+01 0.106096804E+01 0.108453000E+01 0.110901916E+01
 0.113449109E+01 0.116094327E+01 0.118850791E+01 0.121722364E+01 0.124714911E+01
 0.127833712E+01 0.131078923E+01 0.134471130E+01 0.138007891E+01 0.141702688E+01
 0.145576787E+01 0.149615180E+01 0.153838158E+01 0.158257949E+01 0.162898469E+01
 0.167774308E+01 0.172868335E+01 0.178209305E+01 0.183819985E+01 0.189744794E+01
 0.195969331E+01 0.202487803E+01 0.209344530E+01 0.216619563E+01 0.224279690E+01
 0.232315350E+01 0.240808392E+01 0.249820662E+01 0.259316373E+01 0.269340444E+01
 0.279984355E+01 0.291254497E+01 0.303134704E+01 0.315867853E+01 0.329267597E+01
 0.343627048E+01 0.359009886E+01 0.375502563E+01 0.393401909E+01 0.412842131E+01
 0.434227514E+01 0.458562613E+01 0.487394619E+01 0.527525949E+01 0.676836967E+01
   86  117
 0.111520660E+01-0.200000003E+00 0.110048890E+01-0.150000006E+00 0.108656824E+01
-0.500000007E-01 0.109597790E+01 0.500000007E-01 0.111021340E+01 0.100000001E+00
 0.113218749E+01 0.155718133E+00 0.115875006E+01 0.209201857E+00 0.118531251E+01
 0.255990028E+00 0.121309614E+01 0.300000012E+00 0.124679053E+01 0.349999994E+00
 0.128330553E+01 0.400000006E+00 0.131812501E+01 0.443267971E+00 0.134468746E+01
 0.474686414E+00 0.137125003E+01 0.504499257E+00 0.141605282E+01 0.550000012E+00
 0.145093751E+01 0.582111478E+00 0.147749996E+01 0.605066359E+00 0.153062499E+01
 0.645494223E+00 0.155718756E+01 0.664295554E+00 0.161031246E+01 0.696826994E+00
 0.163687503E+01 0.711980939E+00 0.169000006E+01 0.737250626E+00 0.172117400E+01
 0.750000000E+00 0.176968753E+01 0.767747879E+00 0.182281256E+01 0.781073689E+00
 0.187593746E+01 0.789017260E+00 0.192906249E+01 0.790904224E+00 0.198218751E+01
 0.784195900E+00 0.203531241E+01 0.760359585E+00 0.206187510E+01 0.734455526E+00
 0.208843756E+01 0.693812847E+00 0.211500001E+01 0.636749804E+00 0.214156246E+01
 0.563230693E+00 0.216073966E+01 0.500000000E+00 0.217642879E+01 0.449999988E+00
 0.219468760E+01 0.391434282E+00 0.222125006E+01 0.307692170E+00 0.223836970E+01
 0.250000000E+00 0.225268984E+01 0.200000003E+00 0.227437496E+01 0.102572590E+00
 0.228127074E+01 0.500000007E-01 0.228256845E+01-0.500000007E-01 0.227437496E+01
-0.116121925E+00 0.225652385E+01-0.200000003E+00 0.224216795E+01-0.250000000E+00
 0.222125006E+01-0.315462619E+00 0.219468760E+01-0.388790309E+00 0.217092705E+01
-0.449999988E+00 0.214935684E+01-0.500000000E+00 0.212575769E+01-0.550000012E+00
 0.209976983E+01-0.600000024E+00 0.207103586E+01-0.649999976E+00 0.203927374E+01
-0.699999988E+00 0.200874996E+01-0.743152618E+00 0.198218751E+01-0.779385269E+00
 0.195562506E+01-0.813729882E+00 0.192516851E+01-0.850000024E+00 0.188394690E+01
-0.899999976E+00 0.184937501E+01-0.940720677E+00 0.182281256E+01-0.972447455E+00
 0.179624999E+01-0.100275135E+01 0.175255144E+01-0.104999995E+01 0.171656251E+01
-0.109064960E+01 0.169000006E+01-0.112249768E+01 0.164606905E+01-0.116609108E+01
 0.162870061E+01-0.118614769E+01 0.160693717E+01-0.114999998E+01 0.157667696E+01
-0.110000002E+01 0.154739034E+01-0.104999995E+01 0.151856244E+01-0.100000000E+01
 0.149000132E+01-0.949999988E+00 0.146162808E+01-0.899999976E+00 0.143343282E+01
-0.850000024E+00 0.140545166E+01-0.800000012E+00 0.137775099E+01-0.750000000E+00
 0.135041118E+01-0.699999988E+00 0.132351518E+01-0.649999976E+00 0.129713869E+01
-0.600000024E+00 0.127134407E+01-0.550000012E+00 0.124617922E+01-0.500000000E+00
 0.122168314E+01-0.449999988E+00 0.119790721E+01-0.400000006E+00 0.117497075E+01
-0.349999994E+00 0.115318370E+01-0.300000012E+00 0.113218749E+01-0.246421963E+00
 0.111520660E+01-0.200000003E+00
 0.101600003E+01 0.000000000E+00 0.101600003E+01 0.963999987E+00 0.101600003E+01
 0.967999995E+00 0.101600003E+01 0.100100005E+01 0.101600003E+01 0.101900005E+01
 0.101600003E+01 0.107700002E+01 0.101600003E+01 0.107000005E+01 0.101600003E+01
 0.109599996E+01 0.101600003E+01 0.111300004E+01 0.101600003E+01 0.113800001E+01
 0.101600003E+01 0.114699996E+01 0.101199996E+01 0.116499996E+01 0.100100005E+01
 0.121700001E+01 0.102900004E+01 0.121700001E+01 0.104200006E+01 0.116240001E+01
 0.104600000E+01 0.116237998E+01 0.105599999E+01 0.116260004E+01 0.109700000E+01
 0.116450000E+01 0.110800004E+01 0.116594005E+01 0.111600006E+01 0.116591001E+01
 0.113399994E+01 0.116895998E+01 0.114800000E+01 0.117174995E+01 0.116199994E+01
 0.117556000E+01 0.118099999E+01 0.118299997E+01 0.118200004E+01 0.118350005E+01
 0.118499994E+01 0.118499994E+01 0.119000006E+01 0.118799996E+01 0.119500005E+01
 0.119099998E+01 0.120099998E+01 0.119599998E+01 0.120899999E+01 0.120200002E+01
 0.121500003E+01 0.120799994E+01 0.122200000E+01 0.121399999E+01 0.122800004E+01
 0.122099996E+01 0.123399997E+01 0.123099995E+01 0.123899996E+01 0.123800004E+01
 0.124199998E+01 0.124399996E+01 0.124800003E+01 0.125399995E+01 0.125800002E+01
 0.127800000E+01 0.126300001E+01 0.128999996E+01 0.127999997E+01 0.133099997E+01
 0.127999997E+01 0.134700000E+01 0.127999997E+01 0.134800005E+01 0.130999994E+01
 0.134800005E+01 0.132799995E+01 0.134800005E+01 0.136099994E+01 0.134800005E+01
 0.138000000E+01 0.134800005E+01 0.141900003E+01 0.134800005E+01 0.141900003E+01
 0.130999994E+01 0.137199998E+01 0.130999994E+01 0.137167001E+01 0.129237998E+01
 0.137003005E+01 0.128268003E+01 0.136688006E+01 0.125644004E+01 0.136719000E+01
 0.122955000E+01 0.137178004E+01 0.119576001E+01 0.137223995E+01 0.119402003E+01
 0.138662004E+01 0.116487002E+01 0.138707995E+01 0.116420996E+01 0.140382004E+01
 0.115696001E+01 0.141127002E+01 0.115730000E+01 0.141857004E+01 0.116131997E+01
 0.142100000E+01 0.116400003E+01 0.148662996E+01 0.124049997E+01 0.149730003E+01
 0.123458004E+01 0.149761999E+01 0.123427999E+01 0.149744999E+01 0.123174000E+01
 0.149275005E+01 0.121329999E+01 0.149259996E+01 0.121061003E+01 0.149260998E+01
 0.120485997E+01 0.149278998E+01 0.120213997E+01 0.149339998E+01 0.119641995E+01
 0.149469995E+01 0.118510997E+01 0.149621999E+01 0.116069996E+01 0.147981000E+01
 0.112425995E+01 0.148081994E+01 0.112256002E+01 0.148149002E+01 0.112137997E+01
 0.148645997E+01 0.111691999E+01 0.149094999E+01 0.111439002E+01 0.150304997E+01
 0.111243999E+01 0.159696996E+01 0.109489000E+01 0.162549996E+01 0.108529997E+01
 0.163751996E+01 0.107988000E+01 0.164699996E+01 0.107700002E+01 0.178499997E+01
 0.107700002E+01 0.206999993E+01 0.103999996E+01 0.212800002E+01 0.992999971E+00
 0.224499989E+01 0.708999991E+00 0.233956003E+01 0.461430013E+00 0.234707999E+01
 0.415829986E+00 0.234912992E+01 0.272179991E+00 0.235103011E+01 0.170179993E+00
 0.235157990E+01 0.701199993E-01 0.235124993E+01-0.317899995E-01 0.235050988E+01
-0.144350007E+00 0.234964991E+01-0.214829996E+00 0.234870005E+01-0.326689988E+00
 0.234759998E+01-0.386770010E+00 0.234019995E+01-0.453040004E+00 0.232942009E+01
-0.477569997E+00 0.213400006E+01-0.972999990E+00 0.178600001E+01-0.117400002E+01
 0.176800001E+01-0.121099997E+01 0.176800001E+01-0.125000000E+01 0.168200004E+01
-0.125000000E+01 0.137199998E+01-0.125000000E+01 0.137199998E+01-0.132900000E+01
 0.141999996E+01-0.132900000E+01 0.141999996E+01-0.136300004E+01 0.127300000E+01
-0.136300004E+01 0.115300000E+01-0.136300004E+01 0.101600003E+01-0.122300005E+01
 0.101600003E+01-0.122300005E+01 0.101600003E+01-0.829999983E+00 0.101600003E+01
-0.800000012E+00 0.101600003E+01-0.414999992E+00 0.101600003E+01-0.400000006E+00
 0.101600003E+01-0.100000005E-02 0.101600003E+01 0.000000000E+00
    0 0.170000005E+01    1
 0.000000000E+00 0.000000000E+00 0.000000000E+00 0.000000000E+00 0.000000000E+00
 0.000000000E+00 0.000000000E+00 0.000000000E+00 0.000000000E+00 0.000000000E+00
 0.000000000E+00 0.000000000E+00 0.000000000E+00 0.000000000E+00 0.000000000E+00
 0.000000000E+00 0.000000000E+00 0.000000000E+00 0.000000000E+00 0.000000000E+00
 0.000000000E+00 0.000000000E+00 0.000000000E+00 0.000000000E+00 0.000000000E+00
 0.000000000E+00 0.000000000E+00 0.000000000E+00 0.000000000E+00 0.000000000E+00
 0.000000000E+00 0.000000000E+00 0.000000000E+00 0.000000000E+00 0.000000000E+00
 0.000000000E+00 0.000000000E+00 0.000000000E+00 0.000000000E+00 0.000000000E+00
 0.000000000E+00 0.000000000E+00 0.000000000E+00 0.000000000E+00 0.000000000E+00
 0.000000000E+00 0.000000000E+00 0.000000000E+00 0.000000000E+00 0.000000000E+00
 0.000000000E+00 0.000000000E+00 0.000000000E+00 0.000000000E+00 0.000000000E+00
 0.000000000E+00 0.000000000E+00 0.000000000E+00 0.000000000E+00 0.000000000E+00
 0.000000000E+00 0.000000000E+00 0.000000000E+00 0.000000000E+00 0.000000000E+00
 0.000000000E+00 0.776815563E-01 0.110641353E+00 0.136228845E+00 0.158053741E+00
 0.177524254E+00 0.195418462E+00 0.212074816E+00 0.227804944E+00 0.241493985E+00
 0.256015569E+00 0.269961745E+00 0.283510745E+00 0.296684891E+00 0.309619427E+00
 0.322205335E+00 0.334579110E+00 0.346827656E+00 0.358866423E+00 0.370798409E+00
 0.382581323E+00 0.394290656E+00 0.405957460E+00 0.417509347E+00 0.429051131E+00
 0.440573484E+00 0.452056676E+00 0.463555753E+00 0.475059390E+00 0.486570477E+00
 0.498152345E+00 0.509754956E+00 0.521410108E+00 0.533128977E+00 0.544923842E+00
 0.556836545E+00 0.568817496E+00 0.580906510E+00 0.593104422E+00 0.605462074E+00
 0.617963135E+00 0.630589843E+00 0.643362582E+00 0.656359553E+00 0.669541001E+00
 0.682887614E+00 0.696450531E+00 0.710276604E+00 0.724316895E+00 0.738617837E+00
 0.753178895E+00 0.768055201E+00 0.783183157E+00 0.798706174E+00 0.814497530E+00
 0.830674469E+00 0.847252727E+00 0.864219189E+00 0.881626070E+00 0.899511218E+00
 0.917932153E+00 0.936969995E+00 0.956707895E+00 0.977429092E+00 0.100000000E+01
    1
 0.000000000E+00 0.000000000E+00 0.000000000E+00 0.000000000E+00 0.000000000E+00
 0.000000000E+00 0.000000000E+00 0.000000000E+00 0.000000000E+00 0.000000000E+00
 0.000000000E+00 0.000000000E+00 0.000000000E+00 0.000000000E+00 0.000000000E+00
 0.000000000E+00 0.000000000E+00 0.000000000E+00 0.000000000E+00 0.000000000E+00
 0.000000000E+00 0.000000000E+00 0.000000000E+00 0.000000000E+00 0.000000000E+00
 0.000000000E+00 0.000000000E+00 0.000000000E+00 0.000000000E+00 0.000000000E+00
 0.000000000E+00 0.000000000E+00 0.000000000E+00 0.000000000E+00 0.000000000E+00
 0.000000000E+00 0.000000000E+00 0.000000000E+00 0.000000000E+00 0.000000000E+00
 0.000000000E+00 0.000000000E+00 0.000000000E+00 0.000000000E+00 0.000000000E+00
 0.000000000E+00 0.000000000E+00 0.000000000E+00 0.000000000E+00 0.000000000E+00
 0.000000000E+00 0.000000000E+00 0.000000000E+00 0.000000000E+00 0.000000000E+00
 0.000000000E+00 0.000000000E+00 0.000000000E+00 0.000000000E+00 0.000000000E+00
 0.000000000E+00 0.000000000E+00 0.000000000E+00 0.000000000E+00 0.000000000E+00
&BASIS
 EE2BDRY= 32*0.00000000      ,
 EEBDRY= 32*0.00000000      ,
 EEKNT= 32*0.00000000      ,
 EETENS=  5.00000000    ,
 FF2BDRY= 64*0.00000000      ,
 FFBDRY=  1.89600253    , -7.32518148    ,  5.51011848    , 61*0.00000000      ,
 FFKNT= 64*0.00000000      ,
 FFTENS=  0.00000000    ,
 KEE2BDRY= 32*0          ,
 KEEBDRY= 32*0          ,
 KEEFNC=          0,
 KEEKNT=          0,
 KFF2BDRY= 64*0          ,
 KFFBDRY= 64*0          ,
 KFFFNC=          0,
 KFFKNT=          0,
 KPP2BDRY= 64*0          ,
 KPPBDRY= 64*0          ,
 KPPFNC=          0,
 KPPKNT=          0,
 KWW2BDRY= 64*0          ,
 KWWBDRY= 64*0          ,
 KWWFNC=          0,
 KWWKNT=          0,
 PP2BDRY= 64*0.00000000      ,
 PPBDRY=  726074.125    , -560482.562    , 62*0.00000000      ,
 PPKNT= 64*0.00000000      ,
 PPTENS=  0.00000000    ,
 WW2BDRY= 64*0.00000000      ,
 WWBDRY= -1277.63013    , -32307.6543    , 62*0.00000000      ,
 WWKNT= 64*0.00000000      ,
 WWTENS=  0.00000000    ,
 /
