  EFITD    01/21/2000    #180520  3770ms           7  65  65
 0.170000005E+01 0.320000005E+01 0.169550002E+01 0.839999974E+00 0.000000000E+00
 0.180975008E+01-0.622813404E-01-0.217144385E+00 0.357333906E-01-0.197543561E+01
 0.883259250E+06-0.217144385E+00 0.000000000E+00 0.180975008E+01 0.000000000E+00
-0.622813404E-01 0.000000000E+00 0.357333906E-01 0.000000000E+00 0.000000000E+00
-0.337247109E+01-0.336961055E+01-0.336689639E+01-0.336432528E+01-0.336189461E+01
-0.335960126E+01-0.335744190E+01-0.335541344E+01-0.335351300E+01-0.335173750E+01
-0.335008335E+01-0.334854770E+01-0.334712720E+01-0.334581876E+01-0.334461904E+01
-0.334352469E+01-0.334253263E+01-0.334163928E+01-0.334084177E+01-0.334013653E+01
-0.333952022E+01-0.333898950E+01-0.333854127E+01-0.333817196E+01-0.333787823E+01
-0.333765674E+01-0.333750415E+01-0.333741713E+01-0.333739233E+01-0.333742619E+01
-0.333751535E+01-0.333765674E+01-0.333784652E+01-0.333808160E+01-0.333835864E+01
-0.333867407E+01-0.333902454E+01-0.333940673E+01-0.333981705E+01-0.334025240E+01
-0.334070921E+01-0.334118414E+01-0.334167385E+01-0.334217501E+01-0.334268403E+01
-0.334319758E+01-0.334371233E+01-0.334422517E+01-0.334473228E+01-0.334523058E+01
-0.334571671E+01-0.334618711E+01-0.334663844E+01-0.334706759E+01-0.334747100E+01
-0.334784508E+01-0.334818697E+01-0.334849310E+01-0.334876013E+01-0.334898448E+01
-0.334916306E+01-0.334929228E+01-0.334936905E+01-0.334938979E+01-0.334935117E+01
 0.998365703E+05 0.974522266E+05 0.950940469E+05 0.927620469E+05 0.904562188E+05
 0.881765625E+05 0.859230703E+05 0.836957578E+05 0.814946172E+05 0.793196406E+05
 0.771708359E+05 0.750482109E+05 0.729517500E+05 0.708814609E+05 0.688373438E+05
 0.668193984E+05 0.648276250E+05 0.628620234E+05 0.609225938E+05 0.590093359E+05
 0.571222461E+05 0.552613281E+05 0.534265820E+05 0.516180078E+05 0.498356055E+05
 0.480793750E+05 0.463493164E+05 0.446454258E+05 0.429677070E+05 0.413161641E+05
 0.396907891E+05 0.380915859E+05 0.365185508E+05 0.349716914E+05 0.334510039E+05
 0.319564844E+05 0.304881387E+05 0.290459629E+05 0.276299590E+05 0.262401250E+05
 0.248764648E+05 0.235389746E+05 0.222276562E+05 0.209425098E+05 0.196835332E+05
 0.184507285E+05 0.172440957E+05 0.160636338E+05 0.149093438E+05 0.137812246E+05
 0.126792764E+05 0.116035000E+05 0.105538955E+05 0.953046191E+04 0.853319922E+04
 0.756210791E+04 0.661718848E+04 0.569844043E+04 0.480586328E+04 0.393945776E+04
 0.309922339E+04 0.228516064E+04 0.149726904E+04 0.735548828E+03 0.000000000E+00
-0.250459480E+01-0.237644053E+01-0.225114131E+01-0.212869716E+01-0.200910807E+01
-0.189237416E+01-0.177849519E+01-0.166747141E+01-0.155930257E+01-0.145398891E+01
-0.135153031E+01-0.125192678E+01-0.115517831E+01-0.106128490E+01-0.970246553E+00
-0.882063270E+00-0.796735108E+00-0.714262009E+00-0.634643972E+00-0.557881057E+00
-0.483973175E+00-0.412920386E+00-0.344722658E+00-0.279380023E+00-0.216892451E+00
-0.157259956E+00-0.100482538E+00-0.465601981E-01 0.450706668E-02 0.527192578E-01
 0.980763733E-01 0.140578419E+00 0.180225372E+00 0.217017263E+00 0.250954092E+00
 0.282035828E+00 0.310262471E+00 0.335634053E+00 0.358150572E+00 0.377811998E+00
 0.394618362E+00 0.408569664E+00 0.419665873E+00 0.427906990E+00 0.433293074E+00
 0.435824037E+00 0.435499936E+00 0.432320774E+00 0.426286548E+00 0.417397231E+00
 0.405652821E+00 0.391053349E+00 0.373598814E+00 0.353289187E+00 0.330124497E+00
 0.304104716E+00 0.275229871E+00 0.243499950E+00 0.208914950E+00 0.171474874E+00
 0.131179720E+00 0.880295038E-01 0.420242026E-01-0.683617406E-02-0.585516244E-01
-0.606757500E+06-0.600133875E+06-0.593510250E+06-0.586886625E+06-0.580263000E+06
-0.573639438E+06-0.567015812E+06-0.560392188E+06-0.553768562E+06-0.547144938E+06
-0.540521312E+06-0.533897688E+06-0.527274062E+06-0.520650438E+06-0.514026812E+06
-0.507403219E+06-0.500779594E+06-0.494155969E+06-0.487532344E+06-0.480908719E+06
-0.474285094E+06-0.467661469E+06-0.461037875E+06-0.454414250E+06-0.447790625E+06
-0.441167000E+06-0.434543375E+06-0.427919750E+06-0.421296156E+06-0.414672531E+06
-0.408048906E+06-0.401425281E+06-0.394801656E+06-0.388178031E+06-0.381554406E+06
-0.374930812E+06-0.368307188E+06-0.361683562E+06-0.355059938E+06-0.348436312E+06
-0.341812688E+06-0.335189062E+06-0.328565469E+06-0.321941844E+06-0.315318219E+06
-0.308694594E+06-0.302070969E+06-0.295447344E+06-0.288823750E+06-0.282200125E+06
-0.275576500E+06-0.268952875E+06-0.262329250E+06-0.255705641E+06-0.249082016E+06
-0.242458391E+06-0.235834766E+06-0.229211156E+06-0.222587531E+06-0.215963906E+06
-0.209340297E+06-0.202716672E+06-0.196093047E+06-0.189469438E+06-0.182845812E+06
 0.125476763E+00 0.117889732E+00 0.109381109E+00 0.998966992E-01 0.895168185E-01
 0.784515440E-01 0.670036972E-01 0.555132665E-01 0.467161089E-01 0.434070602E-01
 0.395657644E-01 0.326231979E-01 0.243140701E-01 0.177196581E-01 0.123835187E-01
 0.814729463E-02 0.501116831E-02 0.306699472E-02 0.254066451E-02 0.389436912E-02
 0.801664870E-02 0.119723761E-01 0.135006616E-01 0.132786753E-01 0.116121750E-01
 0.858746003E-02 0.412806123E-02-0.201463257E-02-0.103263296E-01-0.215006471E-01
-0.301317982E-01-0.344338715E-01-0.349632353E-01-0.314184427E-01-0.236416329E-01
-0.110658444E-01 0.423425622E-02 0.167450923E-01 0.273216441E-01 0.365241282E-01
 0.447321273E-01 0.522134006E-01 0.591595806E-01 0.657065958E-01 0.719490126E-01
 0.779510662E-01 0.837549344E-01 0.893866941E-01 0.948604271E-01 0.100181140E+00
 0.105346926E+00 0.110350616E+00 0.115181260E+00 0.119825400E+00 0.124268413E+00
 0.128495708E+00 0.132493883E+00 0.136251763E+00 0.139761195E+00 0.143017635E+00
 0.146020383E+00 0.148772538E+00 0.151280716E+00 0.153554529E+00 0.155605942E+00
 0.126093790E+00 0.117305122E+00 0.107245468E+00 0.957601890E-01 0.828560665E-01
 0.687875822E-01 0.556007773E-01 0.462319888E-01 0.412968025E-01 0.409562774E-01
 0.395752303E-01 0.355856605E-01 0.303584971E-01 0.253323372E-01 0.208537579E-01
 0.170539077E-01 0.140375812E-01 0.119220661E-01 0.108495457E-01 0.109739993E-01
 0.122944424E-01 0.136279445E-01 0.138778687E-01 0.129631367E-01 0.108949635E-01
 0.763230212E-02 0.304171047E-02-0.314642768E-02-0.114201307E-01-0.224324353E-01
-0.310155302E-01-0.353358760E-01-0.358622782E-01-0.324463733E-01-0.248173382E-01
-0.123155359E-01 0.283965026E-02 0.154250395E-01 0.262281056E-01 0.357749611E-01
 0.444085784E-01 0.523653477E-01 0.598137192E-01 0.668752864E-01 0.736374334E-01
 0.801616833E-01 0.864895284E-01 0.926466659E-01 0.986461192E-01 0.104490608E+00
 0.110174425E+00 0.115685105E+00 0.121005021E+00 0.126113042E+00 0.130986333E+00
 0.135602191E+00 0.139939934E+00 0.143982589E+00 0.147718191E+00 0.151140794E+00
 0.154250652E+00 0.157054171E+00 0.159563035E+00 0.161793247E+00 0.163763836E+00
 0.129578352E+00 0.120258838E+00 0.109211713E+00 0.958987325E-01 0.801376402E-01
 0.669348761E-01 0.574985705E-01 0.520700924E-01 0.508374795E-01 0.501439758E-01
 0.483487807E-01 0.454555117E-01 0.418588743E-01 0.380002744E-01 0.342187956E-01
 0.307370294E-01 0.276972279E-01 0.251865182E-01 0.232379232E-01 0.218045227E-01
 0.207147691E-01 0.196706783E-01 0.183580555E-01 0.165535286E-01 0.141220763E-01
 0.109734507E-01 0.703254156E-02 0.223422516E-02-0.343489763E-02-0.960930530E-02
-0.145318909E-01-0.170238670E-01-0.168420114E-01-0.138716549E-01-0.803185534E-02
 0.588598661E-03 0.107234661E-01 0.205918793E-01 0.298666134E-01 0.385753140E-01
 0.468003415E-01 0.546289422E-01 0.621393248E-01 0.693965852E-01 0.764519870E-01
 0.833434686E-01 0.900965706E-01 0.967253596E-01 0.103233285E+00 0.109613940E+00
 0.115851894E+00 0.121923603E+00 0.127798781E+00 0.133442193E+00 0.138815999E+00
 0.143882737E+00 0.148608312E+00 0.152965099E+00 0.156934336E+00 0.160507679E+00
 0.163687587E+00 0.166486636E+00 0.168925777E+00 0.171032116E+00 0.172836453E+00
 0.136866376E+00 0.128074989E+00 0.117490858E+00 0.104729719E+00 0.902953520E-01
 0.799334645E-01 0.744043738E-01 0.709371269E-01 0.677244514E-01 0.645225272E-01
 0.611513071E-01 0.575467050E-01 0.537600853E-01 0.499099456E-01 0.461295918E-01
 0.425346047E-01 0.392089672E-01 0.361997485E-01 0.335130244E-01 0.311094709E-01
 0.289044231E-01 0.267799571E-01 0.246096663E-01 0.222845431E-01 0.197286382E-01
 0.169059411E-01 0.138286157E-01 0.105776507E-01 0.734377233E-02 0.447296305E-02
 0.243556546E-02 0.167316105E-02 0.247680536E-02 0.497301063E-02 0.912732817E-02
 0.147195011E-01 0.213467218E-01 0.285553355E-01 0.360064767E-01 0.435096808E-01
 0.509761088E-01 0.583731085E-01 0.656962320E-01 0.729534552E-01 0.801563710E-01
 0.873150527E-01 0.944350287E-01 0.101515189E+00 0.108546309E+00 0.115509875E+00
 0.122377142E+00 0.129108787E+00 0.135655284E+00 0.141958594E+00 0.147955403E+00
 0.153581932E+00 0.158779755E+00 0.163501754E+00 0.167717069E+00 0.171413973E+00
 0.174600393E+00 0.177301854E+00 0.179557472E+00 0.181414843E+00 0.182924986E+00
 0.148422360E+00 0.141179532E+00 0.132098511E+00 0.121426687E+00 0.110441729E+00
 0.102421515E+00 0.956540331E-01 0.897337198E-01 0.843843967E-01 0.794052035E-01
 0.746564418E-01 0.700570494E-01 0.655784681E-01 0.612310320E-01 0.570464842E-01
 0.530619845E-01 0.493082665E-01 0.458019935E-01 0.425414592E-01 0.395053923E-01
 0.366552770E-01 0.339417085E-01 0.313139558E-01 0.287307724E-01 0.261703636E-01
 0.236391518E-01 0.211801399E-01 0.188812204E-01 0.168807935E-01 0.153634194E-01
 0.145376436E-01 0.145985754E-01 0.156906825E-01 0.178836547E-01 0.211623758E-01
 0.254298244E-01 0.305265822E-01 0.362669341E-01 0.424775071E-01 0.490208194E-01
 0.558000393E-01 0.627526194E-01 0.698408410E-01 0.770431459E-01 0.843472332E-01
 0.917448774E-01 0.992278755E-01 0.106784627E+00 0.114397071E+00 0.122037500E+00
 0.129665405E+00 0.137224346E+00 0.144639850E+00 0.151819378E+00 0.158656269E+00
 0.165038496E+00 0.170861050E+00 0.176039353E+00 0.180520028E+00 0.184287086E+00
 0.187362611E+00 0.189801365E+00 0.191680610E+00 0.193087742E+00 0.194109261E+00
 0.165252432E+00 0.160911843E+00 0.151399881E+00 0.140677854E+00 0.130703539E+00
 0.121630386E+00 0.113470063E+00 0.106096722E+00 0.993623808E-01 0.931355432E-01
 0.873117372E-01 0.818158239E-01 0.766001567E-01 0.716397092E-01 0.669252947E-01
 0.624563992E-01 0.582349151E-01 0.542603619E-01 0.505270362E-01 0.470231697E-01
 0.437320843E-01 0.406352133E-01 0.377165861E-01 0.349680334E-01 0.323944651E-01
 0.300185848E-01 0.278845355E-01 0.260596126E-01 0.246328227E-01 0.237088203E-01
 0.233967416E-01 0.237955302E-01 0.249792598E-01 0.269862656E-01 0.298144110E-01
 0.334231444E-01 0.377419926E-01 0.426835120E-01 0.481571667E-01 0.540803000E-01
 0.603842847E-01 0.670162439E-01 0.739377514E-01 0.811221078E-01 0.885511786E-01
 0.962121561E-01 0.104094476E+00 0.112186499E+00 0.120471910E+00 0.128925011E+00
 0.137504697E+00 0.146146327E+00 0.154752105E+00 0.163182229E+00 0.171254173E+00
 0.178758711E+00 0.185492843E+00 0.191294745E+00 0.196067020E+00 0.199788377E+00
 0.202516183E+00 0.204375982E+00 0.205533236E+00 0.206157282E+00 0.206395626E+00
 0.180041581E+00 0.177607417E+00 0.168189272E+00 0.156777322E+00 0.146292523E+00
 0.136650458E+00 0.127774656E+00 0.119588464E+00 0.112010129E+00 0.104959689E+00
 0.983658805E-01 0.921699703E-01 0.863269046E-01 0.808043256E-01 0.755802616E-01
 0.706402361E-01 0.659743473E-01 0.615748912E-01 0.574348234E-01 0.535471924E-01
 0.499056205E-01 0.465057120E-01 0.433471613E-01 0.404362492E-01 0.377883241E-01
 0.354298726E-01 0.333996825E-01 0.317486674E-01 0.305378530E-01 0.298341848E-01
 0.297043119E-01 0.302069765E-01 0.313851945E-01 0.332614183E-01 0.358367786E-01
 0.390928127E-01 0.429953896E-01 0.475000963E-01 0.525581762E-01 0.581218451E-01
 0.641482621E-01 0.706018433E-01 0.774551630E-01 0.846887827E-01 0.922904313E-01
 0.100253813E+00 0.108577065E+00 0.117260911E+00 0.126306027E+00 0.135709137E+00
 0.145456180E+00 0.155510291E+00 0.165788963E+00 0.176122725E+00 0.186199203E+00
 0.195566088E+00 0.203775465E+00 0.210515037E+00 0.215614259E+00 0.219031557E+00
 0.220886037E+00 0.221492186E+00 0.221267641E+00 0.220560342E+00 0.219596490E+00
 0.190474764E+00 0.189041734E+00 0.179841787E+00 0.168518394E+00 0.157937005E+00
 0.148055002E+00 0.138830423E+00 0.130213857E+00 0.122152552E+00 0.114593960E+00
 0.107488915E+00 0.100793988E+00 0.944727436E-01 0.884959474E-01 0.828410313E-01
 0.774910450E-01 0.724335164E-01 0.676593855E-01 0.631623268E-01 0.589384399E-01
 0.549864992E-01 0.513085946E-01 0.479111448E-01 0.448060930E-01 0.420120545E-01
 0.395552553E-01 0.374699384E-01 0.357981026E-01 0.345881879E-01 0.338925906E-01
 0.337637141E-01 0.342487358E-01 0.353769511E-01 0.371569730E-01 0.395855308E-01
 0.426504426E-01 0.463323928E-01 0.506069958E-01 0.554473326E-01 0.608265363E-01
 0.667200908E-01 0.731077045E-01 0.799745545E-01 0.873121843E-01 0.951190069E-01
 0.103400707E+00 0.112170637E+00 0.121450253E+00 0.131269738E+00 0.141668633E+00
 0.152696222E+00 0.164410725E+00 0.176875144E+00 0.190142453E+00 0.204104647E+00
 0.217092440E+00 0.227758974E+00 0.235939890E+00 0.241489440E+00 0.244221166E+00
 0.243928552E+00 0.241359800E+00 0.238504127E+00 0.235723734E+00 0.233107701E+00
 0.197165698E+00 0.196245179E+00 0.187583014E+00 0.176531315E+00 0.166073963E+00
 0.156202286E+00 0.146892637E+00 0.138112307E+00 0.129824921E+00 0.121993884E+00
 0.114584543E+00 0.107565574E+00 0.100909799E+00 0.945944339E-01 0.886010826E-01
 0.829154104E-01 0.775267407E-01 0.724277124E-01 0.676139519E-01 0.630840436E-01
 0.588396490E-01 0.548858568E-01 0.512316898E-01 0.478907339E-01 0.448817872E-01
 0.422294997E-01 0.399649329E-01 0.381260552E-01 0.367580950E-01 0.359133631E-01
 0.356489569E-01 0.360453017E-01 0.371272080E-01 0.388576575E-01 0.412177183E-01
 0.441945046E-01 0.477751903E-01 0.519457869E-01 0.566915758E-01 0.619982742E-01
 0.678534731E-01 0.742480159E-01 0.811773092E-01 0.886425376E-01 0.966519564E-01
 0.105222389E+00 0.114381135E+00 0.124168612E+00 0.134642318E+00 0.145882726E+00
 0.158002958E+00 0.171165183E+00 0.185610831E+00 0.201718807E+00 0.219748303E+00
 0.236273631E+00 0.249518245E+00 0.259425610E+00 0.265864313E+00 0.268440664E+00
 0.266954005E+00 0.261298597E+00 0.255309552E+00 0.250141233E+00 0.245730147E+00
 0.200925782E+00 0.200269878E+00 0.192046046E+00 0.181310907E+00 0.171106085E+00
 0.161423087E+00 0.152227372E+00 0.143485233E+00 0.135166109E+00 0.127242774E+00
 0.119691163E+00 0.112490170E+00 0.105621591E+00 0.990701318E-01 0.928233638E-01
 0.868716240E-01 0.812079608E-01 0.758280456E-01 0.707300976E-01 0.659149438E-01
 0.613861158E-01 0.571500435E-01 0.532163233E-01 0.495980419E-01 0.463121571E-01
 0.433800034E-01 0.408280529E-01 0.386894383E-01 0.370072685E-01 0.358424298E-01
 0.351919718E-01 0.354484916E-01 0.366512127E-01 0.384333320E-01 0.408035479E-01
 0.437696576E-01 0.473294109E-01 0.514775068E-01 0.562070496E-01 0.615113415E-01
 0.673852861E-01 0.738266110E-01 0.808369592E-01 0.884231851E-01 0.965987891E-01
 0.105385765E+00 0.114817038E+00 0.124939784E+00 0.135820195E+00 0.147550315E+00
 0.160258189E+00 0.174122825E+00 0.189395219E+00 0.206422120E+00 0.225639716E+00
 0.245087072E+00 0.260713607E+00 0.272361547E+00 0.280055344E+00 0.283734381E+00
 0.282943130E+00 0.277516395E+00 0.268856466E+00 0.261686981E+00 0.255872846E+00
 0.202130675E+00 0.201664850E+00 0.193384826E+00 0.183047086E+00 0.173298761E+00
 0.164011046E+00 0.155118674E+00 0.146584436E+00 0.138385490E+00 0.130505934E+00
 0.122933403E+00 0.115657628E+00 0.108669892E+00 0.101962931E+00 0.955309421E-01
 0.893697143E-01 0.834766775E-01 0.778510123E-01 0.724937171E-01 0.674077049E-01
 0.625979006E-01 0.580713302E-01 0.538371876E-01 0.499068834E-01 0.462939963E-01
 0.430140384E-01 0.400838926E-01 0.375205614E-01 0.353382453E-01 0.338942446E-01
 0.331825987E-01 0.332677439E-01 0.342020504E-01 0.360358953E-01 0.384194888E-01
 0.414132997E-01 0.450005233E-01 0.491791591E-01 0.539438017E-01 0.592902824E-01
 0.652167872E-01 0.717241094E-01 0.788161382E-01 0.865006447E-01 0.947904959E-01
 0.103705086E+00 0.113272302E+00 0.123530924E+00 0.134533793E+00 0.146351874E+00
 0.159079403E+00 0.172840044E+00 0.187793493E+00 0.204141110E+00 0.222130895E+00
 0.241965786E+00 0.259187996E+00 0.272254735E+00 0.281266421E+00 0.286257714E+00
 0.287344187E+00 0.284049302E+00 0.276322037E+00 0.268234849E+00 0.261999786E+00
 0.199176282E+00 0.198213488E+00 0.190978810E+00 0.181822270E+00 0.172984809E+00
 0.164358482E+00 0.155940309E+00 0.147738323E+00 0.139760137E+00 0.132011265E+00
 0.124495357E+00 0.117214523E+00 0.110169977E+00 0.103362501E+00 0.967928544E-01
 0.904621482E-01 0.843721405E-01 0.785254687E-01 0.729257911E-01 0.675779954E-01
 0.624882318E-01 0.576639846E-01 0.531140715E-01 0.488485508E-01 0.448785163E-01
 0.412157364E-01 0.378720798E-01 0.348586291E-01 0.325245336E-01 0.308875162E-01
 0.299681183E-01 0.297959093E-01 0.304003283E-01 0.318046473E-01 0.340172872E-01
 0.371287428E-01 0.407796986E-01 0.450363457E-01 0.498782396E-01 0.552999079E-01
 0.613020658E-01 0.678870976E-01 0.750584677E-01 0.828211457E-01 0.911824331E-01
 0.100152925E+00 0.109747492E+00 0.119986169E+00 0.130894944E+00 0.142506272E+00
 0.154859066E+00 0.167997673E+00 0.181969538E+00 0.196821854E+00 0.212602168E+00
 0.229390875E+00 0.246359512E+00 0.259374559E+00 0.268907219E+00 0.275205135E+00
 0.278148800E+00 0.277995914E+00 0.274333715E+00 0.267965019E+00 0.263131738E+00
 0.194458500E+00 0.192492306E+00 0.186513215E+00 0.178957999E+00 0.171102360E+00
 0.163148552E+00 0.155211195E+00 0.147354215E+00 0.139616609E+00 0.132023901E+00
 0.124593683E+00 0.117338531E+00 0.110267863E+00 0.103389040E+00 0.967082381E-01
 0.902310386E-01 0.839628354E-01 0.779092312E-01 0.720762312E-01 0.664704517E-01
 0.610992312E-01 0.559706725E-01 0.510936156E-01 0.464775637E-01 0.421324708E-01
 0.380684696E-01 0.342954770E-01 0.311497115E-01 0.286471434E-01 0.268078037E-01
 0.256549846E-01 0.252147689E-01 0.255141389E-01 0.265794154E-01 0.284360703E-01
 0.311122388E-01 0.346201919E-01 0.390555300E-01 0.440209173E-01 0.495412946E-01
 0.556361340E-01 0.623115264E-01 0.695692077E-01 0.774084255E-01 0.858276635E-01
 0.948254541E-01 0.104400590E+00 0.114551596E+00 0.125275657E+00 0.136566475E+00
 0.148410678E+00 0.160781816E+00 0.173630118E+00 0.186864272E+00 0.200316101E+00
 0.213663146E+00 0.226292223E+00 0.237410054E+00 0.246533915E+00 0.253498286E+00
 0.258281410E+00 0.260966420E+00 0.261797994E+00 0.261323005E+00 0.260314733E+00
 0.191722244E+00 0.189665675E+00 0.183518857E+00 0.176152214E+00 0.168644637E+00
 0.161048144E+00 0.153421476E+00 0.145813853E+00 0.138263315E+00 0.130798757E+00
 0.123442180E+00 0.116210654E+00 0.109117776E+00 0.102174722E+00 0.953910202E-01
 0.887752175E-01 0.823352784E-01 0.760789514E-01 0.700140521E-01 0.641486421E-01
 0.584911406E-01 0.530504137E-01 0.478357449E-01 0.428567864E-01 0.381234139E-01
 0.336455330E-01 0.297465213E-01 0.264401063E-01 0.237450786E-01 0.216841791E-01
 0.202831253E-01 0.195697136E-01 0.195729584E-01 0.203225240E-01 0.218488500E-01
 0.241842661E-01 0.273648556E-01 0.314396359E-01 0.364645496E-01 0.420394428E-01
 0.482301302E-01 0.550139286E-01 0.623839833E-01 0.703277737E-01 0.788317695E-01
 0.878817812E-01 0.974619091E-01 0.107552826E+00 0.118129529E+00 0.129158333E+00
 0.140592650E+00 0.152366847E+00 0.164387792E+00 0.176523030E+00 0.188586801E+00
 0.200329140E+00 0.211444899E+00 0.221620545E+00 0.230599895E+00 0.238223270E+00
 0.244432762E+00 0.249268755E+00 0.252868056E+00 0.255449474E+00 0.257265896E+00
 0.188615993E+00 0.186433181E+00 0.180434823E+00 0.173131958E+00 0.165742576E+00
 0.158298269E+00 0.150828376E+00 0.143361524E+00 0.135923639E+00 0.128537208E+00
 0.121221378E+00 0.113992430E+00 0.106864281E+00 0.998490602E-01 0.929575488E-01
 0.861996338E-01 0.795846209E-01 0.731215626E-01 0.668194294E-01 0.606873371E-01
 0.547346473E-01 0.489710383E-01 0.434065163E-01 0.380514003E-01 0.329162180E-01
 0.283117127E-01 0.242498498E-01 0.207485277E-01 0.178304669E-01 0.155221140E-01
 0.138526270E-01 0.128529025E-01 0.125547061E-01 0.129899625E-01 0.141902370E-01
 0.161863770E-01 0.190080106E-01 0.226823315E-01 0.272290651E-01 0.326506272E-01
 0.390432291E-01 0.459837988E-01 0.535333864E-01 0.616509765E-01 0.703096166E-01
 0.794860572E-01 0.891554430E-01 0.992879719E-01 0.109846458E+00 0.120783813E+00
 0.132040143E+00 0.143539220E+00 0.155184597E+00 0.166855887E+00 0.178407073E+00
 0.189669147E+00 0.200459883E+00 0.210600972E+00 0.219937950E+00 0.228356674E+00
 0.235792458E+00 0.242232323E+00 0.247710884E+00 0.252299547E+00 0.256089747E+00
 0.185387537E+00 0.183099091E+00 0.176974654E+00 0.169655889E+00 0.162298664E+00
 0.154914066E+00 0.147515237E+00 0.140116587E+00 0.132733032E+00 0.125379384E+00
 0.118069716E+00 0.110817172E+00 0.103633910E+00 0.965311676E-01 0.895194411E-01
 0.826086923E-01 0.758085772E-01 0.691286027E-01 0.625783429E-01 0.561675616E-01
 0.499063432E-01 0.438051485E-01 0.378748700E-01 0.321268179E-01 0.268590208E-01
 0.220819488E-01 0.178128760E-01 0.140748248E-01 0.108954748E-01 0.830606185E-02
 0.634029415E-02 0.503327698E-02 0.442050071E-02 0.453690486E-02 0.541604543E-02
 0.708934851E-02 0.958541501E-02 0.129293194E-01 0.171419773E-01 0.222406313E-01
 0.282432809E-01 0.351475142E-01 0.430448242E-01 0.514520369E-01 0.603659935E-01
 0.697731227E-01 0.796512067E-01 0.899684727E-01 0.100683860E+00 0.111746803E+00
 0.123096310E+00 0.134659603E+00 0.146350935E+00 0.158070982E+00 0.169707611E+00
 0.181138754E+00 0.192237586E+00 0.202879652E+00 0.212950766E+00 0.222353846E+00
 0.231013715E+00 0.238878965E+00 0.245921209E+00 0.252131939E+00 0.257517964E+00
 0.181620806E+00 0.179193452E+00 0.172919944E+00 0.165568143E+00 0.158220083E+00
 0.150866076E+00 0.143504530E+00 0.136138797E+00 0.128775671E+00 0.121424034E+00
 0.114093632E+00 0.106794454E+00 0.995363668E-01 0.923290178E-01 0.851818025E-01
 0.781039745E-01 0.711047873E-01 0.641936213E-01 0.573801175E-01 0.506743267E-01
 0.440868102E-01 0.376287214E-01 0.313118696E-01 0.254212543E-01 0.199656915E-01
 0.149617316E-01 0.104326876E-01 0.640759710E-02 0.292014307E-02 0.750406662E-05
-0.229082187E-02-0.393421343E-02-0.488209771E-02-0.509506231E-02-0.453585666E-02
-0.317023834E-02-0.967603701E-03 0.209869817E-02 0.605153153E-02 0.109109208E-01
 0.166960321E-01 0.234277677E-01 0.311389659E-01 0.398649834E-01 0.490992218E-01
 0.588310212E-01 0.690437928E-01 0.797022805E-01 0.907621905E-01 0.102172643E+00
 0.113876164E+00 0.125808045E+00 0.137895748E+00 0.150058761E+00 0.162208989E+00
 0.174252123E+00 0.186089605E+00 0.197621047E+00 0.208746955E+00 0.219370961E+00
 0.229401544E+00 0.238753274E+00 0.247347921E+00 0.255115867E+00 0.261998296E+00
 0.176897764E+00 0.174252614E+00 0.168047786E+00 0.160731062E+00 0.153439417E+00
 0.146139950E+00 0.138819665E+00 0.131478131E+00 0.124120161E+00 0.116752654E+00
 0.109383285E+00 0.102019943E+00 0.946705341E-01 0.873429477E-01 0.800451040E-01
 0.727850720E-01 0.655711815E-01 0.584121868E-01 0.513173714E-01 0.442967042E-01
 0.373609513E-01 0.305217896E-01 0.240507014E-01 0.179542843E-01 0.122478092E-01
 0.695439382E-02 0.210408587E-02-0.226714369E-02-0.611851783E-02-0.940567162E-02
-0.120819518E-01-0.140997730E-01-0.154119739E-01-0.159731358E-01-0.157407857E-01
-0.146764107E-01-0.127462232E-01-0.992156100E-02-0.617883820E-02-0.149895810E-02
 0.413388480E-02 0.107340021E-01 0.183167271E-01 0.269000884E-01 0.365094617E-01
 0.466405675E-01 0.573270693E-01 0.684955642E-01 0.800897330E-01 0.920582712E-01
 0.104349539E+00 0.116909035E+00 0.129678100E+00 0.142593250E+00 0.155585825E+00
 0.168581694E+00 0.181501105E+00 0.194258064E+00 0.206759483E+00 0.218903899E+00
 0.230579942E+00 0.241665408E+00 0.252028227E+00 0.261530399E+00 0.270036489E+00
 0.171146274E+00 0.168110952E+00 0.162073717E+00 0.155101016E+00 0.147995844E+00
 0.140794829E+00 0.133525208E+00 0.126203284E+00 0.118840285E+00 0.111444749E+00
 0.104023799E+00 0.965837613E-01 0.891305879E-01 0.816701874E-01 0.742086023E-01
 0.667522550E-01 0.593081005E-01 0.518837944E-01 0.444878340E-01 0.371297225E-01
 0.298201051E-01 0.228164792E-01 0.161222778E-01 0.975050870E-02 0.372312265E-02
-0.192971888E-02-0.717050256E-02-0.119553702E-01-0.162352845E-01-0.199573562E-01
-0.230662953E-01-0.255059786E-01-0.272210408E-01-0.281584710E-01-0.282690842E-01
-0.275088232E-01-0.258397944E-01-0.232309494E-01-0.196583699E-01-0.151051404E-01
-0.956084579E-02-0.302091939E-02 0.451379688E-02 0.130363405E-01 0.225302987E-01
 0.329596661E-01 0.443968289E-01 0.562883168E-01 0.686092377E-01 0.813270882E-01
 0.944051072E-01 0.107803516E+00 0.121479839E+00 0.135388747E+00 0.149481460E+00
 0.163704723E+00 0.177998915E+00 0.192295387E+00 0.206512272E+00 0.220548913E+00
 0.234278694E+00 0.247541532E+00 0.260138363E+00 0.271833003E+00 0.282367229E+00
 0.165477037E+00 0.162141517E+00 0.156114846E+00 0.149204850E+00 0.142149821E+00
 0.134979159E+00 0.127722070E+00 0.120396562E+00 0.113013357E+00 0.105579130E+00
 0.980983153E-01 0.905742943E-01 0.830100849E-01 0.754088014E-01 0.677739978E-01
 0.601098798E-01 0.524215028E-01 0.447149426E-01 0.369974524E-01 0.292776302E-01
 0.217986796E-01 0.145596666E-01 0.757001946E-02 0.849129341E-03-0.557414442E-02
-0.116621023E-01-0.173690151E-01-0.226421338E-01-0.274229310E-01-0.316485576E-01
-0.352534950E-01-0.381713659E-01-0.403368585E-01-0.416876227E-01-0.421661325E-01
-0.417213291E-01-0.403099842E-01-0.378976911E-01-0.344593897E-01-0.299793892E-01
-0.244508777E-01-0.178749673E-01-0.102592222E-01-0.161563093E-02 0.804254413E-02
 0.187067091E-01 0.303866472E-01 0.431021713E-01 0.562762059E-01 0.698830038E-01
 0.838961676E-01 0.982893333E-01 0.113036618E+00 0.128112599E+00 0.143491849E+00
 0.159147680E+00 0.175049841E+00 0.191160768E+00 0.207429305E+00 0.223780990E+00
 0.240103081E+00 0.256222367E+00 0.271875083E+00 0.286677480E+00 0.300129354E+00
 0.159998551E+00 0.156472027E+00 0.150251165E+00 0.143147811E+00 0.135982290E+00
 0.128754422E+00 0.121464677E+00 0.114113815E+00 0.106701493E+00 0.992263108E-01
 0.916863307E-01 0.840796754E-01 0.764048994E-01 0.686613545E-01 0.608493388E-01
 0.529702753E-01 0.450268313E-01 0.370230302E-01 0.289644040E-01 0.210799091E-01
 0.133629683E-01 0.581794186E-02-0.154001010E-02-0.868514460E-02-0.155814681E-01
-0.221832581E-01-0.284358189E-01-0.342764929E-01-0.396359935E-01-0.444400124E-01
-0.486111119E-01-0.520708486E-01-0.547420532E-01-0.565511733E-01-0.574305356E-01
-0.573204495E-01-0.561709404E-01-0.539430827E-01-0.506097265E-01-0.461556055E-01
-0.405767784E-01-0.338792950E-01-0.260771867E-01-0.171896406E-01-0.723736500E-02
 0.376195065E-02 0.157986414E-01 0.288741626E-01 0.430050641E-01 0.576053634E-01
 0.726565495E-01 0.881441832E-01 0.104058690E+00 0.120396152E+00 0.137158409E+00
 0.154352665E+00 0.171990454E+00 0.190085277E+00 0.208648413E+00 0.227680832E+00
 0.247158229E+00 0.267002583E+00 0.287023664E+00 0.306776077E+00 0.325205266E+00
 0.154099464E+00 0.150364399E+00 0.143830806E+00 0.136581704E+00 0.129324779E+00
 0.122046046E+00 0.114732385E+00 0.107370079E+00 0.999459773E-01 0.924481750E-01
 0.848663300E-01 0.771918595E-01 0.694179833E-01 0.615396760E-01 0.535536297E-01
 0.454581827E-01 0.372533016E-01 0.289406069E-01 0.207353812E-01 0.126242917E-01
 0.460522622E-02-0.331260357E-02-0.111085679E-01-0.187506210E-01-0.261954591E-01
-0.333889052E-01-0.402665921E-01-0.467549823E-01-0.527727827E-01-0.582327284E-01
-0.630437434E-01-0.671134517E-01-0.703508630E-01-0.726692453E-01-0.739889070E-01
-0.742397979E-01-0.733637586E-01-0.713162124E-01-0.680671930E-01-0.636015534E-01
-0.579183698E-01-0.510294251E-01-0.429568514E-01-0.337299854E-01-0.233815089E-01
-0.119430320E-01 0.559622480E-03 0.141111920E-01 0.287121087E-01 0.443842560E-01
 0.605364852E-01 0.771633983E-01 0.942692757E-01 0.111871175E+00 0.129999518E+00
 0.148698866E+00 0.168029472E+00 0.188069284E+00 0.208916515E+00 0.230692580E+00
 0.253545046E+00 0.277651191E+00 0.303220809E+00 0.330471218E+00 0.358090013E+00
 0.147247061E+00 0.143248573E+00 0.136645630E+00 0.129306987E+00 0.122019902E+00
 0.114756227E+00 0.107483283E+00 0.100169547E+00 0.927872062E-01 0.853128955E-01
 0.777276456E-01 0.700163692E-01 0.621672980E-01 0.541714989E-01 0.460224040E-01
 0.377155170E-01 0.292481687E-01 0.208232719E-01 0.124201160E-01 0.402909471E-02
-0.434796326E-02-0.126974136E-01-0.209934432E-01-0.291978214E-01-0.372598469E-01
-0.451165773E-01-0.526934005E-01-0.599050596E-01-0.666571185E-01-0.728479624E-01
-0.783712715E-01-0.831189007E-01-0.869841278E-01-0.898650810E-01-0.916681737E-01
-0.923113152E-01-0.917267427E-01-0.898632035E-01-0.866873190E-01-0.821840018E-01
-0.763558447E-01-0.692214519E-01-0.608127601E-01-0.511715114E-01-0.403449237E-01
-0.283808634E-01-0.153226238E-01-0.120353804E-02 0.139585780E-01 0.301671699E-01
 0.474531576E-01 0.652176961E-01 0.834684968E-01 0.102242105E+00 0.121595226E+00
 0.141605109E+00 0.162373900E+00 0.184035569E+00 0.206765816E+00 0.230796352E+00
 0.256435931E+00 0.284104288E+00 0.314392805E+00 0.348192453E+00 0.383735508E+00
 0.139412865E+00 0.135124952E+00 0.128412455E+00 0.121086732E+00 0.113907218E+00
 0.106801204E+00 0.996995717E-01 0.925460607E-01 0.852971897E-01 0.779199377E-01
 0.703892782E-01 0.626861453E-01 0.547960065E-01 0.467077903E-01 0.384130590E-01
 0.299053807E-01 0.213776808E-01 0.128021250E-01 0.416135741E-02-0.455097388E-02
-0.133295748E-01-0.221568085E-01-0.310020298E-01-0.398210622E-01-0.485558845E-01
-0.571346655E-01-0.654722005E-01-0.734709054E-01-0.810223296E-01-0.880093724E-01
-0.943090618E-01-0.997959152E-01-0.104345754E+00-0.107839800E+00-0.110168830E+00
-0.111237146E+00-0.110966079E+00-0.109296761E+00-0.106191918E+00-0.101636522E+00
-0.956372321E-01-0.882205442E-01-0.794297457E-01-0.693208650E-01-0.579577312E-01
-0.454064310E-01-0.317293927E-01-0.169793237E-01-0.119331060E-02 0.156123601E-01
 0.334453024E-01 0.523344316E-01 0.716164187E-01 0.913793817E-01 0.111706167E+00
 0.132692873E+00 0.154460996E+00 0.177168459E+00 0.201022983E+00 0.226299927E+00
 0.253366709E+00 0.282714993E+00 0.314996570E+00 0.351045042E+00 0.389931709E+00
 0.130122989E+00 0.125479788E+00 0.118605249E+00 0.111591831E+00 0.104842655E+00
 0.981677100E-01 0.914498046E-01 0.846163407E-01 0.776202530E-01 0.704292580E-01
 0.630200207E-01 0.553750433E-01 0.474809967E-01 0.393278487E-01 0.309075769E-01
 0.224070679E-01 0.137929590E-01 0.504104653E-02-0.386300241E-02-0.129227387E-01
-0.221299063E-01-0.314633846E-01-0.408881865E-01-0.503545888E-01-0.597975552E-01
-0.691365227E-01-0.782756656E-01-0.871048123E-01-0.955010504E-01-0.103331074E+00
-0.110454299E+00-0.116726764E+00-0.122005507E+00-0.126153454E+00-0.129044354E+00
-0.130567625E+00-0.130632594E+00-0.129171968E+00-0.126144171E+00-0.121534251E+00
-0.115353413E+00-0.107636943E+00-0.984408259E-01-0.878370255E-01-0.759078488E-01
-0.627395213E-01-0.484151803E-01-0.330074541E-01-0.165702868E-01 0.870706921E-03
 0.193315763E-01 0.388923585E-01 0.589062609E-01 0.793829113E-01 0.100366153E+00
 0.121929765E+00 0.144177616E+00 0.167247951E+00 0.191321790E+00 0.216636330E+00
 0.243505388E+00 0.272351354E+00 0.303756028E+00 0.338535935E+00 0.376068830E+00
 0.117395341E+00 0.111838475E+00 0.106201865E+00 0.100615799E+00 0.949557573E-01
 0.891009793E-01 0.830067843E-01 0.766493157E-01 0.700124204E-01 0.630832911E-01
 0.558506884E-01 0.483042262E-01 0.404348485E-01 0.322381258E-01 0.239015389E-01
 0.153897973E-01 0.667422730E-02-0.226607337E-02-0.114429295E-01-0.208576862E-01
-0.304997638E-01-0.403452106E-01-0.503553264E-01-0.604754761E-01-0.706341714E-01
-0.807425976E-01-0.906947032E-01-0.100367986E+00-0.109625131E+00-0.118316509E+00
-0.126283675E+00-0.133363649E+00-0.139394090E+00-0.144218832E+00-0.147693783E+00
-0.149692655E+00-0.150112048E+00-0.148875698E+00-0.145937383E+00-0.141282201E+00
-0.134926155E+00-0.126913950E+00-0.117315218E+00-0.106219225E+00-0.937285349E-01
-0.799519196E-01-0.649968833E-01-0.489620604E-01-0.319298431E-01-0.139594600E-01
 0.491876202E-02 0.247062445E-01 0.454307161E-01 0.664805919E-01 0.878775120E-01
 0.109674282E+00 0.131944239E+00 0.154779285E+00 0.178290993E+00 0.202613339E+00
 0.227906510E+00 0.254363418E+00 0.282227308E+00 0.311869621E+00 0.343273014E+00
 0.103676677E+00 0.968598574E-01 0.931202695E-01 0.895875618E-01 0.852505788E-01
 0.803267285E-01 0.749199986E-01 0.690813139E-01 0.628362447E-01 0.561966300E-01
 0.491653979E-01 0.417374410E-01 0.338964276E-01 0.258529037E-01 0.175780784E-01
 0.904273801E-02 0.221557086E-03-0.890430529E-02-0.183452014E-01-0.281011593E-01
-0.381600894E-01-0.484959930E-01-0.590672567E-01-0.698151439E-01-0.806625485E-01
-0.915132761E-01-0.102251872E+00-0.112744346E+00-0.122839727E+00-0.132372782E+00
-0.141167700E+00-0.149042979E+00-0.155817106E+00-0.161314994E+00-0.165374726E+00
-0.167854160E+00-0.168636978E+00-0.167637765E+00-0.164805412E+00-0.160124898E+00
-0.153616995E+00-0.145335838E+00-0.135364890E+00-0.123810977E+00-0.110797405E+00
-0.964561701E-01-0.809199512E-01-0.643142015E-01-0.467498563E-01-0.283169374E-01
-0.907950662E-02 0.109273242E-01 0.316974148E-01 0.532495901E-01 0.748807341E-01
 0.966612697E-01 0.118641898E+00 0.140864596E+00 0.163363203E+00 0.186157033E+00
 0.209236234E+00 0.232531756E+00 0.255851775E+00 0.278742075E+00 0.300254434E+00
 0.941669047E-01 0.869114622E-01 0.836177021E-01 0.806915313E-01 0.770196542E-01
 0.726987496E-01 0.678021312E-01 0.623816475E-01 0.564718246E-01 0.500950553E-01
 0.432662107E-01 0.359966978E-01 0.282985978E-01 0.203548782E-01 0.121193705E-01
 0.355661102E-02-0.536076259E-02-0.146521004E-01-0.243277028E-01-0.343872458E-01
-0.448179170E-01-0.555924624E-01-0.666671917E-01-0.779801980E-01-0.894498378E-01
-0.100973718E+00-0.112428330E+00-0.123669609E+00-0.134534493E+00-0.144843668E+00
-0.154405594E+00-0.163021713E+00-0.170492813E+00-0.176626131E+00-0.181242913E+00
-0.184185997E+00-0.185326725E+00-0.184570685E+00-0.181861952E+00-0.177185059E+00
-0.170564964E+00-0.162064567E+00-0.151780158E+00-0.139835134E+00-0.126372322E+00
-0.111545570E+00-0.955110565E-01-0.784188211E-01-0.604048148E-01-0.415836200E-01
-0.220416449E-01-0.182987563E-02 0.190461855E-01 0.406451449E-01 0.622538030E-01
 0.838325620E-01 0.105368666E+00 0.126849905E+00 0.148250401E+00 0.169517830E+00
 0.190557614E+00 0.211210832E+00 0.231226325E+00 0.250235409E+00 0.267756045E+00
 0.878657475E-01 0.804141238E-01 0.768526495E-01 0.740683973E-01 0.706527084E-01
 0.666286796E-01 0.620275214E-01 0.568771213E-01 0.511993505E-01 0.450101681E-01
 0.383217856E-01 0.311476272E-01 0.236655679E-01 0.158501882E-01 0.767214317E-02
-0.896722253E-03-0.988052040E-02-0.192971677E-01-0.291563496E-01-0.394574143E-01
-0.501871817E-01-0.613176674E-01-0.728038773E-01-0.845816955E-01-0.965661630E-01
-0.108650163E+00-0.120703913E+00-0.132575318E+00-0.144091502E+00-0.155061603E+00
-0.165280983E+00-0.174536780E+00-0.182614699E+00-0.189306825E+00-0.194419861E+00
-0.197783455E+00-0.199257955E+00-0.198740840E+00-0.196171507E+00-0.191533685E+00
-0.184855521E+00-0.176207051E+00-0.165695429E+00-0.153458118E+00-0.139654711E+00
-0.124457963E+00-0.108044505E+00-0.905859917E-01-0.722409263E-01-0.531476401E-01
-0.334185958E-01-0.131364660E-01 0.764695276E-02 0.289055742E-01 0.506177172E-01
 0.720229745E-01 0.931378305E-01 0.113944717E+00 0.134400159E+00 0.154432967E+00
 0.173938364E+00 0.192771226E+00 0.210741460E+00 0.227616504E+00 0.243136063E+00
 0.833051130E-01 0.757087916E-01 0.721514449E-01 0.693979487E-01 0.660709143E-01
 0.621775053E-01 0.577284880E-01 0.527336374E-01 0.471990556E-01 0.411249660E-01
 0.345025808E-01 0.275403298E-01 0.202194192E-01 0.125151780E-01 0.440064818E-02
-0.415037619E-02-0.131608220E-01-0.226480309E-01-0.326215066E-01-0.430805981E-01
-0.540121086E-01-0.653878525E-01-0.771622062E-01-0.892698541E-01-0.101623826E+00
-0.114114001E+00-0.126606435E+00-0.138943553E+00-0.150945678E+00-0.162413761E+00
-0.173133701E+00-0.182882160E+00-0.191433713E+00-0.198569000E+00-0.204083607E+00
-0.207796976E+00-0.209560692E+00-0.209265560E+00-0.206846818E+00-0.202286914E+00
-0.195615783E+00-0.186908290E+00-0.176279292E+00-0.163876578E+00-0.149872273E+00
-0.134453431E+00-0.117812358E+00-0.100137405E+00-0.816045329E-01-0.623700954E-01
-0.425647721E-01-0.222885590E-01-0.160591351E-02 0.194612090E-01 0.409486629E-01
 0.620949790E-01 0.828228369E-01 0.103079021E+00 0.122808076E+00 0.141940579E+00
 0.160387561E+00 0.178038508E+00 0.194762617E+00 0.210414320E+00 0.224843264E+00
 0.804012865E-01 0.727249458E-01 0.692379400E-01 0.664609224E-01 0.631394684E-01
 0.592890419E-01 0.549141243E-01 0.500143319E-01 0.445862375E-01 0.386242419E-01
 0.321211368E-01 0.252848454E-01 0.180792902E-01 0.104712499E-01 0.242975680E-02
-0.607322901E-02-0.150615014E-01-0.245528910E-01-0.345572606E-01-0.450742841E-01
-0.560910515E-01-0.675795600E-01-0.794942081E-01-0.917694271E-01-0.104317576E+00
-0.117027380E+00-0.129763082E+00-0.142364606E+00-0.154648900E+00-0.166412756E+00
-0.177437082E+00-0.187492847E+00-0.196348295E+00-0.203777477E+00-0.209569290E+00
-0.213536799E+00-0.215525880E+00-0.215422675E+00-0.213159055E+00-0.208715796E+00
-0.202122882E+00-0.193457097E+00-0.182837084E+00-0.170416147E+00-0.156373456E+00
-0.140904501E+00-0.124211200E+00-0.106492519E+00-0.879360139E-01-0.687107220E-01
-0.489615984E-01-0.288057569E-01-0.833081640E-02 0.124035971E-01 0.333581753E-01
 0.544910282E-01 0.749895349E-01 0.948590711E-01 0.114074074E+00 0.132587060E+00
 0.150332913E+00 0.167232230E+00 0.183195055E+00 0.198126197E+00 0.211931929E+00
 0.794468671E-01 0.718297437E-01 0.680453777E-01 0.651155338E-01 0.617149696E-01
 0.578548387E-01 0.535196848E-01 0.486913249E-01 0.433542356E-01 0.374954790E-01
 0.311041400E-01 0.243792199E-01 0.172820203E-01 0.977689493E-02 0.183124375E-02
-0.658393139E-02-0.154929450E-01-0.249139220E-01-0.348569453E-01-0.453219302E-01
-0.562962703E-01-0.677523836E-01-0.796451867E-01-0.919096991E-01-0.104458950E+00
-0.117182367E+00-0.129944846E+00-0.142586902E+00-0.154925883E+00-0.166758776E+00
-0.177866414E+00-0.188019320E+00-0.196984932E+00-0.204536051E+00-0.210460037E+00
-0.214568034E+00-0.216703758E+00-0.216751069E+00-0.214639634E+00-0.210348114E+00
-0.203904763E+00-0.195385098E+00-0.184907109E+00-0.172624156E+00-0.158716306E+00
-0.143380731E+00-0.126821965E+00-0.109242432E+00-0.908340588E-01-0.717710629E-01
-0.522043146E-01-0.322571397E-01-0.120225102E-01 0.843880139E-02 0.291002002E-01
 0.499742143E-01 0.701879784E-01 0.897260308E-01 0.108560160E+00 0.126649186E+00
 0.143940285E+00 0.160371542E+00 0.175875127E+00 0.190381542E+00 0.203824401E+00
 0.800355300E-01 0.727547705E-01 0.683229342E-01 0.649984404E-01 0.615372360E-01
 0.577109456E-01 0.534470491E-01 0.487087257E-01 0.434724353E-01 0.377205648E-01
 0.314385258E-01 0.248246640E-01 0.178416986E-01 0.104555506E-01 0.263476861E-02
-0.564881414E-02-0.144188777E-01-0.236930586E-01-0.334811173E-01-0.437828414E-01
-0.545857809E-01-0.658628419E-01-0.775698423E-01-0.896431878E-01-0.101997837E+00
-0.114525676E+00-0.127094686E+00-0.139549032E+00-0.151710197E+00-0.163379759E+00
-0.174343377E+00-0.184376448E+00-0.193251163E+00-0.200744674E+00-0.206647947E+00
-0.210774839E+00-0.212970689E+00-0.213119656E+00-0.211150378E+00-0.207039207E+00
-0.200810924E+00-0.192536637E+00-0.182329223E+00-0.170336604E+00-0.156733334E+00
-0.141711459E+00-0.125470862E+00-0.108210184E+00-0.901184753E-01-0.713680685E-01
-0.521088615E-01-0.324638672E-01-0.125259096E-01 0.764505332E-02 0.280246418E-01
 0.486275554E-01 0.685747489E-01 0.878452063E-01 0.106408708E+00 0.124225102E+00
 0.141245142E+00 0.157412335E+00 0.172665969E+00 0.186944649E+00 0.200190455E+00
 0.793063268E-01 0.717046037E-01 0.682150945E-01 0.655611530E-01 0.624002926E-01
 0.587639250E-01 0.546483099E-01 0.500415154E-01 0.449305698E-01 0.393015034E-01
 0.331364572E-01 0.266293548E-01 0.197614506E-01 0.125060361E-01 0.483508315E-02
-0.327758072E-02-0.118542202E-01-0.209113788E-01-0.304580126E-01-0.404934585E-01
-0.510052554E-01-0.619668737E-01-0.733353943E-01-0.850493461E-01-0.970267355E-01
-0.109163634E+00-0.121333309E+00-0.133386374E+00-0.145151958E+00-0.156440169E+00
-0.167046040E+00-0.176754773E+00-0.185348421E+00-0.192613557E+00-0.198349640E+00
-0.202377543E+00-0.204547718E+00-0.204747126E+00-0.202904612E+00-0.198994160E+00
-0.193035573E+00-0.185092732E+00-0.175269380E+00-0.163702920E+00-0.150556579E+00
-0.136010781E+00-0.120254047E+00-0.103474386E+00-0.858512595E-01-0.675487593E-01
-0.487100594E-01-0.294532310E-01-0.986826047E-02 0.998506229E-02 0.300793722E-01
 0.504249334E-01 0.701439381E-01 0.892181918E-01 0.107617781E+00 0.125300646E+00
 0.142213881E+00 0.158295974E+00 0.173480093E+00 0.187697917E+00 0.200884432E+00
 0.807464048E-01 0.732101649E-01 0.698803440E-01 0.674949959E-01 0.645771697E-01
 0.611361116E-01 0.571812056E-01 0.527171269E-01 0.477456711E-01 0.422676876E-01
 0.362860635E-01 0.298126154E-01 0.230313558E-01 0.159025416E-01 0.839447789E-02
 0.480737974E-03-0.786007009E-02-0.166433714E-01-0.258771461E-01-0.355601385E-01
-0.456798598E-01-0.562105067E-01-0.671108440E-01-0.783222094E-01-0.897667706E-01
-0.101346217E+00-0.112941086E+00-0.124410860E+00-0.135595173E+00-0.146316096E+00
-0.156381786E+00-0.165591314E+00-0.173740849E+00-0.180630580E+00-0.186072484E+00
-0.189898074E+00-0.191965818E+00-0.192167595E+00-0.190433651E+00-0.186735585E+00
-0.181087166E+00-0.173542812E+00-0.164193884E+00-0.153163061E+00-0.140597329E+00
-0.126660004E+00-0.111522406E+00-0.953558013E-01-0.783238709E-01-0.605762824E-01
-0.422433950E-01-0.234324764E-01-0.422568899E-02 0.153189758E-01 0.351605751E-01
 0.552524477E-01 0.747726858E-01 0.937221423E-01 0.112072445E+00 0.129774839E+00
 0.146764413E+00 0.162963197E+00 0.178283766E+00 0.192634135E+00 0.205924109E+00
 0.835874379E-01 0.761736035E-01 0.732768774E-01 0.710580572E-01 0.682817176E-01
 0.649637282E-01 0.611171760E-01 0.567546487E-01 0.518858954E-01 0.465164706E-01
 0.406461358E-01 0.342649259E-01 0.275829416E-01 0.205829591E-01 0.132436538E-01
 0.554381404E-02-0.253499509E-02-0.110062910E-01-0.198768061E-01-0.291446541E-01
-0.387974642E-01-0.488104597E-01-0.591445789E-01-0.697446987E-01-0.805381089E-01
-0.914334133E-01-0.102319948E+00-0.113068022E+00-0.123529986E+00-0.133542404E+00
-0.142929345E+00-0.151506752E+00-0.159087926E+00-0.165489778E+00-0.170539692E+00
-0.174082384E+00-0.175986543E+00-0.176150575E+00-0.174506992E+00-0.171025202E+00
-0.165712252E+00-0.158611625E+00-0.149800017E+00-0.139382452E+00-0.127485991E+00
-0.114252657E+00-0.998319313E-01-0.843733177E-01-0.680193678E-01-0.508994088E-01
-0.331241190E-01-0.147805177E-01 0.407344755E-02 0.234172326E-01 0.432850309E-01
 0.629041567E-01 0.821893364E-01 0.101081930E+00 0.119523190E+00 0.137442499E+00
 0.154751942E+00 0.171344191E+00 0.187093809E+00 0.201862097E+00 0.215506509E+00
 0.886272341E-01 0.814579576E-01 0.784617737E-01 0.763290823E-01 0.736049488E-01
 0.703149065E-01 0.664898455E-01 0.621569306E-01 0.573371984E-01 0.520454235E-01
 0.462910458E-01 0.400800109E-01 0.334188901E-01 0.265022591E-01 0.193073712E-01
 0.118126180E-01 0.399952708E-02-0.414493959E-02-0.126269991E-01-0.214446448E-01
-0.305860899E-01-0.400281213E-01-0.497344621E-01-0.596542656E-01-0.697208270E-01
-0.798506811E-01-0.899431705E-01-0.998807326E-01-0.109529957E+00-0.118743517E+00
-0.127363101E+00-0.135223329E+00-0.142156452E+00-0.147997901E+00-0.152592093E+00
-0.155798540E+00-0.157497421E+00-0.157594681E+00-0.156025752E+00-0.152758092E+00
-0.147791833E+00-0.141158834E+00-0.132919937E+00-0.123160757E+00-0.111986279E+00
-0.995145887E-01-0.858701840E-01-0.711773112E-01-0.555536225E-01-0.391045846E-01
-0.219189301E-01-0.406568451E-02 0.144065777E-01 0.334671214E-01 0.530958809E-01
 0.725205094E-01 0.917518735E-01 0.110767372E+00 0.129519925E+00 0.147937000E+00
 0.165915549E+00 0.183315843E+00 0.199957445E+00 0.215621367E+00 0.230063692E+00
 0.953880250E-01 0.885216296E-01 0.856387168E-01 0.834712163E-01 0.806325227E-01
 0.772083476E-01 0.732667595E-01 0.688541010E-01 0.640004873E-01 0.587250181E-01
 0.530394502E-01 0.469506979E-01 0.404623859E-01 0.335749574E-01 0.264870413E-01
 0.191726983E-01 0.116090346E-01 0.378295220E-02-0.431142468E-02-0.126723917E-01
-0.212893356E-01-0.301412735E-01-0.391954370E-01-0.484059975E-01-0.577130206E-01
-0.670417473E-01-0.763023198E-01-0.853901133E-01-0.941866860E-01-0.102561571E+00
-0.110374808E+00-0.117480338E+00-0.123730026E+00-0.128978357E+00-0.133087441E+00
-0.135932013E+00-0.137404323E+00-0.137418225E+00-0.135912552E+00-0.132853091E+00
-0.128233269E+00-0.122073375E+00-0.114418216E+00-0.105333619E+00-0.949017182E-01
-0.832154974E-01-0.703728274E-01-0.564703271E-01-0.415972844E-01-0.258299392E-01
-0.922643766E-02 0.817683246E-02 0.263655316E-01 0.453385822E-01 0.644261539E-01
 0.835961476E-01 0.102831036E+00 0.122111008E+00 0.141403347E+00 0.160651520E+00
 0.179760739E+00 0.198577836E+00 0.216865599E+00 0.234279692E+00 0.250372410E+00
 0.104537264E+00 0.981507972E-01 0.953787416E-01 0.927261263E-01 0.893809125E-01
 0.855436325E-01 0.812949091E-01 0.766722113E-01 0.716945753E-01 0.663720667E-01
 0.607099235E-01 0.547104701E-01 0.483739153E-01 0.416981876E-01 0.346775539E-01
 0.275159292E-01 0.201650430E-01 0.126244510E-01 0.489116088E-02-0.303408410E-02
-0.111428862E-01-0.194174442E-01-0.278293490E-01-0.363385603E-01-0.448925793E-01
-0.534259118E-01-0.618599243E-01-0.701031834E-01-0.780523866E-01-0.855938792E-01
-0.926059112E-01-0.989614576E-01-0.104531646E+00-0.109189667E+00-0.112814888E+00
-0.115297049E+00-0.116540223E+00-0.116466284E+00-0.115017571E+00-0.112158641E+00
-0.107876763E+00-0.102181323E+00-0.951018855E-01-0.866852030E-01-0.769912302E-01
-0.660883486E-01-0.540480837E-01-0.409393683E-01-0.268224552E-01-0.117422715E-01
 0.427966751E-02 0.212568324E-01 0.392580926E-01 0.575956069E-01 0.762474313E-01
 0.952139646E-01 0.114508584E+00 0.134150252E+00 0.154156655E+00 0.174535036E+00
 0.195267320E+00 0.216281831E+00 0.237394944E+00 0.258183122E+00 0.277771205E+00
 0.117966346E+00 0.112887204E+00 0.108162217E+00 0.103755563E+00 0.993908048E-01
 0.948955566E-01 0.902072117E-01 0.852955356E-01 0.801431835E-01 0.747392103E-01
 0.690763667E-01 0.631499141E-01 0.569573008E-01 0.504985638E-01 0.437781438E-01
 0.368097425E-01 0.295667443E-01 0.222438499E-01 0.148210432E-01 0.728706969E-02
-0.355021184E-03-0.809186138E-02-0.159002896E-01-0.237467960E-01-0.315869041E-01
-0.393647477E-01-0.470130332E-01-0.544533879E-01-0.615972243E-01-0.683470964E-01
-0.745986030E-01-0.802427903E-01-0.851689503E-01-0.892678648E-01-0.924351439E-01
-0.945746377E-01-0.956016406E-01-0.954456851E-01-0.940527096E-01-0.913864523E-01
-0.874288678E-01-0.821796134E-01-0.756544322E-01-0.678826496E-01-0.589038245E-01
-0.487636663E-01-0.375095084E-01-0.251854658E-01-0.118275322E-01 0.254105381E-02
 0.179136526E-01 0.343018547E-01 0.517310724E-01 0.695147365E-01 0.877320543E-01
 0.106449425E+00 0.125736430E+00 0.145673767E+00 0.166357890E+00 0.187904686E+00
 0.210453376E+00 0.234172568E+00 0.259276241E+00 0.286095113E+00 0.314604044E+00
 0.129291147E+00 0.124918856E+00 0.119764522E+00 0.114555784E+00 0.109519087E+00
 0.104522012E+00 0.994741991E-01 0.943178311E-01 0.890157223E-01 0.835435390E-01
 0.778850839E-01 0.720296428E-01 0.659703612E-01 0.597031936E-01 0.532259718E-01
 0.465365425E-01 0.396277606E-01 0.324903876E-01 0.253427755E-01 0.181441084E-01
 0.109085217E-01 0.364895561E-02-0.361678330E-02-0.108624445E-01-0.180521812E-01
-0.251400378E-01-0.320699103E-01-0.387759730E-01-0.451835431E-01-0.512102805E-01
-0.567678325E-01-0.617638156E-01-0.661041513E-01-0.696956292E-01-0.724486709E-01
-0.742799863E-01-0.751151666E-01-0.748909041E-01-0.735566989E-01-0.710759535E-01
-0.674263090E-01-0.625991225E-01-0.565982088E-01-0.494376272E-01-0.411388427E-01
-0.317271613E-01-0.212276727E-01-0.966081489E-02 0.296220486E-02 0.166439395E-01
 0.314054899E-01 0.472920053E-01 0.637028292E-01 0.806615055E-01 0.982217789E-01
 0.116459019E+00 0.135471314E+00 0.155384913E+00 0.176362947E+00 0.198618278E+00
 0.222432271E+00 0.248184040E+00 0.276396722E+00 0.307806462E+00 0.341831744E+00
 0.138595387E+00 0.134641811E+00 0.129582077E+00 0.124293655E+00 0.119080372E+00
 0.113889828E+00 0.108674251E+00 0.103394397E+00 0.980201885E-01 0.925294757E-01
 0.869063064E-01 0.811394751E-01 0.752214566E-01 0.691475719E-01 0.629154071E-01
 0.565245263E-01 0.499767214E-01 0.432786494E-01 0.364475287E-01 0.294582229E-01
 0.225377083E-01 0.156777818E-01 0.887913723E-02 0.215746160E-02-0.446144445E-02
-0.109419329E-01-0.172385462E-01-0.232970677E-01-0.290554967E-01-0.344451591E-01
-0.393921062E-01-0.438188054E-01-0.476459749E-01-0.507946536E-01-0.531883799E-01
-0.547553375E-01-0.554303676E-01-0.551567189E-01-0.538873784E-01-0.515859164E-01
-0.482266992E-01-0.437944829E-01-0.382832661E-01-0.316944383E-01-0.240342636E-01
-0.153106656E-01-0.552928494E-02 0.531105790E-02 0.172234438E-01 0.302361976E-01
 0.443975739E-01 0.591281317E-01 0.744545981E-01 0.904177651E-01 0.107077479E+00
 0.124515884E+00 0.142842114E+00 0.162199661E+00 0.182777330E+00 0.204824775E+00
 0.228674412E+00 0.254769951E+00 0.283698350E+00 0.316208214E+00 0.351431489E+00
 0.146775991E+00 0.143168181E+00 0.138391644E+00 0.133227289E+00 0.128054544E+00
 0.122859135E+00 0.117622957E+00 0.112328567E+00 0.106960662E+00 0.101506583E+00
 0.959564149E-01 0.903027132E-01 0.845402926E-01 0.786659792E-01 0.726784244E-01
 0.665778965E-01 0.603661537E-01 0.540460311E-01 0.476198755E-01 0.410841703E-01
 0.344321802E-01 0.279220492E-01 0.215160791E-01 0.152371470E-01 0.910195708E-02
 0.313564390E-02-0.262420741E-02-0.813315250E-02-0.133404154E-01-0.181892272E-01
-0.226183012E-01-0.265631694E-01-0.299575366E-01-0.327348262E-01-0.348299854E-01
-0.361812115E-01-0.367315412E-01-0.364301689E-01-0.352334678E-01-0.331056193E-01
-0.300188139E-01-0.259528849E-01-0.208943225E-01-0.148347123E-01-0.776870502E-02
 0.308733113E-03 0.940639060E-02 0.195417292E-01 0.307546724E-01 0.430991091E-01
 0.560100824E-01 0.695101321E-01 0.836297721E-01 0.984104872E-01 0.113908142E+00
 0.130196646E+00 0.147372484E+00 0.165560961E+00 0.184925035E+00 0.205678165E+00
 0.228103429E+00 0.252584100E+00 0.279657155E+00 0.310123801E+00 0.342332244E+00
 0.154451787E+00 0.151181817E+00 0.146637261E+00 0.141648874E+00 0.136592373E+00
 0.131470829E+00 0.126286179E+00 0.121038571E+00 0.115726545E+00 0.110347696E+00
 0.104899310E+00 0.993789360E-01 0.937848389E-01 0.881162435E-01 0.823735669E-01
 0.765585378E-01 0.706742853E-01 0.647254437E-01 0.587182529E-01 0.526612066E-01
 0.465678237E-01 0.404624008E-01 0.343153514E-01 0.283944272E-01 0.226546358E-01
 0.170958489E-01 0.117668230E-01 0.670265825E-02 0.194216566E-02-0.246709841E-02
-0.647484791E-02-0.100285523E-01-0.130734015E-01-0.155531848E-01-0.174124222E-01
-0.185979623E-01-0.190601051E-01-0.187534504E-01-0.176375806E-01-0.156775992E-01
-0.128444014E-01-0.911451038E-02-0.446912274E-02 0.110775104E-02 0.762978103E-02
 0.151085695E-01 0.235595480E-01 0.329792164E-01 0.434780009E-01 0.545169562E-01
 0.661176667E-01 0.783003867E-01 0.910892636E-01 0.104515269E+00 0.118618414E+00
 0.133449584E+00 0.149072483E+00 0.165565729E+00 0.183025360E+00 0.201567858E+00
 0.221333787E+00 0.242493168E+00 0.265253782E+00 0.289858252E+00 0.315126359E+00
 0.161861256E+00 0.158927798E+00 0.154616490E+00 0.149798006E+00 0.144852012E+00
 0.139804512E+00 0.134678796E+00 0.129490942E+00 0.124250643E+00 0.118963122E+00
 0.113630921E+00 0.108255222E+00 0.102836855E+00 0.973768979E-01 0.918772072E-01
 0.863407478E-01 0.807718933E-01 0.751766935E-01 0.695632920E-01 0.639423952E-01
 0.583280772E-01 0.527382977E-01 0.471939035E-01 0.417338684E-01 0.363558345E-01
 0.310217012E-01 0.260130633E-01 0.212921314E-01 0.168663468E-01 0.127934515E-01
 0.911200233E-02 0.585972611E-02 0.308010378E-02 0.823370996E-03-0.862123561E-03
-0.193101051E-02-0.234059477E-02-0.205066730E-02-0.102367776E-02 0.774709973E-03
 0.337467506E-02 0.680116424E-02 0.110745085E-01 0.162205845E-01 0.222658888E-01
 0.292145126E-01 0.371769853E-01 0.456696488E-01 0.547712073E-01 0.644472465E-01
 0.746855512E-01 0.854858309E-01 0.968554914E-01 0.108807735E+00 0.121360496E+00
 0.134535402E+00 0.148356348E+00 0.162847057E+00 0.178026989E+00 0.193903878E+00
 0.210460424E+00 0.227628589E+00 0.245236322E+00 0.262869507E+00 0.279513717E+00
 0.169280320E+00 0.166703656E+00 0.162648305E+00 0.157907367E+00 0.152963921E+00
 0.147910640E+00 0.142795980E+00 0.137644142E+00 0.132467285E+00 0.127271533E+00
 0.122059867E+00 0.116833858E+00 0.111594662E+00 0.106343724E+00 0.101083241E+00
 0.958165154E-01 0.905482545E-01 0.852848217E-01 0.800345019E-01 0.748077631E-01
 0.696175098E-01 0.644791573E-01 0.594105422E-01 0.544317923E-01 0.495608076E-01
 0.448187888E-01 0.402472317E-01 0.358449332E-01 0.315708891E-01 0.277385488E-01
 0.243069641E-01 0.212735664E-01 0.186649673E-01 0.165538061E-01 0.149826808E-01
 0.139857614E-01 0.135960495E-01 0.138476025E-01 0.147760389E-01 0.164181087E-01
 0.188092738E-01 0.219750553E-01 0.259038657E-01 0.306526478E-01 0.363465399E-01
 0.425334349E-01 0.492938980E-01 0.566017181E-01 0.644494817E-01 0.728258044E-01
 0.817217305E-01 0.911318809E-01 0.101053827E+00 0.111486889E+00 0.122430392E+00
 0.133881450E+00 0.145831779E+00 0.158263177E+00 0.171141073E+00 0.184404761E+00
 0.197953045E+00 0.211622983E+00 0.225161031E+00 0.238193765E+00 0.250230372E+00
 0.177805468E+00 0.176045388E+00 0.171458080E+00 0.166130200E+00 0.160903230E+00
 0.155711472E+00 0.150546134E+00 0.145404026E+00 0.140282750E+00 0.135180190E+00
 0.130094409E+00 0.125024006E+00 0.119968310E+00 0.114927590E+00 0.109903291E+00
 0.104898185E+00 0.999165177E-01 0.949641988E-01 0.900488645E-01 0.851800516E-01
 0.803692490E-01 0.756299198E-01 0.709774420E-01 0.664289743E-01 0.620031916E-01
 0.577210225E-01 0.536062755E-01 0.496815816E-01 0.459752195E-01 0.425419137E-01
 0.393972695E-01 0.365306139E-01 0.338922516E-01 0.318456963E-01 0.303483177E-01
 0.293954015E-01 0.290009398E-01 0.291900504E-01 0.299974382E-01 0.314708352E-01
 0.336820036E-01 0.367535651E-01 0.402704068E-01 0.443283804E-01 0.489602908E-01
 0.541210435E-01 0.597940758E-01 0.659636334E-01 0.726171210E-01 0.797434896E-01
 0.873331428E-01 0.953777432E-01 0.103869401E+00 0.112799361E+00 0.122156054E+00
 0.131922558E+00 0.142073169E+00 0.152569160E+00 0.163353354E+00 0.174343646E+00
 0.185425445E+00 0.196444198E+00 0.207200468E+00 0.217452094E+00 0.226929843E+00
 0.185193911E+00 0.183971673E+00 0.179337963E+00 0.173670694E+00 0.168220863E+00
 0.162921205E+00 0.157729268E+00 0.152619347E+00 0.147575080E+00 0.142585456E+00
 0.137642831E+00 0.132742003E+00 0.127879769E+00 0.123054653E+00 0.118266866E+00
 0.113518246E+00 0.108812213E+00 0.104153857E+00 0.995499194E-01 0.950088277E-01
 0.905407146E-01 0.861574113E-01 0.818724483E-01 0.777009949E-01 0.736599118E-01
 0.697678328E-01 0.660452619E-01 0.625144914E-01 0.592003874E-01 0.561307371E-01
 0.533302352E-01 0.508235209E-01 0.486452617E-01 0.468662381E-01 0.455218665E-01
 0.446362607E-01 0.442307778E-01 0.443267860E-01 0.449461043E-01 0.461097583E-01
 0.478336662E-01 0.501161218E-01 0.529029779E-01 0.561780371E-01 0.599308647E-01
 0.641452298E-01 0.688062906E-01 0.739005804E-01 0.794161484E-01 0.853424743E-01
 0.916702077E-01 0.983907357E-01 0.105495311E+00 0.112973712E+00 0.120812364E+00
 0.128991768E+00 0.137483463E+00 0.146246478E+00 0.155223623E+00 0.164337873E+00
 0.173489541E+00 0.182555184E+00 0.191389233E+00 0.199829772E+00 0.207709223E+00
 0.190839380E+00 0.189913526E+00 0.185501724E+00 0.179919511E+00 0.174513251E+00
 0.169265166E+00 0.164149404E+00 0.159143627E+00 0.154229879E+00 0.149394348E+00
 0.144626707E+00 0.139919549E+00 0.135268003E+00 0.130669326E+00 0.126122773E+00
 0.121629328E+00 0.117191710E+00 0.112814210E+00 0.108502693E+00 0.104264542E+00
 0.100108638E+00 0.960453525E-01 0.920864865E-01 0.882453173E-01 0.845365301E-01
 0.809762701E-01 0.775821581E-01 0.743732601E-01 0.713701546E-01 0.685947984E-01
 0.660700649E-01 0.638205111E-01 0.618739091E-01 0.602615103E-01 0.590101443E-01
 0.581420660E-01 0.576760955E-01 0.576283224E-01 0.580120124E-01 0.588366650E-01
 0.601061061E-01 0.618159398E-01 0.639525205E-01 0.665027052E-01 0.694538578E-01
 0.727929398E-01 0.765072107E-01 0.805847198E-01 0.850147307E-01 0.897880495E-01
 0.948971361E-01 0.100336008E+00 0.106099717E+00 0.112183258E+00 0.118579797E+00
 0.125278071E+00 0.132259265E+00 0.139493391E+00 0.146936014E+00 0.154525578E+00
 0.162182271E+00 0.169808790E+00 0.177293494E+00 0.184516013E+00 0.191355005E+00
 0.195364088E+00 0.194726810E+00 0.190354928E+00 0.184946969E+00 0.179719076E+00
 0.174646735E+00 0.169711143E+00 0.164893478E+00 0.160177067E+00 0.155548260E+00
 0.150996447E+00 0.146513939E+00 0.142095521E+00 0.137738228E+00 0.133441031E+00
 0.129204676E+00 0.125031471E+00 0.120925255E+00 0.116891213E+00 0.112935886E+00
 0.109067075E+00 0.105293840E+00 0.101626426E+00 0.980762318E-01 0.946558341E-01
 0.913789049E-01 0.882601961E-01 0.853155106E-01 0.825616494E-01 0.800163001E-01
 0.776979178E-01 0.756257251E-01 0.738195851E-01 0.722993538E-01 0.710834116E-01
 0.701879188E-01 0.696264952E-01 0.694100782E-01 0.695465952E-01 0.700405166E-01
 0.708923116E-01 0.720981061E-01 0.736500844E-01 0.755381212E-01 0.777507499E-01
 0.802756697E-01 0.831004530E-01 0.862131938E-01 0.896033123E-01 0.932623893E-01
 0.971850082E-01 0.101369508E+00 0.105818450E+00 0.110538296E+00 0.115538023E+00
 0.120826155E+00 0.126406342E+00 0.132271916E+00 0.138400584E+00 0.144750625E+00
 0.151259243E+00 0.157843783E+00 0.164405763E+00 0.170837566E+00 0.177030593E+00
 0.198427454E+00 0.197948486E+00 0.193955839E+00 0.188815907E+00 0.183858693E+00
 0.179062113E+00 0.174400628E+00 0.169852614E+00 0.165401101E+00 0.161033273E+00
 0.156739816E+00 0.152514264E+00 0.148352563E+00 0.144252613E+00 0.140214056E+00
 0.136238053E+00 0.132327110E+00 0.128484949E+00 0.124716461E+00 0.121027589E+00
 0.117425285E+00 0.113917485E+00 0.110513039E+00 0.107221663E+00 0.104053929E+00
 0.101021186E+00 0.981355384E-01 0.954097584E-01 0.928572118E-01 0.904917195E-01
 0.883274749E-01 0.863787681E-01 0.846597925E-01 0.831841677E-01 0.819644108E-01
 0.810114294E-01 0.803341791E-01 0.799393058E-01 0.798308924E-01 0.800101534E-01
 0.804752409E-01 0.812211782E-01 0.822400451E-01 0.835214704E-01 0.850530937E-01
 0.868211463E-01 0.888110623E-01 0.910083354E-01 0.933996141E-01 0.959741920E-01
 0.987259597E-01 0.101655796E+00 0.104774252E+00 0.108103849E+00 0.111679740E+00
 0.115546793E+00 0.119751692E+00 0.124330968E+00 0.129298851E+00 0.134638771E+00
 0.140300065E+00 0.146199286E+00 0.152226105E+00 0.158254236E+00 0.164155856E+00
 0.200332552E+00 0.199979186E+00 0.196267933E+00 0.191500738E+00 0.186948732E+00
 0.182549581E+00 0.178262457E+00 0.174063861E+00 0.169939727E+00 0.165881366E+00
 0.161883324E+00 0.157942489E+00 0.154057398E+00 0.150228068E+00 0.146455675E+00
 0.142742455E+00 0.139091596E+00 0.135507181E+00 0.131994084E+00 0.128557965E+00
 0.125205159E+00 0.121942692E+00 0.118778184E+00 0.115719877E+00 0.112776525E+00
 0.109957397E+00 0.107272185E+00 0.104730956E+00 0.102344036E+00 0.100121945E+00
 0.980752110E-01 0.962141976E-01 0.945488736E-01 0.930885300E-01 0.918414444E-01
 0.908145308E-01 0.900130495E-01 0.894403085E-01 0.890973806E-01 0.889828503E-01
 0.890926346E-01 0.894198716E-01 0.899548456E-01 0.906850845E-01 0.915954933E-01
 0.926685706E-01 0.938848332E-01 0.952234045E-01 0.966631174E-01 0.981843323E-01
 0.997717530E-01 0.101418965E+00 0.103135116E+00 0.104954205E+00 0.106945641E+00
 0.109219797E+00 0.111915015E+00 0.115160093E+00 0.119035646E+00 0.123559110E+00
 0.128685772E+00 0.134310678E+00 0.140271157E+00 0.146363929E+00 0.152385592E+00
 0.200695217E+00 0.200257912E+00 0.196955279E+00 0.192981273E+00 0.189095393E+00
 0.185243726E+00 0.181423828E+00 0.177636787E+00 0.173884124E+00 0.170167476E+00
 0.166488633E+00 0.162849620E+00 0.159252852E+00 0.155701190E+00 0.152197912E+00
 0.148746803E+00 0.145352140E+00 0.142018601E+00 0.138751343E+00 0.135555923E+00
 0.132438272E+00 0.129404664E+00 0.126461715E+00 0.123616330E+00 0.120875657E+00
 0.118247092E+00 0.115738183E+00 0.113356598E+00 0.111110054E+00 0.109006234E+00
 0.107052647E+00 0.105256528E+00 0.103624620E+00 0.102162980E+00 0.100876763E+00
 0.997699350E-01 0.988450274E-01 0.981028378E-01 0.975422040E-01 0.971596912E-01
 0.969493166E-01 0.969023332E-01 0.970069319E-01 0.972480178E-01 0.976069197E-01
 0.980611667E-01 0.985842124E-01 0.991453454E-01 0.997098237E-01 0.100239687E+00
 0.100695707E+00 0.101041645E+00 0.101252623E+00 0.101331547E+00 0.101342879E+00
 0.101485372E+00 0.102169201E+00 0.103805631E+00 0.106560595E+00 0.110452838E+00
 0.115435436E+00 0.121393472E+00 0.128079712E+00 0.135026842E+00 0.141744703E+00
 0.200066984E+00 0.199271932E+00 0.196945146E+00 0.193942189E+00 0.190749943E+00
 0.187456071E+00 0.184110716E+00 0.180742010E+00 0.177367046E+00 0.173997402E+00
 0.170641631E+00 0.167306662E+00 0.163998604E+00 0.160723060E+00 0.157485515E+00
 0.154291347E+00 0.151145965E+00 0.148054838E+00 0.145023495E+00 0.142057508E+00
 0.139162540E+00 0.136344269E+00 0.133608386E+00 0.130960613E+00 0.128406644E+00
 0.125952169E+00 0.123602770E+00 0.121363990E+00 0.119241223E+00 0.117239714E+00
 0.115364440E+00 0.113620088E+00 0.112010866E+00 0.110540420E+00 0.109211609E+00
 0.108026326E+00 0.106985249E+00 0.106087580E+00 0.105330788E+00 0.104710236E+00
 0.104218878E+00 0.103846855E+00 0.103581049E+00 0.103404544E+00 0.103295982E+00
 0.103228673E+00 0.103169538E+00 0.103077695E+00 0.102902681E+00 0.102582425E+00
 0.102041036E+00 0.101187237E+00 0.999142155E-01 0.981015712E-01 0.956146866E-01
 0.922661275E-01 0.897176191E-01 0.895272940E-01 0.912564620E-01 0.946751758E-01
 0.999575928E-01 0.106945582E+00 0.115917318E+00 0.125299186E+00 0.133118778E+00
 0.200657621E+00 0.199961826E+00 0.197833851E+00 0.195170313E+00 0.192383394E+00
 0.189500988E+00 0.186549962E+00 0.183552340E+00 0.180525318E+00 0.177482396E+00
 0.174434617E+00 0.171391398E+00 0.168361083E+00 0.165351346E+00 0.162369341E+00
 0.159421846E+00 0.156515315E+00 0.153655961E+00 0.150849685E+00 0.148102164E+00
 0.145418793E+00 0.142804727E+00 0.140264824E+00 0.137803659E+00 0.135425568E+00
 0.133134544E+00 0.130934387E+00 0.128828555E+00 0.126820341E+00 0.124912709E+00
 0.123108454E+00 0.121410057E+00 0.119819701E+00 0.118339196E+00 0.116969794E+00
 0.115712099E+00 0.114565812E+00 0.113529466E+00 0.112600178E+00 0.111773245E+00
 0.111041792E+00 0.110396296E+00 0.109824054E+00 0.109308466E+00 0.108828194E+00
 0.108355932E+00 0.107856713E+00 0.107285403E+00 0.106583074E+00 0.105671413E+00
 0.104444534E+00 0.102757536E+00 0.100412562E+00 0.971469060E-01 0.926304609E-01
 0.872703344E-01 0.841623992E-01 0.832943618E-01 0.844813362E-01 0.878262371E-01
 0.932900384E-01 0.101301335E+00 0.111448996E+00 0.120444641E+00 0.128105178E+00
 0.201510623E+00 0.200946763E+00 0.198981911E+00 0.196564406E+00 0.194066986E+00
 0.191497222E+00 0.188865960E+00 0.186184615E+00 0.183464423E+00 0.180716202E+00
 0.177950263E+00 0.175176486E+00 0.172404289E+00 0.169642597E+00 0.166899845E+00
 0.164183989E+00 0.161502391E+00 0.158861905E+00 0.156268820E+00 0.153728873E+00
 0.151247218E+00 0.148828447E+00 0.146476597E+00 0.144195139E+00 0.141986936E+00
 0.139854357E+00 0.137799263E+00 0.135823056E+00 0.133926794E+00 0.132111236E+00
 0.130376965E+00 0.128724441E+00 0.127154097E+00 0.125666276E+00 0.124261230E+00
 0.122938953E+00 0.121699028E+00 0.120540328E+00 0.119460762E+00 0.118456863E+00
 0.117523417E+00 0.116653003E+00 0.115835510E+00 0.115057506E+00 0.114301525E+00
 0.113545060E+00 0.112759143E+00 0.111906223E+00 0.110936716E+00 0.109783113E+00
 0.108349256E+00 0.106489420E+00 0.103967741E+00 0.100392863E+00 0.952562317E-01
 0.910907239E-01 0.887645856E-01 0.881420374E-01 0.892429501E-01 0.920992494E-01
 0.972465575E-01 0.105124585E+00 0.113357864E+00 0.120533228E+00 0.126878083E+00
 0.202351093E+00 0.201920852E+00 0.200189233E+00 0.197999448E+00 0.195756420E+00
 0.193459302E+00 0.191107973E+00 0.188705295E+00 0.186256990E+00 0.183770955E+00
 0.181256652E+00 0.178724289E+00 0.176184312E+00 0.173646972E+00 0.171122000E+00
 0.168618500E+00 0.166144744E+00 0.163708210E+00 0.161315501E+00 0.158972397E+00
 0.156683773E+00 0.154453680E+00 0.152285248E+00 0.150180772E+00 0.148141623E+00
 0.146168306E+00 0.144260541E+00 0.142417371E+00 0.140637279E+00 0.138918474E+00
 0.137259021E+00 0.135657191E+00 0.134111613E+00 0.132621393E+00 0.131186157E+00
 0.129806012E+00 0.128481314E+00 0.127212361E+00 0.125999063E+00 0.124840558E+00
 0.123734757E+00 0.122677997E+00 0.121664666E+00 0.120686904E+00 0.119734250E+00
 0.118793435E+00 0.117848128E+00 0.116878793E+00 0.115862764E+00 0.114774674E+00
 0.113587767E+00 0.112276420E+00 0.110816643E+00 0.109126873E+00 0.107366353E+00
 0.106206708E+00 0.105568714E+00 0.105606988E+00 0.106334090E+00 0.107903756E+00
 0.110377975E+00 0.114551596E+00 0.119103208E+00 0.123724170E+00 0.128234997E+00
 0.203177556E+00 0.202903971E+00 0.201342016E+00 0.199391887E+00 0.197415397E+00
 0.195392758E+00 0.193311587E+00 0.191167653E+00 0.188963860E+00 0.186708182E+00
 0.184411779E+00 0.182087243E+00 0.179747507E+00 0.177405000E+00 0.175071344E+00
 0.172756970E+00 0.170471132E+00 0.168221876E+00 0.166016087E+00 0.163859487E+00
 0.161756694E+00 0.159711137E+00 0.157725111E+00 0.155799642E+00 0.153934449E+00
 0.152127981E+00 0.150377408E+00 0.148678750E+00 0.147027194E+00 0.145417467E+00
 0.143844321E+00 0.142303035E+00 0.140789941E+00 0.139302820E+00 0.137841031E+00
 0.136405498E+00 0.134998426E+00 0.133622870E+00 0.132282183E+00 0.130979493E+00
 0.129717171E+00 0.128496513E+00 0.127317503E+00 0.126178741E+00 0.125077665E+00
 0.124010935E+00 0.122975364E+00 0.121969417E+00 0.120996155E+00 0.120068617E+00
 0.119220555E+00 0.118528940E+00 0.118163630E+00 0.118480630E+00 0.119650990E+00
 0.120429859E+00 0.120867409E+00 0.121285222E+00 0.121775337E+00 0.122201271E+00
 0.122262679E+00 0.123001985E+00 0.124960199E+00 0.127592430E+00 0.130541876E+00
 0.203714386E+00 0.203601450E+00 0.202303082E+00 0.200684279E+00 0.199050635E+00
 0.197347388E+00 0.195548370E+00 0.193649054E+00 0.191658348E+00 0.189592198E+00
 0.187469333E+00 0.185308740E+00 0.183128268E+00 0.180943951E+00 0.178769708E+00
 0.176617473E+00 0.174497277E+00 0.172417477E+00 0.170384973E+00 0.168405339E+00
 0.166482851E+00 0.164620459E+00 0.162819684E+00 0.161080480E+00 0.159400970E+00
 0.157777324E+00 0.156203613E+00 0.154671922E+00 0.153172687E+00 0.151695356E+00
 0.150229350E+00 0.148765177E+00 0.147295594E+00 0.145816416E+00 0.144327015E+00
 0.142830253E+00 0.141331926E+00 0.139839888E+00 0.138362989E+00 0.136910111E+00
 0.135489359E+00 0.134107754E+00 0.132770926E+00 0.131483436E+00 0.130249143E+00
 0.129071921E+00 0.127956837E+00 0.126911685E+00 0.125949368E+00 0.125090867E+00
 0.124369018E+00 0.123830512E+00 0.123529278E+00 0.123495422E+00 0.123682819E+00
 0.123982951E+00 0.124328203E+00 0.124718353E+00 0.125175148E+00 0.125727892E+00
 0.126449540E+00 0.127469525E+00 0.128874302E+00 0.130636722E+00 0.132664770E+00
 0.203571811E+00 0.203556955E+00 0.202873215E+00 0.201912299E+00 0.200809374E+00
 0.199501857E+00 0.197983190E+00 0.196283221E+00 0.194440573E+00 0.192493156E+00
 0.190475270E+00 0.188416570E+00 0.186341703E+00 0.184270591E+00 0.182219058E+00
 0.180199504E+00 0.178221762E+00 0.176293656E+00 0.174421519E+00 0.172610447E+00
 0.170864388E+00 0.169186145E+00 0.167577043E+00 0.166036606E+00 0.164562032E+00
 0.163147554E+00 0.161783874E+00 0.160457909E+00 0.159152910E+00 0.157849476E+00
 0.156527475E+00 0.155168533E+00 0.153758615E+00 0.152290136E+00 0.150762886E+00
 0.149183959E+00 0.147566348E+00 0.145926788E+00 0.144283339E+00 0.142653316E+00
 0.141052112E+00 0.139492691E+00 0.137985751E+00 0.136540130E+00 0.135163575E+00
 0.133863464E+00 0.132647723E+00 0.131525829E+00 0.130509615E+00 0.129613981E+00
 0.128856495E+00 0.128255278E+00 0.127823874E+00 0.127564460E+00 0.127464041E+00
 0.127500415E+00 0.127654836E+00 0.127921000E+00 0.128306076E+00 0.128829256E+00
 0.129519448E+00 0.130406976E+00 0.131508902E+00 0.132818252E+00 0.134305894E+00
 0.203367874E+00 0.203516990E+00 0.203554958E+00 0.203512833E+00 0.203301996E+00
 0.202301919E+00 0.200911552E+00 0.199254990E+00 0.197416678E+00 0.195462167E+00
 0.193443760E+00 0.191402018E+00 0.189366788E+00 0.187359020E+00 0.185392991E+00
 0.183478579E+00 0.181622863E+00 0.179831371E+00 0.178108722E+00 0.176459119E+00
 0.174886405E+00 0.173393950E+00 0.171984226E+00 0.170658141E+00 0.169414043E+00
 0.168246314E+00 0.167143673E+00 0.166087404E+00 0.165050045E+00 0.163996249E+00
 0.162886590E+00 0.161683902E+00 0.160360008E+00 0.158900335E+00 0.157306239E+00
 0.155594587E+00 0.153794512E+00 0.151941285E+00 0.150069743E+00 0.148209885E+00
 0.146385491E+00 0.144614577E+00 0.142910823E+00 0.141284838E+00 0.139745325E+00
 0.138299972E+00 0.136956155E+00 0.135721505E+00 0.134604141E+00 0.133612648E+00
 0.132755503E+00 0.132039964E+00 0.131470472E+00 0.131047487E+00 0.130767360E+00
 0.130624190E+00 0.130612642E+00 0.130730554E+00 0.130980119E+00 0.131367356E+00
 0.131900132E+00 0.132584780E+00 0.133422226E+00 0.134405419E+00 0.135518998E+00
 0.203567192E+00 0.203986391E+00 0.204505220E+00 0.205200940E+00 0.206043094E+00
 0.205907837E+00 0.204594135E+00 0.202683151E+00 0.200614333E+00 0.198465511E+00
 0.196305126E+00 0.194181308E+00 0.192120746E+00 0.190135419E+00 0.188229561E+00
 0.186404228E+00 0.184659675E+00 0.182996497E+00 0.181416333E+00 0.179922029E+00
 0.178517833E+00 0.177209049E+00 0.176001593E+00 0.174901128E+00 0.173911765E+00
 0.173034146E+00 0.172261968E+00 0.171576500E+00 0.170938745E+00 0.170282975E+00
 0.169523388E+00 0.168577656E+00 0.167387545E+00 0.165924996E+00 0.164193720E+00
 0.162232623E+00 0.160112664E+00 0.157915920E+00 0.155710071E+00 0.153540283E+00
 0.151434392E+00 0.149409741E+00 0.147477806E+00 0.145646855E+00 0.143923327E+00
 0.142312691E+00 0.140819848E+00 0.139449418E+00 0.138205811E+00 0.137093142E+00
 0.136114955E+00 0.135273844E+00 0.134571105E+00 0.134006396E+00 0.133578032E+00
 0.133283496E+00 0.133120283E+00 0.133086622E+00 0.133181766E+00 0.133405745E+00
 0.133758470E+00 0.134238571E+00 0.134842083E+00 0.135561630E+00 0.136386260E+00
 0.203615919E+00 0.204209179E+00 0.204957768E+00 0.205947608E+00 0.207249746E+00
 0.207872421E+00 0.207532436E+00 0.206201777E+00 0.203888193E+00 0.201286256E+00
 0.198820725E+00 0.196542352E+00 0.194434494E+00 0.192472294E+00 0.190635383E+00
 0.188908935E+00 0.187282890E+00 0.185751259E+00 0.184311777E+00 0.182965875E+00
 0.181718931E+00 0.180580169E+00 0.179561853E+00 0.178678423E+00 0.177946001E+00
 0.177381903E+00 0.177002743E+00 0.176819235E+00 0.176819995E+00 0.176908344E+00
 0.176813588E+00 0.176319867E+00 0.175348192E+00 0.173861772E+00 0.171845600E+00
 0.169339970E+00 0.166557327E+00 0.163773030E+00 0.161087468E+00 0.158523530E+00
 0.156086013E+00 0.153775990E+00 0.151594415E+00 0.149542734E+00 0.147622719E+00
 0.145836100E+00 0.144184411E+00 0.142668933E+00 0.141290620E+00 0.140050068E+00
 0.138947442E+00 0.137982413E+00 0.137153968E+00 0.136460498E+00 0.135899842E+00
 0.135469466E+00 0.135166675E+00 0.134988829E+00 0.134933338E+00 0.134997502E+00
 0.135178134E+00 0.135471120E+00 0.135870978E+00 0.136370510E+00 0.136960775E+00
 0.203332037E+00 0.204007536E+00 0.204754353E+00 0.205559328E+00 0.206407070E+00
 0.207255855E+00 0.207757533E+00 0.207290038E+00 0.205766842E+00 0.203110769E+00
 0.200424999E+00 0.198119804E+00 0.196076736E+00 0.194223434E+00 0.192518756E+00
 0.190936536E+00 0.189459428E+00 0.188076392E+00 0.186781526E+00 0.185573861E+00
 0.184458509E+00 0.183453977E+00 0.182583407E+00 0.181869581E+00 0.181341916E+00
 0.181039110E+00 0.181012779E+00 0.181334823E+00 0.182114631E+00 0.183514535E+00
 0.184435636E+00 0.184516892E+00 0.183853507E+00 0.182362974E+00 0.179994792E+00
 0.176606461E+00 0.172592491E+00 0.169076979E+00 0.165885523E+00 0.162931114E+00
 0.160169408E+00 0.157578737E+00 0.155149579E+00 0.152878091E+00 0.150762603E+00
 0.148801759E+00 0.146993935E+00 0.145337060E+00 0.143828720E+00 0.142466307E+00
 0.141247004E+00 0.140167862E+00 0.139225781E+00 0.138417497E+00 0.137739629E+00
 0.137188643E+00 0.136760965E+00 0.136452928E+00 0.136260703E+00 0.136180252E+00
 0.136207104E+00 0.136336163E+00 0.136561543E+00 0.136876449E+00 0.137273163E+00
 0.202787980E+00 0.203658327E+00 0.204435751E+00 0.205042496E+00 0.205456540E+00
 0.205690771E+00 0.205759287E+00 0.205651551E+00 0.204901010E+00 0.202842504E+00
 0.200591192E+00 0.198627293E+00 0.196875751E+00 0.195276260E+00 0.193802163E+00
 0.192432508E+00 0.191150591E+00 0.189943954E+00 0.188804328E+00 0.187727600E+00
 0.186713472E+00 0.185794726E+00 0.185005680E+00 0.184371546E+00 0.183929279E+00
 0.183728755E+00 0.183836833E+00 0.184346184E+00 0.185390115E+00 0.187118188E+00
 0.188384235E+00 0.188754246E+00 0.188301623E+00 0.186955675E+00 0.184617162E+00
 0.181107983E+00 0.176901445E+00 0.173162714E+00 0.169740066E+00 0.166542187E+00
 0.163530171E+00 0.160694137E+00 0.158035547E+00 0.155557096E+00 0.153258830E+00
 0.151137918E+00 0.149189457E+00 0.147407576E+00 0.145786077E+00 0.144318894E+00
 0.143000185E+00 0.141824454E+00 0.140786529E+00 0.139881462E+00 0.139104515E+00
 0.138451070E+00 0.137916580E+00 0.137496531E+00 0.137186304E+00 0.136981159E+00
 0.136876076E+00 0.136865646E+00 0.136944026E+00 0.137104914E+00 0.137341440E+00
 0.762398779E+00 0.777826130E+00 0.788645267E+00 0.801829576E+00 0.815597117E+00
 0.830047011E+00 0.844980955E+00 0.860507011E+00 0.876602471E+00 0.893474579E+00
 0.910432935E+00 0.928525388E+00 0.946752906E+00 0.966114700E+00 0.985869288E+00
 0.100647748E+01 0.102802467E+01 0.105032301E+01 0.107337940E+01 0.109741843E+01
 0.112240636E+01 0.114839816E+01 0.117540276E+01 0.120357406E+01 0.123281515E+01
 0.126331317E+01 0.129509771E+01 0.132820714E+01 0.136285400E+01 0.139891791E+01
 0.143663430E+01 0.147595203E+01 0.151699436E+01 0.156024241E+01 0.160538733E+01
 0.165243125E+01 0.170184970E+01 0.175363433E+01 0.180813181E+01 0.186540973E+01
 0.192505181E+01 0.198794520E+01 0.205434465E+01 0.212413478E+01 0.219733405E+01
 0.227422619E+01 0.235586548E+01 0.244155884E+01 0.253175211E+01 0.262745762E+01
 0.272833085E+01 0.283427000E+01 0.294718170E+01 0.306668949E+01 0.319204521E+01
 0.332717133E+01 0.346959949E+01 0.362435150E+01 0.378912091E+01 0.396967936E+01
 0.416504908E+01 0.438959360E+01 0.465612507E+01 0.502512789E+01 0.631100368E+01
   85  117
 0.111552262E+01-0.200000003E+00 0.110102844E+01-0.150000006E+00 0.108673835E+01
-0.500000007E-01 0.109480143E+01 0.500000007E-01 0.110824084E+01 0.100000001E+00
 0.113218749E+01 0.161896974E+00 0.115875006E+01 0.215827897E+00 0.118531251E+01
 0.262763441E+00 0.121187496E+01 0.305334866E+00 0.124269593E+01 0.349999994E+00
 0.127980900E+01 0.400000006E+00 0.131812501E+01 0.446402609E+00 0.134468746E+01
 0.476622969E+00 0.137125003E+01 0.505011618E+00 0.141861391E+01 0.550000012E+00
 0.145093751E+01 0.577190578E+00 0.148102200E+01 0.600000024E+00 0.153062499E+01
 0.633846402E+00 0.155840790E+01 0.649999976E+00 0.161031246E+01 0.676716924E+00
 0.166343749E+01 0.697109401E+00 0.169000006E+01 0.705952406E+00 0.174312496E+01
 0.717465401E+00 0.179624999E+01 0.721824348E+00 0.184937501E+01 0.718901753E+00
 0.190250003E+01 0.706948161E+00 0.192906249E+01 0.696261466E+00 0.198218751E+01
 0.668265641E+00 0.200874996E+01 0.647521496E+00 0.205677629E+01 0.600000024E+00
 0.208843756E+01 0.560517192E+00 0.211500001E+01 0.519231975E+00 0.214156246E+01
 0.471038669E+00 0.216812491E+01 0.416329473E+00 0.219468760E+01 0.355183601E+00
 0.221592379E+01 0.300000012E+00 0.223424625E+01 0.250000000E+00 0.225076461E+01
 0.200000003E+00 0.227437496E+01 0.103003226E+00 0.228164601E+01 0.500000007E-01
 0.228270793E+01-0.500000007E-01 0.227437496E+01-0.115087226E+00 0.225606179E+01
-0.200000003E+00 0.224166775E+01-0.250000000E+00 0.222125006E+01-0.314385295E+00
 0.219468760E+01-0.388567001E+00 0.217122340E+01-0.449999988E+00 0.214998555E+01
-0.500000000E+00 0.212675643E+01-0.550000012E+00 0.210117173E+01-0.600000024E+00
 0.207286716E+01-0.649999976E+00 0.204155731E+01-0.699999988E+00 0.200874996E+01
-0.746920764E+00 0.198218751E+01-0.783739090E+00 0.195562506E+01-0.818938553E+00
 0.192906249E+01-0.852311909E+00 0.188839447E+01-0.899999976E+00 0.184937501E+01
-0.945582330E+00 0.182281256E+01-0.977632523E+00 0.179624999E+01-0.100834787E+01
 0.175705123E+01-0.104999995E+01 0.171656251E+01-0.109542298E+01 0.169000006E+01
-0.112953079E+01 0.165278172E+01-0.116851032E+01 0.163770723E+01-0.118702054E+01
 0.161031246E+01-0.114502454E+01 0.157997286E+01-0.110000002E+01 0.155022454E+01
-0.104999995E+01 0.152109909E+01-0.100000000E+01 0.149218071E+01-0.949999988E+00
 0.146336651E+01-0.899999976E+00 0.143466306E+01-0.850000024E+00 0.140613914E+01
-0.800000012E+00 0.137790072E+01-0.750000000E+00 0.135006988E+01-0.699999988E+00
 0.132276630E+01-0.649999976E+00 0.129609299E+01-0.600000024E+00 0.127012777E+01
-0.550000012E+00 0.124492168E+01-0.500000000E+00 0.122050619E+01-0.449999988E+00
 0.119691908E+01-0.400000006E+00 0.117426050E+01-0.349999994E+00 0.115281439E+01
-0.300000012E+00 0.113218749E+01-0.246410325E+00 0.111552262E+01-0.200000003E+00
 0.101600003E+01 0.000000000E+00 0.101600003E+01 0.963999987E+00 0.101600003E+01
 0.967999995E+00 0.101600003E+01 0.100100005E+01 0.101600003E+01 0.101900005E+01
 0.101600003E+01 0.107700002E+01 0.101600003E+01 0.107000005E+01 0.101600003E+01
 0.109599996E+01 0.101600003E+01 0.111300004E+01 0.101600003E+01 0.113800001E+01
 0.101600003E+01 0.114699996E+01 0.101199996E+01 0.116499996E+01 0.100100005E+01
 0.121700001E+01 0.102900004E+01 0.121700001E+01 0.104200006E+01 0.116240001E+01
 0.104600000E+01 0.116237998E+01 0.105599999E+01 0.116260004E+01 0.109700000E+01
 0.116450000E+01 0.110800004E+01 0.116594005E+01 0.111600006E+01 0.116591001E+01
 0.113399994E+01 0.116895998E+01 0.114800000E+01 0.117174995E+01 0.116199994E+01
 0.117556000E+01 0.118099999E+01 0.118299997E+01 0.118200004E+01 0.118350005E+01
 0.118499994E+01 0.118499994E+01 0.119000006E+01 0.118799996E+01 0.119500005E+01
 0.119099998E+01 0.120099998E+01 0.119599998E+01 0.120899999E+01 0.120200002E+01
 0.121500003E+01 0.120799994E+01 0.122200000E+01 0.121399999E+01 0.122800004E+01
 0.122099996E+01 0.123399997E+01 0.123099995E+01 0.123899996E+01 0.123800004E+01
 0.124199998E+01 0.124399996E+01 0.124800003E+01 0.125399995E+01 0.125800002E+01
 0.127800000E+01 0.126300001E+01 0.128999996E+01 0.127999997E+01 0.133099997E+01
 0.127999997E+01 0.134700000E+01 0.127999997E+01 0.134800005E+01 0.130999994E+01
 0.134800005E+01 0.132799995E+01 0.134800005E+01 0.136099994E+01 0.134800005E+01
 0.138000000E+01 0.134800005E+01 0.141900003E+01 0.134800005E+01 0.141900003E+01
 0.130999994E+01 0.137199998E+01 0.130999994E+01 0.137167001E+01 0.129237998E+01
 0.137003005E+01 0.128268003E+01 0.136688006E+01 0.125644004E+01 0.136719000E+01
 0.122955000E+01 0.137178004E+01 0.119576001E+01 0.137223995E+01 0.119402003E+01
 0.138662004E+01 0.116487002E+01 0.138707995E+01 0.116420996E+01 0.140382004E+01
 0.115696001E+01 0.141127002E+01 0.115730000E+01 0.141857004E+01 0.116131997E+01
 0.142100000E+01 0.116400003E+01 0.148662996E+01 0.124049997E+01 0.149730003E+01
 0.123458004E+01 0.149761999E+01 0.123427999E+01 0.149744999E+01 0.123174000E+01
 0.149275005E+01 0.121329999E+01 0.149259996E+01 0.121061003E+01 0.149260998E+01
 0.120485997E+01 0.149278998E+01 0.120213997E+01 0.149339998E+01 0.119641995E+01
 0.149469995E+01 0.118510997E+01 0.149621999E+01 0.116069996E+01 0.147981000E+01
 0.112425995E+01 0.148081994E+01 0.112256002E+01 0.148149002E+01 0.112137997E+01
 0.148645997E+01 0.111691999E+01 0.149094999E+01 0.111439002E+01 0.150304997E+01
 0.111243999E+01 0.159696996E+01 0.109489000E+01 0.162549996E+01 0.108529997E+01
 0.163751996E+01 0.107988000E+01 0.164699996E+01 0.107700002E+01 0.178499997E+01
 0.107700002E+01 0.206999993E+01 0.103999996E+01 0.212800002E+01 0.992999971E+00
 0.224499989E+01 0.708999991E+00 0.233956003E+01 0.461430013E+00 0.234707999E+01
 0.415829986E+00 0.234912992E+01 0.272179991E+00 0.235103011E+01 0.170179993E+00
 0.235157990E+01 0.701199993E-01 0.235124993E+01-0.317899995E-01 0.235050988E+01
-0.144350007E+00 0.234964991E+01-0.214829996E+00 0.234870005E+01-0.326689988E+00
 0.234759998E+01-0.386770010E+00 0.234019995E+01-0.453040004E+00 0.232942009E+01
-0.477569997E+00 0.213400006E+01-0.972999990E+00 0.178600001E+01-0.117400002E+01
 0.176800001E+01-0.121099997E+01 0.176800001E+01-0.125000000E+01 0.168200004E+01
-0.125000000E+01 0.137199998E+01-0.125000000E+01 0.137199998E+01-0.132900000E+01
 0.141999996E+01-0.132900000E+01 0.141999996E+01-0.136300004E+01 0.127300000E+01
-0.136300004E+01 0.115300000E+01-0.136300004E+01 0.101600003E+01-0.122300005E+01
 0.101600003E+01-0.122300005E+01 0.101600003E+01-0.829999983E+00 0.101600003E+01
-0.800000012E+00 0.101600003E+01-0.414999992E+00 0.101600003E+01-0.400000006E+00
 0.101600003E+01-0.100000005E-02 0.101600003E+01 0.000000000E+00
    0 0.170000005E+01    1
 0.000000000E+00 0.000000000E+00 0.000000000E+00 0.000000000E+00 0.000000000E+00
 0.000000000E+00 0.000000000E+00 0.000000000E+00 0.000000000E+00 0.000000000E+00
 0.000000000E+00 0.000000000E+00 0.000000000E+00 0.000000000E+00 0.000000000E+00
 0.000000000E+00 0.000000000E+00 0.000000000E+00 0.000000000E+00 0.000000000E+00
 0.000000000E+00 0.000000000E+00 0.000000000E+00 0.000000000E+00 0.000000000E+00
 0.000000000E+00 0.000000000E+00 0.000000000E+00 0.000000000E+00 0.000000000E+00
 0.000000000E+00 0.000000000E+00 0.000000000E+00 0.000000000E+00 0.000000000E+00
 0.000000000E+00 0.000000000E+00 0.000000000E+00 0.000000000E+00 0.000000000E+00
 0.000000000E+00 0.000000000E+00 0.000000000E+00 0.000000000E+00 0.000000000E+00
 0.000000000E+00 0.000000000E+00 0.000000000E+00 0.000000000E+00 0.000000000E+00
 0.000000000E+00 0.000000000E+00 0.000000000E+00 0.000000000E+00 0.000000000E+00
 0.000000000E+00 0.000000000E+00 0.000000000E+00 0.000000000E+00 0.000000000E+00
 0.000000000E+00 0.000000000E+00 0.000000000E+00 0.000000000E+00 0.000000000E+00
 0.000000000E+00 0.783246830E-01 0.111594960E+00 0.137363508E+00 0.159393623E+00
 0.179051027E+00 0.197085455E+00 0.213896006E+00 0.229761541E+00 0.243528485E+00
 0.258149743E+00 0.272233605E+00 0.285918832E+00 0.299188197E+00 0.312147200E+00
 0.324898958E+00 0.337384284E+00 0.349687010E+00 0.361805379E+00 0.373815417E+00
 0.385712206E+00 0.397471875E+00 0.409213573E+00 0.420862347E+00 0.432457477E+00
 0.444050401E+00 0.455602080E+00 0.467147142E+00 0.478753924E+00 0.490307838E+00
 0.501935899E+00 0.513589561E+00 0.525273740E+00 0.537081182E+00 0.548938096E+00
 0.560833335E+00 0.572870076E+00 0.584980428E+00 0.597227931E+00 0.609630108E+00
 0.622089088E+00 0.634729445E+00 0.647551596E+00 0.660536766E+00 0.673691630E+00
 0.686996162E+00 0.700576544E+00 0.714332938E+00 0.728328705E+00 0.742575288E+00
 0.757072330E+00 0.771817684E+00 0.786875725E+00 0.802271008E+00 0.817893326E+00
 0.833948195E+00 0.850286067E+00 0.867084444E+00 0.884221077E+00 0.901845515E+00
 0.919922590E+00 0.938621938E+00 0.957953990E+00 0.978206158E+00 0.100000000E+01
    1
 0.000000000E+00 0.000000000E+00 0.000000000E+00 0.000000000E+00 0.000000000E+00
 0.000000000E+00 0.000000000E+00 0.000000000E+00 0.000000000E+00 0.000000000E+00
 0.000000000E+00 0.000000000E+00 0.000000000E+00 0.000000000E+00 0.000000000E+00
 0.000000000E+00 0.000000000E+00 0.000000000E+00 0.000000000E+00 0.000000000E+00
 0.000000000E+00 0.000000000E+00 0.000000000E+00 0.000000000E+00 0.000000000E+00
 0.000000000E+00 0.000000000E+00 0.000000000E+00 0.000000000E+00 0.000000000E+00
 0.000000000E+00 0.000000000E+00 0.000000000E+00 0.000000000E+00 0.000000000E+00
 0.000000000E+00 0.000000000E+00 0.000000000E+00 0.000000000E+00 0.000000000E+00
 0.000000000E+00 0.000000000E+00 0.000000000E+00 0.000000000E+00 0.000000000E+00
 0.000000000E+00 0.000000000E+00 0.000000000E+00 0.000000000E+00 0.000000000E+00
 0.000000000E+00 0.000000000E+00 0.000000000E+00 0.000000000E+00 0.000000000E+00
 0.000000000E+00 0.000000000E+00 0.000000000E+00 0.000000000E+00 0.000000000E+00
 0.000000000E+00 0.000000000E+00 0.000000000E+00 0.000000000E+00 0.000000000E+00
&BASIS
 EE2BDRY= 32*0.00000000      ,
 EEBDRY= 32*0.00000000      ,
 EEKNT= 32*0.00000000      ,
 EETENS=  5.00000000    ,
 FF2BDRY= 64*0.00000000      ,
 FFBDRY=  2.50459480    , -8.29323769    ,  5.84719467    , 61*0.00000000      ,
 FFKNT= 64*0.00000000      ,
 FFTENS=  0.00000000    ,
 KEE2BDRY= 32*0          ,
 KEEBDRY= 32*0          ,
 KEEFNC=          0,
 KEEKNT=          0,
 KFF2BDRY= 64*0          ,
 KFFBDRY= 64*0          ,
 KFFFNC=          0,
 KFFKNT=          0,
 KPP2BDRY= 64*0          ,
 KPPBDRY= 64*0          ,
 KPPFNC=          0,
 KPPKNT=          0,
 KWW2BDRY= 64*0          ,
 KWWBDRY= 64*0          ,
 KWWFNC=          0,
 KWWKNT=          0,
 PP2BDRY= 64*0.00000000      ,
 PPBDRY=  606757.500    , -423911.688    , 62*0.00000000      ,
 PPKNT= 64*0.00000000      ,
 PPTENS=  0.00000000    ,
 WW2BDRY= 64*0.00000000      ,
 WWBDRY= -134.506378    , -55413.0898    , 62*0.00000000      ,
 WWKNT= 64*0.00000000      ,
 WWTENS=  0.00000000    ,
 /
