  EFITD    01/21/2000    #180520  2150ms           7  65  65
 0.170000005E+01 0.320000005E+01 0.169550002E+01 0.839999974E+00 0.000000000E+00
 0.177643394E+01-0.602358468E-01-0.277629912E+00-0.793432817E-02-0.197231758E+01
 0.881518438E+06-0.277629912E+00 0.000000000E+00 0.177643394E+01 0.000000000E+00
-0.602358468E-01 0.000000000E+00-0.793432817E-02 0.000000000E+00 0.000000000E+00
-0.343413806E+01-0.342888165E+01-0.342382169E+01-0.341895509E+01-0.341427875E+01
-0.340978980E+01-0.340548444E+01-0.340135980E+01-0.339741254E+01-0.339363909E+01
-0.339003634E+01-0.338660049E+01-0.338332844E+01-0.338021612E+01-0.337726068E+01
-0.337445807E+01-0.337180471E+01-0.336929703E+01-0.336693144E+01-0.336470389E+01
-0.336261082E+01-0.336064863E+01-0.335881329E+01-0.335710120E+01-0.335550833E+01
-0.335403085E+01-0.335266495E+01-0.335140681E+01-0.335025215E+01-0.334919763E+01
-0.334823871E+01-0.334737182E+01-0.334659290E+01-0.334589791E+01-0.334528303E+01
-0.334474397E+01-0.334427714E+01-0.334387827E+01-0.334354305E+01-0.334326816E+01
-0.334304905E+01-0.334288168E+01-0.334276223E+01-0.334268665E+01-0.334265089E+01
-0.334265089E+01-0.334268260E+01-0.334274197E+01-0.334282470E+01-0.334292722E+01
-0.334304523E+01-0.334317470E+01-0.334331179E+01-0.334345198E+01-0.334359169E+01
-0.334372663E+01-0.334385300E+01-0.334396648E+01-0.334406328E+01-0.334413910E+01
-0.334419012E+01-0.334421229E+01-0.334420133E+01-0.334415340E+01-0.334406447E+01
 0.531707812E+05 0.520697109E+05 0.509772227E+05 0.498933125E+05 0.488179805E+05
 0.477512305E+05 0.466930625E+05 0.456434727E+05 0.446024648E+05 0.435700352E+05
 0.425461875E+05 0.415309180E+05 0.405242305E+05 0.395261250E+05 0.385365977E+05
 0.375556484E+05 0.365832812E+05 0.356194961E+05 0.346642891E+05 0.337176602E+05
 0.327796172E+05 0.318501504E+05 0.309292637E+05 0.300169590E+05 0.291132324E+05
 0.282180879E+05 0.273315234E+05 0.264535391E+05 0.255841348E+05 0.247233105E+05
 0.238710664E+05 0.230274023E+05 0.221923184E+05 0.213658145E+05 0.205478926E+05
 0.197385488E+05 0.189377852E+05 0.181456035E+05 0.173620020E+05 0.165869785E+05
 0.158205371E+05 0.150626758E+05 0.143133945E+05 0.135726934E+05 0.128405723E+05
 0.121170312E+05 0.114020713E+05 0.106956904E+05 0.999789062E+04 0.930867090E+04
 0.862803125E+04 0.795597217E+04 0.729249268E+04 0.663759375E+04 0.599127539E+04
 0.535353662E+04 0.472437842E+04 0.410380029E+04 0.349180249E+04 0.288838477E+04
 0.229354736E+04 0.170729028E+04 0.112961328E+04 0.560516541E+03 0.000000000E+00
-0.436434031E+01-0.419652414E+01-0.403191376E+01-0.387050962E+01-0.371231174E+01
-0.355731988E+01-0.340553427E+01-0.325695467E+01-0.311158109E+01-0.296941376E+01
-0.283045244E+01-0.269469738E+01-0.256214857E+01-0.243280554E+01-0.230666900E+01
-0.218373823E+01-0.206401372E+01-0.194749546E+01-0.183418322E+01-0.172407711E+01
-0.161717713E+01-0.151348317E+01-0.141299546E+01-0.131571376E+01-0.122163832E+01
-0.113076890E+01-0.104310560E+01-0.958648503E+00-0.877397478E+00-0.799352586E+00
-0.724513829E+00-0.652881145E+00-0.584454596E+00-0.519234180E+00-0.457219899E+00
-0.398411751E+00-0.342809707E+00-0.290413767E+00-0.241223961E+00-0.195240289E+00
-0.152462721E+00-0.112891287E+00-0.765259713E-01-0.433667824E-01-0.134137115E-01
 0.133332377E-01 0.368740633E-01 0.572087690E-01 0.743373558E-01 0.882598162E-01
 0.989761502E-01 0.106486373E+00 0.110790461E+00 0.111888438E+00 0.109780289E+00
 0.104466021E+00 0.959456265E-01 0.842191130E-01 0.692864731E-01 0.511477143E-01
 0.298028328E-01 0.525182998E-02-0.225052945E-01-0.534685403E-01-0.876379088E-01
-0.262307156E+06-0.260271016E+06-0.258234891E+06-0.256198766E+06-0.254162641E+06
-0.252126516E+06-0.250090391E+06-0.248054266E+06-0.246018141E+06-0.243982016E+06
-0.241945891E+06-0.239909750E+06-0.237873625E+06-0.235837500E+06-0.233801375E+06
-0.231765250E+06-0.229729125E+06-0.227693000E+06-0.225656875E+06-0.223620750E+06
-0.221584625E+06-0.219548500E+06-0.217512375E+06-0.215476250E+06-0.213440125E+06
-0.211404000E+06-0.209367875E+06-0.207331750E+06-0.205295625E+06-0.203259484E+06
-0.201223359E+06-0.199187234E+06-0.197151109E+06-0.195114984E+06-0.193078859E+06
-0.191042734E+06-0.189006609E+06-0.186970484E+06-0.184934359E+06-0.182898234E+06
-0.180862109E+06-0.178825984E+06-0.176789859E+06-0.174753734E+06-0.172717609E+06
-0.170681484E+06-0.168645359E+06-0.166609234E+06-0.164573094E+06-0.162536969E+06
-0.160500844E+06-0.158464719E+06-0.156428594E+06-0.154392469E+06-0.152356344E+06
-0.150320219E+06-0.148284094E+06-0.146247969E+06-0.144211844E+06-0.142175719E+06
-0.140139594E+06-0.138103469E+06-0.136067344E+06-0.134031219E+06-0.131995094E+06
 0.894198641E-01 0.826019496E-01 0.751112103E-01 0.668975934E-01 0.580144338E-01
 0.486126468E-01 0.389096253E-01 0.291450694E-01 0.213054251E-01 0.174107440E-01
 0.130126737E-01 0.616060803E-02-0.175667054E-02-0.823233463E-02-0.136618344E-01
-0.181918833E-01-0.218366925E-01-0.245339964E-01-0.261110570E-01-0.262013599E-01
-0.240891911E-01-0.222046897E-01-0.224272870E-01-0.242264140E-01-0.273851417E-01
-0.318797529E-01-0.378406383E-01-0.455730706E-01-0.556334816E-01-0.687997639E-01
-0.791442022E-01-0.847097039E-01-0.861068591E-01-0.829999447E-01-0.752089396E-01
-0.621049814E-01-0.459633879E-01-0.328406394E-01-0.218021106E-01-0.122409230E-01
-0.375131471E-02 0.394912763E-02 0.110608842E-01 0.177262165E-01 0.240450818E-01
 0.300867539E-01 0.358982757E-01 0.415104255E-01 0.469418615E-01 0.522020385E-01
 0.572933666E-01 0.622128770E-01 0.669536516E-01 0.715061277E-01 0.758592933E-01
 0.800018832E-01 0.839234442E-01 0.876153186E-01 0.910713673E-01 0.942885280E-01
 0.972670540E-01 0.100010507E+00 0.102525517E+00 0.104821324E+00 0.106909201E+00
 0.880484134E-01 0.802594945E-01 0.715846941E-01 0.619054884E-01 0.512169562E-01
 0.396923423E-01 0.288140569E-01 0.207143649E-01 0.158248972E-01 0.142428419E-01
 0.118215941E-01 0.739966519E-02 0.204266352E-02-0.310574356E-02-0.778768118E-02
-0.119156083E-01-0.154197412E-01-0.182178896E-01-0.202065054E-01-0.212724488E-01
-0.214310531E-01-0.216714721E-01-0.229153484E-01-0.252546426E-01-0.287133660E-01
-0.333706476E-01-0.394007452E-01-0.471214540E-01-0.570853539E-01-0.700219348E-01
-0.802631453E-01-0.858000517E-01-0.871498659E-01-0.841498151E-01-0.765015185E-01
-0.634793863E-01-0.475210622E-01-0.343650468E-01-0.231493264E-01-0.133005390E-01
-0.444751186E-02 0.366359437E-02 0.112125445E-01 0.183288101E-01 0.251058117E-01
 0.316101462E-01 0.378879383E-01 0.439693145E-01 0.498717017E-01 0.556022413E-01
 0.611597337E-01 0.665362775E-01 0.717188567E-01 0.766908899E-01 0.814339295E-01
 0.859293789E-01 0.901601985E-01 0.941124335E-01 0.977765024E-01 0.101147987E+00
 0.104227982E+00 0.107022904E+00 0.109543890E+00 0.111805841E+00 0.113826357E+00
 0.884557143E-01 0.801967233E-01 0.707809255E-01 0.598073713E-01 0.471232869E-01
 0.363671705E-01 0.283956621E-01 0.233599953E-01 0.213766415E-01 0.197531525E-01
 0.172804054E-01 0.139637180E-01 0.101061845E-01 0.604902813E-02 0.205298467E-02
-0.171373796E-02-0.514665898E-02-0.818516314E-02-0.108124027E-01-0.130772050E-01
-0.151314009E-01-0.172319040E-01-0.196507014E-01-0.225874837E-01-0.261722654E-01
-0.305015966E-01-0.356624424E-01-0.417332463E-01-0.487358384E-01-0.562750027E-01
-0.624256991E-01-0.658967569E-01-0.664233789E-01-0.638810024E-01-0.581815057E-01
-0.494230613E-01-0.389974117E-01-0.288621150E-01-0.193786602E-01-0.105193499E-01
-0.219677179E-02 0.568178669E-02 0.131994281E-01 0.204254817E-01 0.274149943E-01
 0.342094861E-01 0.408380479E-01 0.473184437E-01 0.536580719E-01 0.598548315E-01
 0.658979639E-01 0.717690215E-01 0.774431378E-01 0.828907117E-01 0.880795792E-01
 0.929776356E-01 0.975556672E-01 0.101790018E+00 0.105664819E+00 0.109173380E+00
 0.112318560E+00 0.115112178E+00 0.117573529E+00 0.119727373E+00 0.121601760E+00
 0.911081508E-01 0.831399709E-01 0.740896538E-01 0.636549741E-01 0.521497466E-01
 0.437180027E-01 0.388641059E-01 0.355214588E-01 0.323415063E-01 0.291303862E-01
 0.257492475E-01 0.221509393E-01 0.183777697E-01 0.145236002E-01 0.106929448E-01
 0.697543193E-02 0.343482732E-02 0.104769759E-03-0.301469723E-02-0.596085517E-02
-0.880835857E-02-0.116593214E-01-0.146227852E-01-0.177929644E-01-0.212353561E-01
-0.249789618E-01-0.290054306E-01-0.332243852E-01-0.374269262E-01-0.412345380E-01
-0.441323593E-01-0.456369817E-01-0.454300381E-01-0.433736071E-01-0.395063572E-01
-0.340710096E-01-0.275109094E-01-0.203254819E-01-0.128883561E-01-0.541039743E-02
 0.200898410E-02 0.933212694E-02 0.165525489E-01 0.236778595E-01 0.307202637E-01
 0.376911871E-01 0.445980877E-01 0.514424071E-01 0.582181476E-01 0.649107695E-01
 0.714963824E-01 0.779414251E-01 0.842030868E-01 0.902307630E-01 0.959690362E-01
 0.101361945E+00 0.106358193E+00 0.110916473E+00 0.115009800E+00 0.118628196E+00
 0.121779144E+00 0.124485791E+00 0.126783431E+00 0.128714994E+00 0.130326524E+00
 0.959300771E-01 0.889054462E-01 0.811184496E-01 0.726121441E-01 0.640949830E-01
 0.578171425E-01 0.524489395E-01 0.476550758E-01 0.432143733E-01 0.389717370E-01
 0.348236151E-01 0.307137724E-01 0.266271289E-01 0.225783549E-01 0.185978580E-01
 0.147191342E-01 0.109694414E-01 0.736382930E-02 0.390185160E-02 0.566780160E-03
-0.267222710E-02-0.585457869E-02-0.901985355E-02-0.121981474E-01-0.154006565E-01
-0.186107103E-01-0.217745062E-01-0.247914400E-01-0.275072958E-01-0.297183841E-01
-0.311953984E-01-0.317241400E-01-0.311461482E-01-0.293851290E-01-0.264579412E-01
-0.224714726E-01-0.176012907E-01-0.120520340E-01-0.601500226E-02 0.357742043E-03
 0.695863180E-02 0.137177315E-01 0.205924697E-01 0.275582597E-01 0.346011408E-01
 0.417122692E-01 0.488837138E-01 0.561050624E-01 0.633603856E-01 0.706253052E-01
 0.778640434E-01 0.850266367E-01 0.920470282E-01 0.988431200E-01 0.105320290E+00
 0.111379109E+00 0.116926432E+00 0.121887170E+00 0.126213938E+00 0.129892543E+00
 0.132942647E+00 0.135413066E+00 0.137372807E+00 0.138900101E+00 0.140072644E+00
 0.102547050E+00 0.967676193E-01 0.899150297E-01 0.827917531E-01 0.759357065E-01
 0.695500746E-01 0.636661872E-01 0.582058430E-01 0.530727431E-01 0.481824651E-01
 0.434705913E-01 0.388942920E-01 0.344307497E-01 0.300732069E-01 0.258256830E-01
 0.216974262E-01 0.176981073E-01 0.138342921E-01 0.101074344E-01 0.651353225E-02
 0.304446043E-02-0.309107127E-03-0.355350482E-02-0.668713357E-02-0.969534088E-02
-0.125456378E-01-0.151838278E-01-0.175319817E-01-0.194897298E-01-0.209405497E-01
-0.217636414E-01-0.218497161E-01-0.211168751E-01-0.195224378E-01-0.170682147E-01
-0.137983346E-01-0.979001913E-02-0.513938908E-02 0.537239757E-04 0.569784455E-02
 0.117166638E-01 0.180509575E-01 0.246572662E-01 0.315050185E-01 0.385731533E-01
 0.458468050E-01 0.533140898E-01 0.609628968E-01 0.687773377E-01 0.767334551E-01
 0.847936273E-01 0.928993896E-01 0.100962751E+00 0.108858645E+00 0.116424277E+00
 0.123473480E+00 0.129825681E+00 0.135336727E+00 0.139919564E+00 0.143554673E+00
 0.146292403E+00 0.148243830E+00 0.149555817E+00 0.150379464E+00 0.150847018E+00
 0.109169312E+00 0.104286790E+00 0.980790257E-01 0.914674252E-01 0.850287750E-01
 0.788147822E-01 0.728520826E-01 0.671394467E-01 0.616566613E-01 0.563762449E-01
 0.512718335E-01 0.463226400E-01 0.415151790E-01 0.368429981E-01 0.323052891E-01
 0.279049445E-01 0.236466210E-01 0.195352044E-01 0.155749321E-01 0.117693385E-01
 0.812203344E-02 0.463824579E-02 0.132697832E-02-0.179652753E-02-0.470832363E-02
-0.737368455E-02-0.974587817E-02-0.117662782E-01-0.133663444E-01-0.144718215E-01
-0.150091276E-01-0.149132991E-01-0.141360927E-01-0.126512712E-01-0.104559036E-01
-0.756879244E-02-0.402638363E-02 0.123105667E-03 0.482617784E-02 0.100299157E-01
 0.156863555E-01 0.217550732E-01 0.282042082E-01 0.350103229E-01 0.421575606E-01
 0.496363789E-01 0.574420057E-01 0.655725524E-01 0.740264952E-01 0.827989057E-01
 0.918752700E-01 0.101220429E+00 0.110758342E+00 0.120335661E+00 0.129673362E+00
 0.138370156E+00 0.146028683E+00 0.152370423E+00 0.157242209E+00 0.160605818E+00
 0.162565708E+00 0.163398817E+00 0.163474023E+00 0.163101286E+00 0.162484720E+00
 0.115188375E+00 0.110887162E+00 0.105106167E+00 0.988514125E-01 0.926569626E-01
 0.865568146E-01 0.805786029E-01 0.747395605E-01 0.690475628E-01 0.635040104E-01
 0.581070110E-01 0.528539866E-01 0.477434285E-01 0.427757017E-01 0.379532091E-01
 0.332801230E-01 0.287619382E-01 0.244050920E-01 0.202168003E-01 0.162052400E-01
 0.123800607E-01 0.875326805E-02 0.534032192E-02 0.216135848E-02-0.757671602E-03
-0.338413334E-02-0.567831751E-02-0.759372441E-02-0.907818042E-02-0.100759473E-01
-0.105311153E-01-0.103932992E-01-0.962897297E-02-0.822443329E-02-0.617918326E-02
-0.350344507E-02-0.216300265E-03 0.365671865E-02 0.808647927E-02 0.130431606E-01
 0.184988342E-01 0.244294982E-01 0.308164936E-01 0.376474187E-01 0.449166447E-01
 0.526256710E-01 0.607833862E-01 0.694063902E-01 0.785193741E-01 0.881554931E-01
 0.983563811E-01 0.109170876E+00 0.120650075E+00 0.132831573E+00 0.145604834E+00
 0.157505900E+00 0.167349517E+00 0.174976200E+00 0.180249587E+00 0.183004066E+00
 0.183063850E+00 0.181086063E+00 0.178807363E+00 0.176564112E+00 0.174449280E+00
 0.120756656E+00 0.116843842E+00 0.111405075E+00 0.105383463E+00 0.993249118E-01
 0.932663903E-01 0.872421414E-01 0.812811553E-01 0.754064471E-01 0.696353912E-01
 0.639809072E-01 0.584528558E-01 0.530592911E-01 0.478074886E-01 0.427046157E-01
 0.377581306E-01 0.329760611E-01 0.283671543E-01 0.239411257E-01 0.197089314E-01
 0.156832058E-01 0.118787736E-01 0.831325911E-02 0.500768051E-02 0.198698812E-02
-0.719527714E-03-0.307798688E-02-0.504975207E-02-0.659111934E-02-0.765230786E-02
-0.817445386E-02-0.808160845E-02-0.734498538E-02-0.598755013E-02-0.402079709E-02
-0.145392260E-02 0.170181890E-02 0.543259131E-02 0.972276554E-02 0.145563176E-01
 0.199183989E-01 0.257968567E-01 0.321836434E-01 0.390760973E-01 0.464782156E-01
 0.544020459E-01 0.628694221E-01 0.719143376E-01 0.815864056E-01 0.919561610E-01
 0.103123561E+00 0.115232550E+00 0.128497958E+00 0.143257961E+00 0.159746811E+00
 0.174878269E+00 0.187065437E+00 0.196254998E+00 0.202325195E+00 0.204919666E+00
 0.203860953E+00 0.199026331E+00 0.193864629E+00 0.189426675E+00 0.185662061E+00
 0.126175776E+00 0.122552082E+00 0.117338426E+00 0.111426666E+00 0.105383135E+00
 0.992605239E-01 0.931070745E-01 0.869653597E-01 0.808706209E-01 0.748509392E-01
 0.689283013E-01 0.631200448E-01 0.574402176E-01 0.519006848E-01 0.465120859E-01
 0.412845127E-01 0.362280384E-01 0.313531458E-01 0.266710799E-01 0.221941955E-01
 0.179363023E-01 0.139129953E-01 0.101419827E-01 0.664334372E-02 0.343969720E-02
 0.556236191E-03-0.197937177E-02-0.413716445E-02-0.588506833E-02-0.718930690E-02
-0.801546965E-02-0.803507864E-02-0.721045444E-02-0.582619291E-02-0.387286698E-02
-0.134330848E-02 0.176058989E-02 0.543356501E-02 0.966830831E-02 0.144569864E-01
 0.197925400E-01 0.256699901E-01 0.320877396E-01 0.390489139E-01 0.465628169E-01
 0.546466894E-01 0.633279234E-01 0.726471171E-01 0.826623738E-01 0.934555680E-01
 0.105141655E+00 0.117882498E+00 0.131906673E+00 0.147532389E+00 0.165163830E+00
 0.183018565E+00 0.197404444E+00 0.208183289E+00 0.215379715E+00 0.218937650E+00
 0.218436331E+00 0.213715509E+00 0.206045896E+00 0.199737102E+00 0.194662616E+00
 0.131839618E+00 0.128480867E+00 0.123293154E+00 0.117316931E+00 0.111110099E+00
 0.104758270E+00 0.983383656E-01 0.919099599E-01 0.855176076E-01 0.791945532E-01
 0.729659572E-01 0.668513179E-01 0.608663000E-01 0.550240800E-01 0.493363142E-01
 0.438139290E-01 0.384676643E-01 0.333085544E-01 0.283482671E-01 0.235994365E-01
 0.190759227E-01 0.147930393E-01 0.107677225E-01 0.701860478E-02 0.356593402E-02
 0.431255117E-03-0.236322125E-02-0.479542417E-02-0.684331264E-02-0.848517288E-02
-0.941341463E-02-0.959647633E-02-0.900177378E-02-0.759386458E-02-0.564916432E-02
-0.312038721E-02-0.206191580E-04 0.364854746E-02 0.788261648E-02 0.126773389E-01
 0.180289280E-01 0.239351671E-01 0.303965136E-01 0.374171399E-01 0.450061038E-01
 0.531786978E-01 0.619581863E-01 0.713780299E-01 0.814847425E-01 0.923417136E-01
 0.104033962E+00 0.116674021E+00 0.130408153E+00 0.145421892E+00 0.161944628E+00
 0.180165499E+00 0.196013972E+00 0.208082765E+00 0.216464832E+00 0.221191347E+00
 0.222365692E+00 0.219548777E+00 0.212689891E+00 0.205507353E+00 0.200020298E+00
 0.138168827E+00 0.135061264E+00 0.129790902E+00 0.123410277E+00 0.116697200E+00
 0.109849297E+00 0.102970965E+00 0.961214080E-01 0.893382505E-01 0.826475471E-01
 0.760685802E-01 0.696164370E-01 0.633035973E-01 0.571409538E-01 0.511385538E-01
 0.453061648E-01 0.396536738E-01 0.341914371E-01 0.289305337E-01 0.238830093E-01
 0.190620609E-01 0.144821983E-01 0.101594040E-01 0.611121487E-02 0.235669827E-02
-0.108398288E-02-0.419121515E-02-0.695120171E-02-0.935086794E-02-0.111012505E-01
-0.121803759E-01-0.125654805E-01-0.122354021E-01-0.111739095E-01-0.937611703E-02
-0.677222852E-02-0.364248035E-02 0.664478430E-04 0.434164517E-02 0.918170344E-02
 0.145822782E-01 0.205401853E-01 0.270544402E-01 0.341265202E-01 0.417607613E-01
 0.499649383E-01 0.587509759E-01 0.681357011E-01 0.781415775E-01 0.887972414E-01
 0.100137524E+00 0.112202697E+00 0.125036314E+00 0.138682276E+00 0.153185263E+00
 0.168620273E+00 0.184231624E+00 0.196242675E+00 0.205084607E+00 0.210983530E+00
 0.213829264E+00 0.213855848E+00 0.210684240E+00 0.205046356E+00 0.200817585E+00
 0.146970242E+00 0.144792065E+00 0.137824968E+00 0.129754350E+00 0.121963397E+00
 0.114328407E+00 0.106827043E+00 0.994564444E-01 0.922192112E-01 0.851197541E-01
 0.781631693E-01 0.713548586E-01 0.647005364E-01 0.582062639E-01 0.518785939E-01
 0.457247160E-01 0.397525541E-01 0.339709185E-01 0.283895843E-01 0.230194069E-01
 0.178723987E-01 0.129618533E-01 0.830253493E-02 0.391108729E-02-0.193017215E-03
-0.398516050E-02-0.742987217E-02-0.105398595E-01-0.130477939E-01-0.149373496E-01
-0.161882062E-01-0.167788193E-01-0.166881252E-01-0.158965234E-01-0.143857226E-01
-0.121355467E-01-0.913757086E-02-0.531560928E-02-0.967846368E-03 0.395856937E-02
 0.944417994E-02 0.154812783E-01 0.220666509E-01 0.291978363E-01 0.368725434E-01
 0.450886898E-01 0.538442880E-01 0.631370395E-01 0.729633868E-01 0.833166912E-01
 0.941840857E-01 0.105540998E+00 0.117341839E+00 0.129503384E+00 0.141872391E+00
 0.154154792E+00 0.165790781E+00 0.176055908E+00 0.184509262E+00 0.190999568E+00
 0.195506603E+00 0.198105842E+00 0.199020132E+00 0.198748499E+00 0.197996959E+00
 0.153425187E+00 0.151718602E+00 0.143811211E+00 0.134664610E+00 0.125974908E+00
 0.117619090E+00 0.109525107E+00 0.101650834E+00 0.939716399E-01 0.864730328E-01
 0.791466981E-01 0.719884112E-01 0.649968162E-01 0.581727512E-01 0.515188687E-01
 0.450393967E-01 0.387399793E-01 0.326275863E-01 0.267104506E-01 0.209979843E-01
 0.155007038E-01 0.102300867E-01 0.519834878E-02 0.418000913E-03-0.409903890E-02
-0.834344607E-02-0.120559288E-01-0.152510125E-01-0.178905707E-01-0.199442655E-01
-0.213849843E-01-0.221873727E-01-0.223275330E-01-0.217830278E-01-0.205327626E-01
-0.185566600E-01-0.158358514E-01-0.123497620E-01-0.809132122E-02-0.298410584E-02
 0.263794581E-02 0.878873095E-02 0.154762091E-01 0.226959884E-01 0.304390322E-01
 0.386936143E-01 0.474451073E-01 0.566750504E-01 0.663595349E-01 0.764667392E-01
 0.869531855E-01 0.977582783E-01 0.108796507E+00 0.119946718E+00 0.131039202E+00
 0.141845748E+00 0.152087778E+00 0.161479071E+00 0.169785798E+00 0.176862195E+00
 0.182655469E+00 0.187202558E+00 0.190628409E+00 0.193132937E+00 0.194947019E+00
 0.156077728E+00 0.154411048E+00 0.146638691E+00 0.137152135E+00 0.128026664E+00
 0.119229056E+00 0.110717073E+00 0.102454849E+00 0.944144428E-01 0.865751803E-01
 0.789224058E-01 0.714462847E-01 0.641408041E-01 0.570031032E-01 0.500328802E-01
 0.432320274E-01 0.366043597E-01 0.301553737E-01 0.238920916E-01 0.178228915E-01
 0.119573399E-01 0.630597631E-02 0.880036619E-03-0.430893432E-02-0.924960338E-02
-0.136849238E-01-0.176056232E-01-0.209983122E-01-0.238404348E-01-0.261060130E-01
-0.277680289E-01-0.287996344E-01-0.291748699E-01-0.288691111E-01-0.278592426E-01
-0.261235386E-01-0.236411411E-01-0.203908142E-01-0.163490400E-01-0.114820972E-01
-0.575086102E-02 0.507197925E-03 0.733346213E-02 0.146938013E-01 0.225653257E-01
 0.309271012E-01 0.397548974E-01 0.490192845E-01 0.586841144E-01 0.687045828E-01
 0.790246204E-01 0.895736292E-01 0.100262843E+00 0.110981956E+00 0.121597432E+00
 0.131954893E+00 0.141888067E+00 0.151234284E+00 0.159852847E+00 0.167639881E+00
 0.174536809E+00 0.180532277E+00 0.185658440E+00 0.189981058E+00 0.193584099E+00
 0.156683803E+00 0.155007809E+00 0.147023335E+00 0.137364119E+00 0.128032386E+00
 0.119003706E+00 0.110248439E+00 0.101737164E+00 0.934441090E-01 0.853483900E-01
 0.774340704E-01 0.696896166E-01 0.621073544E-01 0.546828359E-01 0.474143960E-01
 0.403027944E-01 0.333509035E-01 0.265635066E-01 0.199471023E-01 0.135097420E-01
 0.726086600E-02 0.121112738E-02-0.462781778E-02-0.102435388E-01-0.153874420E-01
-0.200483296E-01-0.242097396E-01-0.278505720E-01-0.309454668E-01-0.334662981E-01
-0.353836380E-01-0.366679877E-01-0.372907668E-01-0.372250490E-01-0.364460610E-01
-0.349314511E-01-0.326612927E-01-0.296179354E-01-0.257858951E-01-0.211523604E-01
-0.157109685E-01-0.947003718E-02-0.236244965E-02 0.523896981E-02 0.133306868E-01
 0.219011046E-01 0.309228972E-01 0.403606929E-01 0.501726605E-01 0.603098832E-01
 0.707149506E-01 0.813203603E-01 0.920471624E-01 0.102804266E+00 0.113489136E+00
 0.123990320E+00 0.134192199E+00 0.143981531E+00 0.153254583E+00 0.161923468E+00
 0.169920415E+00 0.177199557E+00 0.183736160E+00 0.189523637E+00 0.194569379E+00
 0.155108005E+00 0.153330445E+00 0.145151749E+00 0.135430411E+00 0.126047134E+00
 0.116953775E+00 0.108110562E+00 0.994845554E-01 0.910501033E-01 0.827877745E-01
 0.746831670E-01 0.667260066E-01 0.589093938E-01 0.512293540E-01 0.436844341E-01
 0.362754688E-01 0.290053766E-01 0.218790192E-01 0.149030900E-01 0.808600616E-02
 0.143781304E-02-0.502992654E-02-0.113042481E-01-0.171463080E-01-0.225448422E-01
-0.274821203E-01-0.319349505E-01-0.358756818E-01-0.392732471E-01-0.420943759E-01
-0.443048663E-01-0.458708182E-01-0.467597321E-01-0.469414480E-01-0.463889018E-01
-0.450786389E-01-0.429910757E-01-0.401105210E-01-0.364249498E-01-0.319254473E-01
-0.266050231E-01-0.204552710E-01-0.134568494E-01-0.558399223E-02 0.278578140E-02
 0.116768209E-01 0.210309755E-01 0.308010764E-01 0.409416556E-01 0.514046028E-01
 0.621368773E-01 0.730791315E-01 0.841649696E-01 0.953207538E-01 0.106466047E+00
 0.117514849E+00 0.128377438E+00 0.138962731E+00 0.149180651E+00 0.158944294E+00
 0.168171570E+00 0.176786244E+00 0.184718907E+00 0.191908196E+00 0.198302642E+00
 0.150898963E+00 0.148844853E+00 0.140896693E+00 0.131337062E+00 0.122125544E+00
 0.113163918E+00 0.104393154E+00 0.957809091E-01 0.873077512E-01 0.789608508E-01
 0.707312748E-01 0.626128390E-01 0.546015613E-01 0.466954596E-01 0.388944596E-01
 0.312003493E-01 0.236167740E-01 0.161492527E-01 0.880517717E-02 0.159381051E-02
-0.547370501E-02-0.123843718E-01-0.189097077E-01-0.250390973E-01-0.307541955E-01
-0.360299461E-01-0.408356562E-01-0.451361425E-01-0.488929823E-01-0.520658158E-01
-0.546137318E-01-0.564966351E-01-0.576765351E-01-0.581186973E-01-0.577926189E-01
-0.566727705E-01-0.547390133E-01-0.519767739E-01-0.483768247E-01-0.439347886E-01
-0.386502892E-01-0.325259753E-01-0.255671795E-01-0.177852064E-01-0.920564495E-02
 0.228662859E-03 0.100959614E-01 0.203705840E-01 0.310189705E-01 0.420020297E-01
 0.532759167E-01 0.647921860E-01 0.764977112E-01 0.883345976E-01 0.100240134E+00
 0.112146705E+00 0.123981707E+00 0.135667145E+00 0.147118956E+00 0.158245891E+00
 0.168948233E+00 0.179117084E+00 0.188635141E+00 0.197380230E+00 0.205232725E+00
 0.143917874E+00 0.141230911E+00 0.133801907E+00 0.125130579E+00 0.116487175E+00
 0.107874788E+00 0.993124172E-01 0.908098519E-01 0.823715851E-01 0.739992112E-01
 0.656928495E-01 0.574521273E-01 0.492768697E-01 0.411675870E-01 0.331258662E-01
 0.251546688E-01 0.172585305E-01 0.944376178E-02 0.171859050E-02-0.590671226E-02
-0.134197259E-01-0.206027944E-01-0.274467412E-01-0.339333937E-01-0.400364734E-01
-0.457225963E-01-0.509523898E-01-0.556817539E-01-0.598632433E-01-0.634475872E-01
-0.663852692E-01-0.686281323E-01-0.701309517E-01-0.708528161E-01-0.707584172E-01
-0.698189586E-01-0.680127963E-01-0.653256923E-01-0.617506020E-01-0.572871342E-01
-0.519404970E-01-0.457201414E-01-0.386380069E-01-0.307061989E-01-0.219326522E-01
-0.123109045E-01-0.182667887E-02 0.908254925E-02 0.203865133E-01 0.320523046E-01
 0.440446995E-01 0.563262813E-01 0.688574240E-01 0.815960318E-01 0.944969952E-01
 0.107511252E+00 0.120584220E+00 0.133653373E+00 0.146644622E+00 0.159467384E+00
 0.172008350E+00 0.184124842E+00 0.195640087E+00 0.206344962E+00 0.216011241E+00
 0.136033356E+00 0.132670671E+00 0.125946105E+00 0.118021108E+00 0.109859027E+00
 0.101565234E+00 0.932094082E-01 0.848301351E-01 0.764484107E-01 0.680755600E-01
 0.597175807E-01 0.513776988E-01 0.430579260E-01 0.347601287E-01 0.264867358E-01
 0.182412509E-01 0.100286491E-01 0.185567699E-02-0.626887754E-02-0.143339587E-01
-0.221331567E-01-0.296597872E-01-0.368970037E-01-0.438184440E-01-0.503890477E-01
-0.565659963E-01-0.622999109E-01-0.675361902E-01-0.722166076E-01-0.762810484E-01
-0.796693861E-01-0.823233873E-01-0.841886550E-01-0.852163658E-01-0.853648558E-01
-0.846008137E-01-0.829001591E-01-0.802483484E-01-0.766402259E-01-0.720793158E-01
-0.665765405E-01-0.601484813E-01-0.528150201E-01-0.445965305E-01-0.355104133E-01
-0.255673882E-01-0.147692822E-01-0.310623250E-02 0.898017362E-02 0.214620177E-01
 0.343121178E-01 0.475041568E-01 0.610127375E-01 0.748131946E-01 0.888810456E-01
 0.103190824E+00 0.117713995E+00 0.132415578E+00 0.147248626E+00 0.162145510E+00
 0.177004799E+00 0.191671565E+00 0.205911204E+00 0.219383806E+00 0.231647924E+00
 0.129327670E+00 0.125680804E+00 0.118833020E+00 0.110883117E+00 0.102804199E+00
 0.946270674E-01 0.863781273E-01 0.780772716E-01 0.697373226E-01 0.613655075E-01
 0.529654473E-01 0.445387401E-01 0.360861942E-01 0.276087113E-01 0.191079415E-01
 0.105867600E-01 0.204966427E-02-0.649689743E-02-0.150442198E-01-0.233974773E-01
-0.315538198E-01-0.394992456E-01-0.472089499E-01-0.546478443E-01-0.617712289E-01
-0.685257539E-01-0.748506114E-01-0.806790665E-01-0.859402120E-01-0.905610397E-01
-0.944686383E-01-0.975925624E-01-0.998671427E-01-0.101233736E+00-0.101642683E+00
-0.101054899E+00-0.994429439E-01-0.967915580E-01-0.930975154E-01-0.883687660E-01
-0.826230198E-01-0.758855790E-01-0.681867152E-01-0.595585369E-01-0.500314943E-01
-0.396307595E-01-0.283725858E-01-0.162605196E-01-0.328123965E-02 0.101229632E-01
 0.239325035E-01 0.381319784E-01 0.527107380E-01 0.676633716E-01 0.829897597E-01
 0.986946374E-01 0.114786610E+00 0.131276086E+00 0.148171410E+00 0.165471554E+00
 0.183152795E+00 0.201142997E+00 0.219269797E+00 0.237134948E+00 0.253809094E+00
 0.122518413E+00 0.118611671E+00 0.111431815E+00 0.103380695E+00 0.952830613E-01
 0.871364176E-01 0.789400041E-01 0.706913322E-01 0.623865165E-01 0.540209562E-01
 0.455899313E-01 0.370891728E-01 0.285153128E-01 0.198661871E-01 0.111411372E-01
 0.234122621E-02-0.653051212E-02-0.154688237E-01-0.242906380E-01-0.329984054E-01
-0.415827259E-01-0.500223860E-01-0.582844578E-01-0.663246512E-01-0.740878731E-01
-0.815091655E-01-0.885149240E-01-0.950245932E-01-0.100952648E+00-0.106211059E+00
-0.110711873E+00-0.114370130E+00-0.117106713E+00-0.118851118E+00-0.119543999E+00
-0.119139135E+00-0.117604934E+00-0.114925101E+00-0.111098565E+00-0.106138557E+00
-0.100070886E+00-0.929314494E-01-0.847631246E-01-0.756121799E-01-0.655243024E-01
-0.545404144E-01-0.426923819E-01-0.299986079E-01-0.164594017E-01-0.205202331E-02
 0.127819311E-01 0.280361213E-01 0.437130295E-01 0.598264001E-01 0.764017925E-01
 0.934773907E-01 0.111105278E+00 0.129353330E+00 0.148307338E+00 0.168073416E+00
 0.188780516E+00 0.210582763E+00 0.233660549E+00 0.258192748E+00 0.283001423E+00
 0.114823356E+00 0.110610157E+00 0.103359841E+00 0.952273831E-01 0.871252120E-01
 0.790291131E-01 0.709109381E-01 0.627440512E-01 0.545054488E-01 0.461762771E-01
 0.377416052E-01 0.291899331E-01 0.205127075E-01 0.117039625E-01 0.276006781E-02
-0.632036896E-02-0.155364936E-01-0.247167144E-01-0.338700898E-01-0.429935493E-01
-0.520715602E-01-0.610758774E-01-0.699653998E-01-0.786862969E-01-0.871724933E-01
-0.953464359E-01-0.103120476E+00-0.110398635E+00-0.117078938E+00-0.123056188E+00
-0.128225163E+00-0.132484078E+00-0.135738105E+00-0.137902856E+00-0.138907492E+00
-0.138697371E+00-0.137235925E+00-0.134505555E+00-0.130507737E+00-0.125261903E+00
-0.118803449E+00-0.111180782E+00-0.102451637E+00-0.926788673E-01-0.819257498E-01
-0.702512190E-01-0.577049255E-01-0.443223715E-01-0.301200990E-01-0.150908157E-01
 0.801776303E-03 0.171135440E-01 0.338519625E-01 0.510483906E-01 0.687518343E-01
 0.870296806E-01 0.105971567E+00 0.125695601E+00 0.146357015E+00 0.168160900E+00
 0.191380903E+00 0.216389537E+00 0.243712828E+00 0.274146169E+00 0.306121737E+00
 0.106174171E+00 0.101623587E+00 0.942436531E-01 0.861221477E-01 0.781396851E-01
 0.702207759E-01 0.622947477E-01 0.543054081E-01 0.462105647E-01 0.379792154E-01
 0.295886900E-01 0.210224129E-01 0.122682862E-01 0.331759546E-02-0.583568588E-02
-0.151952999E-01-0.245999638E-01-0.340660140E-01-0.435979255E-01-0.531876422E-01
-0.628139526E-01-0.724418536E-01-0.820221752E-01-0.914914533E-01-0.100772157E+00
-0.109773502E+00-0.118392736E+00-0.126517132E+00-0.134026587E+00-0.140796885E+00
-0.146703422E+00-0.151625440E+00-0.155450240E+00-0.158077583E+00-0.159423485E+00
-0.159423575E+00-0.158035472E+00-0.155240148E+00-0.151041955E+00-0.145467490E+00
-0.138563216E+00-0.130391985E+00-0.121028617E+00-0.110554941E+00-0.990542993E-01
-0.866059586E-01-0.732794926E-01-0.591293685E-01-0.441899337E-01-0.284710508E-01
-0.119554680E-01 0.539955730E-02 0.231018551E-01 0.412236564E-01 0.598358959E-01
 0.790227205E-01 0.988914147E-01 0.119581968E+00 0.141278818E+00 0.164226741E+00
 0.188752726E+00 0.215294793E+00 0.244434372E+00 0.276915908E+00 0.311914891E+00
 0.960153639E-01 0.910626203E-01 0.834802613E-01 0.756859183E-01 0.681597516E-01
 0.606977455E-01 0.531761907E-01 0.455199629E-01 0.376816578E-01 0.296298526E-01
 0.213427730E-01 0.128047699E-01 0.400425401E-02-0.506761484E-02-0.144177405E-01
-0.238924250E-01-0.335147493E-01-0.432969108E-01-0.532392934E-01-0.633294210E-01
-0.735408813E-01-0.838323981E-01-0.941470489E-01-0.104411840E+00-0.114537776E+00
-0.124420449E+00-0.133941412E+00-0.142970279E+00-0.151367635E+00-0.158988729E+00
-0.165687978E+00-0.171323806E+00-0.175763920E+00-0.178890452E+00-0.180604815E+00
-0.180831805E+00-0.179522544E+00-0.176656291E+00-0.172240660E+00-0.166310251E+00
-0.158923909E+00-0.150160640E+00-0.140114412E+00-0.128888249E+00-0.116587847E+00
-0.103315078E+00-0.891613662E-01-0.742012709E-01-0.584857240E-01-0.420344882E-01
-0.248259511E-01-0.678012939E-02 0.116411578E-01 0.304522198E-01 0.496951416E-01
 0.694371685E-01 0.897715390E-01 0.110821672E+00 0.132748932E+00 0.155764624E+00
 0.180148453E+00 0.206277013E+00 0.234669268E+00 0.266053617E+00 0.299876958E+00
 0.821417049E-01 0.761784464E-01 0.699521005E-01 0.636928603E-01 0.573250800E-01
 0.507282950E-01 0.438580103E-01 0.366909802E-01 0.292120390E-01 0.214098096E-01
 0.132750496E-01 0.479998533E-02-0.402194215E-02-0.131968455E-01-0.225737505E-01
-0.321802199E-01-0.420349352E-01-0.521464013E-01-0.625114962E-01-0.731139630E-01
-0.839229152E-01-0.948914140E-01-0.105955400E+00-0.117032863E+00-0.128023654E+00
-0.138809994E+00-0.149257660E+00-0.159218341E+00-0.168532774E+00-0.177035004E+00
-0.184557438E+00-0.190936640E+00-0.196019500E+00-0.199669436E+00-0.201772183E+00
-0.202240810E+00-0.201019436E+00-0.198085442E+00-0.193449795E+00-0.187155709E+00
-0.179275334E+00-0.169905066E+00-0.159159496E+00-0.147164598E+00-0.134050474E+00
-0.119944029E+00-0.104961835E+00-0.892035738E-01-0.727459565E-01-0.556374267E-01
-0.378939025E-01-0.194967948E-01-0.397186843E-03 0.189660881E-01 0.386170223E-01
 0.586046241E-01 0.789951459E-01 0.998708755E-01 0.121331468E+00 0.143496394E+00
 0.166508466E+00 0.190539718E+00 0.215807125E+00 0.242641956E+00 0.271029204E+00
 0.673588365E-01 0.600382723E-01 0.557955503E-01 0.516980365E-01 0.467221029E-01
 0.410990044E-01 0.349401385E-01 0.283003282E-01 0.212072898E-01 0.136744017E-01
 0.570686720E-02-0.269441959E-02-0.115283029E-01-0.206391979E-01-0.300550852E-01
-0.397984050E-01-0.498841666E-01-0.603180006E-01-0.710941404E-01-0.821934417E-01
-0.935814008E-01-0.105206363E+00-0.116998017E+00-0.128866240E+00-0.140700608E+00
-0.152370721E+00-0.163727343E+00-0.174604788E+00-0.184824422E+00-0.194199264E+00
-0.202539861E+00-0.209660813E+00-0.215387985E+00-0.219565734E+00-0.222063780E+00
-0.222783133E+00-0.221660554E+00-0.218671337E+00-0.213829786E+00-0.207187727E+00
-0.198830843E+00-0.188873231E+00-0.177450553E+00-0.164712280E+00-0.150813550E+00
-0.135906994E+00-0.120135203E+00-0.103623770E+00-0.864754766E-01-0.687655285E-01
-0.505381972E-01-0.318051130E-01-0.125458408E-01 0.728847971E-02 0.271794572E-01
 0.471862294E-01 0.673529059E-01 0.877166316E-01 0.108307473E+00 0.129142553E+00
 0.150212973E+00 0.171457052E+00 0.192703769E+00 0.213548303E+00 0.233145848E+00
 0.570969284E-01 0.492936745E-01 0.454953499E-01 0.420207530E-01 0.377314575E-01
 0.327286944E-01 0.270892810E-01 0.208669528E-01 0.140960729E-01 0.679610390E-02
-0.102580758E-02-0.937571004E-02-0.180742219E-01-0.271425210E-01-0.366032049E-01
-0.464756861E-01-0.567730442E-01-0.674994439E-01-0.786476731E-01-0.901967809E-01
-0.102109745E+00-0.114331298E+00-0.126786053E+00-0.139377058E+00-0.151985049E+00
-0.164468423E+00-0.176664501E+00-0.188391820E+00-0.199453875E+00-0.209644273E+00
-0.218753025E+00-0.226574033E+00-0.232913181E+00-0.237596601E+00-0.240478516E+00
-0.241448179E+00-0.240435094E+00-0.237412229E+00-0.232396826E+00-0.225448698E+00
-0.216666281E+00-0.206180453E+00-0.194146916E+00-0.180737495E+00-0.166131154E+00
-0.150505051E+00-0.134026229E+00-0.116844378E+00-0.990855023E-01-0.808468089E-01
-0.621921830E-01-0.431476124E-01-0.236944743E-01-0.375621300E-02 0.161579791E-01
 0.360213555E-01 0.558258630E-01 0.755618587E-01 0.952065513E-01 0.114713207E+00
 0.133997083E+00 0.152916044E+00 0.171245694E+00 0.188656911E+00 0.204719633E+00
 0.502509251E-01 0.422278978E-01 0.381406099E-01 0.348011293E-01 0.307667982E-01
 0.260612704E-01 0.207165517E-01 0.147609720E-01 0.821626931E-02 0.109772850E-02
-0.658316538E-02-0.148120699E-01-0.234306399E-01-0.324757881E-01-0.419762321E-01
-0.519537516E-01-0.624223463E-01-0.733864307E-01-0.848385990E-01-0.967571586E-01
-0.109103613E+00-0.121820278E+00-0.134828061E+00-0.148024797E+00-0.161284149E+00
-0.174455568E+00-0.187365264E+00-0.199818626E+00-0.211604133E+00-0.222498804E+00
-0.232275054E+00-0.240708828E+00-0.247588515E+00-0.252724171E+00-0.255956203E+00
-0.257163256E+00-0.256268024E+00-0.253241003E+00-0.248101592E+00-0.240916237E+00
-0.231794164E+00-0.220880687E+00-0.208348826E+00-0.194389910E+00-0.179203629E+00
-0.162988573E+00-0.145933315E+00-0.128208801E+00-0.109962016E+00-0.913111940E-01
-0.723423809E-01-0.531076677E-01-0.336255655E-01-0.138861462E-01 0.613177987E-02
 0.258640144E-01 0.453216769E-01 0.644876510E-01 0.833222196E-01 0.101760924E+00
 0.119709261E+00 0.137036651E+00 0.153572425E+00 0.169108033E+00 0.183410361E+00
 0.453094020E-01 0.371191613E-01 0.330209285E-01 0.297002327E-01 0.257455148E-01
 0.211633407E-01 0.159641542E-01 0.101574278E-01 0.374886021E-02-0.326161180E-02
-0.108824139E-01-0.189442076E-01-0.274640955E-01-0.364662074E-01-0.459747799E-01
-0.560102798E-01-0.665865391E-01-0.777081475E-01-0.893678442E-01-0.101543777E+00
-0.114196807E+00-0.127267867E+00-0.140675589E+00-0.154314339E+00-0.168053016E+00
-0.181734756E+00-0.195177868E+00-0.208178222E+00-0.220513225E+00-0.231947541E+00
-0.242240325E+00-0.251153827E+00-0.258463025E+00-0.263965279E+00-0.267490178E+00
-0.268907577E+00-0.268134445E+00-0.265138745E+00-0.259940833E+00-0.252611697E+00
-0.243268296E+00-0.232066572E+00-0.219192550E+00-0.204852298E+00-0.189261436E+00
-0.172635064E+00-0.155178487E+00-0.137079313E+00-0.118500978E+00-0.995778888E-01
-0.804119781E-01-0.610702112E-01-0.415823571E-01-0.219369885E-01-0.207093358E-02
 0.174658243E-01 0.366113931E-01 0.553200841E-01 0.735419765E-01 0.912137330E-01
 0.108254120E+00 0.124562457E+00 0.140019953E+00 0.154494643E+00 0.167850465E+00
 0.421654880E-01 0.338815786E-01 0.298437234E-01 0.264869854E-01 0.225259606E-01
 0.179760214E-01 0.128412386E-01 0.712037645E-02 0.808646961E-03-0.610148674E-02
-0.136199957E-01-0.215803254E-01-0.300163906E-01-0.389590263E-01-0.484354608E-01
-0.584677309E-01-0.690706745E-01-0.802495927E-01-0.919977054E-01-0.104293428E+00
-0.117097601E+00-0.130350754E+00-0.143970609E+00-0.157849967E+00-0.171855435E+00
-0.185826942E+00-0.199578643E+00-0.212901235E+00-0.225566030E+00-0.237330645E+00
-0.247946531E+00-0.257167846E+00-0.264761299E+00-0.270516425E+00-0.274255663E+00
-0.275842994E+00-0.275191009E+00-0.272265285E+00-0.267085731E+00-0.259725064E+00
-0.250304043E+00-0.238984272E+00-0.225959033E+00-0.211442918E+00-0.195661038E+00
-0.178838640E+00-0.161191598E+00-0.142918348E+00-0.124193437E+00-0.105162859E+00
-0.859410241E-01-0.666094646E-01-0.472170785E-01-0.277828202E-01-0.830279570E-02
 0.112311784E-01 0.301980898E-01 0.485965088E-01 0.663992763E-01 0.835602656E-01
 0.100017823E+00 0.115697503E+00 0.130515516E+00 0.144383490E+00 0.157214612E+00
 0.411135033E-01 0.328916125E-01 0.285413917E-01 0.250150822E-01 0.209587980E-01
 0.163857266E-01 0.112802181E-01 0.562271522E-02-0.604427885E-03-0.741700362E-02
-0.148297772E-01-0.226847641E-01-0.310193151E-01-0.398670584E-01-0.492570400E-01
-0.592124127E-01-0.697486997E-01-0.808716714E-01-0.925749317E-01-0.104837269E+00
-0.117619887E+00-0.130863711E+00-0.144486830E+00-0.158382431E+00-0.172417358E+00
-0.186431646E+00-0.200239405E+00-0.213630974E+00-0.226376995E+00-0.238234073E+00
-0.248952255E+00-0.258283913E+00-0.265993655E+00-0.271868616E+00-0.275728643E+00
-0.277435184E+00-0.276898265E+00-0.274081141E+00-0.269001931E+00-0.261731952E+00
-0.252391219E+00-0.241141260E+00-0.228175998E+00-0.213711381E+00-0.197974578E+00
-0.181193531E+00-0.163587481E+00-0.145358771E+00-0.126686543E+00-0.107721880E+00
-0.885849372E-01-0.693632439E-01-0.501112938E-01-0.308505781E-01-0.115691023E-01
 0.778217241E-02 0.265426375E-01 0.446948595E-01 0.622098111E-01 0.790463984E-01
 0.951527059E-01 0.110468298E+00 0.124927349E+00 0.138462588E+00 0.151009873E+00
 0.417781435E-01 0.339107290E-01 0.288733244E-01 0.249116961E-01 0.207704306E-01
 0.162162837E-01 0.111734476E-01 0.560214091E-02-0.524020172E-03-0.722539937E-02
-0.145194205E-01-0.222481787E-01-0.304494835E-01-0.391569398E-01-0.483992696E-01
-0.581991784E-01-0.685717463E-01-0.795224160E-01-0.910446942E-01-0.103117570E+00
-0.115702860E+00-0.128742546E+00-0.142156318E+00-0.155839518E+00-0.169661790E+00
-0.183466613E+00-0.197072074E+00-0.210273013E+00-0.222844973E+00-0.234549627E+00
-0.245142087E+00-0.254379451E+00-0.262030482E+00-0.267885685E+00-0.271767020E+00
-0.273536861E+00-0.273104668E+00-0.270431817E+00-0.265533060E+00-0.258475304E+00
-0.249373168E+00-0.238382265E+00-0.225690365E+00-0.211507291E+00-0.196054518E+00
-0.179554969E+00-0.162223622E+00-0.144259602E+00-0.125839740E+00-0.107113935E+00
-0.882020742E-01-0.691923425E-01-0.501407199E-01-0.310708806E-01-0.119736083E-01
 0.719686737E-02 0.257795379E-01 0.437557474E-01 0.610959493E-01 0.777594596E-01
 0.936958194E-01 0.108847186E+00 0.123151429E+00 0.136545807E+00 0.148971140E+00
 0.411775894E-01 0.330054797E-01 0.288926046E-01 0.255787093E-01 0.217235815E-01
 0.173523948E-01 0.124564525E-01 0.701964321E-02 0.102549349E-02-0.554208318E-02
-0.126991235E-01-0.202785544E-01-0.283152647E-01-0.368395858E-01-0.458773784E-01
-0.554490536E-01-0.655679554E-01-0.762383416E-01-0.874531046E-01-0.991912931E-01
-0.111415543E+00-0.124069534E+00-0.137075707E+00-0.150333315E+00-0.163717151E+00
-0.177077174E+00-0.190239266E+00-0.203007266E+00-0.215166703E+00-0.226489991E+00
-0.236743212E+00-0.245694250E+00-0.253121853E+00-0.258825094E+00-0.262632608E+00
-0.264410913E+00-0.264070958E+00-0.261572480E+00-0.256925851E+00-0.250190675E+00
-0.241472110E+00-0.230914444E+00-0.218692958E+00-0.205004454E+00-0.190057442E+00
-0.174062386E+00-0.157222822E+00-0.139727622E+00-0.121744744E+00-0.103416577E+00
-0.848568603E-01-0.661491677E-01-0.473469459E-01-0.284758490E-01-0.954044983E-02
 0.945775677E-02 0.278960727E-01 0.457686558E-01 0.630461350E-01 0.796830133E-01
 0.956216902E-01 0.110795684E+00 0.125133112E+00 0.138560817E+00 0.151009083E+00
 0.427444912E-01 0.346558578E-01 0.307124630E-01 0.276724063E-01 0.240654759E-01
 0.198970307E-01 0.151721016E-01 0.989031605E-02 0.404680800E-02-0.236803223E-02
-0.937080011E-02-0.167913921E-01-0.246483199E-01-0.329628550E-01-0.417553559E-01
-0.510426052E-01-0.608354956E-01-0.711367354E-01-0.819384977E-01-0.932200029E-01
-0.104945108E+00-0.117059939E+00-0.129490808E+00-0.142142445E+00-0.154896945E+00
-0.167613387E+00-0.180128664E+00-0.192259401E+00-0.203805417E+00-0.214554489E+00
-0.224288628E+00-0.232791439E+00-0.239856452E+00-0.245295703E+00-0.248948142E+00
-0.250687301E+00-0.250427157E+00-0.248126462E+00-0.243790135E+00-0.237468541E+00
-0.229253963E+00-0.219275057E+00-0.207689419E+00-0.194675043E+00-0.180421308E+00
-0.165119916E+00-0.148956612E+00-0.132103756E+00-0.114714295E+00-0.969169289E-01
-0.788125917E-01-0.604718588E-01-0.419323742E-01-0.231946390E-01-0.421114359E-02
 0.144583778E-01 0.327414982E-01 0.505835973E-01 0.679287240E-01 0.847120062E-01
 0.100857034E+00 0.116276145E+00 0.130872846E+00 0.144546315E+00 0.157197848E+00
 0.457525663E-01 0.378017128E-01 0.343053713E-01 0.314481258E-01 0.280006342E-01
 0.239762757E-01 0.193855073E-01 0.142383231E-01 0.854228251E-02 0.230209017E-02
-0.447936310E-02-0.117975762E-01-0.195003320E-01-0.276082605E-01-0.361401252E-01
-0.451110490E-01-0.545305796E-01-0.644005984E-01-0.747131407E-01-0.854481906E-01
-0.965715051E-01-0.108032517E+00-0.119762518E+00-0.131673157E+00-0.143655509E+00
-0.155579939E+00-0.167296842E+00-0.178638488E+00-0.189422101E+00-0.199454278E+00
-0.208536446E+00-0.216471523E+00-0.223071188E+00-0.228163570E+00-0.231600627E+00
-0.233264849E+00-0.233074680E+00-0.230988145E+00-0.227004468E+00-0.221163273E+00
-0.213541865E+00-0.204250216E+00-0.193424597E+00-0.181220040E+00-0.167802185E+00
-0.153339192E+00-0.137994066E+00-0.121917762E+00-0.105243362E+00-0.880814418E-01
-0.705167279E-01-0.526062287E-01-0.343796127E-01-0.158441160E-01 0.299879978E-02
 0.215716027E-01 0.398666263E-01 0.578488782E-01 0.754631311E-01 0.926344395E-01
 0.109266922E+00 0.125243142E+00 0.140425771E+00 0.154663041E+00 0.167798787E+00
 0.509912260E-01 0.433024801E-01 0.397289246E-01 0.369806848E-01 0.336108133E-01
 0.296431780E-01 0.251071192E-01 0.200284347E-01 0.144271888E-01 0.831780303E-02
 0.171011791E-02-0.538941426E-02-0.129774716E-01-0.209011212E-01-0.291789435E-01
-0.378258899E-01-0.468514934E-01-0.562579520E-01-0.660381243E-01-0.761736184E-01
-0.866329297E-01-0.973697007E-01-0.108321220E+00-0.119407192E+00-0.130529061E+00
-0.141569942E+00-0.152395383E+00-0.162855119E+00-0.172785774E+00-0.182014704E+00
-0.190364853E+00-0.197660461E+00-0.203733310E+00-0.208429351E+00-0.211615056E+00
-0.213183179E+00-0.213057384E+00-0.211195499E+00-0.207590908E+00-0.202272058E+00
-0.195300147E+00-0.186764970E+00-0.176779523E+00-0.165473372E+00-0.152985692E+00
-0.139457986E+00-0.125027150E+00-0.109819047E+00-0.939428434E-01-0.774860680E-01
-0.605103225E-01-0.430469289E-01-0.250910353E-01-0.658958592E-02 0.119272918E-01
 0.304075647E-01 0.488147624E-01 0.671077967E-01 0.852301493E-01 0.103101507E+00
 0.120609544E+00 0.137602285E+00 0.153883100E+00 0.169212982E+00 0.183325186E+00
 0.579752922E-01 0.506162643E-01 0.471822619E-01 0.444268808E-01 0.409724452E-01
 0.369036719E-01 0.322877094E-01 0.271701533E-01 0.215805992E-01 0.155378832E-01
 0.905375089E-02 0.213521393E-02-0.521406578E-02-0.129929269E-01-0.210428331E-01
-0.293803923E-01-0.380169451E-01-0.469566584E-01-0.561943389E-01-0.657140613E-01
-0.754878670E-01-0.854744315E-01-0.956178606E-01-0.105846792E+00-0.116073877E+00
-0.126195863E+00-0.136094347E+00-0.145637289E+00-0.154681504E+00-0.163075864E+00
-0.170665488E+00-0.177296519E+00-0.182821438E+00-0.187104553E+00-0.190027341E+00
-0.191493273E+00-0.191431686E+00-0.189800590E+00-0.186587855E+00-0.181810930E+00
-0.175514951E+00-0.167769372E+00-0.158663437E+00-0.148300618E+00-0.136792570E+00
-0.124252848E+00-0.110790640E+00-0.965049267E-01-0.814791396E-01-0.657764748E-01
-0.494362861E-01-0.324721672E-01-0.148744462E-01 0.337568973E-02 0.217380021E-01
 0.402393155E-01 0.588858277E-01 0.776680782E-01 0.965575054E-01 0.115497433E+00
 0.134388268E+00 0.153065816E+00 0.171273172E+00 0.188635290E+00 0.204662979E+00
 0.673864111E-01 0.605305284E-01 0.572330542E-01 0.540228784E-01 0.500945076E-01
 0.456477441E-01 0.407627895E-01 0.354768038E-01 0.298086014E-01 0.237681754E-01
 0.173608381E-01 0.105892150E-01 0.345423841E-02-0.404437399E-02-0.119079100E-01
-0.199683420E-01-0.282417499E-01-0.367376953E-01-0.454532504E-01-0.543751419E-01
-0.634794086E-01-0.727303550E-01-0.820795670E-01-0.914651603E-01-0.100811452E+00
-0.110029109E+00-0.119015895E+00-0.127658024E+00-0.135832220E+00-0.143408597E+00
-0.150253922E+00-0.156235769E+00-0.161226764E+00-0.165109128E+00-0.167779014E+00
-0.169150472E+00-0.169158638E+00-0.167762056E+00-0.164943665E+00-0.160710722E+00
-0.155093178E+00-0.148141131E+00-0.139920950E+00-0.130510718E+00-0.119995154E+00
-0.108460046E+00-0.959867835E-01-0.826468170E-01-0.684963614E-01-0.535708740E-01
-0.378787853E-01-0.213926733E-01-0.403337972E-02 0.137040978E-01 0.318096429E-01
 0.503018275E-01 0.692101866E-01 0.885669366E-01 0.108400464E+00 0.128726274E+00
 0.149531215E+00 0.170742884E+00 0.192165524E+00 0.213339329E+00 0.233307451E+00
 0.811040401E-01 0.755774751E-01 0.703590289E-01 0.654268116E-01 0.605120994E-01
 0.554429255E-01 0.501567274E-01 0.446232297E-01 0.388251059E-01 0.327514298E-01
 0.263949446E-01 0.197506957E-01 0.128152696E-01 0.558619760E-02-0.193875574E-02
-0.976296421E-02-0.177086219E-01-0.258086175E-01-0.340512432E-01-0.424236208E-01
-0.509063601E-01-0.594702698E-01-0.680750757E-01-0.766687617E-01-0.851874053E-01
-0.935554355E-01-0.101686329E+00-0.109483846E+00-0.116843760E+00-0.123656176E+00
-0.129808351E+00-0.135187909E+00-0.139686346E+00-0.143202662E+00-0.145646811E+00
-0.146942884E+00-0.147031739E+00-0.145872742E+00-0.143444762E+00-0.139745966E+00
-0.134792790E+00-0.128617629E+00-0.121265903E+00-0.112792246E+00-0.103256151E+00
-0.927172899E-01-0.812306851E-01-0.688419268E-01-0.555825643E-01-0.414661281E-01
-0.264850091E-01-0.106090615E-01 0.621346338E-02 0.234803520E-01 0.412687808E-01
 0.596521385E-01 0.787117109E-01 0.985426009E-01 0.119257785E+00 0.140991822E+00
 0.163905233E+00 0.188191339E+00 0.214093909E+00 0.241985470E+00 0.271847159E+00
 0.927454904E-01 0.879586041E-01 0.823374316E-01 0.766313970E-01 0.710766912E-01
 0.655406117E-01 0.599327460E-01 0.541953668E-01 0.482915305E-01 0.421972536E-01
 0.358968787E-01 0.293804165E-01 0.226420965E-01 0.156797227E-01 0.849488471E-02
 0.109442777E-02-0.650536502E-02-0.143210655E-01-0.221747607E-01-0.300709717E-01
-0.380044468E-01-0.459552631E-01-0.538922809E-01-0.617734753E-01-0.695463941E-01
-0.771486312E-01-0.845085233E-01-0.915462151E-01-0.981751233E-01-0.104303785E+00
-0.109838128E+00-0.114684068E+00-0.118750244E+00-0.121950932E+00-0.124208704E+00
-0.125456974E+00-0.125642046E+00-0.124724500E+00-0.122679986E+00-0.119499147E+00
-0.115186721E+00-0.109759815E+00-0.103245445E+00-0.956773907E-01-0.870925337E-01
-0.775267482E-01-0.670104697E-01-0.555640720E-01-0.431931019E-01-0.298839584E-01
-0.156011209E-01-0.290016644E-03 0.156174628E-01 0.321540385E-01 0.493823513E-01
 0.673891380E-01 0.862869397E-01 0.106219910E+00 0.127373278E+00 0.149987459E+00
 0.174379319E+00 0.200974703E+00 0.230360135E+00 0.263358742E+00 0.299346954E+00
 0.102391601E+00 0.980504453E-01 0.925512090E-01 0.867954716E-01 0.810962692E-01
 0.754011273E-01 0.696623698E-01 0.638409778E-01 0.579073243E-01 0.518398732E-01
 0.456235670E-01 0.392484181E-01 0.327085033E-01 0.260012969E-01 0.191271864E-01
 0.120888744E-01 0.488998741E-02-0.246917736E-02-0.998927839E-02-0.174697917E-01
-0.249355733E-01-0.323624015E-01-0.397263058E-01-0.469933748E-01-0.541215874E-01
-0.610606894E-01-0.677527934E-01-0.741331279E-01-0.801311135E-01-0.856718719E-01
-0.906780660E-01-0.950718969E-01-0.987773091E-01-0.101722196E+00-0.103840508E+00
-0.105074167E+00-0.105374649E+00-0.104704104E+00-0.103035964E+00-0.100354888E+00
-0.966561139E-01-0.919440463E-01-0.862302929E-01-0.795310661E-01-0.718640760E-01
-0.632448941E-01-0.536828339E-01-0.431759246E-01-0.317044593E-01-0.192213543E-01
-0.563539239E-02 0.859737489E-02 0.234951712E-01 0.391035527E-01 0.554927625E-01
 0.727585256E-01 0.910262242E-01 0.110458590E+00 0.131267667E+00 0.153732255E+00
 0.178222805E+00 0.205234632E+00 0.235425755E+00 0.269640505E+00 0.306954950E+00
 0.110932469E+00 0.106961116E+00 0.101774201E+00 0.961725563E-01 0.905456990E-01
 0.848793462E-01 0.791555643E-01 0.733572319E-01 0.674695894E-01 0.614807755E-01
 0.553818755E-01 0.491668247E-01 0.428321622E-01 0.363769196E-01 0.298024472E-01
 0.231123604E-01 0.163125284E-01 0.941150170E-02 0.242277840E-02-0.463059079E-02
-0.117639359E-01-0.187722594E-01-0.256748497E-01-0.324395336E-01-0.390357636E-01
-0.454246588E-01-0.515614599E-01-0.573954917E-01-0.628705621E-01-0.679264739E-01
-0.725006089E-01-0.765294805E-01-0.799505040E-01-0.827036798E-01-0.847331285E-01
-0.859885588E-01-0.864263847E-01-0.860106498E-01-0.847134888E-01-0.825151801E-01
-0.794036090E-01-0.753732175E-01-0.704233721E-01-0.645562559E-01-0.577743948E-01
-0.500778668E-01-0.414613262E-01-0.319110155E-01-0.214019753E-01-0.989656895E-02
 0.265306560E-02 0.157666337E-01 0.295189451E-01 0.439792573E-01 0.592242442E-01
 0.753457993E-01 0.924575105E-01 0.110702045E+00 0.130260885E+00 0.151368290E+00
 0.174332485E+00 0.199570194E+00 0.227670684E+00 0.259534448E+00 0.293414474E+00
 0.118975006E+00 0.115372606E+00 0.110446990E+00 0.105051659E+00 0.995725170E-01
 0.940127298E-01 0.883745030E-01 0.826583430E-01 0.768633857E-01 0.709879920E-01
 0.650304854E-01 0.589897148E-01 0.528655611E-01 0.466592312E-01 0.403735563E-01
 0.340131931E-01 0.275848564E-01 0.210976265E-01 0.145632671E-01 0.799613353E-02
 0.141122658E-02-0.516702374E-02-0.117538460E-01-0.181297865E-01-0.243121628E-01
-0.302657969E-01-0.359609053E-01-0.413616709E-01-0.464235693E-01-0.510989018E-01
-0.553378686E-01-0.590893701E-01-0.623026416E-01-0.649285391E-01-0.669205338E-01
-0.682355464E-01-0.688347444E-01-0.686842203E-01-0.677555948E-01-0.660261661E-01
-0.634785593E-01-0.600998551E-01-0.558801927E-01-0.508108959E-01-0.448822118E-01
-0.380810238E-01-0.303886235E-01-0.217784159E-01-0.122132190E-01-0.164189457E-02
 0.950986054E-02 0.212605037E-01 0.336466767E-01 0.467156097E-01 0.605237298E-01
 0.751373768E-01 0.906343088E-01 0.107105546E+00 0.124657355E+00 0.143413231E+00
 0.163515508E+00 0.185125545E+00 0.208418563E+00 0.233530074E+00 0.259085655E+00
 0.126770735E+00 0.123531617E+00 0.118867166E+00 0.113671444E+00 0.108333565E+00
 0.102879435E+00 0.973325074E-01 0.917092264E-01 0.860198289E-01 0.802702606E-01
 0.744639710E-01 0.686032698E-01 0.626902878E-01 0.567276999E-01 0.507191904E-01
 0.446698032E-01 0.385862440E-01 0.324770808E-01 0.263528824E-01 0.202262532E-01
 0.141117191E-01 0.802598614E-02 0.198613666E-02-0.398134720E-02-0.989381596E-02
-0.155146420E-01-0.208712574E-01-0.259537883E-01-0.307116900E-01-0.351084583E-01
-0.391070507E-01-0.426659733E-01-0.457449034E-01-0.483052395E-01-0.503098182E-01
-0.517227314E-01-0.525095314E-01-0.526379570E-01-0.520793274E-01-0.508090742E-01
-0.488065444E-01-0.460542403E-01-0.425365046E-01-0.382373706E-01-0.331374109E-01
-0.272115450E-01-0.204278324E-01-0.127469646E-01-0.412027398E-02 0.503913173E-02
 0.147481374E-01 0.250274241E-01 0.359030217E-01 0.474055260E-01 0.595688894E-01
 0.724289566E-01 0.860215053E-01 0.100379065E+00 0.115525782E+00 0.131468475E+00
 0.148180708E+00 0.165573314E+00 0.183436245E+00 0.201305643E+00 0.218160212E+00
 0.134590998E+00 0.131730899E+00 0.127351880E+00 0.122264341E+00 0.116959617E+00
 0.111530297E+00 0.106025174E+00 0.100468829E+00 0.948739722E-01 0.892473534E-01
 0.835926980E-01 0.779124424E-01 0.722087398E-01 0.664841458E-01 0.607420988E-01
 0.549872145E-01 0.492255576E-01 0.434648320E-01 0.377144888E-01 0.319858417E-01
 0.262921676E-01 0.206488650E-01 0.150736598E-01 0.958749186E-02 0.421397761E-02
-0.100770115E-02-0.607366487E-02-0.110114189E-01-0.155713717E-01-0.197823495E-01
-0.236360077E-01-0.270827543E-01-0.300931651E-01-0.326426215E-01-0.347060934E-01
-0.362561382E-01-0.372617580E-01-0.376886539E-01-0.375066549E-01-0.366901495E-01
-0.352172032E-01-0.330689549E-01-0.302291866E-01-0.266823322E-01-0.224027392E-01
-0.173520483E-01-0.114800772E-01-0.473370356E-02 0.248406804E-02 0.101904441E-01
 0.184023269E-01 0.271372274E-01 0.364134274E-01 0.462491326E-01 0.566607080E-01
 0.676600412E-01 0.792508125E-01 0.914232656E-01 0.104146861E+00 0.117359750E+00
 0.130953714E+00 0.144752949E+00 0.158486933E+00 0.171765387E+00 0.184085622E+00
 0.143525913E+00 0.141512305E+00 0.136631921E+00 0.130987674E+00 0.125428766E+00
 0.119889967E+00 0.114363045E+00 0.108845204E+00 0.103334583E+00 0.978295133E-01
 0.923286825E-01 0.868312865E-01 0.813373104E-01 0.758477375E-01 0.703647211E-01
 0.648917481E-01 0.594337396E-01 0.539971776E-01 0.485901684E-01 0.432225168E-01
 0.379058048E-01 0.326534770E-01 0.274809282E-01 0.224056151E-01 0.174469743E-01
 0.126262773E-01 0.796274468E-02 0.347814476E-02-0.788615784E-03-0.483643124E-02
-0.869981758E-02-0.121044219E-01-0.150888246E-01-0.176627636E-01-0.198220555E-01
-0.215531047E-01-0.228284914E-01-0.235864352E-01-0.237946119E-01-0.234296713E-01
-0.224703047E-01-0.208968241E-01-0.186979026E-01-0.158937983E-01-0.124581354E-01
-0.833133329E-02-0.340777915E-02 0.192625716E-02 0.769106206E-02 0.139014386E-01
 0.205709748E-01 0.277133249E-01 0.353418998E-01 0.434684306E-01 0.521006174E-01
 0.612388179E-01 0.708718523E-01 0.809718370E-01 0.914879590E-01 0.102339454E+00
 0.113407873E+00 0.124530040E+00 0.135494143E+00 0.146043539E+00 0.155893654E+00
 0.151356116E+00 0.149908647E+00 0.145008489E+00 0.139050707E+00 0.133295521E+00
 0.127675757E+00 0.122149125E+00 0.116690241E+00 0.111283116E+00 0.105917104E+00
 0.100584976E+00 0.952819213E-01 0.900050998E-01 0.847533867E-01 0.795272738E-01
 0.743288025E-01 0.691615492E-01 0.640305877E-01 0.589425489E-01 0.539055727E-01
 0.489293560E-01 0.440251492E-01 0.392057709E-01 0.344855748E-01 0.298803691E-01
 0.254072882E-01 0.210845359E-01 0.169320330E-01 0.129719814E-01 0.922551379E-02
 0.571913552E-02 0.250396132E-02-0.399110315E-03-0.298203225E-02-0.524631562E-02
-0.720846467E-02-0.891708024E-02-0.100570964E-01-0.106681762E-01-0.107542500E-01
-0.102960141E-01-0.924866460E-02-0.752331456E-02-0.545146968E-02-0.295425393E-02
 0.890700449E-05 0.344676711E-02 0.731221540E-02 0.115872780E-01 0.162689462E-01
 0.213627983E-01 0.268795919E-01 0.328327343E-01 0.392356776E-01 0.460987352E-01
 0.534251966E-01 0.612067804E-01 0.694186315E-01 0.780142620E-01 0.869210809E-01
 0.960372090E-01 0.105230592E+00 0.114341572E+00 0.123190030E+00 0.131587550E+00
 0.157470584E+00 0.156343326E+00 0.151691094E+00 0.145844325E+00 0.140158460E+00
 0.134615764E+00 0.129190564E+00 0.123860814E+00 0.118608899E+00 0.113421336E+00
 0.108288050E+00 0.103201866E+00 0.981580094E-01 0.931538045E-01 0.881883800E-01
 0.832625479E-01 0.783786699E-01 0.735405535E-01 0.687533841E-01 0.640237182E-01
 0.593594126E-01 0.547696054E-01 0.502646863E-01 0.458562560E-01 0.415570810E-01
 0.373810418E-01 0.333431214E-01 0.294594634E-01 0.257474221E-01 0.222254433E-01
 0.189137012E-01 0.158340968E-01 0.130042126E-01 0.104375938E-01 0.814565085E-02
 0.614118529E-02 0.444675796E-02 0.311716087E-02 0.217639678E-02 0.163839606E-02
 0.151362456E-02 0.180858595E-02 0.251729786E-02 0.359482411E-02 0.502958149E-02
 0.681841420E-02 0.895631872E-02 0.114335045E-01 0.142448712E-01 0.173925757E-01
 0.208863672E-01 0.247430410E-01 0.289852116E-01 0.336391702E-01 0.387315564E-01
 0.442847461E-01 0.503110886E-01 0.568066426E-01 0.637452677E-01 0.710741058E-01
 0.787114948E-01 0.865479559E-01 0.944507048E-01 0.102271542E+00 0.109857313E+00
 0.162480786E+00 0.161674008E+00 0.157088697E+00 0.151442289E+00 0.145959690E+00
 0.140616775E+00 0.135395229E+00 0.130276784E+00 0.125245258E+00 0.120287314E+00
 0.115392603E+00 0.110553458E+00 0.105764598E+00 0.101022795E+00 0.963266194E-01
 0.916762128E-01 0.870731324E-01 0.825202465E-01 0.780215785E-01 0.735822991E-01
 0.692086145E-01 0.649077371E-01 0.606878363E-01 0.565579757E-01 0.525280945E-01
 0.486089587E-01 0.448120944E-01 0.411497913E-01 0.376350097E-01 0.342812836E-01
 0.311025642E-01 0.281128008E-01 0.253250506E-01 0.227514096E-01 0.204036944E-01
 0.182946641E-01 0.164395031E-01 0.148560004E-01 0.135573316E-01 0.125515303E-01
 0.118418140E-01 0.114262076E-01 0.112964399E-01 0.114378883E-01 0.118378727E-01
 0.124860806E-01 0.133739794E-01 0.144954305E-01 0.158492308E-01 0.174415968E-01
 0.192883182E-01 0.214164443E-01 0.238651913E-01 0.266853906E-01 0.299365968E-01
 0.336811207E-01 0.379749499E-01 0.428567044E-01 0.483368933E-01 0.543898009E-01
 0.609498359E-01 0.679130629E-01 0.751440451E-01 0.824871436E-01 0.897805691E-01
 0.166064367E+00 0.165446237E+00 0.161268428E+00 0.155914515E+00 0.150724962E+00
 0.145679012E+00 0.140752360E+00 0.135924444E+00 0.131179035E+00 0.126503736E+00
 0.121889405E+00 0.117329516E+00 0.112819679E+00 0.108357295E+00 0.103941269E+00
 0.995718092E-01 0.952502340E-01 0.909788981E-01 0.867610425E-01 0.826007202E-01
 0.785027519E-01 0.744726509E-01 0.705165640E-01 0.666412562E-01 0.628540069E-01
 0.591626391E-01 0.555754043E-01 0.521009676E-01 0.487482920E-01 0.455265641E-01
 0.424450114E-01 0.395127162E-01 0.367383771E-01 0.341302268E-01 0.316961259E-01
 0.294436514E-01 0.273800734E-01 0.255117211E-01 0.238425545E-01 0.223733261E-01
 0.211011264E-01 0.200191755E-01 0.191168748E-01 0.183805060E-01 0.177949760E-01
 0.173450839E-01 0.170167219E-01 0.167985745E-01 0.166846607E-01 0.166777037E-01
 0.167933404E-01 0.170651637E-01 0.175501239E-01 0.183330327E-01 0.195275154E-01
 0.212695375E-01 0.237006005E-01 0.269426256E-01 0.310723931E-01 0.361036956E-01
 0.419799760E-01 0.485764518E-01 0.557115451E-01 0.631682053E-01 0.707224309E-01
 0.168543696E+00 0.168079600E+00 0.164207146E+00 0.159244999E+00 0.154476866E+00
 0.149843916E+00 0.145307913E+00 0.140847042E+00 0.136448160E+00 0.132102937E+00
 0.127805933E+00 0.123553693E+00 0.119344205E+00 0.115176618E+00 0.111051060E+00
 0.106968477E+00 0.102930523E+00 0.989394560E-01 0.949980840E-01 0.911096707E-01
 0.872778967E-01 0.835068002E-01 0.798007250E-01 0.761642903E-01 0.726023391E-01
 0.691199377E-01 0.657222867E-01 0.624147169E-01 0.592026040E-01 0.560913049E-01
 0.530860499E-01 0.501918234E-01 0.474132225E-01 0.447543412E-01 0.422186144E-01
 0.398086533E-01 0.375259258E-01 0.353703126E-01 0.333394594E-01 0.314282328E-01
 0.296282545E-01 0.279276352E-01 0.263108686E-01 0.247590169E-01 0.232502110E-01
 0.217603166E-01 0.202639531E-01 0.187360644E-01 0.171544962E-01 0.155039961E-01
 0.137824155E-01 0.120100286E-01 0.102431364E-01 0.859257393E-02 0.724450173E-02
 0.647057407E-02 0.659978436E-02 0.793994032E-02 0.106972363E-01 0.149446204E-01
 0.206237212E-01 0.275489129E-01 0.354127847E-01 0.438214876E-01 0.523781218E-01
 0.169545680E+00 0.169040322E+00 0.165591270E+00 0.161424443E+00 0.157323942E+00
 0.153244019E+00 0.149185345E+00 0.145150155E+00 0.141140282E+00 0.137157157E+00
 0.133202031E+00 0.129276246E+00 0.125381246E+00 0.121518731E+00 0.117690608E+00
 0.113899052E+00 0.110146426E+00 0.106435254E+00 0.102768198E+00 0.991479605E-01
 0.955773145E-01 0.920589939E-01 0.885957032E-01 0.851900727E-01 0.818446502E-01
 0.785618797E-01 0.753440857E-01 0.721934661E-01 0.691120923E-01 0.661018342E-01
 0.631643385E-01 0.603009574E-01 0.575126186E-01 0.547997095E-01 0.521618687E-01
 0.495977439E-01 0.471046343E-01 0.446780659E-01 0.423112921E-01 0.399947502E-01
 0.377155058E-01 0.354567803E-01 0.331974477E-01 0.309116300E-01 0.285683554E-01
 0.261312686E-01 0.235585198E-01 0.208030045E-01 0.178133138E-01 0.145360287E-01
 0.109205060E-01 0.692807557E-02 0.254932442E-02-0.216292008E-02-0.702586304E-02
-0.115798479E-01-0.149329398E-01-0.161963385E-01-0.149933547E-01-0.112585761E-01
-0.506977132E-02 0.334879197E-02 0.134963822E-01 0.244174507E-01 0.351089723E-01
 0.169682130E+00 0.168893412E+00 0.166371971E+00 0.163125232E+00 0.159699634E+00
 0.156174749E+00 0.152597487E+00 0.148994014E+00 0.145380050E+00 0.141765893E+00
 0.138158903E+00 0.134564802E+00 0.130988359E+00 0.127433747E+00 0.123904817E+00
 0.120405063E+00 0.116937749E+00 0.113505863E+00 0.110112086E+00 0.106758773E+00
 0.103447892E+00 0.100181028E+00 0.969593227E-01 0.937835127E-01 0.906538665E-01
 0.875702649E-01 0.845321864E-01 0.815387815E-01 0.785888731E-01 0.756810233E-01
 0.728135630E-01 0.699845329E-01 0.671916902E-01 0.644323528E-01 0.617032349E-01
 0.590001643E-01 0.563177355E-01 0.536488481E-01 0.509841517E-01 0.483114235E-01
 0.456148610E-01 0.428742990E-01 0.400643125E-01 0.371532217E-01 0.341018550E-01
 0.308620874E-01 0.273750275E-01 0.235687718E-01 0.193557870E-01 0.146300066E-01
 0.926418602E-02 0.310851051E-02-0.400811806E-02-0.122741451E-01-0.218992978E-01
-0.331996717E-01-0.426945202E-01-0.471287072E-01-0.473703891E-01-0.438777618E-01
-0.362955444E-01-0.249641258E-01-0.933215767E-02 0.734527363E-02 0.209984630E-01
 0.170927480E+00 0.170281574E+00 0.167962462E+00 0.165048569E+00 0.162027240E+00
 0.158920437E+00 0.155750632E+00 0.152536616E+00 0.149293169E+00 0.146031886E+00
 0.142762110E+00 0.139491767E+00 0.136227712E+00 0.132976025E+00 0.129742116E+00
 0.126530841E+00 0.123346344E+00 0.120192178E+00 0.117071182E+00 0.113985434E+00
 0.110936247E+00 0.107924081E+00 0.104948580E+00 0.102008514E+00 0.991018414E-01
 0.962257311E-01 0.933766738E-01 0.905505791E-01 0.877429023E-01 0.849488080E-01
 0.821632966E-01 0.793813094E-01 0.765977800E-01 0.738075897E-01 0.710054338E-01
 0.681855828E-01 0.653414801E-01 0.624652468E-01 0.595470443E-01 0.565743446E-01
 0.535310544E-01 0.503965206E-01 0.471443571E-01 0.437410064E-01 0.401439220E-01
 0.362991989E-01 0.321383141E-01 0.275735464E-01 0.224914197E-01 0.167432185E-01
 0.101314429E-01 0.239155139E-02-0.682948064E-02-0.179913845E-01-0.316667929E-01
-0.469006784E-01-0.572201610E-01-0.625731647E-01-0.633020997E-01-0.592002682E-01
-0.503925234E-01-0.360689312E-01-0.171503052E-01-0.457356160E-03 0.135981813E-01
 0.172307029E+00 0.171833798E+00 0.169702768E+00 0.167058989E+00 0.164349362E+00
 0.161578044E+00 0.158752784E+00 0.155882195E+00 0.152975172E+00 0.150040597E+00
 0.147087216E+00 0.144123465E+00 0.141157418E+00 0.138196632E+00 0.135247990E+00
 0.132317573E+00 0.129410610E+00 0.126531273E+00 0.123682700E+00 0.120866828E+00
 0.118084371E+00 0.115334742E+00 0.112616017E+00 0.109924920E+00 0.107256852E+00
 0.104605980E+00 0.101965360E+00 0.993271470E-01 0.966829136E-01 0.940239057E-01
 0.913414136E-01 0.886270776E-01 0.858731344E-01 0.830725059E-01 0.802187771E-01
 0.773059726E-01 0.743281543E-01 0.712788254E-01 0.681501850E-01 0.649323165E-01
 0.616121516E-01 0.581724234E-01 0.545904338E-01 0.508366115E-01 0.468727201E-01
 0.426495485E-01 0.381036513E-01 0.331526659E-01 0.276880581E-01 0.215634331E-01
 0.145745371E-01 0.642332062E-02-0.334694656E-02-0.154470084E-01-0.307218954E-01
-0.436922796E-01-0.523474403E-01-0.568399131E-01-0.570809580E-01-0.530309528E-01
-0.437192731E-01-0.284723993E-01-0.123957843E-01 0.148624578E-02 0.136103248E-01
 0.173570812E+00 0.173268110E+00 0.171417594E+00 0.169038638E+00 0.166619346E+00
 0.164156437E+00 0.161646903E+00 0.159091100E+00 0.156492740E+00 0.153858304E+00
 0.151196122E+00 0.148515627E+00 0.145826519E+00 0.143138215E+00 0.140459448E+00
 0.137797907E+00 0.135160089E+00 0.132551089E+00 0.129974499E+00 0.127432302E+00
 0.124924764E+00 0.122450307E+00 0.120005451E+00 0.117584728E+00 0.115180656E+00
 0.112783834E+00 0.110383108E+00 0.107965887E+00 0.105518647E+00 0.103027523E+00
 0.100478970E+00 0.978604853E-01 0.951611921E-01 0.923722386E-01 0.894869268E-01
 0.865005329E-01 0.834098384E-01 0.802123249E-01 0.769052655E-01 0.734846517E-01
 0.699440986E-01 0.662737861E-01 0.624593943E-01 0.584810674E-01 0.543123446E-01
 0.499189459E-01 0.452573523E-01 0.402730592E-01 0.348982997E-01 0.290490873E-01
 0.226210598E-01 0.154826185E-01 0.745633198E-02-0.179664837E-02-0.116809439E-01
-0.194815099E-01-0.249614343E-01-0.278668851E-01-0.281506926E-01-0.253573321E-01
-0.193220992E-01-0.954035390E-02 0.403160346E-03 0.999963284E-02 0.190540124E-01
 0.174756929E+00 0.174646959E+00 0.173002034E+00 0.170909226E+00 0.168805018E+00
 0.166664422E+00 0.164470956E+00 0.162217721E+00 0.159906209E+00 0.157543987E+00
 0.155142292E+00 0.152714133E+00 0.150272846E+00 0.147831127E+00 0.145400450E+00
 0.142990738E+00 0.140610129E+00 0.138264939E+00 0.135959476E+00 0.133696035E+00
 0.131474674E+00 0.129293129E+00 0.127146482E+00 0.125027090E+00 0.122924276E+00
 0.120824367E+00 0.118710801E+00 0.116564505E+00 0.114364669E+00 0.112089790E+00
 0.109719016E+00 0.107233562E+00 0.104618050E+00 0.101861455E+00 0.989575982E-01
 0.959049389E-01 0.927058086E-01 0.893652067E-01 0.858892649E-01 0.822837353E-01
 0.785526037E-01 0.746969804E-01 0.707143173E-01 0.665979609E-01 0.623370409E-01
 0.579167493E-01 0.533191524E-01 0.485248715E-01 0.435164720E-01 0.382852070E-01
 0.328449719E-01 0.272626504E-01 0.217267331E-01 0.166833140E-01 0.125949327E-01
 0.885114819E-02 0.583694875E-02 0.403709523E-02 0.364898518E-02 0.459096674E-02
 0.651645707E-02 0.999807008E-02 0.150696402E-01 0.209364500E-01 0.270918608E-01
 0.175535962E+00 0.175629020E+00 0.174306199E+00 0.172614008E+00 0.170922264E+00
 0.169164658E+00 0.167309076E+00 0.165349126E+00 0.163294464E+00 0.161163032E+00
 0.158976063E+00 0.156755030E+00 0.154519990E+00 0.152288735E+00 0.150076419E+00
 0.147895560E+00 0.145756140E+00 0.143665761E+00 0.141629651E+00 0.139650732E+00
 0.137729406E+00 0.135863274E+00 0.134046748E+00 0.132270455E+00 0.130520746E+00
 0.128779173E+00 0.127022266E+00 0.125221804E+00 0.123345777E+00 0.121360198E+00
 0.119231634E+00 0.116930246E+00 0.114432693E+00 0.111724392E+00 0.108800590E+00
 0.105666079E+00 0.102333628E+00 0.988214314E-01 0.951501653E-01 0.913403481E-01
 0.874101520E-01 0.833742246E-01 0.792431533E-01 0.750237107E-01 0.707196146E-01
 0.663329363E-01 0.618660972E-01 0.573248267E-01 0.527225323E-01 0.480866432E-01
 0.434674397E-01 0.389483981E-01 0.346516557E-01 0.307217911E-01 0.272805374E-01
 0.244168825E-01 0.222396050E-01 0.208724812E-01 0.204021297E-01 0.208580829E-01
 0.222381055E-01 0.245248415E-01 0.276279189E-01 0.313609913E-01 0.355084687E-01
 0.175465479E+00 0.175679639E+00 0.175100490E+00 0.174203262E+00 0.173152477E+00
 0.171873122E+00 0.170357347E+00 0.168640852E+00 0.166769713E+00 0.164788991E+00
 0.162739381E+00 0.160655946E+00 0.158567831E+00 0.156498492E+00 0.154466361E+00
 0.152485803E+00 0.150567830E+00 0.148720756E+00 0.146950662E+00 0.145261437E+00
 0.143654689E+00 0.142129317E+00 0.140680730E+00 0.139299825E+00 0.137971625E+00
 0.136673734E+00 0.135374978E+00 0.134034574E+00 0.132602781E+00 0.131023586E+00
 0.129239723E+00 0.127199516E+00 0.124863565E+00 0.122210130E+00 0.119237609E+00
 0.115963779E+00 0.112421975E+00 0.108654909E+00 0.104708046E+00 0.100624092E+00
 0.964396894E-01 0.921842158E-01 0.878802538E-01 0.835449249E-01 0.791917443E-01
 0.748327449E-01 0.704808608E-01 0.661525875E-01 0.618710034E-01 0.576689392E-01
 0.535918958E-01 0.496994816E-01 0.460636653E-01 0.427630432E-01 0.398756675E-01
 0.374751277E-01 0.356296301E-01 0.343980566E-01 0.338223875E-01 0.339216962E-01
 0.346898437E-01 0.360932723E-01 0.380680822E-01 0.405228622E-01 0.433506966E-01
 0.175300375E+00 0.175706714E+00 0.175995946E+00 0.176206082E+00 0.176231444E+00
 0.175324872E+00 0.173967645E+00 0.172309354E+00 0.170451537E+00 0.168472931E+00
 0.166436359E+00 0.164390787E+00 0.162372455E+00 0.160407141E+00 0.158512861E+00
 0.156702325E+00 0.154985026E+00 0.153368428E+00 0.151858717E+00 0.150461182E+00
 0.149179995E+00 0.148017749E+00 0.146974459E+00 0.146045849E+00 0.145220980E+00
 0.144478783E+00 0.143783644E+00 0.143080831E+00 0.142293289E+00 0.141323864E+00
 0.140065625E+00 0.138418958E+00 0.136309296E+00 0.133699283E+00 0.130594328E+00
 0.127041250E+00 0.123118684E+00 0.118920393E+00 0.114537247E+00 0.110045314E+00
 0.105502307E+00 0.100949481E+00 0.964155942E-01 0.919210613E-01 0.874814764E-01
 0.831104890E-01 0.788222551E-01 0.746335164E-01 0.705654025E-01 0.666448623E-01
 0.629054978E-01 0.593874864E-01 0.561363399E-01 0.532005876E-01 0.506289527E-01
 0.484675355E-01 0.467570946E-01 0.455301479E-01 0.448079295E-01 0.445977300E-01
 0.448910929E-01 0.456630550E-01 0.468727984E-01 0.484662428E-01 0.503806211E-01
 0.175586909E+00 0.176316038E+00 0.177179992E+00 0.178275779E+00 0.179569274E+00
 0.179707229E+00 0.178447634E+00 0.176490620E+00 0.174365222E+00 0.172164723E+00
 0.169971496E+00 0.167844102E+00 0.165816009E+00 0.163903505E+00 0.162114084E+00
 0.160451740E+00 0.158919781E+00 0.157522187E+00 0.156264290E+00 0.155153036E+00
 0.154196873E+00 0.153405428E+00 0.152788654E+00 0.152355254E+00 0.152109876E+00
 0.152048215E+00 0.152148366E+00 0.152356297E+00 0.152564988E+00 0.152597323E+00
 0.152224079E+00 0.151227564E+00 0.149456665E+00 0.146842614E+00 0.143402323E+00
 0.139246285E+00 0.134569362E+00 0.129593283E+00 0.124497361E+00 0.119396783E+00
 0.114357293E+00 0.109414548E+00 0.104587771E+00 0.998879150E-01 0.953224450E-01
 0.908982232E-01 0.866233781E-01 0.825085416E-01 0.785677135E-01 0.748188049E-01
 0.712836608E-01 0.679877624E-01 0.649592876E-01 0.622277968E-01 0.598226078E-01
 0.577709451E-01 0.560961068E-01 0.548156165E-01 0.539395586E-01 0.534692220E-01
 0.533962622E-01 0.537025444E-01 0.543607734E-01 0.553359762E-01 0.565876663E-01
 0.175680220E+00 0.176598936E+00 0.177722365E+00 0.179161146E+00 0.181004956E+00
 0.182059407E+00 0.181981981E+00 0.180736527E+00 0.178329825E+00 0.175597072E+00
 0.173049569E+00 0.170749381E+00 0.168679193E+00 0.166812986E+00 0.165130630E+00
 0.163619056E+00 0.162271395E+00 0.161086366E+00 0.160067797E+00 0.159224525E+00
 0.158570588E+00 0.158125356E+00 0.157913670E+00 0.157965809E+00 0.158317193E+00
 0.159007072E+00 0.160074100E+00 0.161543176E+00 0.163382366E+00 0.165332809E+00
 0.166668996E+00 0.166818008E+00 0.165580541E+00 0.162873283E+00 0.158671588E+00
 0.153097466E+00 0.146734044E+00 0.140328065E+00 0.134146065E+00 0.128238425E+00
 0.122601867E+00 0.117220335E+00 0.112077080E+00 0.107158348E+00 0.102454320E+00
 0.979591087E-01 0.936706588E-01 0.895906016E-01 0.857241079E-01 0.820797384E-01
 0.786690637E-01 0.755061731E-01 0.726068914E-01 0.699878931E-01 0.676655397E-01
 0.656547472E-01 0.639677495E-01 0.626129955E-01 0.615941100E-01 0.609092042E-01
 0.605504215E-01 0.605038963E-01 0.607501790E-01 0.612650141E-01 0.620204806E-01
 0.175364077E+00 0.176327154E+00 0.177406847E+00 0.178599492E+00 0.179891124E+00
 0.181228876E+00 0.182186142E+00 0.182004809E+00 0.180573285E+00 0.177793324E+00
 0.174991816E+00 0.172663108E+00 0.170671761E+00 0.168941170E+00 0.167427361E+00
 0.166104719E+00 0.164959565E+00 0.163987130E+00 0.163190320E+00 0.162579566E+00
 0.162173584E+00 0.162001923E+00 0.162104651E+00 0.162533715E+00 0.163358286E+00
 0.164671570E+00 0.166602477E+00 0.169337347E+00 0.173168674E+00 0.178538769E+00
 0.182485491E+00 0.184052140E+00 0.183524609E+00 0.180713102E+00 0.175515056E+00
 0.167573735E+00 0.157975495E+00 0.149767295E+00 0.142468140E+00 0.135820448E+00
 0.129672751E+00 0.123930953E+00 0.118535019E+00 0.113445632E+00 0.108636424E+00
 0.104089633E+00 0.997936204E-01 0.957415253E-01 0.919304714E-01 0.883608982E-01
 0.850360692E-01 0.819614083E-01 0.791438743E-01 0.765911937E-01 0.743110701E-01
 0.723103434E-01 0.705941990E-01 0.691654161E-01 0.680237636E-01 0.671655312E-01
 0.665832683E-01 0.662657619E-01 0.661982670E-01 0.663629398E-01 0.667394251E-01
 0.174701676E+00 0.175777972E+00 0.176809698E+00 0.177729785E+00 0.178511918E+00
 0.179152474E+00 0.179642528E+00 0.179946959E+00 0.179488510E+00 0.177457213E+00
 0.175193325E+00 0.173273250E+00 0.171620801E+00 0.170186594E+00 0.168942124E+00
 0.167868912E+00 0.166956052E+00 0.166199386E+00 0.165601671E+00 0.165173352E+00
 0.164933756E+00 0.164918914E+00 0.165176883E+00 0.165768445E+00 0.166776270E+00
 0.168313280E+00 0.170538068E+00 0.173681974E+00 0.178093001E+00 0.184173360E+00
 0.188834280E+00 0.190933257E+00 0.190721586E+00 0.188077167E+00 0.182805225E+00
 0.174487606E+00 0.164446279E+00 0.155846179E+00 0.148257658E+00 0.141385585E+00
 0.135057122E+00 0.129172653E+00 0.123672441E+00 0.118517175E+00 0.113678344E+00
 0.109134071E+00 0.104867518E+00 0.100866094E+00 0.971209556E-01 0.936265141E-01
 0.903798789E-01 0.873803049E-01 0.846285895E-01 0.821264312E-01 0.798758119E-01
 0.778783783E-01 0.761348605E-01 0.746445581E-01 0.734048933E-01 0.724111572E-01
 0.716562569E-01 0.711307302E-01 0.708228275E-01 0.707187504E-01 0.708029866E-01
 0.728081107E+00 0.742283881E+00 0.752956748E+00 0.764763296E+00 0.777407467E+00
 0.790757179E+00 0.804644346E+00 0.819118142E+00 0.834089637E+00 0.849702418E+00
 0.865434945E+00 0.882390916E+00 0.899413109E+00 0.917376339E+00 0.936038494E+00
 0.955330133E+00 0.975360453E+00 0.996200085E+00 0.101788735E+01 0.104038930E+01
 0.106385005E+01 0.108821106E+01 0.111354709E+01 0.113996565E+01 0.116745949E+01
 0.119612396E+01 0.122600758E+01 0.125715947E+01 0.128968132E+01 0.132366276E+01
 0.135916209E+01 0.139628124E+01 0.143504679E+01 0.147560751E+01 0.151824510E+01
 0.156283247E+01 0.160956943E+01 0.165858197E+01 0.170992362E+01 0.176435173E+01
 0.182126975E+01 0.188088548E+01 0.194389451E+01 0.201054645E+01 0.208079338E+01
 0.215468550E+01 0.223240089E+01 0.231546164E+01 0.240311027E+01 0.249527597E+01
 0.259355211E+01 0.269832182E+01 0.280886006E+01 0.292701888E+01 0.305329490E+01
 0.318738222E+01 0.333317995E+01 0.348852611E+01 0.365962863E+01 0.384491134E+01
 0.405465794E+01 0.428947735E+01 0.456916857E+01 0.495269918E+01 0.630281162E+01
   84  117
 0.111031294E+01-0.200000003E+00 0.109570193E+01-0.150000006E+00 0.108127868E+01
-0.500000007E-01 0.108831644E+01 0.500000007E-01 0.110562503E+01 0.113649651E+00
 0.113218749E+01 0.179354012E+00 0.115875006E+01 0.231828809E+00 0.118531251E+01
 0.277699769E+00 0.121187496E+01 0.319422096E+00 0.123843753E+01 0.357955366E+00
 0.127020025E+01 0.400000006E+00 0.131122375E+01 0.449999988E+00 0.134468746E+01
 0.486740291E+00 0.137125003E+01 0.514149606E+00 0.140937996E+01 0.550000012E+00
 0.145093751E+01 0.585672915E+00 0.147749996E+01 0.606586218E+00 0.153062499E+01
 0.643371224E+00 0.155718756E+01 0.660269260E+00 0.161031246E+01 0.689297974E+00
 0.163687503E+01 0.702303708E+00 0.169000006E+01 0.724007785E+00 0.174312496E+01
 0.740432203E+00 0.178254437E+01 0.750000000E+00 0.182281256E+01 0.757672608E+00
 0.187593746E+01 0.760969341E+00 0.192906249E+01 0.755485952E+00 0.195562506E+01
 0.747708380E+00 0.200874996E+01 0.723267674E+00 0.203690863E+01 0.699999988E+00
 0.207543755E+01 0.649999976E+00 0.210294461E+01 0.600000024E+00 0.212549734E+01
 0.550000012E+00 0.214550161E+01 0.500000000E+00 0.216812491E+01 0.437958330E+00
 0.219468760E+01 0.362470090E+00 0.221512628E+01 0.300000012E+00 0.223120379E+01
 0.250000000E+00 0.224781251E+01 0.192188233E+00 0.226902390E+01 0.100000001E+00
 0.227647924E+01 0.500000007E-01 0.227922535E+01-0.500000007E-01 0.227437496E+01
-0.102144815E+00 0.225557590E+01-0.200000003E+00 0.224211144E+01-0.250000000E+00
 0.222125006E+01-0.318563253E+00 0.219468760E+01-0.395064175E+00 0.217412472E+01
-0.449999988E+00 0.215335464E+01-0.500000000E+00 0.213053107E+01-0.550000012E+00
 0.210527039E+01-0.600000024E+00 0.207721114E+01-0.649999976E+00 0.204614449E+01
-0.699999988E+00 0.201204467E+01-0.750000000E+00 0.198218751E+01-0.789953947E+00
 0.195562506E+01-0.824432969E+00 0.192906249E+01-0.857189178E+00 0.189191151E+01
-0.899999976E+00 0.184966552E+01-0.949999988E+00 0.182281256E+01-0.980666757E+00
 0.179624999E+01-0.101002800E+01 0.175680101E+01-0.104999995E+01 0.171656251E+01
-0.109383237E+01 0.169000006E+01-0.112697184E+01 0.164879417E+01-0.117441332E+01
 0.160303712E+01-0.110000002E+01 0.156918955E+01-0.104999995E+01 0.153579748E+01
-0.100000000E+01 0.150406253E+01-0.953533173E+00 0.147749996E+01-0.911786377E+00
 0.145093751E+01-0.868603349E+00 0.142437506E+01-0.824479997E+00 0.139781249E+01
-0.779566467E+00 0.137125003E+01-0.733880162E+00 0.134468746E+01-0.687369764E+00
 0.131812501E+01-0.639934301E+00 0.129156256E+01-0.591425598E+00 0.126499999E+01
-0.541644692E+00 0.123843753E+01-0.490337372E+00 0.121187496E+01-0.437183797E+00
 0.118531251E+01-0.381745756E+00 0.115875006E+01-0.323265821E+00 0.113218749E+01
-0.260029793E+00 0.111031294E+01-0.200000003E+00
 0.101600003E+01 0.000000000E+00 0.101600003E+01 0.963999987E+00 0.101600003E+01
 0.967999995E+00 0.101600003E+01 0.100100005E+01 0.101600003E+01 0.101900005E+01
 0.101600003E+01 0.107700002E+01 0.101600003E+01 0.107000005E+01 0.101600003E+01
 0.109599996E+01 0.101600003E+01 0.111300004E+01 0.101600003E+01 0.113800001E+01
 0.101600003E+01 0.114699996E+01 0.101199996E+01 0.116499996E+01 0.100100005E+01
 0.121700001E+01 0.102900004E+01 0.121700001E+01 0.104200006E+01 0.116240001E+01
 0.104600000E+01 0.116237998E+01 0.105599999E+01 0.116260004E+01 0.109700000E+01
 0.116450000E+01 0.110800004E+01 0.116594005E+01 0.111600006E+01 0.116591001E+01
 0.113399994E+01 0.116895998E+01 0.114800000E+01 0.117174995E+01 0.116199994E+01
 0.117556000E+01 0.118099999E+01 0.118299997E+01 0.118200004E+01 0.118350005E+01
 0.118499994E+01 0.118499994E+01 0.119000006E+01 0.118799996E+01 0.119500005E+01
 0.119099998E+01 0.120099998E+01 0.119599998E+01 0.120899999E+01 0.120200002E+01
 0.121500003E+01 0.120799994E+01 0.122200000E+01 0.121399999E+01 0.122800004E+01
 0.122099996E+01 0.123399997E+01 0.123099995E+01 0.123899996E+01 0.123800004E+01
 0.124199998E+01 0.124399996E+01 0.124800003E+01 0.125399995E+01 0.125800002E+01
 0.127800000E+01 0.126300001E+01 0.128999996E+01 0.127999997E+01 0.133099997E+01
 0.127999997E+01 0.134700000E+01 0.127999997E+01 0.134800005E+01 0.130999994E+01
 0.134800005E+01 0.132799995E+01 0.134800005E+01 0.136099994E+01 0.134800005E+01
 0.138000000E+01 0.134800005E+01 0.141900003E+01 0.134800005E+01 0.141900003E+01
 0.130999994E+01 0.137199998E+01 0.130999994E+01 0.137167001E+01 0.129237998E+01
 0.137003005E+01 0.128268003E+01 0.136688006E+01 0.125644004E+01 0.136719000E+01
 0.122955000E+01 0.137178004E+01 0.119576001E+01 0.137223995E+01 0.119402003E+01
 0.138662004E+01 0.116487002E+01 0.138707995E+01 0.116420996E+01 0.140382004E+01
 0.115696001E+01 0.141127002E+01 0.115730000E+01 0.141857004E+01 0.116131997E+01
 0.142100000E+01 0.116400003E+01 0.148662996E+01 0.124049997E+01 0.149730003E+01
 0.123458004E+01 0.149761999E+01 0.123427999E+01 0.149744999E+01 0.123174000E+01
 0.149275005E+01 0.121329999E+01 0.149259996E+01 0.121061003E+01 0.149260998E+01
 0.120485997E+01 0.149278998E+01 0.120213997E+01 0.149339998E+01 0.119641995E+01
 0.149469995E+01 0.118510997E+01 0.149621999E+01 0.116069996E+01 0.147981000E+01
 0.112425995E+01 0.148081994E+01 0.112256002E+01 0.148149002E+01 0.112137997E+01
 0.148645997E+01 0.111691999E+01 0.149094999E+01 0.111439002E+01 0.150304997E+01
 0.111243999E+01 0.159696996E+01 0.109489000E+01 0.162549996E+01 0.108529997E+01
 0.163751996E+01 0.107988000E+01 0.164699996E+01 0.107700002E+01 0.178499997E+01
 0.107700002E+01 0.206999993E+01 0.103999996E+01 0.212800002E+01 0.992999971E+00
 0.224499989E+01 0.708999991E+00 0.233956003E+01 0.461430013E+00 0.234707999E+01
 0.415829986E+00 0.234912992E+01 0.272179991E+00 0.235103011E+01 0.170179993E+00
 0.235157990E+01 0.701199993E-01 0.235124993E+01-0.317899995E-01 0.235050988E+01
-0.144350007E+00 0.234964991E+01-0.214829996E+00 0.234870005E+01-0.326689988E+00
 0.234759998E+01-0.386770010E+00 0.234019995E+01-0.453040004E+00 0.232942009E+01
-0.477569997E+00 0.213400006E+01-0.972999990E+00 0.178600001E+01-0.117400002E+01
 0.176800001E+01-0.121099997E+01 0.176800001E+01-0.125000000E+01 0.168200004E+01
-0.125000000E+01 0.137199998E+01-0.125000000E+01 0.137199998E+01-0.132900000E+01
 0.141999996E+01-0.132900000E+01 0.141999996E+01-0.136300004E+01 0.127300000E+01
-0.136300004E+01 0.115300000E+01-0.136300004E+01 0.101600003E+01-0.122300005E+01
 0.101600003E+01-0.122300005E+01 0.101600003E+01-0.829999983E+00 0.101600003E+01
-0.800000012E+00 0.101600003E+01-0.414999992E+00 0.101600003E+01-0.400000006E+00
 0.101600003E+01-0.100000005E-02 0.101600003E+01 0.000000000E+00
    0 0.170000005E+01    1
 0.000000000E+00 0.000000000E+00 0.000000000E+00 0.000000000E+00 0.000000000E+00
 0.000000000E+00 0.000000000E+00 0.000000000E+00 0.000000000E+00 0.000000000E+00
 0.000000000E+00 0.000000000E+00 0.000000000E+00 0.000000000E+00 0.000000000E+00
 0.000000000E+00 0.000000000E+00 0.000000000E+00 0.000000000E+00 0.000000000E+00
 0.000000000E+00 0.000000000E+00 0.000000000E+00 0.000000000E+00 0.000000000E+00
 0.000000000E+00 0.000000000E+00 0.000000000E+00 0.000000000E+00 0.000000000E+00
 0.000000000E+00 0.000000000E+00 0.000000000E+00 0.000000000E+00 0.000000000E+00
 0.000000000E+00 0.000000000E+00 0.000000000E+00 0.000000000E+00 0.000000000E+00
 0.000000000E+00 0.000000000E+00 0.000000000E+00 0.000000000E+00 0.000000000E+00
 0.000000000E+00 0.000000000E+00 0.000000000E+00 0.000000000E+00 0.000000000E+00
 0.000000000E+00 0.000000000E+00 0.000000000E+00 0.000000000E+00 0.000000000E+00
 0.000000000E+00 0.000000000E+00 0.000000000E+00 0.000000000E+00 0.000000000E+00
 0.000000000E+00 0.000000000E+00 0.000000000E+00 0.000000000E+00 0.000000000E+00
 0.000000000E+00 0.782220066E-01 0.111328505E+00 0.137098104E+00 0.159105137E+00
 0.178725898E+00 0.196708322E+00 0.213444501E+00 0.229260027E+00 0.243012264E+00
 0.257565290E+00 0.271575361E+00 0.285187274E+00 0.298416585E+00 0.311313361E+00
 0.323985666E+00 0.336425453E+00 0.348641515E+00 0.360707372E+00 0.372657359E+00
 0.384463608E+00 0.396170646E+00 0.407825291E+00 0.419401079E+00 0.430923462E+00
 0.442445338E+00 0.453915238E+00 0.465388566E+00 0.476894230E+00 0.488387495E+00
 0.499916732E+00 0.511510789E+00 0.523123026E+00 0.534803927E+00 0.546583056E+00
 0.558420718E+00 0.570360959E+00 0.582401931E+00 0.594525039E+00 0.606853068E+00
 0.619265676E+00 0.631794572E+00 0.644524992E+00 0.657430112E+00 0.670522094E+00
 0.683795273E+00 0.697233081E+00 0.710976422E+00 0.724932671E+00 0.739100873E+00
 0.753557801E+00 0.768333316E+00 0.783378959E+00 0.798745513E+00 0.814482987E+00
 0.830545604E+00 0.847056746E+00 0.863931298E+00 0.881314874E+00 0.899155855E+00
 0.917606056E+00 0.936638594E+00 0.956469536E+00 0.977313221E+00 0.100000000E+01
    1
 0.000000000E+00 0.000000000E+00 0.000000000E+00 0.000000000E+00 0.000000000E+00
 0.000000000E+00 0.000000000E+00 0.000000000E+00 0.000000000E+00 0.000000000E+00
 0.000000000E+00 0.000000000E+00 0.000000000E+00 0.000000000E+00 0.000000000E+00
 0.000000000E+00 0.000000000E+00 0.000000000E+00 0.000000000E+00 0.000000000E+00
 0.000000000E+00 0.000000000E+00 0.000000000E+00 0.000000000E+00 0.000000000E+00
 0.000000000E+00 0.000000000E+00 0.000000000E+00 0.000000000E+00 0.000000000E+00
 0.000000000E+00 0.000000000E+00 0.000000000E+00 0.000000000E+00 0.000000000E+00
 0.000000000E+00 0.000000000E+00 0.000000000E+00 0.000000000E+00 0.000000000E+00
 0.000000000E+00 0.000000000E+00 0.000000000E+00 0.000000000E+00 0.000000000E+00
 0.000000000E+00 0.000000000E+00 0.000000000E+00 0.000000000E+00 0.000000000E+00
 0.000000000E+00 0.000000000E+00 0.000000000E+00 0.000000000E+00 0.000000000E+00
 0.000000000E+00 0.000000000E+00 0.000000000E+00 0.000000000E+00 0.000000000E+00
 0.000000000E+00 0.000000000E+00 0.000000000E+00 0.000000000E+00 0.000000000E+00
&BASIS
 EE2BDRY= 32*0.00000000      ,
 EEBDRY= 32*0.00000000      ,
 EEKNT= 32*0.00000000      ,
 EETENS=  5.00000000    ,
 FF2BDRY= 64*0.00000000      ,
 FFBDRY=  4.36434031    , -10.8428402    ,  6.56613779    , 61*0.00000000      ,
 FFKNT= 64*0.00000000      ,
 FFTENS=  0.00000000    ,
 KEE2BDRY= 32*0          ,
 KEEBDRY= 32*0          ,
 KEEFNC=          0,
 KEEKNT=          0,
 KFF2BDRY= 64*0          ,
 KFFBDRY= 64*0          ,
 KFFFNC=          0,
 KFFKNT=          0,
 KPP2BDRY= 64*0          ,
 KPPBDRY= 64*0          ,
 KPPFNC=          0,
 KPPKNT=          0,
 KWW2BDRY= 64*0          ,
 KWWBDRY= 64*0          ,
 KWWFNC=          0,
 KWWKNT=          0,
 PP2BDRY= 64*0.00000000      ,
 PPBDRY=  262307.156    , -130312.055    , 62*0.00000000      ,
 PPKNT= 64*0.00000000      ,
 PPTENS=  0.00000000    ,
 WW2BDRY= 64*0.00000000      ,
 WWBDRY= -91.8676376    , -26171.2285    , 62*0.00000000      ,
 WWKNT= 64*0.00000000      ,
 WWTENS=  0.00000000    ,
 /
