  EFITD    01/21/2000    #180523  3300ms           7  65  65
 0.170000005E+01 0.320000005E+01 0.169550002E+01 0.839999974E+00 0.000000000E+00
 0.179414177E+01-0.550290644E-01-0.283980876E+00-0.211137552E-01-0.197544336E+01
 0.883269062E+06-0.283980876E+00 0.000000000E+00 0.179414177E+01 0.000000000E+00
-0.550290644E-01 0.000000000E+00-0.211137552E-01 0.000000000E+00 0.000000000E+00
-0.340642047E+01-0.340253901E+01-0.339882016E+01-0.339526129E+01-0.339185953E+01
-0.338861132E+01-0.338551402E+01-0.338256454E+01-0.337975979E+01-0.337709641E+01
-0.337457132E+01-0.337218118E+01-0.336992311E+01-0.336779380E+01-0.336578965E+01
-0.336390758E+01-0.336214423E+01-0.336049652E+01-0.335896063E+01-0.335753345E+01
-0.335621190E+01-0.335499191E+01-0.335387063E+01-0.335284424E+01-0.335190940E+01
-0.335106301E+01-0.335030103E+01-0.334962058E+01-0.334901762E+01-0.334848905E+01
-0.334803104E+01-0.334764028E+01-0.334731340E+01-0.334704661E+01-0.334683657E+01
-0.334667969E+01-0.334657240E+01-0.334651136E+01-0.334649277E+01-0.334651303E+01
-0.334656906E+01-0.334665704E+01-0.334677315E+01-0.334691453E+01-0.334707689E+01
-0.334725738E+01-0.334745193E+01-0.334765720E+01-0.334786963E+01-0.334808588E+01
-0.334830213E+01-0.334851503E+01-0.334872079E+01-0.334891629E+01-0.334909773E+01
-0.334926152E+01-0.334940434E+01-0.334952259E+01-0.334961271E+01-0.334967089E+01
-0.334969425E+01-0.334967852E+01-0.334962082E+01-0.334951711E+01-0.334936428E+01
 0.752238203E+05 0.733627812E+05 0.715235078E+05 0.697060078E+05 0.679102734E+05
 0.661363047E+05 0.643840977E+05 0.626536641E+05 0.609449961E+05 0.592580938E+05
 0.575929609E+05 0.559495938E+05 0.543279961E+05 0.527281641E+05 0.511500977E+05
 0.495938008E+05 0.480592695E+05 0.465465078E+05 0.450555117E+05 0.435862812E+05
 0.421388203E+05 0.407131250E+05 0.393091992E+05 0.379270391E+05 0.365666445E+05
 0.352280195E+05 0.339111602E+05 0.326160684E+05 0.313427441E+05 0.300911875E+05
 0.288613965E+05 0.276533730E+05 0.264671172E+05 0.253026289E+05 0.241599082E+05
 0.230389531E+05 0.219397656E+05 0.208623457E+05 0.198066934E+05 0.187728086E+05
 0.177606895E+05 0.167703379E+05 0.158017549E+05 0.148549375E+05 0.139298877E+05
 0.130266055E+05 0.121450898E+05 0.112853418E+05 0.104473613E+05 0.963114746E+04
 0.883670020E+04 0.806402100E+04 0.731310840E+04 0.658396338E+04 0.587658545E+04
 0.519097461E+04 0.452713086E+04 0.388505444E+04 0.326474512E+04 0.266620312E+04
 0.208942798E+04 0.153442029E+04 0.100117969E+04 0.489706268E+03 0.000000000E+00
-0.328728962E+01-0.314743924E+01-0.301046991E+01-0.287638187E+01-0.274517536E+01
-0.261684990E+01-0.249140596E+01-0.236884332E+01-0.224916196E+01-0.213236189E+01
-0.201844311E+01-0.190740550E+01-0.179924941E+01-0.169397449E+01-0.159158099E+01
-0.149206877E+01-0.139543772E+01-0.130168819E+01-0.121081984E+01-0.112283278E+01
-0.103772712E+01-0.955502689E+00-0.876159608E+00-0.799697816E+00-0.726117373E+00
-0.655418217E+00-0.587600350E+00-0.522663772E+00-0.460608572E+00-0.401434630E+00
-0.345142007E+00-0.291730672E+00-0.241200671E+00-0.193551973E+00-0.148784578E+00
-0.106898487E+00-0.678937063E-01-0.317702405E-01 0.147192355E-02 0.318327770E-01
 0.593123250E-01 0.839105621E-01 0.105627500E+00 0.124463119E+00 0.140417442E+00
 0.153490439E+00 0.163682148E+00 0.170992538E+00 0.175421625E+00 0.176969394E+00
 0.175635859E+00 0.171421021E+00 0.164324880E+00 0.154347420E+00 0.141488656E+00
 0.125748590E+00 0.107127205E+00 0.856245235E-01 0.612405241E-01 0.339752212E-01
 0.382861262E-02-0.291993059E-01-0.651085302E-01-0.103899069E+00-0.145570904E+00
-0.455754969E+06-0.450455344E+06-0.445155688E+06-0.439856062E+06-0.434556438E+06
-0.429256812E+06-0.423957188E+06-0.418657531E+06-0.413357906E+06-0.408058281E+06
-0.402758656E+06-0.397459000E+06-0.392159375E+06-0.386859750E+06-0.381560125E+06
-0.376260469E+06-0.370960844E+06-0.365661219E+06-0.360361594E+06-0.355061938E+06
-0.349762312E+06-0.344462688E+06-0.339163062E+06-0.333863406E+06-0.328563781E+06
-0.323264156E+06-0.317964531E+06-0.312664906E+06-0.307365250E+06-0.302065625E+06
-0.296766000E+06-0.291466375E+06-0.286166719E+06-0.280867094E+06-0.275567469E+06
-0.270267844E+06-0.264968188E+06-0.259668562E+06-0.254368938E+06-0.249069297E+06
-0.243769672E+06-0.238470031E+06-0.233170406E+06-0.227870766E+06-0.222571141E+06
-0.217271516E+06-0.211971875E+06-0.206672250E+06-0.201372609E+06-0.196072984E+06
-0.190773344E+06-0.185473719E+06-0.180174078E+06-0.174874453E+06-0.169574812E+06
-0.164275188E+06-0.158975547E+06-0.153675922E+06-0.148376281E+06-0.143076656E+06
-0.137777016E+06-0.132477391E+06-0.127177758E+06-0.121878125E+06-0.116578492E+06
 0.713618100E-01 0.642082244E-01 0.563505106E-01 0.477479808E-01 0.384628177E-01
 0.286573246E-01 0.185658354E-01 0.845116377E-02 0.527303724E-03-0.294586690E-02
-0.689726882E-02-0.134541066E-01-0.211563203E-01-0.273904298E-01-0.325565450E-01
-0.367988013E-01-0.401251540E-01-0.424650237E-01-0.436337553E-01-0.432460122E-01
-0.405543707E-01-0.380740315E-01-0.377484374E-01-0.390202217E-01-0.416551754E-01
-0.456158742E-01-0.510187931E-01-0.581518933E-01-0.675468966E-01-0.799499527E-01
-0.896453112E-01-0.947441459E-01-0.958322510E-01-0.925835073E-01-0.848219916E-01
-0.719395876E-01-0.561276041E-01-0.432220288E-01-0.323218964E-01-0.228427220E-01
-0.143942907E-01-0.670547644E-02 0.415924093E-03 0.710618449E-02 0.134610087E-01
 0.195466820E-01 0.254081525E-01 0.310747195E-01 0.365639925E-01 0.418847054E-01
 0.470387526E-01 0.520228259E-01 0.568297841E-01 0.614499152E-01 0.658721328E-01
 0.700850934E-01 0.740782917E-01 0.778429508E-01 0.813728124E-01 0.846646279E-01
 0.877184123E-01 0.905374736E-01 0.931281373E-01 0.954993442E-01 0.976620913E-01
 0.700506717E-01 0.618818104E-01 0.527499951E-01 0.425304025E-01 0.312224887E-01
 0.190217849E-01 0.758017367E-02-0.726585800E-03-0.541431783E-02-0.636883453E-02
-0.819850340E-02-0.121926162E-01-0.172125753E-01-0.220518075E-01-0.264292229E-01
-0.302441623E-01-0.334165879E-01-0.358549096E-01-0.374461710E-01-0.380678512E-01
-0.377307385E-01-0.374553837E-01-0.381916016E-01-0.400274023E-01-0.429781787E-01
-0.471130237E-01-0.525940917E-01-0.597230867E-01-0.690288767E-01-0.812114775E-01
-0.908057839E-01-0.958733857E-01-0.969106629E-01-0.937588364E-01-0.861286446E-01
-0.733193904E-01-0.576792024E-01-0.447377786E-01-0.336639881E-01-0.239052381E-01
-0.151040629E-01-0.701626018E-02 0.530883262E-03 0.766158616E-02 0.144653292E-01
 0.210057590E-01 0.273267832E-01 0.334568955E-01 0.394123085E-01 0.451992974E-01
 0.508160591E-01 0.562542975E-01 0.615007617E-01 0.665387735E-01 0.713498518E-01
 0.759153962E-01 0.802183449E-01 0.842446759E-01 0.879846364E-01 0.914335623E-01
 0.945921913E-01 0.974665359E-01 0.100067243E+00 0.102408759E+00 0.104508236E+00
 0.707232282E-01 0.620649792E-01 0.521257371E-01 0.404644534E-01 0.269166734E-01
 0.155383609E-01 0.728771742E-02 0.233665062E-02 0.817206223E-03-0.267340365E-03
-0.226556929E-02-0.517969625E-02-0.868696347E-02-0.124237966E-01-0.161115415E-01
-0.195689648E-01-0.226820577E-01-0.253830943E-01-0.276502613E-01-0.295301434E-01
-0.311762411E-01-0.328509361E-01-0.348319188E-01-0.373213626E-01-0.404484309E-01
-0.443066545E-01-0.489788018E-01-0.545388423E-01-0.610060282E-01-0.679977164E-01
-0.736569986E-01-0.767379552E-01-0.769839361E-01-0.742735490E-01-0.685206875E-01
-0.598189160E-01-0.495087057E-01-0.394760184E-01-0.300688539E-01-0.212603565E-01
-0.129663097E-01-0.509754755E-02 0.242571067E-02 0.966987852E-02 0.166875273E-01
 0.235181265E-01 0.301891007E-01 0.367168821E-01 0.431078486E-01 0.493591428E-01
 0.554594994E-01 0.613901950E-01 0.671262890E-01 0.726382583E-01 0.778941438E-01
 0.828620791E-01 0.875130221E-01 0.918233544E-01 0.957770869E-01 0.993671566E-01
 0.102595903E+00 0.105474420E+00 0.108021244E+00 0.110260367E+00 0.112219162E+00
 0.739472881E-01 0.656296983E-01 0.560947768E-01 0.450114198E-01 0.327385403E-01
 0.238993820E-01 0.190631188E-01 0.159339719E-01 0.130128525E-01 0.100836540E-01
 0.698900502E-02 0.367123517E-02 0.170471714E-03-0.341627863E-02-0.697923126E-02
-0.104233250E-01-0.136800958E-01-0.167123098E-01-0.195176303E-01-0.221325047E-01
-0.246322136E-01-0.271205883E-01-0.297087748E-01-0.324927866E-01-0.355393775E-01
-0.388785936E-01-0.424936377E-01-0.462975353E-01-0.500886030E-01-0.535014272E-01
-0.560390577E-01-0.572347902E-01-0.567809567E-01-0.545437895E-01-0.505597740E-01
-0.450620987E-01-0.384774320E-01-0.312865973E-01-0.238493327E-01-0.163686574E-01
-0.894031674E-02-0.160068623E-02 0.564379152E-02 0.128001310E-01 0.198796652E-01
 0.268928576E-01 0.338462181E-01 0.407403409E-01 0.475684926E-01 0.543155856E-01
 0.609574057E-01 0.674603134E-01 0.737817064E-01 0.798714757E-01 0.856749117E-01
 0.911368206E-01 0.962065905E-01 0.100843303E+00 0.105019934E+00 0.108726002E+00
 0.111968033E+00 0.114767917E+00 0.117159560E+00 0.119184576E+00 0.120887905E+00
 0.796967894E-01 0.724507421E-01 0.642930716E-01 0.552919097E-01 0.462693684E-01
 0.397523269E-01 0.342711695E-01 0.294571556E-01 0.250651129E-01 0.209211484E-01
 0.169071238E-01 0.129563510E-01 0.904723816E-02 0.519113708E-02 0.141731871E-02
-0.224064454E-02-0.575493090E-02-0.910994690E-02-0.123059247E-01-0.153598832E-01
-0.183034986E-01-0.211774837E-01-0.240230504E-01-0.268721338E-01-0.297379810E-01
-0.326063707E-01-0.354266874E-01-0.381027162E-01-0.404862016E-01-0.423809439E-01
-0.435658693E-01-0.438343212E-01-0.430332460E-01-0.410886742E-01-0.380163454E-01
-0.339187682E-01-0.289646629E-01-0.233508460E-01-0.172613673E-01-0.108425654E-01
-0.419800729E-02 0.260489853E-02 0.952500198E-02 0.165383648E-01 0.236311555E-01
 0.307943244E-01 0.380195230E-01 0.452958047E-01 0.526066944E-01 0.599273145E-01
 0.672215670E-01 0.744395182E-01 0.815156326E-01 0.883689299E-01 0.949064866E-01
 0.101030916E+00 0.106650956E+00 0.111692779E+00 0.116109259E+00 0.119885378E+00
 0.123038910E+00 0.125616103E+00 0.127683207E+00 0.129316032E+00 0.130590498E+00
 0.877019018E-01 0.819674507E-01 0.746616423E-01 0.669859499E-01 0.596705005E-01
 0.529278554E-01 0.467887148E-01 0.411626212E-01 0.359387845E-01 0.310192406E-01
 0.263278931E-01 0.218124148E-01 0.174426418E-01 0.132064363E-01 0.910400134E-02
 0.514193671E-02 0.132801849E-02-0.233266293E-02-0.583995413E-02-0.919916201E-02
-0.124198226E-01-0.155128250E-01-0.184862390E-01-0.213404056E-01-0.240628645E-01
-0.266236924E-01-0.289717503E-01-0.310327783E-01-0.327107124E-01-0.338937938E-01
-0.344660394E-01-0.343224332E-01-0.333841294E-01-0.316098183E-01-0.290008467E-01
-0.255992878E-01-0.214791056E-01-0.167325418E-01-0.114554968E-01-0.573590118E-02
 0.352848001E-03 0.675373292E-02 0.134248426E-01 0.203365758E-01 0.274683796E-01
 0.348054990E-01 0.423358493E-01 0.500468351E-01 0.579218827E-01 0.659361929E-01
 0.740513206E-01 0.822082534E-01 0.903192982E-01 0.982611403E-01 0.105874695E+00
 0.112978943E+00 0.119398400E+00 0.124992348E+00 0.129674777E+00 0.133424580E+00
 0.136288092E+00 0.138370380E+00 0.139812082E+00 0.140759483E+00 0.141342297E+00
 0.954610705E-01 0.907887220E-01 0.841091499E-01 0.768483803E-01 0.698768571E-01
 0.632347241E-01 0.569382422E-01 0.509762838E-01 0.453184731E-01 0.399273410E-01
 0.347672105E-01 0.298090596E-01 0.250323564E-01 0.204248168E-01 0.159808975E-01
 0.116996672E-01 0.758268684E-02 0.363226724E-02-0.149559579E-03-0.376124075E-02
-0.720102061E-02-0.104654618E-01-0.135473590E-01-0.164333191E-01-0.191013590E-01
-0.215189122E-01-0.236416925E-01-0.254138838E-01-0.267701596E-01-0.276398361E-01
-0.279530529E-01-0.276483074E-01-0.266798697E-01-0.250221994E-01-0.226717778E-01
-0.196459927E-01-0.159793627E-01-0.117179127E-01-0.691287825E-02-0.161502068E-02
 0.412961561E-02 0.102822175E-01 0.168121811E-01 0.236969721E-01 0.309212785E-01
 0.384757482E-01 0.463554375E-01 0.545578711E-01 0.630804747E-01 0.719167143E-01
 0.810498223E-01 0.904417932E-01 0.100013807E+00 0.109612159E+00 0.118964642E+00
 0.127685755E+00 0.135393664E+00 0.141817182E+00 0.146804526E+00 0.150315553E+00
 0.152447313E+00 0.153460637E+00 0.153705657E+00 0.153482631E+00 0.152995199E+00
 0.102127090E+00 0.981119201E-01 0.918611661E-01 0.849513486E-01 0.782047808E-01
 0.716482401E-01 0.653019249E-01 0.591748282E-01 0.532663316E-01 0.475694351E-01
 0.420742743E-01 0.367709808E-01 0.316515341E-01 0.267106276E-01 0.219457913E-01
 0.173570383E-01 0.129463328E-01 0.871708896E-02 0.467391545E-02 0.822694390E-03
-0.282895425E-02-0.627085892E-02-0.948922429E-02-0.124654537E-01-0.151750445E-01
-0.175867900E-01-0.196625087E-01-0.213574972E-01-0.226219129E-01-0.234031510E-01
-0.236494318E-01-0.233155098E-01-0.223728120E-01-0.208057947E-01-0.186114889E-01
-0.157981627E-01-0.123833762E-01-0.839135330E-02-0.384998787E-02 0.121211109E-02
 0.676818844E-02 0.127953300E-01 0.192758366E-01 0.261980779E-01 0.335569829E-01
 0.413543284E-01 0.495989583E-01 0.583069921E-01 0.675020516E-01 0.772153139E-01
 0.874849483E-01 0.983536765E-01 0.109861262E+00 0.122023523E+00 0.134701073E+00
 0.146527693E+00 0.156387478E+00 0.164095908E+00 0.169505820E+00 0.172457695E+00
 0.172799766E+00 0.171147794E+00 0.169104859E+00 0.167028621E+00 0.165040478E+00
 0.107888490E+00 0.104296729E+00 0.984312221E-01 0.917775929E-01 0.851819366E-01
 0.786764547E-01 0.722884983E-01 0.660391301E-01 0.599431768E-01 0.540101565E-01
 0.482456684E-01 0.426529013E-01 0.372339711E-01 0.319908895E-01 0.269262008E-01
 0.220433585E-01 0.173468776E-01 0.128424643E-01 0.853716675E-02 0.443962542E-02
 0.560458517E-03-0.308721932E-02-0.648718840E-02-0.961949117E-02-0.124598565E-01
-0.149792787E-01-0.171438418E-01-0.189148244E-01-0.202490110E-01-0.210987162E-01
-0.214096531E-01-0.211169235E-01-0.202224050E-01-0.187226161E-01-0.166206490E-01
-0.139234951E-01-0.106420908E-01-0.679032924E-02-0.238376972E-02 0.256188726E-02
 0.803235825E-02 0.140162241E-01 0.205062348E-01 0.275005121E-01 0.350037403E-01
 0.430285148E-01 0.515970327E-01 0.607434139E-01 0.705170780E-01 0.809879005E-01
 0.922544599E-01 0.104458109E+00 0.117809005E+00 0.132638589E+00 0.149183348E+00
 0.164370909E+00 0.176652640E+00 0.185970813E+00 0.192196921E+00 0.194972679E+00
 0.194128975E+00 0.189481243E+00 0.184450060E+00 0.180106536E+00 0.176415950E+00
 0.113116473E+00 0.109819993E+00 0.104218468E+00 0.977148637E-01 0.911786929E-01
 0.846545398E-01 0.781795606E-01 0.717858896E-01 0.654995367E-01 0.593405627E-01
 0.533240512E-01 0.474613458E-01 0.417612456E-01 0.362310521E-01 0.308773592E-01
 0.257067010E-01 0.207259972E-01 0.159429237E-01 0.113662360E-01 0.700608315E-02
 0.287434924E-02-0.101497793E-02-0.464541232E-02-0.799756590E-02-0.110487547E-01
-0.137726413E-01-0.161389783E-01-0.181136429E-01-0.196596403E-01-0.207412448E-01
-0.213152170E-01-0.210241713E-01-0.201576017E-01-0.186816622E-01-0.166152697E-01
-0.139642982E-01-0.107369544E-01-0.694167102E-02-0.258729747E-02 0.231781625E-02
 0.776685914E-02 0.137555758E-01 0.202833209E-01 0.273542348E-01 0.349786244E-01
 0.431746729E-01 0.519707054E-01 0.614082739E-01 0.715465844E-01 0.824689716E-01
 0.942925811E-01 0.107183047E+00 0.121376172E+00 0.137204394E+00 0.155097499E+00
 0.173245922E+00 0.187875912E+00 0.198859766E+00 0.206228673E+00 0.209924087E+00
 0.209503576E+00 0.204781935E+00 0.197041571E+00 0.190697804E+00 0.185613737E+00
 0.118186370E+00 0.115149207E+00 0.109575249E+00 0.103081048E+00 0.964772701E-01
 0.898200050E-01 0.831661150E-01 0.765613690E-01 0.700405613E-01 0.636296719E-01
 0.573481582E-01 0.512108319E-01 0.452293642E-01 0.394134335E-01 0.337715857E-01
 0.283119306E-01 0.230426397E-01 0.179723687E-01 0.131105920E-01 0.846789125E-02
 0.405621901E-02-0.110853623E-03-0.401789322E-02-0.764735183E-02-0.109792463E-01
-0.139906537E-01-0.166546647E-01-0.189379975E-01-0.207951609E-01-0.222332235E-01
-0.229550917E-01-0.229418017E-01-0.221908484E-01-0.206396431E-01-0.185571071E-01
-0.158932842E-01-0.126611711E-01-0.886315759E-02-0.450466713E-02 0.409667293E-03
 0.587704359E-02 0.118968571E-01 0.184712559E-01 0.256059710E-01 0.333114415E-01
 0.416042618E-01 0.505089946E-01 0.600605533E-01 0.703072697E-01 0.813149437E-01
 0.931720659E-01 0.105996266E+00 0.119941384E+00 0.135203868E+00 0.152027726E+00
 0.170617238E+00 0.186795801E+00 0.199123308E+00 0.207698926E+00 0.212554142E+00
 0.213790774E+00 0.210949540E+00 0.203969359E+00 0.196666166E+00 0.191110685E+00
 0.123237558E+00 0.120360970E+00 0.114864163E+00 0.108193137E+00 0.101290606E+00
 0.943091288E-01 0.873364881E-01 0.804238692E-01 0.736041218E-01 0.668999851E-01
 0.603281148E-01 0.539013371E-01 0.476300605E-01 0.415232144E-01 0.355889723E-01
 0.298352484E-01 0.242701210E-01 0.189021435E-01 0.137405861E-01 0.879563577E-02
 0.407853769E-02-0.398308388E-03-0.462132227E-02-0.857580267E-02-0.122461431E-01
-0.156163219E-01-0.186709687E-01-0.213977341E-01-0.235144086E-01-0.250311345E-01
-0.259044617E-01-0.261031687E-01-0.256033707E-01-0.243827458E-01-0.224321708E-01
-0.196801852E-01-0.164066702E-01-0.125593925E-01-0.815397967E-02-0.319493585E-02
 0.231777411E-02 0.838542264E-02 0.150102405E-01 0.221958775E-01 0.299482159E-01
 0.382762887E-01 0.471932255E-01 0.567171872E-01 0.668722466E-01 0.776890814E-01
 0.892052054E-01 0.101464309E+00 0.114514284E+00 0.128404260E+00 0.143184915E+00
 0.158938363E+00 0.174892157E+00 0.187166065E+00 0.196205497E+00 0.202243090E+00
 0.205163822E+00 0.205205306E+00 0.201973900E+00 0.196218446E+00 0.191920921E+00
 0.130111545E+00 0.127891585E+00 0.121142119E+00 0.113268256E+00 0.105595037E+00
 0.980455279E-01 0.906162933E-01 0.833135620E-01 0.761447921E-01 0.691171214E-01
 0.622371063E-01 0.555108339E-01 0.489441268E-01 0.425427817E-01 0.363127850E-01
 0.302605238E-01 0.243929401E-01 0.187176950E-01 0.132432608E-01 0.797900744E-02
 0.293522840E-02-0.187687716E-02-0.644528959E-02-0.107573457E-01-0.148000391E-01
-0.185604822E-01-0.220265724E-01-0.249183662E-01-0.272227097E-01-0.289241709E-01
-0.299996641E-01-0.304245800E-01-0.301749445E-01-0.292278845E-01-0.275621135E-01
-0.251553282E-01-0.219986942E-01-0.180197265E-01-0.135255856E-01-0.849688239E-02
-0.291888718E-02 0.321262656E-02 0.989841204E-02 0.171372835E-01 0.249274485E-01
 0.332672000E-01 0.421550348E-01 0.515893251E-01 0.615673736E-01 0.720836148E-01
 0.831263959E-01 0.946724191E-01 0.106677152E+00 0.119057715E+00 0.131659463E+00
 0.144182891E+00 0.156054989E+00 0.166532815E+00 0.175164297E+00 0.181794286E+00
 0.186401531E+00 0.189062521E+00 0.190004826E+00 0.189739764E+00 0.188991606E+00
 0.135250509E+00 0.133418128E+00 0.125863925E+00 0.117117673E+00 0.108740821E+00
 0.100637272E+00 0.927545503E-01 0.850639194E-01 0.775497854E-01 0.702037737E-01
 0.630217493E-01 0.560022481E-01 0.491457134E-01 0.424540527E-01 0.359304361E-01
 0.295791756E-01 0.234056674E-01 0.174163710E-01 0.116187874E-01 0.602143304E-02
 0.633791438E-03-0.453376723E-02-0.947010983E-02-0.141635202E-01-0.186019428E-01
-0.227732845E-01-0.264055375E-01-0.294849351E-01-0.319941789E-01-0.339130051E-01
-0.352183990E-01-0.358858705E-01-0.358905159E-01-0.352075845E-01-0.338125266E-01
-0.316802375E-01-0.287836362E-01-0.250865798E-01-0.205485430E-01-0.154783167E-01
-0.982617959E-02-0.361021631E-02 0.316325785E-02 0.104834065E-01 0.183382574E-01
 0.267147738E-01 0.355978422E-01 0.449689217E-01 0.548042245E-01 0.650721118E-01
 0.757291913E-01 0.867147148E-01 0.979424864E-01 0.109289810E+00 0.120584108E+00
 0.131592587E+00 0.142030522E+00 0.151604980E+00 0.160076559E+00 0.167295992E+00
 0.173209161E+00 0.177853853E+00 0.181358084E+00 0.183926776E+00 0.185796618E+00
 0.137121111E+00 0.135313734E+00 0.127897620E+00 0.118879497E+00 0.110156931E+00
 0.101706475E+00 0.934967399E-01 0.855014697E-01 0.777006075E-01 0.700796768E-01
 0.626287535E-01 0.553415231E-01 0.482145213E-01 0.412466377E-01 0.344387069E-01
 0.277932622E-01 0.213143434E-01 0.150073757E-01 0.887907483E-02 0.293735461E-02
-0.280875433E-02-0.834920909E-02-0.136730783E-01-0.187686980E-01-0.236238614E-01
-0.279753786E-01-0.318102799E-01-0.351110175E-01-0.378564261E-01-0.400226153E-01
-0.415838026E-01-0.425132476E-01-0.427840948E-01-0.423700958E-01-0.412461013E-01
-0.393884294E-01-0.367752612E-01-0.333875716E-01-0.292129088E-01-0.242528506E-01
-0.184379686E-01-0.120920632E-01-0.517060002E-02 0.229376811E-02 0.102784941E-01
 0.187626518E-01 0.277219675E-01 0.371269435E-01 0.469413213E-01 0.571200475E-01
 0.676066056E-01 0.783296376E-01 0.891991928E-01 0.100103185E+00 0.110905685E+00
 0.121449269E+00 0.131564185E+00 0.141084298E+00 0.149865821E+00 0.157802746E+00
 0.164835379E+00 0.170952469E+00 0.176187336E+00 0.180607751E+00 0.184300110E+00
 0.137241811E+00 0.135415748E+00 0.127809063E+00 0.118648022E+00 0.109760650E+00
 0.101128042E+00 0.927270576E-01 0.845348313E-01 0.765315518E-01 0.687014535E-01
 0.610327683E-01 0.535172783E-01 0.461498015E-01 0.389277339E-01 0.318506844E-01
 0.249201842E-01 0.181395002E-01 0.115134874E-01 0.504847523E-02-0.124782138E-02
-0.736638578E-02-0.132969907E-01-0.190282986E-01-0.245479848E-01-0.296020359E-01
-0.341784656E-01-0.382596366E-01-0.418233164E-01-0.448437035E-01-0.472924411E-01
-0.491396524E-01-0.503549129E-01-0.509082340E-01-0.507709235E-01-0.499163307E-01
-0.483205095E-01-0.459627807E-01-0.428262465E-01-0.388982110E-01-0.341696665E-01
-0.286316797E-01-0.222911742E-01-0.150841046E-01-0.737586105E-02 0.830760051E-03
 0.952449162E-02 0.186782684E-01 0.282567963E-01 0.382181033E-01 0.485129058E-01
 0.590831786E-01 0.698604956E-01 0.807646737E-01 0.917030275E-01 0.102571107E+00
 0.113255247E+00 0.123637497E+00 0.133602321E+00 0.143043920E+00 0.151872799E+00
 0.160020202E+00 0.167439878E+00 0.174107268E+00 0.180016562E+00 0.185176119E+00
 0.135441512E+00 0.133512154E+00 0.125725776E+00 0.116512068E+00 0.107587025E+00
 0.989087150E-01 0.904432908E-01 0.821632519E-01 0.740476623E-01 0.660810545E-01
 0.582522899E-01 0.505536832E-01 0.429803506E-01 0.355297774E-01 0.282015204E-01
 0.209970046E-01 0.139193907E-01 0.697347755E-02 0.165649180E-03-0.649617566E-02
-0.130025866E-01-0.193427261E-01-0.255043469E-01-0.312429424E-01-0.365477167E-01
-0.414011031E-01-0.457798019E-01-0.496558286E-01-0.529976040E-01-0.557710975E-01
-0.579409711E-01-0.594717227E-01-0.603287891E-01-0.604795888E-01-0.598944314E-01
-0.585472584E-01-0.564161763E-01-0.534837283E-01-0.497367419E-01-0.451655127E-01
-0.397621915E-01-0.335184820E-01-0.264171641E-01-0.184370223E-01-0.995151885E-02
-0.936862780E-03 0.854975730E-02 0.184614751E-01 0.287527218E-01 0.393749848E-01
 0.502745435E-01 0.613911189E-01 0.726571158E-01 0.839974582E-01 0.953300521E-01
 0.106567062E+00 0.117616847E+00 0.128386393E+00 0.138783902E+00 0.148720950E+00
 0.158114269E+00 0.166886941E+00 0.174969271E+00 0.182300061E+00 0.188828290E+00
 0.131273359E+00 0.129088327E+00 0.121508546E+00 0.112440474E+00 0.103672951E+00
 0.951185524E-01 0.867254063E-01 0.784658194E-01 0.703236535E-01 0.622886419E-01
 0.543538742E-01 0.465147421E-01 0.387684703E-01 0.311139114E-01 0.235514771E-01
 0.160831269E-01 0.871237833E-02 0.144433719E-02-0.571426516E-02-0.127550401E-01
-0.196679104E-01-0.264410935E-01-0.328399278E-01-0.388552696E-01-0.444700569E-01
-0.496602431E-01-0.543957949E-01-0.586417951E-01-0.623595938E-01-0.655080825E-01
-0.680449605E-01-0.699281171E-01-0.711168572E-01-0.715732053E-01-0.712629557E-01
-0.701565892E-01-0.682299659E-01-0.654646531E-01-0.618479550E-01-0.573725626E-01
-0.520359538E-01-0.458398424E-01-0.387902483E-01-0.309011191E-01-0.222027302E-01
-0.126476157E-01-0.264814356E-02 0.776964379E-02 0.185717437E-01 0.297184866E-01
 0.411652699E-01 0.528626814E-01 0.647564158E-01 0.767871886E-01 0.888906941E-01
 0.100997560E+00 0.113033287E+00 0.124917947E+00 0.136565551E+00 0.147883058E+00
 0.158769250E+00 0.169114083E+00 0.178799644E+00 0.187703729E+00 0.195707157E+00
 0.124617510E+00 0.121850178E+00 0.114733621E+00 0.106464803E+00 0.982079282E-01
 0.899685100E-01 0.817652270E-01 0.736079440E-01 0.655014664E-01 0.574478544E-01
 0.494477041E-01 0.415010452E-01 0.336079709E-01 0.257690903E-01 0.179858655E-01
 0.102608874E-01 0.259808335E-02-0.499711139E-02-0.125176040E-01-0.199545138E-01
-0.272970553E-01-0.343207680E-01-0.410188921E-01-0.473756380E-01-0.533669554E-01
-0.589613989E-01-0.641211197E-01-0.688029900E-01-0.729598925E-01-0.765420794E-01
-0.794986859E-01-0.817792714E-01-0.833353773E-01-0.841219872E-01-0.840989202E-01
-0.832319409E-01-0.814936087E-01-0.788638517E-01-0.753300413E-01-0.708868057E-01
-0.655353293E-01-0.592824221E-01-0.521391742E-01-0.441190228E-01-0.352338515E-01
-0.254842974E-01-0.148664322E-01-0.381055381E-02 0.765257841E-02 0.194894373E-01
 0.316640250E-01 0.441379771E-01 0.568704978E-01 0.698180944E-01 0.829340219E-01
 0.961673707E-01 0.109461471E+00 0.122751519E+00 0.135960996E+00 0.148996815E+00
 0.161743224E+00 0.174055517E+00 0.185755730E+00 0.196634755E+00 0.206465691E+00
 0.117173389E+00 0.113789484E+00 0.107285365E+00 0.996715501E-01 0.918395445E-01
 0.838832036E-01 0.758652389E-01 0.678204000E-01 0.597675331E-01 0.517167114E-01
 0.436731465E-01 0.356394798E-01 0.276172217E-01 0.196076781E-01 0.116125895E-01
 0.363459578E-02-0.432242593E-02-0.122530833E-01-0.201502349E-01-0.280047823E-01
-0.356027372E-01-0.429407246E-01-0.500053465E-01-0.567737184E-01-0.632141307E-01
-0.692868605E-01-0.749451220E-01-0.801362768E-01-0.848032087E-01-0.888858885E-01
-0.923231170E-01-0.950543210E-01-0.970214456E-01-0.981707349E-01-0.984544456E-01
-0.978322551E-01-0.962723792E-01-0.937522799E-01-0.902589262E-01-0.857884809E-01
-0.803455785E-01-0.739419609E-01-0.665946603E-01-0.583235584E-01-0.491483361E-01
-0.390851088E-01-0.281444788E-01-0.163290612E-01-0.407540146E-02 0.858802069E-02
 0.216333438E-01 0.350334011E-01 0.487617031E-01 0.627921969E-01 0.770987049E-01
 0.916537493E-01 0.106426485E+00 0.121379204E+00 0.136461765E+00 0.151602790E+00
 0.166696489E+00 0.181583300E+00 0.196024925E+00 0.209680915E+00 0.222114325E+00
 0.110744566E+00 0.107098676E+00 0.100472778E+00 0.928243548E-01 0.850594640E-01
 0.772047862E-01 0.692830309E-01 0.613111369E-01 0.532996990E-01 0.452543162E-01
 0.371773578E-01 0.290693957E-01 0.209302921E-01 0.127599956E-01 0.455908803E-02
-0.367078814E-02-0.119266091E-01-0.202036910E-01-0.284954328E-01-0.365984775E-01
-0.445139930E-01-0.522323549E-01-0.597334057E-01-0.669868290E-01-0.739526600E-01
-0.805820376E-01-0.868181586E-01-0.925975293E-01-0.978514850E-01-0.102507994E+00
-0.106493630E+00-0.109735757E+00-0.112164788E+00-0.113716401E+00-0.114333607E+00
-0.113968574E+00-0.112584077E+00-0.110154405E+00-0.106665768E+00-0.102116004E+00
-0.965137333E-01-0.898767933E-01-0.822301507E-01-0.736032054E-01-0.640267432E-01
-0.535296127E-01-0.421353690E-01-0.298586953E-01-0.167015363E-01-0.310234237E-02
 0.109189115E-01 0.253463127E-01 0.401683673E-01 0.553783141E-01 0.709742382E-01
 0.869587958E-01 0.103338197E+00 0.120120063E+00 0.137309238E+00 0.154899970E+00
 0.172861680E+00 0.191111878E+00 0.209463090E+00 0.227501571E+00 0.244312078E+00
 0.104175791E+00 0.100284390E+00 0.933454558E-01 0.855997205E-01 0.778157935E-01
 0.699899793E-01 0.621199086E-01 0.542015061E-01 0.462294891E-01 0.381980091E-01
 0.301012546E-01 0.219339449E-01 0.136917001E-01 0.537129352E-02-0.302913925E-02
-0.115099363E-01-0.200697407E-01-0.287053157E-01-0.372238494E-01-0.456322245E-01
-0.539260805E-01-0.620897561E-01-0.700963289E-01-0.779077932E-01-0.854754448E-01
-0.927405134E-01-0.996351466E-01-0.106083713E+00-0.112004466E+00-0.117311589E+00
-0.121917546E+00-0.125735626E+00-0.128682718E+00-0.130681962E+00-0.131665409E+00
-0.131576270E+00-0.130370736E+00-0.128019273E+00-0.124507137E+00-0.119834147E+00
-0.114013746E+00-0.107071213E+00-0.990412012E-01-0.899647325E-01-0.798856393E-01
-0.688467324E-01-0.568857267E-01-0.440309420E-01-0.302968025E-01-0.156790148E-01
-0.614461664E-03 0.148910768E-01 0.308400989E-01 0.472447090E-01 0.641281530E-01
 0.815262720E-01 0.994890928E-01 0.118082523E+00 0.137390256E+00 0.157515556E+00
 0.178582713E+00 0.200737014E+00 0.224139467E+00 0.248916686E+00 0.273823708E+00
 0.967382267E-01 0.925524905E-01 0.855450928E-01 0.777249634E-01 0.699416697E-01
 0.621706061E-01 0.543832444E-01 0.465524569E-01 0.386546589E-01 0.306703486E-01
 0.225839149E-01 0.143831139E-01 0.605858630E-02-0.239656982E-02-0.109870890E-01
-0.197157077E-01-0.285832249E-01-0.374068022E-01-0.461999774E-01-0.549649522E-01
-0.636922717E-01-0.723605156E-01-0.809360817E-01-0.893731564E-01-0.976139382E-01
-0.105589144E+00-0.113218993E+00-0.120414518E+00-0.127079487E+00-0.133112639E+00
-0.138410464E+00-0.142870203E+00-0.146393195E+00-0.148888171E+00-0.150274426E+00
-0.150484726E+00-0.149467632E+00-0.147189096E+00-0.143633291E+00-0.138802424E+00
-0.132715657E+00-0.125407070E+00-0.116922848E+00-0.107317656E+00-0.966505706E-01
-0.849806219E-01-0.723620355E-01-0.588393621E-01-0.444424674E-01-0.291813258E-01
-0.130404709E-01 0.354677881E-02 0.205926094E-01 0.381230079E-01 0.561816469E-01
 0.748325288E-01 0.941637605E-01 0.114293270E+00 0.135377318E+00 0.157623082E+00
 0.181307912E+00 0.206810713E+00 0.234670401E+00 0.265712321E+00 0.298352927E+00
 0.883401781E-01 0.838354751E-01 0.767090917E-01 0.689077824E-01 0.612499826E-01
 0.536613502E-01 0.460721031E-01 0.384264737E-01 0.306823738E-01 0.228086933E-01
 0.147825107E-01 0.658689067E-02-0.179073447E-02-0.103596821E-01-0.191267729E-01
-0.280967876E-01-0.370954126E-01-0.461430997E-01-0.552493595E-01-0.644122064E-01
-0.736175328E-01-0.828384981E-01-0.920350552E-01-0.101153634E+00-0.110127158E+00
-0.118875474E+00-0.127306193E+00-0.135316148E+00-0.142793372E+00-0.149619758E+00
-0.155674160E+00-0.160836026E+00-0.164989278E+00-0.168026417E+00-0.169852331E+00
-0.170387968E+00-0.169573143E+00-0.167368725E+00-0.163757667E+00-0.158744916E+00
-0.152356282E+00-0.144636020E+00-0.135643542E+00-0.125449225E+00-0.114129685E+00
-0.101762585E+00-0.884212777E-01-0.741693825E-01-0.590554327E-01-0.431076288E-01
-0.263285264E-01-0.868941192E-02 0.937577803E-02 0.278940685E-01 0.469213203E-01
 0.665378496E-01 0.868514851E-01 0.108004875E+00 0.130186751E+00 0.153648198E+00
 0.178725451E+00 0.205870375E+00 0.235684931E+00 0.268942744E+00 0.304808199E+00
 0.784476623E-01 0.735563636E-01 0.662495047E-01 0.587769523E-01 0.515757576E-01
 0.444460101E-01 0.372656807E-01 0.299604125E-01 0.224831272E-01 0.148025723E-01
 0.689705089E-02-0.124906213E-02-0.964738149E-02-0.183068607E-01-0.272346642E-01
-0.362621062E-01-0.454156138E-01-0.547117479E-01-0.641563982E-01-0.737438798E-01
-0.834559128E-01-0.932607055E-01-0.103112146E+00-0.112949170E+00-0.122695580E+00
-0.132260248E+00-0.141537935E+00-0.150410667E+00-0.158750072E+00-0.166420087E+00
-0.173280761E+00-0.179192290E+00-0.184019759E+00-0.187637880E+00-0.189935803E+00
-0.190821379E+00-0.190224797E+00-0.188101262E+00-0.184432358E+00-0.179226130E+00
-0.172515720E+00-0.164356723E+00-0.154823318E+00-0.144003391E+00-0.131993040E+00
-0.118890695E+00-0.104790978E+00-0.897787511E-01-0.739233717E-01-0.572734922E-01
-0.398526080E-01-0.216563772E-01-0.265420647E-02 0.166702885E-01 0.364023373E-01
 0.566295162E-01 0.774559677E-01 0.990124568E-01 0.121466883E+00 0.145037994E+00
 0.170015007E+00 0.196787611E+00 0.225893080E+00 0.258085400E+00 0.292801619E+00
 0.649354979E-01 0.590647124E-01 0.530688800E-01 0.471041985E-01 0.410509855E-01
 0.347839184E-01 0.282573197E-01 0.214476082E-01 0.143395970E-01 0.692208484E-02
-0.813873834E-03-0.887562521E-02-0.172691774E-01-0.260000657E-01-0.349003151E-01
-0.439997986E-01-0.533204935E-01-0.628754050E-01-0.726672933E-01-0.826873407E-01
-0.929137170E-01-0.103310324E+00-0.113825545E+00-0.124391414E+00-0.134923056E+00
-0.145318702E+00-0.155460417E+00-0.165215537E+00-0.174438968E+00-0.182976410E+00
-0.190668449E+00-0.197355315E+00-0.202882349E+00-0.207105577E+00-0.209897414E+00
-0.211151809E+00-0.210788622E+00-0.208756953E+00-0.205036849E+00-0.199639574E+00
-0.192606121E+00-0.184004143E+00-0.173923597E+00-0.162471101E+00-0.149763674E+00
-0.135921940E+00-0.121063262E+00-0.105294958E+00-0.887077078E-01-0.713689625E-01
-0.533157587E-01-0.345453210E-01-0.149992555E-01 0.483949808E-02 0.249810200E-01
 0.454706997E-01 0.663751140E-01 0.877786279E-01 0.109784015E+00 0.132514849E+00
 0.156119138E+00 0.180775508E+00 0.206709296E+00 0.234263912E+00 0.263426900E+00
 0.504218936E-01 0.432115681E-01 0.392077863E-01 0.354027227E-01 0.307388064E-01
 0.254459027E-01 0.196343418E-01 0.133584803E-01 0.664600916E-02-0.489409023E-03
-0.804203190E-02-0.160101205E-01-0.243910551E-01-0.330102108E-01-0.418966301E-01
-0.510747582E-01-0.605627820E-01-0.703708827E-01-0.804994628E-01-0.909373462E-01
-0.101659976E+00-0.112627722E+00-0.123784371E+00-0.135055840E+00-0.146349415E+00
-0.157553554E+00-0.168538362E+00-0.179157108E+00-0.189248636E+00-0.198640808E+00
-0.207155064E+00-0.214611813E+00-0.220836625E+00-0.225666746E+00-0.228957608E+00
-0.230588973E+00-0.230470091E+00-0.228543654E+00-0.224788025E+00-0.219217524E+00
-0.211881012E+00-0.202858374E+00-0.192255571E+00-0.180198342E+00-0.166825145E+00
-0.152279541E+00-0.136702746E+00-0.120226383E+00-0.102965839E+00-0.850145072E-01
-0.664391071E-01-0.472769700E-01-0.275376085E-01-0.721567078E-02 0.131806107E-01
 0.337056071E-01 0.544011556E-01 0.753036290E-01 0.964431167E-01 0.117837124E+00
 0.139476851E+00 0.161299691E+00 0.183130860E+00 0.204555437E+00 0.224705994E+00
 0.403792523E-01 0.326978527E-01 0.291539431E-01 0.259794779E-01 0.220075715E-01
 0.173398927E-01 0.120534468E-01 0.620223861E-02-0.178929855E-03-0.707000820E-02
-0.144632617E-01-0.223645549E-01-0.305719841E-01-0.391060747E-01-0.479899943E-01
-0.572448820E-01-0.668868721E-01-0.769247189E-01-0.873576030E-01-0.981729925E-01
-0.109344564E+00-0.120830156E+00-0.132569939E+00-0.144484863E+00-0.156475574E+00
-0.168422014E+00-0.180183783E+00-0.191601500E+00-0.202499390E+00-0.212688923E+00
-0.221973792E+00-0.230155841E+00-0.237042025E+00-0.242451668E+00-0.246223971E+00
-0.248224944E+00-0.248353496E+00-0.246545911E+00-0.242778569E+00-0.237068504E+00
-0.229471788E+00-0.220079824E+00-0.209013775E+00-0.196417615E+00-0.182450339E+00
-0.167277649E+00-0.151063785E+00-0.133963853E+00-0.116116837E+00-0.976395383E-01
-0.786212459E-01-0.591186136E-01-0.391492583E-01-0.186796561E-01 0.177184329E-02
 0.221778527E-01 0.425290801E-01 0.628146008E-01 0.830102935E-01 0.103067718E+00
 0.122899711E+00 0.142360300E+00 0.161219135E+00 0.179138288E+00 0.195676044E+00
 0.337441713E-01 0.258489624E-01 0.220165700E-01 0.189832002E-01 0.152718965E-01
 0.109068025E-01 0.592064159E-02 0.342591549E-03-0.580454664E-02-0.125040719E-01
-0.197424199E-01-0.275017507E-01-0.356013216E-01-0.440791026E-01-0.529649518E-01
-0.622825399E-01-0.720489621E-01-0.822733045E-01-0.929547250E-01-0.104080349E+00
-0.115622997E+00-0.127538949E+00-0.139765918E+00-0.152221128E+00-0.164800167E+00
-0.177376196E+00-0.189800248E+00-0.201902553E+00-0.213495091E+00-0.224375457E+00
-0.234332159E+00-0.243151039E+00-0.250622749E+00-0.256550908E+00-0.260760218E+00
-0.263104379E+00-0.263472766E+00-0.261795580E+00-0.258047014E+00-0.252245992E+00
-0.244454578E+00-0.234773919E+00-0.223338276E+00-0.210307553E+00-0.195858777E+00
-0.180177227E+00-0.163447648E+00-0.145846307E+00-0.127533808E+00-0.108649239E+00
-0.893058404E-01-0.695881695E-01-0.495518073E-01-0.292277262E-01-0.863828976E-02
 0.116651868E-01 0.316916518E-01 0.514222682E-01 0.708154514E-01 0.898044705E-01
 0.108291857E+00 0.126143202E+00 0.143182933E+00 0.159196675E+00 0.173944712E+00
 0.289760064E-01 0.209228825E-01 0.170876961E-01 0.140784085E-01 0.104509024E-01
 0.621279841E-02 0.137563108E-02-0.404999591E-02-0.100571932E-01-0.166448317E-01
-0.238203406E-01-0.313900486E-01-0.393687226E-01-0.477796756E-01-0.566474795E-01
-0.659941137E-01-0.758363679E-01-0.861834735E-01-0.970348641E-01-0.108377777E+00
-0.120184816E+00-0.132411569E+00-0.144994304E+00-0.157848015E+00-0.170864835E+00
-0.183913320E+00-0.196838468E+00-0.209462985E+00-0.221589893E+00-0.233006448E+00
-0.243489668E+00-0.252813131E+00-0.260754913E+00-0.267106235E+00-0.271680295E+00
-0.274320692E+00-0.274908870E+00-0.273369640E+00-0.269674808E+00-0.263844103E+00
-0.255943567E+00-0.246081322E+00-0.234401479E+00-0.221075967E+00-0.206295744E+00
-0.190261275E+00-0.173173487E+00-0.155225351E+00-0.136594459E+00-0.117437154E+00
-0.978837386E-01-0.780349672E-01-0.579588600E-01-0.376862846E-01-0.172006190E-01
 0.294324430E-02 0.226852968E-01 0.419796556E-01 0.607751310E-01 0.790063441E-01
 0.965894014E-01 0.113420412E+00 0.129376873E+00 0.144322753E+00 0.158117890E+00
 0.259889811E-01 0.178486947E-01 0.140808802E-01 0.110378610E-01 0.740516465E-02
 0.319986138E-02-0.157258264E-02-0.691203680E-02-0.128218262E-01-0.193078127E-01
-0.263779666E-01-0.338396914E-01-0.417261608E-01-0.500678979E-01-0.588925928E-01
-0.682238564E-01-0.780794770E-01-0.884694755E-01-0.993938893E-01-0.110840403E+00
-0.122781903E+00-0.135173947E+00-0.147952408E+00-0.161031365E+00-0.174301445E+00
-0.187628895E+00-0.200855583E+00-0.213800177E+00-0.226260617E+00-0.238018200E+00
-0.248843133E+00-0.258501559E+00-0.266763628E+00-0.273412675E+00-0.278254271E+00
-0.281125098E+00-0.281900793E+00-0.280501872E+00-0.276897579E+00-0.271107137E+00
-0.263197958E+00-0.253281713E+00-0.241507843E+00-0.228055283E+00-0.213123307E+00
-0.196921900E+00-0.179662317E+00-0.161548495E+00-0.142769590E+00-0.123494141E+00
-0.103865616E+00-0.839997977E-01-0.639839396E-01-0.438783728E-01-0.237227418E-01
-0.355327316E-02 0.160376597E-01 0.350465365E-01 0.534442030E-01 0.711823329E-01
 0.881967247E-01 0.104410082E+00 0.119735554E+00 0.134081602E+00 0.147358388E+00
 0.250999182E-01 0.170225706E-01 0.129354931E-01 0.971870590E-02 0.598702068E-02
 0.175514724E-02-0.299155386E-02-0.827153772E-02-0.141010582E-01-0.204941388E-01
-0.274632927E-01-0.348242745E-01-0.426139273E-01-0.508658215E-01-0.596096627E-01
-0.688703284E-01-0.786664337E-01-0.890085772E-01-0.998973101E-01-0.111320801E+00
-0.123252407E+00-0.135648206E+00-0.148444563E+00-0.161555991E+00-0.174873486E+00
-0.188263476E+00-0.201567799E+00-0.214604750E+00-0.227171615E+00-0.239048585E+00
-0.250004321E+00-0.259802908E+00-0.268212140E+00-0.275012553E+00-0.280006647E+00
-0.283027947E+00-0.283948928E+00-0.282687157E+00-0.279209375E+00-0.273532629E+00
-0.265723079E+00-0.255891800E+00-0.244188353E+00-0.230792835E+00-0.215906426E+00
-0.199741855E+00-0.182513848E+00-0.164430499E+00-0.145685822E+00-0.126453787E+00
-0.106883779E+00-0.870978162E-01-0.671888590E-01-0.472200178E-01-0.272236913E-01
-0.719811069E-02 0.122205187E-01 0.310141444E-01 0.491522700E-01 0.665917471E-01
 0.832781792E-01 0.991483480E-01 0.114133492E+00 0.128163412E+00 0.141171217E+00
 0.259123743E-01 0.181999523E-01 0.134090260E-01 0.974430237E-02 0.592139410E-02
 0.170276861E-02-0.298780832E-02-0.818953849E-02-0.139277028E-01-0.202211197E-01
-0.270851832E-01-0.343353562E-01-0.420091972E-01-0.501404889E-01-0.587588362E-01
-0.678888634E-01-0.775489137E-01-0.877494365E-01-0.984909460E-01-0.109761864E+00
-0.121536091E+00-0.133770585E+00-0.146403000E+00-0.159349591E+00-0.172503501E+00
-0.185733825E+00-0.198885426E+00-0.211780071E+00-0.224218726E+00-0.235985443E+00
-0.246852741E+00-0.256588370E+00-0.264963299E+00-0.271760672E+00-0.276784748E+00
-0.279869854E+00-0.280888170E+00-0.279755890E+00-0.276437163E+00-0.270945668E+00
-0.263343304E+00-0.253736317E+00-0.242269307E+00-0.229117215E+00-0.214476451E+00
-0.198555365E+00-0.181564927E+00-0.163710311E+00-0.145183370E+00-0.126156688E+00
-0.106779173E+00-0.871730372E-01-0.674321577E-01-0.476212949E-01-0.277752019E-01
-0.789518561E-02 0.113810217E-01 0.300338082E-01 0.480317622E-01 0.653317049E-01
 0.818802789E-01 0.976164192E-01 0.112474643E+00 0.126388893E+00 0.139296860E+00
 0.253884122E-01 0.173628479E-01 0.135154705E-01 0.105088167E-01 0.697155576E-02
 0.293074758E-02-0.162129116E-02-0.669979723E-02-0.123202838E-01-0.184977148E-01
-0.252467543E-01-0.323731489E-01-0.399117880E-01-0.478933342E-01-0.563447215E-01
-0.652884766E-01-0.747413933E-01-0.847128704E-01-0.952028930E-01-0.106199838E+00
-0.117678195E+00-0.129596174E+00-0.141893491E+00-0.154489323E+00-0.167280719E+00
-0.180141672E+00-0.192923054E+00-0.205453545E+00-0.217541993E+00-0.228980929E+00
-0.239551768E+00-0.249031186E+00-0.257198691E+00-0.263845086E+00-0.268780977E+00
-0.271845251E+00-0.272912592E+00-0.271899313E+00-0.268767267E+00-0.263525456E+00
-0.256228954E+00-0.246975392E+00-0.235899374E+00-0.223164991E+00-0.208957419E+00
-0.193473876E+00-0.176914737E+00-0.159475267E+00-0.141338363E+00-0.122668669E+00
-0.103608131E+00-0.842730999E-01-0.647533983E-01-0.451138951E-01-0.254011359E-01
-0.566112343E-02 0.135084894E-01 0.320984609E-01 0.500760525E-01 0.673922002E-01
 0.839854479E-01 0.997851416E-01 0.114715040E+00 0.128697574E+00 0.141658843E+00
 0.270582009E-01 0.191083290E-01 0.154261366E-01 0.126909651E-01 0.939743407E-02
 0.555177312E-02 0.115992315E-02-0.377769140E-02-0.926527195E-02-0.153119974E-01
-0.219345596E-01-0.289368406E-01-0.363360941E-01-0.441535674E-01-0.524107106E-01
-0.611265972E-01-0.703157783E-01-0.799862295E-01-0.901372135E-01-0.100757129E+00
-0.111821257E+00-0.123289563E+00-0.135104582E+00-0.147189572E+00-0.159447059E+00
-0.171758011E+00-0.183981806E+00-0.195957169E+00-0.207504243E+00-0.218428090E+00
-0.228523284E+00-0.237579927E+00-0.245390549E+00-0.251757920E+00-0.256502867E+00
-0.259472162E+00-0.260545313E+00-0.259640247E+00-0.256716758E+00-0.251778275E+00
-0.244871020E+00-0.236080825E+00-0.225528166E+00-0.213361427E+00-0.199749082E+00
-0.184871405E+00-0.168912053E+00-0.152050331E+00-0.134454042E+00-0.116273634E+00
-0.976371840E-01-0.786463469E-01-0.593725704E-01-0.398521461E-01-0.200774316E-01
-0.620577135E-03 0.184427872E-01 0.370540693E-01 0.551532991E-01 0.726713017E-01
 0.895268768E-01 0.105626926E+00 0.120868951E+00 0.135145783E+00 0.148352414E+00
 0.301631782E-01 0.223480538E-01 0.191152114E-01 0.165570099E-01 0.134147098E-01
 0.970245432E-02 0.543137314E-02 0.612152275E-03-0.474694138E-02-0.106404144E-01
-0.170643385E-01-0.240124762E-01-0.313096531E-01-0.389773175E-01-0.470359102E-01
-0.555033013E-01-0.643930286E-01-0.737124011E-01-0.834605321E-01-0.936263055E-01
-0.104186349E+00-0.115103014E+00-0.126322508E+00-0.137773246E+00-0.149364620E+00
-0.160986274E+00-0.172508150E+00-0.183781371E+00-0.194640219E+00-0.204905227E+00
-0.214387432E+00-0.222893715E+00-0.230232984E+00-0.236223191E+00-0.240698367E+00
-0.243515581E+00-0.244561136E+00-0.243755594E+00-0.241057158E+00-0.236463144E+00
-0.230009437E+00-0.221767917E+00-0.211841941E+00-0.200360522E+00-0.187471345E+00
-0.173333153E+00-0.158108309E+00-0.141955361E+00-0.125022560E+00-0.107442178E+00
-0.893258676E-01-0.707610026E-01-0.518079251E-01-0.324974582E-01-0.128273796E-01
 0.658891909E-02 0.257263258E-01 0.445429236E-01 0.629794300E-01 0.809568167E-01
 0.983739421E-01 0.115106486E+00 0.131008655E+00 0.145918950E+00 0.159670889E+00
 0.355217904E-01 0.279677641E-01 0.246462114E-01 0.221886132E-01 0.191132054E-01
 0.154444082E-01 0.112121301E-01 0.644270517E-02 0.115672138E-02-0.463085854E-02
-0.109095825E-01-0.176722929E-01-0.249149576E-01-0.324628390E-01-0.403368585E-01
-0.485552289E-01-0.571318343E-01-0.660744682E-01-0.753829926E-01-0.850475430E-01
-0.950467810E-01-0.105346203E+00-0.115896508E+00-0.126632273E+00-0.137470841E+00
-0.148311853E+00-0.159037292E+00-0.169512391E+00-0.179587409E+00-0.189100355E+00
-0.197880775E+00-0.205754459E+00-0.212548852E+00-0.218099117E+00-0.222254276E+00
-0.224883318E+00-0.225880593E+00-0.225170195E+00-0.222709030E+00-0.218488201E+00
-0.212532654E+00-0.204898983E+00-0.195671752E+00-0.184958354E+00-0.172882929E+00
-0.159579784E+00-0.145186499E+00-0.129837304E+00-0.113657072E+00-0.967559218E-01
-0.792249218E-01-0.611332133E-01-0.425273068E-01-0.234353319E-01-0.388294598E-02
 0.155584766E-01 0.348939188E-01 0.540997498E-01 0.731258318E-01 0.918920785E-01
 0.110281996E+00 0.128135428E+00 0.145243600E+00 0.161351815E+00 0.176175207E+00
 0.426487327E-01 0.354167260E-01 0.322260633E-01 0.297503732E-01 0.265770629E-01
 0.227914676E-01 0.184612144E-01 0.136321774E-01 0.833414122E-02 0.258606812E-02
-0.360021042E-02-0.102176694E-01-0.172627550E-01-0.247346144E-01-0.324538089E-01
-0.404407009E-01-0.487113409E-01-0.572756343E-01-0.661352351E-01-0.752822682E-01
-0.846981481E-01-0.943521783E-01-0.104200326E+00-0.114184082E+00-0.124229625E+00
-0.134247467E+00-0.144132555E+00-0.153765187E+00-0.163012534E+00-0.171731055E+00
-0.179769814E+00-0.186974436E+00-0.193191811E+00-0.198275164E+00-0.202089384E+00
-0.204516098E+00-0.205458358E+00-0.204844370E+00-0.202630147E+00-0.198800772E+00
-0.193370238E+00-0.186379671E+00-0.177894235E+00-0.167998850E+00-0.156792954E+00
-0.144384757E+00-0.130885139E+00-0.116401590E+00-0.101032503E+00-0.848616809E-01
-0.679530501E-01-0.503450297E-01-0.320426784E-01-0.130034676E-01 0.624760380E-02
 0.256778114E-01 0.452747121E-01 0.650241151E-01 0.848964080E-01 0.104833275E+00
 0.124730624E+00 0.144414842E+00 0.163612559E+00 0.181923091E+00 0.198822916E+00
 0.522192083E-01 0.454892479E-01 0.424311236E-01 0.394855179E-01 0.358216912E-01
 0.316404216E-01 0.270217434E-01 0.220025107E-01 0.166012570E-01 0.108276624E-01
 0.468667643E-02-0.181955774E-02-0.869077817E-02-0.159282107E-01-0.235344637E-01
-0.313213952E-01-0.393102244E-01-0.475165509E-01-0.559439659E-01-0.645866022E-01
-0.734289289E-01-0.824446827E-01-0.915957093E-01-0.100831054E+00-0.110086285E+00
-0.119283251E+00-0.128330305E+00-0.137123048E+00-0.145545781E+00-0.153473526E+00
-0.160774842E+00-0.167315140E+00-0.172960654E+00-0.177582622E+00-0.181061730E+00
-0.183292329E+00-0.184186310E+00-0.183676302E+00-0.181717858E+00-0.178290606E+00
-0.173398137E+00-0.167066723E+00-0.159342632E+00-0.150288731E+00-0.139979899E+00
-0.128498167E+00-0.115927316E+00-0.102347478E+00-0.878299251E-01-0.724322498E-01
-0.561943054E-01-0.391353928E-01-0.212534275E-01-0.252690213E-02 0.165338852E-01
 0.359891988E-01 0.558865890E-01 0.762679204E-01 0.971679688E-01 0.118606694E+00
 0.140572980E+00 0.162992001E+00 0.185656354E+00 0.208074808E+00 0.229221821E+00
 0.661391318E-01 0.607451834E-01 0.557392463E-01 0.510510765E-01 0.463843122E-01
 0.415635146E-01 0.365246199E-01 0.312365033E-01 0.256811995E-01 0.198472086E-01
 0.137266451E-01 0.731381774E-02 0.604369154E-03-0.640539918E-02-0.137193706E-01
-0.213432200E-01-0.290801432E-01-0.369711779E-01-0.450093374E-01-0.531881228E-01
-0.614956208E-01-0.699109137E-01-0.784025267E-01-0.869276226E-01-0.954314992E-01
-0.103847504E+00-0.112097293E+00-0.120091602E+00-0.127731383E+00-0.134909660E+00
-0.141513735E+00-0.147428021E+00-0.152537227E+00-0.156729847E+00-0.159901693E+00
-0.161959425E+00-0.162823617E+00-0.162431404E+00-0.160738349E+00-0.157719418E+00
-0.153368920E+00-0.147699431E+00-0.140739843E+00-0.132532299E+00-0.123128504E+00
-0.112585425E+00-0.100960501E+00-0.883066058E-01-0.746668503E-01-0.600694604E-01
-0.445230938E-01-0.280139223E-01-0.105084591E-01 0.755820004E-02 0.262195598E-01
 0.455364808E-01 0.655900091E-01 0.864806622E-01 0.108330205E+00 0.131284714E+00
 0.155518949E+00 0.181243554E+00 0.208723962E+00 0.238364458E+00 0.270148814E+00
 0.779697746E-01 0.733045787E-01 0.678988695E-01 0.624352396E-01 0.571191087E-01
 0.518176369E-01 0.464399643E-01 0.409278572E-01 0.352438614E-01 0.293634385E-01
 0.232703071E-01 0.169537328E-01 0.104070287E-01 0.362692541E-02-0.338620064E-02
-0.106266905E-01-0.180789791E-01-0.257650856E-01-0.334919132E-01-0.412712581E-01
-0.491054468E-01-0.569820404E-01-0.648775250E-01-0.727575347E-01-0.805771202E-01
-0.882809088E-01-0.958034694E-01-0.103069998E+00-0.109997310E+00-0.116495304E+00
-0.122468852E+00-0.127820060E+00-0.132450849E+00-0.136265695E+00-0.139174581E+00
-0.141095653E+00-0.141957819E+00-0.141702816E+00-0.140286699E+00-0.137680739E+00
-0.133871332E+00-0.128859222E+00-0.122657895E+00-0.115291081E+00-0.106789693E+00
-0.971880853E-01-0.865198076E-01-0.748128071E-01-0.620838739E-01-0.483316332E-01
-0.335264280E-01-0.175929870E-01-0.988155487E-03 0.163174514E-01 0.343833454E-01
 0.532973297E-01 0.731772929E-01 0.941767916E-01 0.116494730E+00 0.140390307E+00
 0.166205883E+00 0.194402114E+00 0.225613803E+00 0.260731399E+00 0.299091607E+00
 0.878381282E-01 0.836178362E-01 0.783346593E-01 0.728159994E-01 0.673462078E-01
 0.618727803E-01 0.563479140E-01 0.507324450E-01 0.449965112E-01 0.391182490E-01
 0.330821164E-01 0.268774666E-01 0.204975363E-01 0.139387250E-01 0.720009068E-02
 0.282697467E-03-0.681196665E-02-0.140867550E-01-0.215461664E-01-0.289743617E-01
-0.364051759E-01-0.438199006E-01-0.512009598E-01-0.585207269E-01-0.657432303E-01
-0.728237703E-01-0.797092095E-01-0.863383785E-01-0.926428661E-01-0.985481590E-01
-0.103975236E+00-0.108842336E+00-0.113067031E+00-0.116568446E+00-0.119269460E+00
-0.121098906E+00-0.121993557E+00-0.121899761E+00-0.120774671E+00-0.118586920E+00
-0.115316615E+00-0.110954747E+00-0.105501831E+00-0.989660099E-01-0.913604572E-01
-0.827003792E-01-0.729995891E-01-0.622669272E-01-0.505026579E-01-0.376954935E-01
-0.238207355E-01-0.884035602E-02 0.678405818E-02 0.231447238E-01 0.403353944E-01
 0.584662855E-01 0.776748508E-01 0.981367975E-01 0.120080113E+00 0.143804565E+00
 0.169708982E+00 0.198327839E+00 0.230373234E+00 0.266761690E+00 0.306513697E+00
 0.966529772E-01 0.928078815E-01 0.878314376E-01 0.824605674E-01 0.770529360E-01
 0.715944171E-01 0.660674274E-01 0.604551882E-01 0.547431111E-01 0.489193052E-01
 0.429746322E-01 0.369025283E-01 0.306988135E-01 0.243615340E-01 0.178908240E-01
 0.112887919E-01 0.455952622E-02-0.229044841E-02-0.924969371E-02-0.162967853E-01
-0.234529581E-01-0.305010229E-01-0.374686345E-01-0.443284623E-01-0.510550626E-01
-0.576140285E-01-0.639643371E-01-0.700580180E-01-0.758402497E-01-0.812507048E-01
-0.862248465E-01-0.906954408E-01-0.945941582E-01-0.978533104E-01-0.100407571E+00
-0.102195583E+00-0.103161551E+00-0.103256486E+00-0.102439210E+00-0.100676902E+00
-0.979450867E-01-0.942271575E-01-0.895133018E-01-0.837989077E-01-0.770824105E-01
-0.693627000E-01-0.606360473E-01-0.508928075E-01-0.401143134E-01-0.282712113E-01
-0.153270895E-01-0.169898244E-02 0.126438672E-01 0.277579986E-01 0.437194742E-01
 0.606246032E-01 0.785941035E-01 0.977799520E-01 0.118375383E+00 0.140629709E+00
 0.164870963E+00 0.191543519E+00 0.221279308E+00 0.255054414E+00 0.291022122E+00
 0.105036542E+00 0.101560906E+00 0.968445167E-01 0.916718468E-01 0.863987878E-01
 0.810298100E-01 0.755684823E-01 0.700164586E-01 0.643735975E-01 0.586386323E-01
 0.528098643E-01 0.468858331E-01 0.408657901E-01 0.347500816E-01 0.285404213E-01
 0.222401451E-01 0.158544313E-01 0.939063914E-02 0.285866740E-02-0.372915622E-02
-0.103602074E-01-0.170119349E-01-0.237049311E-01-0.302093420E-01-0.365493111E-01
-0.426931605E-01-0.486143641E-01-0.542793907E-01-0.596447289E-01-0.646623820E-01
-0.692807958E-01-0.734455660E-01-0.771009699E-01-0.801913589E-01-0.826622099E-01
-0.844612941E-01-0.855397880E-01-0.858534351E-01-0.853633210E-01-0.840363726E-01
-0.818452910E-01-0.787681490E-01-0.747875199E-01-0.698891208E-01-0.640600473E-01
-0.572863407E-01-0.495497286E-01-0.408230200E-01-0.310627539E-01-0.201953743E-01
-0.867020991E-02 0.352205196E-02 0.164105594E-01 0.300396029E-01 0.444662273E-01
 0.597596541E-01 0.760018378E-01 0.932886750E-01 0.111731552E+00 0.131458655E+00
 0.152615473E+00 0.175362483E+00 0.199862912E+00 0.226202264E+00 0.252868205E+00
 0.113252133E+00 0.110149086E+00 0.105692059E+00 0.100705206E+00 0.955526680E-01
 0.902650803E-01 0.848693401E-01 0.793840736E-01 0.738207325E-01 0.681857914E-01
 0.624827184E-01 0.567134954E-01 0.508796498E-01 0.449830033E-01 0.390261747E-01
 0.330129936E-01 0.269487686E-01 0.208405424E-01 0.146972397E-01 0.852970406E-02
 0.235060486E-02-0.382525404E-02-0.998283364E-02-0.160970613E-01-0.221894309E-01
-0.280144420E-01-0.336045995E-01-0.389527418E-01-0.440087616E-01-0.487360172E-01
-0.530962013E-01-0.570451953E-01-0.605386607E-01-0.635325462E-01-0.659829155E-01
-0.678461045E-01-0.690795854E-01-0.696436092E-01-0.695021451E-01-0.686231256E-01
-0.669782907E-01-0.645426959E-01-0.612940006E-01-0.572115369E-01-0.522751622E-01
-0.464638732E-01-0.397541672E-01-0.321185477E-01-0.235270336E-01-0.139522729E-01
-0.385557301E-02 0.682150060E-02 0.181239136E-01 0.300927274E-01 0.427685305E-01
 0.561918914E-01 0.704019740E-01 0.854334012E-01 0.101310544E+00 0.118037671E+00
 0.135581300E+00 0.153837889E+00 0.172571585E+00 0.191279754E+00 0.208907723E+00
 0.121619351E+00 0.118921369E+00 0.114730693E+00 0.109813765E+00 0.104653314E+00
 0.993523151E-01 0.939637944E-01 0.885140076E-01 0.830162540E-01 0.774772465E-01
 0.719003677E-01 0.662874132E-01 0.606397390E-01 0.549589545E-01 0.492473878E-01
 0.435084552E-01 0.377469175E-01 0.319690667E-01 0.261828862E-01 0.203981642E-01
 0.146266250E-01 0.888211746E-02 0.318088289E-02-0.245746667E-02-0.801050197E-02
-0.134392818E-01-0.187416282E-01-0.239475165E-01-0.288010444E-01-0.333329253E-01
-0.375348032E-01-0.413554013E-01-0.447624475E-01-0.477269404E-01-0.502176620E-01
-0.521991029E-01-0.536316559E-01-0.544790812E-01-0.547090732E-01-0.542924143E-01
-0.532020442E-01-0.514122322E-01-0.488978513E-01-0.456337705E-01-0.415943712E-01
-0.367531814E-01-0.310812630E-01-0.245389212E-01-0.170836654E-01-0.912310090E-02
-0.643712119E-03 0.837854296E-02 0.179700013E-01 0.281560179E-01 0.389586911E-01
 0.503941178E-01 0.624685735E-01 0.751730055E-01 0.884752497E-01 0.102308922E+00
 0.116557598E+00 0.131033048E+00 0.145448059E+00 0.159392849E+00 0.172344819E+00
 0.131300926E+00 0.129518837E+00 0.124725983E+00 0.119143687E+00 0.113660067E+00
 0.108198933E+00 0.102748170E+00 0.973028764E-01 0.918596610E-01 0.864156410E-01
 0.809683651E-01 0.755159408E-01 0.700572506E-01 0.645921230E-01 0.591215380E-01
 0.536477342E-01 0.481743515E-01 0.427065343E-01 0.372510217E-01 0.318162367E-01
 0.264123771E-01 0.210515391E-01 0.157478396E-01 0.105175534E-01 0.537907798E-02
 0.352833362E-03-0.454278570E-02-0.928655453E-02-0.138392467E-01-0.182000268E-01
-0.224037301E-01-0.261736773E-01-0.295480434E-01-0.325345807E-01-0.351240784E-01
-0.372902192E-01-0.389718637E-01-0.401361138E-01-0.407589860E-01-0.408185571E-01
-0.402924940E-01-0.391568653E-01-0.373853259E-01-0.349485241E-01-0.318146646E-01
-0.279543214E-01-0.233584102E-01-0.179414134E-01-0.120857032E-01-0.576990377E-02
 0.102422014E-02 0.831560604E-02 0.161234103E-01 0.244650152E-01 0.333531462E-01
 0.427921824E-01 0.527735502E-01 0.632701591E-01 0.742298141E-01 0.855677798E-01
 0.971589163E-01 0.108830579E+00 0.120359093E+00 0.131474331E+00 0.141877592E+00
 0.139763996E+00 0.138582200E+00 0.133746579E+00 0.127797425E+00 0.122069009E+00
 0.116486274E+00 0.111001447E+00 0.105585404E+00 0.100219510E+00 0.948911235E-01
 0.895913541E-01 0.843139738E-01 0.790547878E-01 0.738114044E-01 0.685830414E-01
 0.633704588E-01 0.581759401E-01 0.530032702E-01 0.478577428E-01 0.427461974E-01
 0.376770236E-01 0.326602049E-01 0.277073458E-01 0.228316616E-01 0.180479344E-01
 0.133723654E-01 0.882235449E-02 0.441715727E-02 0.178456394E-03-0.387318153E-02
-0.771195814E-02-0.112877898E-01-0.145822987E-01-0.175930094E-01-0.203340594E-01
-0.228512939E-01-0.248397291E-01-0.263407622E-01-0.273645408E-01-0.279063303E-01
-0.279532205E-01-0.274862312E-01-0.264795739E-01-0.248968266E-01-0.226816610E-01
-0.197366010E-01-0.164114628E-01-0.126417382E-01-0.844527967E-02-0.382286636E-02
 0.123461289E-02 0.674256496E-02 0.127198705E-01 0.191858504E-01 0.261566099E-01
 0.336406156E-01 0.416335836E-01 0.501129217E-01 0.590322055E-01 0.683163479E-01
 0.778582767E-01 0.875181332E-01 0.971262753E-01 0.106491074E+00 0.115411811E+00
 0.146396369E+00 0.145555288E+00 0.140972808E+00 0.135123342E+00 0.129444987E+00
 0.123917446E+00 0.118512012E+00 0.113203973E+00 0.107973516E+00 0.102805257E+00
 0.976875275E-01 0.926116854E-01 0.875715837E-01 0.825632364E-01 0.775844976E-01
 0.726348981E-01 0.677155033E-01 0.628288239E-01 0.579787493E-01 0.531705432E-01
 0.484107733E-01 0.437073186E-01 0.390693583E-01 0.345073305E-01 0.300329216E-01
 0.256590191E-01 0.213997159E-01 0.172703806E-01 0.132877091E-01 0.946958549E-02
 0.583573431E-02 0.240774616E-02-0.796828943E-03-0.376365497E-02-0.647801394E-02
-0.891645625E-02-0.110250004E-01-0.127801429E-01-0.141684348E-01-0.151791461E-01
-0.158017017E-01-0.160248559E-01-0.158366822E-01-0.152255399E-01-0.141835324E-01
-0.127167497E-01-0.108738346E-01-0.867064856E-02-0.611446938E-02-0.320236338E-02
 0.785338852E-04 0.375009165E-02 0.784159731E-02 0.123871872E-01 0.174219590E-01
 0.229766201E-01 0.290708821E-01 0.357062817E-01 0.428594351E-01 0.504769236E-01
 0.584729239E-01 0.667303354E-01 0.751058012E-01 0.834384412E-01 0.915613845E-01
 0.151892528E+00 0.151386723E+00 0.146866247E+00 0.141215295E+00 0.135733813E+00
 0.130395815E+00 0.125181600E+00 0.120071486E+00 0.115047932E+00 0.110096306E+00
 0.105204992E+00 0.100365087E+00 0.955700800E-01 0.908155292E-01 0.860987529E-01
 0.814186484E-01 0.767754912E-01 0.721708611E-01 0.676074848E-01 0.630891994E-01
 0.586209223E-01 0.542085506E-01 0.498589836E-01 0.455800593E-01 0.413805433E-01
 0.372700952E-01 0.332592465E-01 0.293593928E-01 0.255827531E-01 0.219422951E-01
 0.184516385E-01 0.151247270E-01 0.119751133E-01 0.901616458E-02 0.626210496E-02
 0.372945308E-02 0.143731374E-02-0.599380233E-03-0.236991583E-02-0.386669650E-02
-0.508437539E-02-0.601946283E-02-0.667040702E-02-0.703819143E-02-0.712748431E-02
-0.694804732E-02-0.651446497E-02-0.583638949E-02-0.491600856E-02-0.374555844E-02
-0.230513234E-02-0.560925168E-03 0.153566815E-02 0.404730858E-02 0.704728952E-02
 0.106125651E-01 0.148131885E-01 0.196995083E-01 0.252896827E-01 0.315602869E-01
 0.384420194E-01 0.458214134E-01 0.535485856E-01 0.614501201E-01 0.693449974E-01
 0.155916929E+00 0.155611768E+00 0.151517227E+00 0.146163136E+00 0.140973508E+00
 0.135927603E+00 0.131001025E+00 0.126172870E+00 0.121426433E+00 0.116748676E+00
 0.112129614E+00 0.107561789E+00 0.103039764E+00 0.985598266E-01 0.941197276E-01
 0.897184387E-01 0.853560418E-01 0.810335800E-01 0.767529532E-01 0.725168735E-01
 0.683287904E-01 0.641928166E-01 0.601137392E-01 0.560969375E-01 0.521483980E-01
 0.482746512E-01 0.444827788E-01 0.407803506E-01 0.371754058E-01 0.336763561E-01
 0.302918907E-01 0.270308238E-01 0.239019375E-01 0.209139436E-01 0.180755556E-01
 0.153954476E-01 0.128817325E-01 0.105407229E-01 0.837630685E-02 0.638976740E-02
 0.457975874E-02 0.294226524E-02 0.147052086E-02 0.154918234E-03-0.101691287E-02
-0.205951813E-02-0.298792217E-02-0.381426420E-02-0.454422133E-02-0.517284637E-02
-0.567959296E-02-0.602248358E-02-0.613189116E-02-0.590539444E-02-0.520677632E-02
-0.387362973E-02-0.173694384E-02 0.134967745E-02 0.548031274E-02 0.106759714E-01
 0.168759990E-01 0.239405148E-01 0.316635706E-01 0.397978090E-01 0.480873510E-01
 0.158834904E+00 0.158703297E+00 0.154926062E+00 0.149968371E+00 0.145199254E+00
 0.140561908E+00 0.136019662E+00 0.131551668E+00 0.127145097E+00 0.122791439E+00
 0.118484750E+00 0.114220791E+00 0.109996632E+00 0.105810396E+00 0.101661086E+00
 0.975484326E-01 0.934728384E-01 0.894352347E-01 0.854370669E-01 0.814801604E-01
 0.775667280E-01 0.736993030E-01 0.698806942E-01 0.661139637E-01 0.624024384E-01
 0.587496497E-01 0.551593527E-01 0.516355000E-01 0.481822006E-01 0.448037013E-01
 0.415042900E-01 0.382882208E-01 0.351595953E-01 0.321222246E-01 0.291794650E-01
 0.263339449E-01 0.235871486E-01 0.209388733E-01 0.183867104E-01 0.159256365E-01
 0.135476654E-01 0.112415217E-01 0.899239723E-02 0.678179460E-02 0.458761863E-02
 0.238469127E-02 0.145951301E-03-0.215540850E-02-0.454268930E-02-0.703081442E-02
-0.961902272E-02-0.122799966E-01-0.149441035E-01-0.174780283E-01-0.196608212E-01
-0.211723112E-01-0.216259714E-01-0.206601471E-01-0.180314500E-01-0.136515098E-01
-0.758476183E-02-0.436769988E-04 0.861766655E-02 0.179446265E-01 0.274787303E-01
 0.160317987E+00 0.160158962E+00 0.156804681E+00 0.152642101E+00 0.148531452E+00
 0.144436315E+00 0.140361741E+00 0.136311665E+00 0.132288232E+00 0.128292635E+00
 0.124325529E+00 0.120387390E+00 0.116478711E+00 0.112600125E+00 0.108752415E+00
 0.104936540E+00 0.101153575E+00 0.974047109E-01 0.936911553E-01 0.900141224E-01
 0.863747746E-01 0.827741846E-01 0.792133212E-01 0.756930113E-01 0.722139850E-01
 0.687768459E-01 0.653820857E-01 0.620301329E-01 0.587213598E-01 0.554560572E-01
 0.522344559E-01 0.490566418E-01 0.459224880E-01 0.428314842E-01 0.397825465E-01
 0.367737077E-01 0.338017084E-01 0.308615286E-01 0.279458612E-01 0.250445306E-01
 0.221439078E-01 0.192263052E-01 0.162693318E-01 0.132452985E-01 0.101206498E-01
 0.685558049E-02 0.340391719E-02-0.286483410E-03-0.427246420E-02-0.861271471E-02
-0.133620752E-01-0.185607374E-01-0.242141820E-01-0.302550457E-01-0.364648774E-01
-0.423042625E-01-0.467331707E-01-0.487161167E-01-0.478124805E-01-0.439438522E-01
-0.371990800E-01-0.278378595E-01-0.164410044E-01-0.411679549E-02 0.797147024E-02
 0.161069751E+00 0.160679132E+00 0.158187672E+00 0.154874697E+00 0.151401281E+00
 0.147838950E+00 0.144232124E+00 0.140605509E+00 0.136973575E+00 0.133345410E+00
 0.129727200E+00 0.126123533E+00 0.122538045E+00 0.118973784E+00 0.115433410E+00
 0.111919232E+00 0.108433224E+00 0.104977004E+00 0.101551771E+00 0.981582925E-01
 0.947967991E-01 0.914670154E-01 0.881681144E-01 0.848987028E-01 0.816568658E-01
 0.784402043E-01 0.752459094E-01 0.720708221E-01 0.689115301E-01 0.657644719E-01
 0.626259521E-01 0.594922267E-01 0.563594252E-01 0.532234646E-01 0.500798561E-01
 0.469233729E-01 0.437476672E-01 0.405447111E-01 0.373041853E-01 0.340127237E-01
 0.306531023E-01 0.272032730E-01 0.236352943E-01 0.199140869E-01 0.159959700E-01
 0.118269455E-01 0.734062493E-02 0.245575095E-02-0.292668282E-02-0.892653596E-02
-0.156872869E-01-0.233773068E-01-0.321881138E-01-0.423297808E-01-0.540359020E-01
-0.676631033E-01-0.791678131E-01-0.847700015E-01-0.854719803E-01-0.818038881E-01
-0.733556747E-01-0.605256148E-01-0.426791385E-01-0.235936567E-01-0.798993185E-02
 0.162811905E+00 0.162605941E+00 0.160294682E+00 0.157280222E+00 0.154185802E+00
 0.151026174E+00 0.147818550E+00 0.144578114E+00 0.141316935E+00 0.138044506E+00
 0.134768546E+00 0.131495520E+00 0.128231063E+00 0.124980129E+00 0.121747039E+00
 0.118535474E+00 0.115348406E+00 0.112188056E+00 0.109055772E+00 0.105951987E+00
 0.102876149E+00 0.998266637E-01 0.968008786E-01 0.937950909E-01 0.908045769E-01
 0.878237039E-01 0.848460123E-01 0.818644613E-01 0.788715482E-01 0.758595839E-01
 0.728208944E-01 0.697479695E-01 0.666335747E-01 0.634707436E-01 0.602526255E-01
 0.569722056E-01 0.536218435E-01 0.501926690E-01 0.466738306E-01 0.430515818E-01
 0.393082313E-01 0.354209431E-01 0.313602947E-01 0.270885788E-01 0.225576367E-01
 0.177060924E-01 0.124555910E-01 0.670556864E-02 0.325814792E-03-0.685421377E-02
-0.150605431E-01-0.245949980E-01-0.358588994E-01-0.493731909E-01-0.657857507E-01
-0.839718729E-01-0.964125991E-01-0.103036411E+00-0.104235329E+00-0.997716114E-01
-0.897981077E-01-0.733882785E-01-0.516224019E-01-0.324170589E-01-0.162559915E-01
 0.164540157E+00 0.164529771E+00 0.162409306E+00 0.159670100E+00 0.156890526E+00
 0.154069975E+00 0.151212066E+00 0.148321792E+00 0.145405084E+00 0.142468572E+00
 0.139519230E+00 0.136564180E+00 0.133610472E+00 0.130664736E+00 0.127733022E+00
 0.124820575E+00 0.121931590E+00 0.119069107E+00 0.116234861E+00 0.113429129E+00
 0.110650681E+00 0.107896656E+00 0.105162524E+00 0.102442056E+00 0.997274145E-01
 0.970092043E-01 0.942767262E-01 0.915182680E-01 0.887214541E-01 0.858737305E-01
 0.829627812E-01 0.799770132E-01 0.769058615E-01 0.737399831E-01 0.704712197E-01
 0.670923442E-01 0.635965765E-01 0.599768311E-01 0.562248155E-01 0.523299426E-01
 0.482781231E-01 0.440504178E-01 0.396215431E-01 0.349581018E-01 0.300164521E-01
 0.247399360E-01 0.190550629E-01 0.128659895E-01 0.604612241E-02-0.157537567E-02
-0.102364076E-01-0.202824902E-01-0.322390087E-01-0.469155759E-01-0.652607605E-01
-0.808811933E-01-0.914114416E-01-0.970092267E-01-0.975650176E-01-0.930378884E-01
-0.823242217E-01-0.646805018E-01-0.460604131E-01-0.299891196E-01-0.159661546E-01
 0.166003615E+00 0.166182339E+00 0.164382562E+00 0.161931783E+00 0.159464329E+00
 0.156973019E+00 0.154450402E+00 0.151893064E+00 0.149301812E+00 0.146681145E+00
 0.144038200E+00 0.141381636E+00 0.138720796E+00 0.136064827E+00 0.133422226E+00
 0.130800337E+00 0.128205061E+00 0.125640661E+00 0.123109572E+00 0.120612212E+00
 0.118146874E+00 0.115709551E+00 0.113293804E+00 0.110890687E+00 0.108488753E+00
 0.106074110E+00 0.103630699E+00 0.101140752E+00 0.985854194E-01 0.959455594E-01
 0.932027176E-01 0.903399885E-01 0.873428583E-01 0.841997564E-01 0.809022188E-01
 0.774446726E-01 0.738238171E-01 0.700376406E-01 0.660841912E-01 0.619602166E-01
 0.576597601E-01 0.531727783E-01 0.484838299E-01 0.435707495E-01 0.384032838E-01
 0.329415947E-01 0.271344464E-01 0.209169313E-01 0.142075121E-01 0.690395804E-02
-0.112249656E-02-0.100370040E-01-0.200657211E-01-0.316287950E-01-0.439944491E-01
-0.538061187E-01-0.607269220E-01-0.644734353E-01-0.649883673E-01-0.617225319E-01
-0.544799082E-01-0.428541563E-01-0.311378948E-01-0.199018307E-01-0.934534520E-02
 0.167284727E+00 0.167687654E+00 0.166116968E+00 0.163991526E+00 0.161880612E+00
 0.159750730E+00 0.157578692E+00 0.155353040E+00 0.153072819E+00 0.150744662E+00
 0.148379982E+00 0.145992458E+00 0.143596336E+00 0.141205236E+00 0.138831362E+00
 0.136485070E+00 0.134174600E+00 0.131905884E+00 0.129682481E+00 0.127505362E+00
 0.125372738E+00 0.123279773E+00 0.121218368E+00 0.119176850E+00 0.117139712E+00
 0.115087621E+00 0.112997532E+00 0.110843286E+00 0.108596578E+00 0.106228374E+00
 0.103710689E+00 0.101018481E+00 0.981314033E-01 0.950350910E-01 0.917217657E-01
 0.881899968E-01 0.844436809E-01 0.804904252E-01 0.763395429E-01 0.720000714E-01
 0.674788952E-01 0.627793372E-01 0.579000637E-01 0.528345108E-01 0.475706272E-01
 0.420911275E-01 0.363742709E-01 0.303956345E-01 0.241316259E-01 0.175666567E-01
 0.107080704E-01 0.361884455E-02-0.350813591E-02-0.102011897E-01-0.159072001E-01
-0.210274700E-01-0.250719804E-01-0.275072437E-01-0.281038322E-01-0.269257538E-01
-0.243327823E-01-0.199091285E-01-0.137860272E-01-0.683405669E-02 0.394638540E-03
 0.168005139E+00 0.168635637E+00 0.167442784E+00 0.165793002E+00 0.164170012E+00
 0.162488028E+00 0.160704613E+00 0.158809602E+00 0.156812951E+00 0.154734954E+00
 0.152600035E+00 0.150432989E+00 0.148256943E+00 0.146092281E+00 0.143956169E+00
 0.141862601E+00 0.139822409E+00 0.137843475E+00 0.135930791E+00 0.134086385E+00
 0.132309094E+00 0.130594164E+00 0.128932700E+00 0.127310961E+00 0.125709638E+00
 0.124103218E+00 0.122459695E+00 0.120740958E+00 0.118904054E+00 0.116903573E+00
 0.114695072E+00 0.112239026E+00 0.109504700E+00 0.106473081E+00 0.103138320E+00
 0.995073318E-01 0.955976173E-01 0.914339423E-01 0.870444179E-01 0.824569017E-01
 0.776962489E-01 0.727825388E-01 0.677304938E-01 0.625496283E-01 0.572452210E-01
 0.518198982E-01 0.462760329E-01 0.406191498E-01 0.348629951E-01 0.290369298E-01
 0.231964216E-01 0.174360070E-01 0.118986908E-01 0.676463358E-02 0.220853533E-02
-0.161786913E-02-0.455007050E-02-0.642565452E-02-0.713824248E-02-0.665908819E-02
-0.501537230E-02-0.227247574E-02 0.142202817E-02 0.583100505E-02 0.106998403E-01
 0.167601526E+00 0.168345094E+00 0.168073282E+00 0.167408049E+00 0.166568860E+00
 0.165462255E+00 0.164077848E+00 0.162459075E+00 0.160662040E+00 0.158741474E+00
 0.156746596E+00 0.154719651E+00 0.152695537E+00 0.150702149E+00 0.148761258E+00
 0.146889538E+00 0.145099565E+00 0.143400609E+00 0.141799018E+00 0.140298471E+00
 0.138899669E+00 0.137599736E+00 0.136391312E+00 0.135261118E+00 0.134188190E+00
 0.133141935E+00 0.132080242E+00 0.130948514E+00 0.129680440E+00 0.128201663E+00
 0.126436397E+00 0.124316387E+00 0.121789888E+00 0.118828602E+00 0.115430951E+00
 0.111621082E+00 0.107443631E+00 0.102955572E+00 0.982173756E-01 0.932856873E-01
 0.882089138E-01 0.830257088E-01 0.777654797E-01 0.724501535E-01 0.670965612E-01
 0.617191568E-01 0.563329421E-01 0.509568118E-01 0.456172824E-01 0.403525829E-01
 0.352166183E-01 0.302815810E-01 0.256373417E-01 0.213861503E-01 0.176343862E-01
 0.144855408E-01 0.120348455E-01 0.103612570E-01 0.951709412E-02 0.952063780E-02
 0.103538400E-01 0.119621111E-01 0.142552359E-01 0.171145648E-01 0.204082336E-01
 0.167061776E+00 0.168012396E+00 0.168816105E+00 0.169524148E+00 0.170010179E+00
 0.169350579E+00 0.168143630E+00 0.166575179E+00 0.164770901E+00 0.162827790E+00
 0.160823017E+00 0.158816472E+00 0.156852409E+00 0.154962063E+00 0.153167143E+00
 0.151482910E+00 0.149920568E+00 0.148488805E+00 0.147194773E+00 0.146044299E+00
 0.145041808E+00 0.144189566E+00 0.143486366E+00 0.142925397E+00 0.142491072E+00
 0.142154530E+00 0.141867906E+00 0.141558081E+00 0.141122833E+00 0.140433475E+00
 0.139348701E+00 0.137737215E+00 0.135500997E+00 0.132591501E+00 0.129016846E+00
 0.124839775E+00 0.120165057E+00 0.115117125E+00 0.109816164E+00 0.104362413E+00
 0.988313705E-01 0.932764038E-01 0.877340659E-01 0.822295770E-01 0.767815262E-01
 0.714056939E-01 0.661182180E-01 0.609383322E-01 0.558907129E-01 0.510074645E-01
 0.463294387E-01 0.419065095E-01 0.377964526E-01 0.340623371E-01 0.307687949E-01
 0.279777572E-01 0.257439427E-01 0.241102111E-01 0.231031775E-01 0.227298737E-01
 0.229760222E-01 0.238061380E-01 0.251656193E-01 0.269850455E-01 0.291862376E-01
 0.167142227E+00 0.168462843E+00 0.169954672E+00 0.171740294E+00 0.173779696E+00
 0.174396217E+00 0.173290536E+00 0.171331048E+00 0.169173419E+00 0.166932642E+00
 0.164710164E+00 0.162578061E+00 0.160577446E+00 0.158728376E+00 0.157040104E+00
 0.155517668E+00 0.154165313E+00 0.152988121E+00 0.151992783E+00 0.151187897E+00
 0.150583833E+00 0.150192261E+00 0.150025114E+00 0.150092632E+00 0.150399700E+00
 0.150939539E+00 0.151682198E+00 0.152555600E+00 0.153417766E+00 0.154034436E+00
 0.154102713E+00 0.153335407E+00 0.151533931E+00 0.148608968E+00 0.144584566E+00
 0.139608562E+00 0.133939996E+00 0.127872825E+00 0.121644080E+00 0.115405023E+00
 0.109240793E+00 0.103196174E+00 0.972938314E-01 0.915453285E-01 0.859575644E-01
 0.805366710E-01 0.752905160E-01 0.702303499E-01 0.653719902E-01 0.607365258E-01
 0.563505329E-01 0.522457026E-01 0.484578088E-01 0.450250171E-01 0.419856422E-01
 0.393755920E-01 0.372256190E-01 0.355586857E-01 0.343876556E-01 0.337136015E-01
 0.335249677E-01 0.337977633E-01 0.344968103E-01 0.355779417E-01 0.369909406E-01
 0.167022452E+00 0.168540731E+00 0.170319647E+00 0.172500119E+00 0.175196022E+00
 0.176927045E+00 0.177267879E+00 0.176172301E+00 0.173646957E+00 0.170726091E+00
 0.168042645E+00 0.165673107E+00 0.163596079E+00 0.161779866E+00 0.160200313E+00
 0.158842087E+00 0.157697663E+00 0.156766430E+00 0.156054065E+00 0.155572310E+00
 0.155339137E+00 0.155378923E+00 0.155722871E+00 0.156409293E+00 0.157483339E+00
 0.158995375E+00 0.160995305E+00 0.163515270E+00 0.166512728E+00 0.169645280E+00
 0.171953097E+00 0.172679380E+00 0.171563134E+00 0.168497398E+00 0.163452893E+00
 0.156594038E+00 0.148695275E+00 0.140746444E+00 0.133099616E+00 0.125818998E+00
 0.118896626E+00 0.112306871E+00 0.106022932E+00 0.100022100E+00 0.942871794E-01
 0.888067111E-01 0.835747793E-01 0.785908252E-01 0.738593936E-01 0.693898797E-01
 0.651960075E-01 0.612951592E-01 0.577073768E-01 0.544540994E-01 0.515566841E-01
 0.490347445E-01 0.469045006E-01 0.451772027E-01 0.438578315E-01 0.429441482E-01
 0.424262471E-01 0.422866754E-01 0.425010882E-01 0.430394076E-01 0.438673161E-01
 0.166428849E+00 0.167948425E+00 0.169622675E+00 0.171457440E+00 0.173439592E+00
 0.175502539E+00 0.177112997E+00 0.177325428E+00 0.175996661E+00 0.173001319E+00
 0.169982910E+00 0.167553738E+00 0.165547431E+00 0.163871750E+00 0.162473783E+00
 0.161323518E+00 0.160405979E+00 0.159717351E+00 0.159263328E+00 0.159058884E+00
 0.159128785E+00 0.159509078E+00 0.160249263E+00 0.161415800E+00 0.163097695E+00
 0.165415794E+00 0.168538406E+00 0.172710583E+00 0.178319097E+00 0.185950562E+00
 0.191682175E+00 0.194250360E+00 0.194039673E+00 0.190805495E+00 0.184418797E+00
 0.174412787E+00 0.162230715E+00 0.151910961E+00 0.142814085E+00 0.134593874E+00
 0.127042651E+00 0.120027930E+00 0.113462314E+00 0.107286766E+00 0.101460688E+00
 0.959561542E-01 0.907544866E-01 0.858442560E-01 0.812199563E-01 0.768810064E-01
 0.728309155E-01 0.690763593E-01 0.656262711E-01 0.624908172E-01 0.596802719E-01
 0.572039448E-01 0.550690517E-01 0.532797500E-01 0.518363193E-01 0.507345870E-01
 0.499656349E-01 0.495158471E-01 0.493672341E-01 0.494980328E-01 0.498835444E-01
 0.165455416E+00 0.167002887E+00 0.168531165E+00 0.169975713E+00 0.171305284E+00
 0.172503382E+00 0.173541978E+00 0.174362808E+00 0.174240142E+00 0.172164172E+00
 0.169794932E+00 0.167846650E+00 0.166229159E+00 0.164888278E+00 0.163790733E+00
 0.162916556E+00 0.162255734E+00 0.161806762E+00 0.161576644E+00 0.161581829E+00
 0.161849797E+00 0.162421495E+00 0.163354039E+00 0.164724946E+00 0.166639268E+00
 0.169241622E+00 0.172737151E+00 0.177428171E+00 0.183772996E+00 0.192303941E+00
 0.198930576E+00 0.202145353E+00 0.202291936E+00 0.199222609E+00 0.192694232E+00
 0.182165563E+00 0.169396594E+00 0.158583328E+00 0.149152160E+00 0.140701786E+00
 0.132988706E+00 0.125865355E+00 0.119238690E+00 0.113046095E+00 0.107242718E+00
 0.101795338E+00 0.966792852E-01 0.918767899E-01 0.873757452E-01 0.831687823E-01
 0.792523623E-01 0.756259039E-01 0.722909719E-01 0.692503974E-01 0.665074214E-01
 0.640649125E-01 0.619245917E-01 0.600863397E-01 0.585476793E-01 0.573033765E-01
 0.563452207E-01 0.556620248E-01 0.552397631E-01 0.550619029E-01 0.551098660E-01
 0.756084323E+00 0.770801902E+00 0.781688452E+00 0.794379413E+00 0.807908177E+00
 0.821873724E+00 0.836366415E+00 0.851391077E+00 0.867080808E+00 0.883482516E+00
 0.900188565E+00 0.917101443E+00 0.935177028E+00 0.953865588E+00 0.973205924E+00
 0.993367314E+00 0.101403379E+01 0.103566372E+01 0.105818045E+01 0.108157504E+01
 0.110583055E+01 0.113105381E+01 0.115727425E+01 0.118457377E+01 0.121307492E+01
 0.124271023E+01 0.127359676E+01 0.130579185E+01 0.133932972E+01 0.137443233E+01
 0.141107666E+01 0.144937646E+01 0.148941243E+01 0.153119218E+01 0.157506776E+01
 0.162109280E+01 0.166917753E+01 0.171963274E+01 0.177270091E+01 0.182836723E+01
 0.188696742E+01 0.194841337E+01 0.201319146E+01 0.208174253E+01 0.215350080E+01
 0.222928119E+01 0.230959749E+01 0.239456940E+01 0.248401093E+01 0.257849479E+01
 0.267968440E+01 0.278639674E+01 0.289930201E+01 0.302058101E+01 0.314939547E+01
 0.328688455E+01 0.343551993E+01 0.359437466E+01 0.376988316E+01 0.396003485E+01
 0.417563152E+01 0.442015886E+01 0.471055412E+01 0.511360598E+01 0.646105051E+01
   84  117
 0.111100924E+01-0.200000003E+00 0.109635150E+01-0.150000006E+00 0.108219206E+01
-0.500000007E-01 0.109015155E+01 0.500000007E-01 0.110562503E+01 0.106358372E+00
 0.113218749E+01 0.171271071E+00 0.115875006E+01 0.223520875E+00 0.118531251E+01
 0.269414216E+00 0.121187496E+01 0.311305225E+00 0.123843753E+01 0.350130618E+00
 0.127618420E+01 0.400000006E+00 0.131730258E+01 0.449999988E+00 0.134468746E+01
 0.480207413E+00 0.137125003E+01 0.508163810E+00 0.141489100E+01 0.550000012E+00
 0.145093751E+01 0.581511974E+00 0.147749996E+01 0.603082776E+00 0.153062499E+01
 0.641342223E+00 0.155718756E+01 0.658977211E+00 0.161031246E+01 0.689707220E+00
 0.163687503E+01 0.703704476E+00 0.169000006E+01 0.727505565E+00 0.174312496E+01
 0.746683002E+00 0.176968753E+01 0.755511582E+00 0.182281256E+01 0.768529892E+00
 0.187593746E+01 0.775893807E+00 0.192906249E+01 0.776920855E+00 0.198218751E+01
 0.768516660E+00 0.202107430E+01 0.750000000E+00 0.206187510E+01 0.714705646E+00
 0.208843756E+01 0.674431145E+00 0.211500001E+01 0.617163420E+00 0.213882542E+01
 0.550000012E+00 0.215583682E+01 0.500000000E+00 0.217256761E+01 0.449999988E+00
 0.219468760E+01 0.382140577E+00 0.222115827E+01 0.300000012E+00 0.223621631E+01
 0.250000000E+00 0.225069284E+01 0.200000003E+00 0.227271223E+01 0.100000001E+00
 0.227987313E+01 0.500000007E-01 0.228221226E+01-0.500000007E-01 0.227437496E+01
-0.118456528E+00 0.225802040E+01-0.200000003E+00 0.224439240E+01-0.250000000E+00
 0.222125006E+01-0.324813396E+00 0.219516444E+01-0.400000006E+00 0.217567444E+01
-0.449999988E+00 0.215450740E+01-0.500000000E+00 0.213132071E+01-0.550000012E+00
 0.210568547E+01-0.600000024E+00 0.207722807E+01-0.649999976E+00 0.204574227E+01
-0.699999988E+00 0.201121712E+01-0.750000000E+00 0.198218751E+01-0.788453996E+00
 0.195562506E+01-0.822509110E+00 0.192906249E+01-0.854784489E+00 0.188935661E+01
-0.899999976E+00 0.184937501E+01-0.945575655E+00 0.182281256E+01-0.976683378E+00
 0.179624999E+01-0.100611115E+01 0.175390589E+01-0.104999995E+01 0.171656251E+01
-0.109097564E+01 0.169000006E+01-0.112153256E+01 0.163906169E+01-0.117346621E+01
 0.159335613E+01-0.110000002E+01 0.155718756E+01-0.105167711E+01 0.153062499E+01
-0.101059937E+01 0.150406253E+01-0.967305064E+00 0.147749996E+01-0.922985554E+00
 0.145093751E+01-0.877968490E+00 0.142437506E+01-0.832343161E+00 0.139781249E+01
-0.786105931E+00 0.137125003E+01-0.739203811E+00 0.134468746E+01-0.691548645E+00
 0.131812501E+01-0.643019974E+00 0.129156256E+01-0.593462825E+00 0.126499999E+01
-0.542685211E+00 0.123843753E+01-0.490457565E+00 0.121187496E+01-0.436504185E+00
 0.118531251E+01-0.380447894E+00 0.115875006E+01-0.321594208E+00 0.113218749E+01
-0.258256674E+00 0.111100924E+01-0.200000003E+00
 0.101600003E+01 0.000000000E+00 0.101600003E+01 0.963999987E+00 0.101600003E+01
 0.967999995E+00 0.101600003E+01 0.100100005E+01 0.101600003E+01 0.101900005E+01
 0.101600003E+01 0.107700002E+01 0.101600003E+01 0.107000005E+01 0.101600003E+01
 0.109599996E+01 0.101600003E+01 0.111300004E+01 0.101600003E+01 0.113800001E+01
 0.101600003E+01 0.114699996E+01 0.101199996E+01 0.116499996E+01 0.100100005E+01
 0.121700001E+01 0.102900004E+01 0.121700001E+01 0.104200006E+01 0.116240001E+01
 0.104600000E+01 0.116237998E+01 0.105599999E+01 0.116260004E+01 0.109700000E+01
 0.116450000E+01 0.110800004E+01 0.116594005E+01 0.111600006E+01 0.116591001E+01
 0.113399994E+01 0.116895998E+01 0.114800000E+01 0.117174995E+01 0.116199994E+01
 0.117556000E+01 0.118099999E+01 0.118299997E+01 0.118200004E+01 0.118350005E+01
 0.118499994E+01 0.118499994E+01 0.119000006E+01 0.118799996E+01 0.119500005E+01
 0.119099998E+01 0.120099998E+01 0.119599998E+01 0.120899999E+01 0.120200002E+01
 0.121500003E+01 0.120799994E+01 0.122200000E+01 0.121399999E+01 0.122800004E+01
 0.122099996E+01 0.123399997E+01 0.123099995E+01 0.123899996E+01 0.123800004E+01
 0.124199998E+01 0.124399996E+01 0.124800003E+01 0.125399995E+01 0.125800002E+01
 0.127800000E+01 0.126300001E+01 0.128999996E+01 0.127999997E+01 0.133099997E+01
 0.127999997E+01 0.134700000E+01 0.127999997E+01 0.134800005E+01 0.130999994E+01
 0.134800005E+01 0.132799995E+01 0.134800005E+01 0.136099994E+01 0.134800005E+01
 0.138000000E+01 0.134800005E+01 0.141900003E+01 0.134800005E+01 0.141900003E+01
 0.130999994E+01 0.137199998E+01 0.130999994E+01 0.137167001E+01 0.129237998E+01
 0.137003005E+01 0.128268003E+01 0.136688006E+01 0.125644004E+01 0.136719000E+01
 0.122955000E+01 0.137178004E+01 0.119576001E+01 0.137223995E+01 0.119402003E+01
 0.138662004E+01 0.116487002E+01 0.138707995E+01 0.116420996E+01 0.140382004E+01
 0.115696001E+01 0.141127002E+01 0.115730000E+01 0.141857004E+01 0.116131997E+01
 0.142100000E+01 0.116400003E+01 0.148662996E+01 0.124049997E+01 0.149730003E+01
 0.123458004E+01 0.149761999E+01 0.123427999E+01 0.149744999E+01 0.123174000E+01
 0.149275005E+01 0.121329999E+01 0.149259996E+01 0.121061003E+01 0.149260998E+01
 0.120485997E+01 0.149278998E+01 0.120213997E+01 0.149339998E+01 0.119641995E+01
 0.149469995E+01 0.118510997E+01 0.149621999E+01 0.116069996E+01 0.147981000E+01
 0.112425995E+01 0.148081994E+01 0.112256002E+01 0.148149002E+01 0.112137997E+01
 0.148645997E+01 0.111691999E+01 0.149094999E+01 0.111439002E+01 0.150304997E+01
 0.111243999E+01 0.159696996E+01 0.109489000E+01 0.162549996E+01 0.108529997E+01
 0.163751996E+01 0.107988000E+01 0.164699996E+01 0.107700002E+01 0.178499997E+01
 0.107700002E+01 0.206999993E+01 0.103999996E+01 0.212800002E+01 0.992999971E+00
 0.224499989E+01 0.708999991E+00 0.233956003E+01 0.461430013E+00 0.234707999E+01
 0.415829986E+00 0.234912992E+01 0.272179991E+00 0.235103011E+01 0.170179993E+00
 0.235157990E+01 0.701199993E-01 0.235124993E+01-0.317899995E-01 0.235050988E+01
-0.144350007E+00 0.234964991E+01-0.214829996E+00 0.234870005E+01-0.326689988E+00
 0.234759998E+01-0.386770010E+00 0.234019995E+01-0.453040004E+00 0.232942009E+01
-0.477569997E+00 0.213400006E+01-0.972999990E+00 0.178600001E+01-0.117400002E+01
 0.176800001E+01-0.121099997E+01 0.176800001E+01-0.125000000E+01 0.168200004E+01
-0.125000000E+01 0.137199998E+01-0.125000000E+01 0.137199998E+01-0.132900000E+01
 0.141999996E+01-0.132900000E+01 0.141999996E+01-0.136300004E+01 0.127300000E+01
-0.136300004E+01 0.115300000E+01-0.136300004E+01 0.101600003E+01-0.122300005E+01
 0.101600003E+01-0.122300005E+01 0.101600003E+01-0.829999983E+00 0.101600003E+01
-0.800000012E+00 0.101600003E+01-0.414999992E+00 0.101600003E+01-0.400000006E+00
 0.101600003E+01-0.100000005E-02 0.101600003E+01 0.000000000E+00
    0 0.170000005E+01    1
 0.000000000E+00 0.000000000E+00 0.000000000E+00 0.000000000E+00 0.000000000E+00
 0.000000000E+00 0.000000000E+00 0.000000000E+00 0.000000000E+00 0.000000000E+00
 0.000000000E+00 0.000000000E+00 0.000000000E+00 0.000000000E+00 0.000000000E+00
 0.000000000E+00 0.000000000E+00 0.000000000E+00 0.000000000E+00 0.000000000E+00
 0.000000000E+00 0.000000000E+00 0.000000000E+00 0.000000000E+00 0.000000000E+00
 0.000000000E+00 0.000000000E+00 0.000000000E+00 0.000000000E+00 0.000000000E+00
 0.000000000E+00 0.000000000E+00 0.000000000E+00 0.000000000E+00 0.000000000E+00
 0.000000000E+00 0.000000000E+00 0.000000000E+00 0.000000000E+00 0.000000000E+00
 0.000000000E+00 0.000000000E+00 0.000000000E+00 0.000000000E+00 0.000000000E+00
 0.000000000E+00 0.000000000E+00 0.000000000E+00 0.000000000E+00 0.000000000E+00
 0.000000000E+00 0.000000000E+00 0.000000000E+00 0.000000000E+00 0.000000000E+00
 0.000000000E+00 0.000000000E+00 0.000000000E+00 0.000000000E+00 0.000000000E+00
 0.000000000E+00 0.000000000E+00 0.000000000E+00 0.000000000E+00 0.000000000E+00
 0.000000000E+00 0.784856677E-01 0.111763708E+00 0.137566730E+00 0.159584612E+00
 0.179265127E+00 0.197302729E+00 0.214129254E+00 0.229965031E+00 0.243796811E+00
 0.258429617E+00 0.272458136E+00 0.286040604E+00 0.299356252E+00 0.312357396E+00
 0.325012892E+00 0.337459296E+00 0.349734843E+00 0.361854017E+00 0.373813033E+00
 0.385665774E+00 0.397420019E+00 0.409082294E+00 0.420684338E+00 0.432260066E+00
 0.443794727E+00 0.455312252E+00 0.466802716E+00 0.478303403E+00 0.489848703E+00
 0.501399398E+00 0.512995422E+00 0.524653196E+00 0.536337376E+00 0.548118353E+00
 0.559996367E+00 0.571925998E+00 0.583979785E+00 0.596150458E+00 0.608428717E+00
 0.620861113E+00 0.633413613E+00 0.646133244E+00 0.659058750E+00 0.672095180E+00
 0.685358644E+00 0.698837996E+00 0.712546587E+00 0.726454794E+00 0.740598917E+00
 0.755078495E+00 0.769784808E+00 0.784782171E+00 0.800133348E+00 0.815814316E+00
 0.831834078E+00 0.848268270E+00 0.865081429E+00 0.882407784E+00 0.900160134E+00
 0.918528259E+00 0.937515259E+00 0.957255960E+00 0.978060424E+00 0.100000000E+01
    1
 0.000000000E+00 0.000000000E+00 0.000000000E+00 0.000000000E+00 0.000000000E+00
 0.000000000E+00 0.000000000E+00 0.000000000E+00 0.000000000E+00 0.000000000E+00
 0.000000000E+00 0.000000000E+00 0.000000000E+00 0.000000000E+00 0.000000000E+00
 0.000000000E+00 0.000000000E+00 0.000000000E+00 0.000000000E+00 0.000000000E+00
 0.000000000E+00 0.000000000E+00 0.000000000E+00 0.000000000E+00 0.000000000E+00
 0.000000000E+00 0.000000000E+00 0.000000000E+00 0.000000000E+00 0.000000000E+00
 0.000000000E+00 0.000000000E+00 0.000000000E+00 0.000000000E+00 0.000000000E+00
 0.000000000E+00 0.000000000E+00 0.000000000E+00 0.000000000E+00 0.000000000E+00
 0.000000000E+00 0.000000000E+00 0.000000000E+00 0.000000000E+00 0.000000000E+00
 0.000000000E+00 0.000000000E+00 0.000000000E+00 0.000000000E+00 0.000000000E+00
 0.000000000E+00 0.000000000E+00 0.000000000E+00 0.000000000E+00 0.000000000E+00
 0.000000000E+00 0.000000000E+00 0.000000000E+00 0.000000000E+00 0.000000000E+00
 0.000000000E+00 0.000000000E+00 0.000000000E+00 0.000000000E+00 0.000000000E+00
&BASIS
 EE2BDRY= 32*0.00000000      ,
 EEBDRY= 32*0.00000000      ,
 EEKNT= 32*0.00000000      ,
 EETENS=  5.00000000    ,
 FF2BDRY= 64*0.00000000      ,
 FFBDRY=  3.28728962    , -9.04263687    ,  5.90091848    , 61*0.00000000      ,
 FFKNT= 64*0.00000000      ,
 FFTENS=  0.00000000    ,
 KEE2BDRY= 32*0          ,
 KEEBDRY= 32*0          ,
 KEEFNC=          0,
 KEEKNT=          0,
 KFF2BDRY= 64*0          ,
 KFFBDRY= 64*0          ,
 KFFFNC=          0,
 KFFKNT=          0,
 KPP2BDRY= 64*0          ,
 KPPBDRY= 64*0          ,
 KPPFNC=          0,
 KPPKNT=          0,
 KWW2BDRY= 64*0          ,
 KWWBDRY= 64*0          ,
 KWWFNC=          0,
 KWWKNT=          0,
 PP2BDRY= 64*0.00000000      ,
 PPBDRY=  455754.969    , -339176.469    , 62*0.00000000      ,
 PPKNT= 64*0.00000000      ,
 PPTENS=  0.00000000    ,
 WW2BDRY= 64*0.00000000      ,
 WWBDRY=  47.7130814    , -15073.1797    , 62*0.00000000      ,
 WWKNT= 64*0.00000000      ,
 WWTENS=  0.00000000    ,
 /
