  EFITD    01/21/2000    #180520  3282ms           7  65  65
 0.170000005E+01 0.320000005E+01 0.169550002E+01 0.839999974E+00 0.000000000E+00
 0.178984475E+01-0.689785257E-01-0.233436406E+00 0.271999277E-01-0.197206163E+01
 0.883639438E+06-0.233436406E+00 0.000000000E+00 0.178984475E+01 0.000000000E+00
-0.689785257E-01 0.000000000E+00 0.271999277E-01 0.000000000E+00 0.000000000E+00
-0.340319872E+01-0.339895272E+01-0.339488506E+01-0.339099288E+01-0.338727283E+01
-0.338372135E+01-0.338033581E+01-0.337711239E+01-0.337404823E+01-0.337113953E+01
-0.336838293E+01-0.336577511E+01-0.336331272E+01-0.336099219E+01-0.335880995E+01
-0.335676241E+01-0.335484600E+01-0.335305715E+01-0.335139227E+01-0.334984779E+01
-0.334841990E+01-0.334710479E+01-0.334589911E+01-0.334479904E+01-0.334380078E+01
-0.334290051E+01-0.334209466E+01-0.334137940E+01-0.334075069E+01-0.334020519E+01
-0.333973861E+01-0.333934760E+01-0.333902812E+01-0.333877635E+01-0.333858848E+01
-0.333846068E+01-0.333838916E+01-0.333837008E+01-0.333839965E+01-0.333847380E+01
-0.333858895E+01-0.333874106E+01-0.333892655E+01-0.333914137E+01-0.333938146E+01
-0.333964348E+01-0.333992314E+01-0.334021688E+01-0.334052062E+01-0.334083080E+01
-0.334114337E+01-0.334145451E+01-0.334176064E+01-0.334205747E+01-0.334234166E+01
-0.334260893E+01-0.334285569E+01-0.334307814E+01-0.334327221E+01-0.334343433E+01
-0.334356070E+01-0.334364724E+01-0.334369040E+01-0.334368610E+01-0.334363055E+01
 0.747045859E+05 0.730748281E+05 0.714597578E+05 0.698593672E+05 0.682736562E+05
 0.667026250E+05 0.651462852E+05 0.636046211E+05 0.620776406E+05 0.605653438E+05
 0.590677305E+05 0.575848008E+05 0.561165508E+05 0.546629844E+05 0.532240977E+05
 0.517998945E+05 0.503903750E+05 0.489955391E+05 0.476153828E+05 0.462499141E+05
 0.448991211E+05 0.435630156E+05 0.422415898E+05 0.409348477E+05 0.396427891E+05
 0.383654102E+05 0.371027148E+05 0.358547031E+05 0.346213711E+05 0.334027227E+05
 0.321987598E+05 0.310094766E+05 0.298348750E+05 0.286749570E+05 0.275297227E+05
 0.263991699E+05 0.252832988E+05 0.241821113E+05 0.230956055E+05 0.220237812E+05
 0.209666406E+05 0.199241836E+05 0.188964062E+05 0.178833145E+05 0.168849023E+05
 0.159011738E+05 0.149321279E+05 0.139777646E+05 0.130380840E+05 0.121130850E+05
 0.112027686E+05 0.103071348E+05 0.942618359E+04 0.855991504E+04 0.770832861E+04
 0.687142480E+04 0.604920312E+04 0.524166406E+04 0.444880762E+04 0.367063354E+04
 0.290714209E+04 0.215833276E+04 0.142420605E+04 0.704761841E+03 0.000000000E+00
-0.362337112E+01-0.346863461E+01-0.331704640E+01-0.316860676E+01-0.302331519E+01
-0.288117218E+01-0.274217772E+01-0.260633135E+01-0.247363353E+01-0.234408426E+01
-0.221768308E+01-0.209443045E+01-0.197432625E+01-0.185737038E+01-0.174356282E+01
-0.163290370E+01-0.152539301E+01-0.142103076E+01-0.131981683E+01-0.122175121E+01
-0.112683415E+01-0.103506541E+01-0.946444988E+00-0.860973001E+00-0.778649449E+00
-0.699474216E+00-0.623447418E+00-0.550568998E+00-0.480838984E+00-0.414257348E+00
-0.350824118E+00-0.290539265E+00-0.233402804E+00-0.179414719E+00-0.128575042E+00
-0.808837488E-01-0.363408439E-01 0.505366735E-02 0.432997905E-01 0.783975199E-01
 0.110346869E+00 0.139147818E+00 0.164800376E+00 0.187304556E+00 0.206660330E+00
 0.222867727E+00 0.235926732E+00 0.245837346E+00 0.252599567E+00 0.256213397E+00
 0.256678820E+00 0.253995895E+00 0.248164549E+00 0.239184812E+00 0.227056697E+00
 0.211780190E+00 0.193355292E+00 0.171782002E+00 0.147060320E+00 0.119190246E+00
 0.881717876E-01 0.540049374E-01 0.166896973E-01-0.237739328E-01-0.673859566E-01
-0.401994031E+06-0.398388719E+06-0.394783406E+06-0.391178062E+06-0.387572750E+06
-0.383967438E+06-0.380362125E+06-0.376756812E+06-0.373151469E+06-0.369546156E+06
-0.365940844E+06-0.362335531E+06-0.358730219E+06-0.355124875E+06-0.351519562E+06
-0.347914250E+06-0.344308938E+06-0.340703625E+06-0.337098281E+06-0.333492969E+06
-0.329887656E+06-0.326282344E+06-0.322677031E+06-0.319071688E+06-0.315466375E+06
-0.311861062E+06-0.308255750E+06-0.304650438E+06-0.301045094E+06-0.297439781E+06
-0.293834469E+06-0.290229156E+06-0.286623812E+06-0.283018500E+06-0.279413188E+06
-0.275807875E+06-0.272202562E+06-0.268597219E+06-0.264991906E+06-0.261386594E+06
-0.257781281E+06-0.254175953E+06-0.250570641E+06-0.246965312E+06-0.243360000E+06
-0.239754688E+06-0.236149359E+06-0.232544047E+06-0.228938719E+06-0.225333406E+06
-0.221728094E+06-0.218122766E+06-0.214517453E+06-0.210912125E+06-0.207306812E+06
-0.203701500E+06-0.200096172E+06-0.196490859E+06-0.192885531E+06-0.189280219E+06
-0.185674891E+06-0.182069578E+06-0.178464266E+06-0.174858938E+06-0.171253625E+06
 0.115927450E+00 0.108270168E+00 0.997217968E-01 0.902299657E-01 0.798724815E-01
 0.688529983E-01 0.574652813E-01 0.460389704E-01 0.372642279E-01 0.338878445E-01
 0.299653616E-01 0.229467843E-01 0.145741794E-01 0.795209408E-02 0.261594122E-02
-0.159672240E-02-0.468743220E-02-0.656456547E-02-0.700074667E-02-0.552974548E-02
-0.125471468E-02 0.286171213E-02 0.453775283E-02 0.445775315E-02 0.293172966E-02
 0.490941929E-04-0.426356401E-02-0.102510080E-01-0.183932967E-01-0.293766465E-01
-0.378455073E-01-0.420299657E-01-0.424801335E-01-0.388962962E-01-0.311209746E-01
-0.185916182E-01-0.336266053E-02 0.910465326E-02 0.196570959E-01 0.288490877E-01
 0.370558538E-01 0.445417501E-01 0.514957979E-01 0.580519997E-01 0.643035769E-01
 0.703138337E-01 0.761243328E-01 0.817606971E-01 0.872367322E-01 0.925572217E-01
 0.977201089E-01 0.102718130E+00 0.107540235E+00 0.112172931E+00 0.116601564E+00
 0.120811544E+00 0.124789491E+00 0.128524274E+00 0.132007822E+00 0.135235667E+00
 0.138207257E+00 0.140925854E+00 0.143398240E+00 0.145634279E+00 0.147646159E+00
 0.116091058E+00 0.107243873E+00 0.971681550E-01 0.857117474E-01 0.728793293E-01
 0.589178391E-01 0.458387285E-01 0.365302376E-01 0.315930806E-01 0.311799198E-01
 0.297310371E-01 0.256976560E-01 0.204479266E-01 0.154245477E-01 0.109713869E-01
 0.721693411E-02 0.426442223E-02 0.223060558E-02 0.125800981E-02 0.150154729E-02
 0.296008377E-02 0.443974370E-02 0.483411783E-02 0.406237878E-02 0.213747495E-02
-0.979492092E-03-0.541928923E-02-0.114478692E-01-0.195477344E-01-0.303649772E-01
-0.387798622E-01-0.429754704E-01-0.434154831E-01-0.399522521E-01-0.323168896E-01
-0.198554639E-01-0.476603303E-02 0.777771883E-02 0.185558107E-01 0.280891787E-01
 0.367172211E-01 0.446736738E-01 0.521249585E-01 0.591911003E-01 0.659582987E-01
 0.724871531E-01 0.788184851E-01 0.849774629E-01 0.909767151E-01 0.968186557E-01
 0.102497317E+00 0.108000055E+00 0.113309078E+00 0.118403152E+00 0.123259351E+00
 0.127854928E+00 0.132169187E+00 0.136185139E+00 0.139890894E+00 0.143280551E+00
 0.146354526E+00 0.149119347E+00 0.151586935E+00 0.153773546E+00 0.155698508E+00
 0.118979521E+00 0.109597422E+00 0.985521674E-01 0.853125900E-01 0.696943998E-01
 0.566246994E-01 0.472864248E-01 0.419101715E-01 0.406751782E-01 0.399729982E-01
 0.381843001E-01 0.353135057E-01 0.317537785E-01 0.279455911E-01 0.242273379E-01
 0.208209269E-01 0.178680327E-01 0.154553512E-01 0.136154667E-01 0.123006497E-01
 0.113376826E-01 0.104259858E-01 0.924885366E-02 0.758152315E-02 0.528868567E-02
 0.228051515E-02-0.151727174E-02-0.616883207E-02-0.116869947E-01-0.177092217E-01
-0.224945284E-01-0.248748064E-01-0.246086940E-01-0.215822048E-01-0.157148037E-01
-0.709415367E-02 0.302567030E-02 0.128807295E-01 0.221469067E-01 0.308515113E-01
 0.390759781E-01 0.469065234E-01 0.544203818E-01 0.616817772E-01 0.687412173E-01
 0.756360218E-01 0.823911875E-01 0.890203342E-01 0.955265313E-01 0.101903044E+00
 0.108134151E+00 0.114196062E+00 0.120058291E+00 0.125685409E+00 0.131039485E+00
 0.136082903E+00 0.140781567E+00 0.145107791E+00 0.149042830E+00 0.152578369E+00
 0.155716985E+00 0.158471376E+00 0.160862744E+00 0.162918493E+00 0.164669812E+00
 0.125460491E+00 0.116577178E+00 0.106000446E+00 0.933464319E-01 0.790967047E-01
 0.688969642E-01 0.634820759E-01 0.601104163E-01 0.569936447E-01 0.538871698E-01
 0.506116226E-01 0.471038967E-01 0.434161425E-01 0.396674797E-01 0.359917320E-01
 0.325049125E-01 0.292913187E-01 0.263982061E-01 0.238316320E-01 0.215519853E-01
 0.194740109E-01 0.174789596E-01 0.154395606E-01 0.132461162E-01 0.108222058E-01
 0.813149940E-02 0.518578384E-02 0.206528232E-02-0.104092923E-02-0.378991058E-02
-0.571551779E-02-0.638010819E-02-0.549516827E-02-0.293520419E-02 0.126581022E-02
 0.688981777E-02 0.135379033E-01 0.207607560E-01 0.282227304E-01 0.357351564E-01
 0.432099849E-01 0.506148078E-01 0.579451174E-01 0.652086958E-01 0.724168494E-01
 0.795793757E-01 0.867014900E-01 0.937817693E-01 0.100810699E+00 0.107769415E+00
 0.114628896E+00 0.121349499E+00 0.127881452E+00 0.134166479E+00 0.140141085E+00
 0.145741373E+00 0.150908813E+00 0.155596256E+00 0.159772739E+00 0.163426548E+00
 0.166565597E+00 0.169215545E+00 0.171415716E+00 0.173214063E+00 0.174662113E+00
 0.135874614E+00 0.128466219E+00 0.119419269E+00 0.108938828E+00 0.982205868E-01
 0.904533640E-01 0.839285180E-01 0.782356262E-01 0.730971918E-01 0.683129877E-01
 0.637450218E-01 0.593143031E-01 0.549944267E-01 0.507977307E-01 0.467577428E-01
 0.429131687E-01 0.392960273E-01 0.359239951E-01 0.327961072E-01 0.298915636E-01
 0.271720737E-01 0.245882496E-01 0.220892467E-01 0.196336135E-01 0.171992984E-01
 0.147923827E-01 0.124553600E-01 0.102753323E-01 0.838952512E-02 0.698090950E-02
 0.625618268E-02 0.640865834E-02 0.758142583E-02 0.984346401E-02 0.131797409E-01
 0.174941104E-01 0.226286370E-01 0.283993632E-01 0.346345790E-01 0.411981530E-01
 0.479942150E-01 0.549608544E-01 0.620607585E-01 0.692725778E-01 0.765841156E-01
 0.839871392E-01 0.914733559E-01 0.990310088E-01 0.106641784E+00 0.114277683E+00
 0.121897794E+00 0.129445300E+00 0.136845306E+00 0.144005001E+00 0.150817513E+00
 0.157170683E+00 0.162959501E+00 0.168099284E+00 0.172536492E+00 0.176254973E+00
 0.179276600E+00 0.181656078E+00 0.183470786E+00 0.184808537E+00 0.185756564E+00
 0.150896877E+00 0.146105066E+00 0.136986703E+00 0.126857355E+00 0.117395326E+00
 0.108777538E+00 0.101021923E+00 0.940083712E-01 0.875943452E-01 0.816535130E-01
 0.760862157E-01 0.708217248E-01 0.658164024E-01 0.610487647E-01 0.565127209E-01
 0.522104390E-01 0.481460392E-01 0.443208963E-01 0.407307893E-01 0.373650938E-01
 0.342079699E-01 0.312414523E-01 0.284499303E-01 0.258254334E-01 0.233729240E-01
 0.211150367E-01 0.190957133E-01 0.173819177E-01 0.160621610E-01 0.152404066E-01
 0.150248734E-01 0.155134061E-01 0.167790353E-01 0.188593511E-01 0.217519030E-01
 0.254162773E-01 0.297825262E-01 0.347640030E-01 0.402710810E-01 0.462220013E-01
 0.525489636E-01 0.591997989E-01 0.661366582E-01 0.733333156E-01 0.807719752E-01
 0.884400830E-01 0.963271782E-01 0.104421623E+00 0.112706922E+00 0.121157035E+00
 0.129730299E+00 0.138361380E+00 0.146951705E+00 0.155360937E+00 0.163406372E+00
 0.170878991E+00 0.177576095E+00 0.183335856E+00 0.188060611E+00 0.191728473E+00
 0.194396138E+00 0.196188420E+00 0.197270393E+00 0.197811902E+00 0.197961643E+00
 0.164324880E+00 0.161272720E+00 0.152409792E+00 0.141887307E+00 0.132145569E+00
 0.123133294E+00 0.114798196E+00 0.107080005E+00 0.999090970E-01 0.932151750E-01
 0.869350061E-01 0.810167119E-01 0.754210949E-01 0.701208338E-01 0.650982633E-01
 0.603425466E-01 0.558468662E-01 0.516060665E-01 0.476151779E-01 0.438689142E-01
 0.403621867E-01 0.370915681E-01 0.340574495E-01 0.312665701E-01 0.287345871E-01
 0.264881775E-01 0.245663095E-01 0.230201297E-01 0.219109710E-01 0.213060509E-01
 0.212718267E-01 0.218657423E-01 0.231292564E-01 0.250835661E-01 0.277290158E-01
 0.310468506E-01 0.350030214E-01 0.395535193E-01 0.446501784E-01 0.502459519E-01
 0.562987588E-01 0.627737939E-01 0.696443617E-01 0.768916905E-01 0.845041052E-01
 0.924757943E-01 0.100805297E+00 0.109493546E+00 0.118541241E+00 0.127944738E+00
 0.137689233E+00 0.147736430E+00 0.158001855E+00 0.168314055E+00 0.178360358E+00
 0.187690735E+00 0.195859537E+00 0.202554420E+00 0.207603797E+00 0.210965171E+00
 0.212756202E+00 0.213288248E+00 0.212975860E+00 0.212167561E+00 0.211093038E+00
 0.174179971E+00 0.172071606E+00 0.163499415E+00 0.153147444E+00 0.143400460E+00
 0.134234577E+00 0.125624508E+00 0.117536187E+00 0.109930344E+00 0.102765970E+00
 0.960037932E-01 0.896088034E-01 0.835517347E-01 0.778094307E-01 0.723644719E-01
 0.672042370E-01 0.623198822E-01 0.577053614E-01 0.533568002E-01 0.492722765E-01
 0.454520993E-01 0.418995135E-01 0.386217535E-01 0.356312655E-01 0.329469815E-01
 0.305953119E-01 0.286107995E-01 0.270361416E-01 0.259213373E-01 0.253214892E-01
 0.252917185E-01 0.258747060E-01 0.270956382E-01 0.289607663E-01 0.314656310E-01
 0.345976129E-01 0.383374020E-01 0.426609926E-01 0.475420840E-01 0.529546030E-01
 0.588749498E-01 0.652837679E-01 0.721671954E-01 0.795176700E-01 0.873344988E-01
 0.956241935E-01 0.104400873E+00 0.113686681E+00 0.123512298E+00 0.133917451E+00
 0.144951031E+00 0.156669632E+00 0.169132084E+00 0.182381660E+00 0.196294889E+00
 0.209229484E+00 0.219855711E+00 0.227994844E+00 0.233494341E+00 0.236168981E+00
 0.235822365E+00 0.233192906E+00 0.230230480E+00 0.227314010E+00 0.224548981E+00
 0.180977941E+00 0.179379746E+00 0.171324611E+00 0.161252066E+00 0.151642546E+00
 0.142499223E+00 0.133812681E+00 0.125564918E+00 0.117733404E+00 0.110293888E+00
 0.103222400E+00 0.964967310E-01 0.900973976E-01 0.840081125E-01 0.782159045E-01
 0.727110133E-01 0.674865842E-01 0.625383705E-01 0.578645915E-01 0.534658916E-01
 0.493455157E-01 0.455096960E-01 0.419681817E-01 0.387348495E-01 0.358283855E-01
 0.332729332E-01 0.310988408E-01 0.293437336E-01 0.280546658E-01 0.272931233E-01
 0.271472279E-01 0.276625603E-01 0.288525615E-01 0.306787957E-01 0.331224017E-01
 0.361708589E-01 0.398117974E-01 0.440318622E-01 0.488172658E-01 0.541548990E-01
 0.600336082E-01 0.664455071E-01 0.733872280E-01 0.808611587E-01 0.888767391E-01
 0.974519998E-01 0.106615484E+00 0.116408959E+00 0.126891315E+00 0.138144597E+00
 0.150283575E+00 0.163472176E+00 0.177953705E+00 0.194109827E+00 0.212205470E+00
 0.228774235E+00 0.242034897E+00 0.251928747E+00 0.258320004E+00 0.260809273E+00
 0.259198308E+00 0.253349096E+00 0.247137576E+00 0.241745695E+00 0.237117842E+00
 0.185438409E+00 0.184127167E+00 0.176478714E+00 0.166687310E+00 0.157283589E+00
 0.148274615E+00 0.139645860E+00 0.131381929E+00 0.123467967E+00 0.115889832E+00
 0.108634248E+00 0.101688996E+00 0.950432420E-01 0.886877999E-01 0.826153159E-01
 0.768203959E-01 0.712996498E-01 0.660516620E-01 0.610770956E-01 0.563787147E-01
 0.519615449E-01 0.478330739E-01 0.440034829E-01 0.404858962E-01 0.372965820E-01
 0.344550572E-01 0.319840088E-01 0.299088918E-01 0.282568187E-01 0.270537734E-01
 0.266656578E-01 0.271021090E-01 0.284325890E-01 0.303201545E-01 0.327791311E-01
 0.358192176E-01 0.394387580E-01 0.436328836E-01 0.483962633E-01 0.537242033E-01
 0.596135519E-01 0.660637319E-01 0.730779171E-01 0.806643516E-01 0.888379216E-01
 0.976221040E-01 0.107051454E+00 0.117175058E+00 0.128061354E+00 0.139805242E+00
 0.152538598E+00 0.166445762E+00 0.181785926E+00 0.198918998E+00 0.218301490E+00
 0.237931743E+00 0.253661066E+00 0.265335888E+00 0.272985488E+00 0.276548147E+00
 0.275551975E+00 0.269817710E+00 0.260774523E+00 0.253268093E+00 0.247157052E+00
 0.187956110E+00 0.186865777E+00 0.179184094E+00 0.169691727E+00 0.160607368E+00
 0.151851982E+00 0.143394068E+00 0.135219812E+00 0.127322748E+00 0.119698986E+00
 0.112345286E+00 0.105258562E+00 0.984359160E-01 0.918748677E-01 0.855736583E-01
 0.795314461E-01 0.737485439E-01 0.682265535E-01 0.629685223E-01 0.579790585E-01
 0.532644242E-01 0.488326699E-01 0.446936935E-01 0.408592857E-01 0.373430885E-01
 0.341604128E-01 0.313278995E-01 0.288628936E-01 0.267825071E-01 0.254392959E-01
 0.248604659E-01 0.250758734E-01 0.261250138E-01 0.280529112E-01 0.305227693E-01
 0.335899442E-01 0.372341648E-01 0.414491631E-01 0.462341532E-01 0.515896343E-01
 0.575170070E-01 0.640190914E-01 0.711012185E-01 0.787723958E-01 0.870467871E-01
 0.959452614E-01 0.105497420E+00 0.115744099E+00 0.126740634E+00 0.138561130E+00
 0.151303858E+00 0.165097877E+00 0.180110037E+00 0.196551263E+00 0.214681685E+00
 0.234716088E+00 0.252080441E+00 0.265194535E+00 0.274164706E+00 0.279027611E+00
 0.279900938E+00 0.276292413E+00 0.268146217E+00 0.259643614E+00 0.253055662E+00
 0.187378630E+00 0.185967892E+00 0.179089457E+00 0.170424014E+00 0.161927626E+00
 0.153566018E+00 0.145363584E+00 0.137341872E+00 0.129516602E+00 0.121898904E+00
 0.114496663E+00 0.107315503E+00 0.100359604E+00 0.936323553E-01 0.871368647E-01
 0.808763430E-01 0.748544410E-01 0.690754876E-01 0.635446757E-01 0.582682006E-01
 0.532533452E-01 0.485085584E-01 0.440434590E-01 0.398687720E-01 0.359962136E-01
 0.324382223E-01 0.292076189E-01 0.263170488E-01 0.241033603E-01 0.225874744E-01
 0.217930526E-01 0.217452012E-01 0.224689022E-01 0.239844359E-01 0.262983218E-01
 0.294939578E-01 0.332132392E-01 0.374792553E-01 0.423107222E-01 0.477149077E-01
 0.536958352E-01 0.602562316E-01 0.673993975E-01 0.751305446E-01 0.834577456E-01
 0.923928320E-01 0.101952210E+00 0.112157725E+00 0.123037510E+00 0.134626493E+00
 0.146966562E+00 0.160105541E+00 0.174094930E+00 0.188986510E+00 0.204832852E+00
 0.221720576E+00 0.238802329E+00 0.251834482E+00 0.261303782E+00 0.267466366E+00
 0.270200104E+00 0.269769847E+00 0.265750974E+00 0.258967787E+00 0.253778338E+00
 0.186053157E+00 0.184094876E+00 0.177773327E+00 0.169936910E+00 0.161938071E+00
 0.153904259E+00 0.145919934E+00 0.138034701E+00 0.130280092E+00 0.122677498E+00
 0.115242235E+00 0.107985809E+00 0.100917242E+00 0.940440446E-01 0.873728767E-01
 0.809100047E-01 0.746616945E-01 0.686344653E-01 0.628352910E-01 0.572717153E-01
 0.519519560E-01 0.468849316E-01 0.420802422E-01 0.375481062E-01 0.332992226E-01
 0.293445364E-01 0.256949328E-01 0.226733349E-01 0.202965476E-01 0.185851790E-01
 0.175625365E-01 0.172537360E-01 0.176851470E-01 0.188845452E-01 0.208835229E-01
 0.237263013E-01 0.274646170E-01 0.317415074E-01 0.366199128E-01 0.420843214E-01
 0.481344573E-01 0.547662973E-01 0.619764961E-01 0.697631165E-01 0.781253204E-01
 0.870630071E-01 0.965764895E-01 0.106665850E+00 0.117329769E+00 0.128563508E+00
 0.140355244E+00 0.152679965E+00 0.165488973E+00 0.178691208E+00 0.192116871E+00
 0.205437765E+00 0.218026951E+00 0.229072288E+00 0.238080382E+00 0.244883373E+00
 0.249460608E+00 0.251899004E+00 0.252451003E+00 0.251679361E+00 0.250379413E+00
 0.185694993E+00 0.183788359E+00 0.177098572E+00 0.169138074E+00 0.161184311E+00
 0.153246954E+00 0.145354033E+00 0.137533709E+00 0.129809916E+00 0.122201964E+00
 0.114725381E+00 0.107392877E+00 0.100215152E+00 0.932015851E-01 0.863607079E-01
 0.797006786E-01 0.732294843E-01 0.669552460E-01 0.608863272E-01 0.550314300E-01
 0.493996479E-01 0.440004766E-01 0.388438180E-01 0.339399241E-01 0.292993132E-01
 0.249325801E-01 0.211496186E-01 0.179645848E-01 0.153961955E-01 0.134666078E-01
 0.122003816E-01 0.116235977E-01 0.117631378E-01 0.126461880E-01 0.142998509E-01
 0.167501848E-01 0.200178139E-01 0.241091866E-01 0.291165840E-01 0.346681289E-01
 0.408268385E-01 0.475661010E-01 0.548734628E-01 0.627409965E-01 0.711600408E-01
 0.801197812E-01 0.896063671E-01 0.996017531E-01 0.110081770E+00 0.121013366E+00
 0.132350311E+00 0.144027129E+00 0.155950263E+00 0.167986065E+00 0.179946288E+00
 0.191576943E+00 0.202567428E+00 0.212598473E+00 0.221409783E+00 0.228840038E+00
 0.234832361E+00 0.239430711E+00 0.242777869E+00 0.245100737E+00 0.246660903E+00
 0.184089199E+00 0.182098314E+00 0.175561875E+00 0.167565972E+00 0.159593731E+00
 0.151661724E+00 0.143782571E+00 0.135970041E+00 0.128237784E+00 0.120598689E+00
 0.113064565E+00 0.105646230E+00 0.983536541E-01 0.911962539E-01 0.841831043E-01
 0.773231536E-01 0.706254244E-01 0.640991554E-01 0.577538274E-01 0.515992008E-01
 0.456452332E-01 0.399020575E-01 0.343800560E-01 0.290899258E-01 0.240426492E-01
 0.195353907E-01 0.155806486E-01 0.121963006E-01 0.940444414E-02 0.723027484E-02
 0.570102595E-02 0.484498730E-02 0.469063874E-02 0.526589202E-02 0.659743045E-02
 0.871008169E-02 0.116262827E-01 0.153665822E-01 0.199537855E-01 0.253942478E-01
 0.317809433E-01 0.386951827E-01 0.461498238E-01 0.541497283E-01 0.626833364E-01
 0.717318580E-01 0.812711865E-01 0.912712216E-01 0.101694241E+00 0.112492666E+00
 0.123606130E+00 0.134957865E+00 0.146450639E+00 0.157963008E+00 0.169347435E+00
 0.180433080E+00 0.191035703E+00 0.200975299E+00 0.210096523E+00 0.218285561E+00
 0.225479499E+00 0.231668532E+00 0.236891642E+00 0.241225511E+00 0.244767040E+00
 0.181886509E+00 0.179813668E+00 0.173126042E+00 0.165073693E+00 0.157072410E+00
 0.149125144E+00 0.141235173E+00 0.133406907E+00 0.125646129E+00 0.117959730E+00
 0.110355370E+00 0.102841139E+00 0.954253450E-01 0.881165415E-01 0.809235200E-01
 0.738554448E-01 0.669219196E-01 0.601330958E-01 0.534996428E-01 0.470325872E-01
 0.407429151E-01 0.346411467E-01 0.287379529E-01 0.230445694E-01 0.178450886E-01
 0.131507600E-01 0.897921808E-02 0.535330269E-02 0.229986268E-02-0.151409113E-03
-0.196911674E-02-0.312123401E-02-0.357607869E-02-0.330315134E-02-0.227378099E-02
-0.461502175E-03 0.215799175E-02 0.560759893E-02 0.991055649E-02 0.150929410E-01
 0.211936161E-01 0.282583106E-01 0.358636864E-01 0.440566130E-01 0.527894795E-01
 0.620282702E-01 0.717408508E-01 0.818903893E-01 0.924331248E-01 0.103316911E+00
 0.114479758E+00 0.125848159E+00 0.137335718E+00 0.148842514E+00 0.160255849E+00
 0.171453148E+00 0.182307363E+00 0.192694247E+00 0.202500463E+00 0.211630628E+00
 0.220012143E+00 0.227597058E+00 0.234361216E+00 0.240300760E+00 0.245427266E+00
 0.178731546E+00 0.176526874E+00 0.169673741E+00 0.161577940E+00 0.153566808E+00
 0.145621270E+00 0.137730926E+00 0.129890874E+00 0.122100718E+00 0.114363216E+00
 0.106683068E+00 0.990662351E-01 0.915195346E-01 0.840504616E-01 0.766672194E-01
 0.693788081E-01 0.621952005E-01 0.551275499E-01 0.481883511E-01 0.413912535E-01
 0.347498283E-01 0.282727797E-01 0.219696220E-01 0.161099508E-01 0.107033597E-01
 0.576726627E-02 0.132559182E-02-0.259253988E-02-0.595407980E-02-0.872332510E-02
-0.108631691E-01-0.123363053E-01-0.131063564E-01-0.131388595E-01-0.124020725E-01
-0.108675221E-01-0.851024501E-02-0.530869467E-02-0.124439015E-02 0.369836809E-02
 0.953204185E-02 0.162613075E-01 0.238729604E-01 0.324483700E-01 0.415190719E-01
 0.510777310E-01 0.611075275E-01 0.715725943E-01 0.824280307E-01 0.936224014E-01
 0.105097815E+00 0.116789237E+00 0.128623918E+00 0.140521228E+00 0.152393222E+00
 0.164145932E+00 0.175681546E+00 0.186901018E+00 0.197706789E+00 0.208005235E+00
 0.217708394E+00 0.226735175E+00 0.235012382E+00 0.242475793E+00 0.249072060E+00
 0.174187437E+00 0.171747833E+00 0.165007144E+00 0.156975091E+00 0.149043828E+00
 0.141164720E+00 0.133314252E+00 0.125485018E+00 0.117676713E+00 0.109892175E+00
 0.102135763E+00 0.944126770E-01 0.867287591E-01 0.790904835E-01 0.715050995E-01
 0.639808774E-01 0.565274842E-01 0.491566323E-01 0.418832749E-01 0.347282514E-01
 0.277243145E-01 0.208582617E-01 0.143786706E-01 0.829189457E-02 0.261498778E-02
-0.262678694E-02-0.740161305E-02-0.116724977E-01-0.153986001E-01-0.185365863E-01
-0.210419949E-01-0.228706300E-01-0.239798669E-01-0.243298803E-01-0.238846689E-01
-0.226128660E-01-0.204882380E-01-0.174898542E-01-0.136019345E-01-0.881333835E-02
-0.311664841E-02 0.349355978E-02 0.110251606E-01 0.195006281E-01 0.289517958E-01
 0.389054194E-01 0.493932590E-01 0.603444725E-01 0.717038363E-01 0.834205076E-01
 0.954430029E-01 0.107716896E+00 0.120183669E+00 0.132780075E+00 0.145437911E+00
 0.158083901E+00 0.170639515E+00 0.183020666E+00 0.195136964E+00 0.206890509E+00
 0.218174592E+00 0.228872761E+00 0.238859624E+00 0.248004675E+00 0.256180137E+00
 0.168186814E+00 0.165289402E+00 0.158804640E+00 0.151252165E+00 0.143594548E+00
 0.135865286E+00 0.128092125E+00 0.120291129E+00 0.112472691E+00 0.104644231E+00
 0.968116149E-01 0.889799073E-01 0.811539143E-01 0.733386353E-01 0.655395389E-01
 0.577628985E-01 0.500159338E-01 0.423068069E-01 0.346439928E-01 0.270345770E-01
 0.197344683E-01 0.127125038E-01 0.599612296E-02-0.388051965E-03-0.640942669E-02
-0.120319193E-01-0.172139201E-01-0.219089724E-01-0.260668695E-01-0.296349935E-01
-0.325598381E-01-0.347885750E-01-0.362706445E-01-0.369592682E-01-0.368127599E-01
-0.357956141E-01-0.338792540E-01-0.310423970E-01-0.272710118E-01-0.225578044E-01
-0.169012826E-01-0.103044072E-01-0.277302298E-02 0.568490522E-02 0.150555158E-01
 0.253090039E-01 0.365219377E-01 0.481676832E-01 0.602212921E-01 0.726503059E-01
 0.854180381E-01 0.984847918E-01 0.111808218E+00 0.125343248E+00 0.139041603E+00
 0.152850747E+00 0.166712359E+00 0.180559695E+00 0.194313720E+00 0.207877785E+00
 0.221130878E+00 0.233920276E+00 0.246056348E+00 0.257314146E+00 0.267447829E+00
 0.162097543E+00 0.158816114E+00 0.152478471E+00 0.145124555E+00 0.137602046E+00
 0.129956737E+00 0.122227773E+00 0.114438400E+00 0.106602028E+00 0.987265185E-01
 0.908166319E-01 0.828755200E-01 0.749056563E-01 0.669094324E-01 0.588896535E-01
 0.508500040E-01 0.427955203E-01 0.347330272E-01 0.266704746E-01 0.188602656E-01
 0.112924958E-01 0.396751473E-02-0.309837563E-02-0.987801328E-02-0.163353421E-01
-0.224264972E-01-0.281007849E-01-0.333018266E-01-0.379689373E-01-0.420387350E-01
-0.454469286E-01-0.481302328E-01-0.500282981E-01-0.510856137E-01-0.512531772E-01
-0.504899137E-01-0.487637185E-01-0.460520163E-01-0.423417725E-01-0.376290046E-01
-0.319176540E-01-0.252179764E-01-0.175444148E-01-0.891300943E-02 0.661912491E-03
 0.111736013E-01 0.226361696E-01 0.350768454E-01 0.479501002E-01 0.612301193E-01
 0.748904720E-01 0.889047533E-01 0.103247017E+00 0.117891826E+00 0.132813826E+00
 0.147986546E+00 0.163380355E+00 0.178958729E+00 0.194672525E+00 0.210450590E+00
 0.226185456E+00 0.241712153E+00 0.256779313E+00 0.271020710E+00 0.283958524E+00
 0.156409249E+00 0.152916744E+00 0.146389917E+00 0.138861209E+00 0.131255105E+00
 0.123577282E+00 0.115833290E+00 0.108027831E+00 0.100163251E+00 0.922397971E-01
 0.842563435E-01 0.762111321E-01 0.681022406E-01 0.599279255E-01 0.516868345E-01
 0.433784239E-01 0.350042507E-01 0.265722964E-01 0.183269531E-01 0.102568539E-01
 0.236102147E-02-0.535057113E-02-0.128562842E-01-0.201233849E-01-0.271088723E-01
-0.337604322E-01-0.400175564E-01-0.458128862E-01-0.510738753E-01-0.557246841E-01
-0.596883483E-01-0.628891066E-01-0.652547926E-01-0.667192042E-01-0.672242343E-01
-0.667217299E-01-0.651748478E-01-0.625588447E-01-0.588612445E-01-0.540812351E-01
-0.482283942E-01-0.413206853E-01-0.333817750E-01-0.244377367E-01-0.145130493E-01
-0.362590514E-02 0.821686815E-02 0.210230146E-01 0.348188952E-01 0.490536727E-01
 0.637087822E-01 0.787695870E-01 0.942262113E-01 0.110074222E+00 0.126314819E+00
 0.142954424E+00 0.160003722E+00 0.177475497E+00 0.195380598E+00 0.213720351E+00
 0.232472256E+00 0.251563013E+00 0.270812631E+00 0.289797336E+00 0.307508141E+00
 0.150350377E+00 0.146635622E+00 0.139773354E+00 0.132098347E+00 0.124405824E+00
 0.116683513E+00 0.108920448E+00 0.101104915E+00 0.932253972E-01 0.852711722E-01
 0.772325993E-01 0.691012740E-01 0.608699173E-01 0.525319576E-01 0.440805852E-01
 0.355065688E-01 0.267931111E-01 0.181940403E-01 0.969852600E-02 0.130174332E-02
-0.699153170E-02-0.151653597E-01-0.231919698E-01-0.310317222E-01-0.386334956E-01
-0.459354259E-01-0.528659895E-01-0.593454689E-01-0.652878135E-01-0.706028491E-01
-0.751988962E-01-0.789855421E-01-0.818766281E-01-0.837931558E-01-0.846660361E-01
-0.844384432E-01-0.830676109E-01-0.805259198E-01-0.768012330E-01-0.718962401E-01
-0.658270344E-01-0.586207360E-01-0.503124297E-01-0.409413502E-01-0.305466000E-01
-0.191624463E-01-0.681347167E-02 0.649024453E-02 0.207582098E-01 0.360252112E-01
 0.517375842E-01 0.678897798E-01 0.844855756E-01 0.101541042E+00 0.119085073E+00
 0.137160197E+00 0.155823991E+00 0.175151065E+00 0.195235595E+00 0.216194049E+00
 0.238168284E+00 0.261329025E+00 0.285879225E+00 0.312032431E+00 0.338540971E+00
 0.143312737E+00 0.139318064E+00 0.132388607E+00 0.124618977E+00 0.116893791E+00
 0.109185271E+00 0.101461187E+00 0.936906412E-01 0.858465135E-01 0.779061839E-01
 0.698513836E-01 0.616676994E-01 0.533441156E-01 0.448727384E-01 0.362490080E-01
 0.274729300E-01 0.185527131E-01 0.970324688E-02 0.892271870E-03-0.789182354E-02
-0.166444220E-01-0.253463555E-01-0.339645259E-01-0.424522497E-01-0.507496893E-01
-0.587845482E-01-0.664731711E-01-0.737220794E-01-0.804300755E-01-0.864907876E-01
-0.917957127E-01-0.962375998E-01-0.997140706E-01-0.102131195E+00-0.103406996E+00
-0.103474364E+00-0.102283455E+00-0.998031422E-01-0.960215554E-01-0.909454301E-01
-0.845984966E-01-0.770187601E-01-0.682548955E-01-0.583619438E-01-0.473964028E-01
-0.354110487E-01-0.224495549E-01-0.854111649E-02 0.630499050E-02 0.221049599E-01
 0.389065035E-01 0.561488718E-01 0.738396049E-01 0.920137912E-01 0.110725835E+00
 0.130049840E+00 0.150083676E+00 0.170955673E+00 0.192834109E+00 0.215940654E+00
 0.240570664E+00 0.267125309E+00 0.296169341E+00 0.328552365E+00 0.362586260E+00
 0.135282516E+00 0.130982906E+00 0.123936377E+00 0.116174564E+00 0.108554155E+00
 0.101000950E+00 0.934447274E-01 0.858287886E-01 0.781097561E-01 0.702550411E-01
 0.622402988E-01 0.540473424E-01 0.456627347E-01 0.370768309E-01 0.282832813E-01
 0.192788877E-01 0.102467351E-01 0.116730551E-02-0.797232054E-02-0.171739087E-01
-0.264262166E-01-0.357040465E-01-0.449676998E-01-0.541626886E-01-0.632197931E-01
-0.720555335E-01-0.805731788E-01-0.886643305E-01-0.962112099E-01-0.103089564E+00
-0.109172188E+00-0.114332967E+00-0.118451186E+00-0.121416025E+00-0.123130739E+00
-0.123516440E+00-0.122515120E+00-0.120091543E+00-0.116234079E+00-0.110954091E+00
-0.104284085E+00-0.962745771E-01-0.869898945E-01-0.765031502E-01-0.648906007E-01
-0.522256680E-01-0.385728441E-01-0.239816997E-01-0.848120172E-02 0.792516023E-02
 0.252622757E-01 0.435809419E-01 0.622564927E-01 0.813735873E-01 0.101011999E+00
 0.121264219E+00 0.142246917E+00 0.164111555E+00 0.187057018E+00 0.211346686E+00
 0.237331614E+00 0.265481204E+00 0.296417356E+00 0.330934912E+00 0.368147641E+00
 0.125778705E+00 0.121108897E+00 0.113873348E+00 0.106427245E+00 0.992418826E-01
 0.921216533E-01 0.849473029E-01 0.776456445E-01 0.701696873E-01 0.624876693E-01
 0.545771085E-01 0.464215577E-01 0.380086787E-01 0.293290298E-01 0.203752294E-01
 0.113210585E-01 0.213772384E-02-0.719344988E-02-0.166808069E-01-0.263210349E-01
-0.360977352E-01-0.459801555E-01-0.559221357E-01-0.658613965E-01-0.757192150E-01
-0.854006559E-01-0.947954506E-01-0.103779569E+00-0.112217702E+00-0.119966514E+00
-0.126878679E+00-0.132807612E+00-0.137612626E+00-0.141164303E+00-0.143349618E+00
-0.144076601E+00-0.143278092E+00-0.140914246E+00-0.136973634E+00-0.131472722E+00
-0.124453731E+00-0.115981102E+00-0.106136575E+00-0.950133651E-01-0.827095807E-01
-0.693213195E-01-0.549355075E-01-0.396226086E-01-0.234288983E-01-0.636744173E-02
 0.115943449E-01 0.305558052E-01 0.499277003E-01 0.697212070E-01 0.899797603E-01
 0.110775113E+00 0.132207558E+00 0.154410034E+00 0.177556187E+00 0.201873049E+00
 0.227660671E+00 0.255322456E+00 0.285413653E+00 0.318713218E+00 0.354627848E+00
 0.112705305E+00 0.107076339E+00 0.101151243E+00 0.951769426E-01 0.890995413E-01
 0.828064978E-01 0.762553588E-01 0.694232956E-01 0.622948781E-01 0.548582189E-01
 0.471034944E-01 0.390224271E-01 0.306081120E-01 0.218541753E-01 0.129322847E-01
 0.380889489E-02-0.554127246E-02-0.151342135E-01-0.249754172E-01-0.350583717E-01
-0.453629754E-01-0.558539592E-01-0.664795116E-01-0.771701634E-01-0.878381804E-01
-0.983775035E-01-0.108664460E+00-0.118559398E+00-0.127909228E+00-0.136551097E+00
-0.144316897E+00-0.151038751E+00-0.156555057E+00-0.160716742E+00-0.163393512E+00
-0.164479420E+00-0.163897485E+00-0.161602810E+00-0.157584071E+00-0.151863039E+00
-0.144492298E+00-0.135551125E+00-0.125139892E+00-0.113373443E+00-0.100373656E+00
-0.862617195E-01-0.711504743E-01-0.551370196E-01-0.382957980E-01-0.206723940E-01
-0.227843970E-02 0.169106852E-01 0.369504914E-01 0.572797731E-01 0.779211521E-01
 0.989266783E-01 0.120367825E+00 0.142333522E+00 0.164931387E+00 0.188290179E+00
 0.212563515E+00 0.237936169E+00 0.264640689E+00 0.293031812E+00 0.323093414E+00
 0.987748131E-01 0.918735862E-01 0.878334790E-01 0.839153603E-01 0.791663080E-01
 0.738053024E-01 0.679377615E-01 0.616152771E-01 0.548635870E-01 0.476947315E-01
 0.401130319E-01 0.321189277E-01 0.237139240E-01 0.150758922E-01 0.617148634E-02
-0.302778184E-02-0.125438645E-01-0.223904066E-01-0.325708836E-01-0.430766791E-01
-0.538850985E-01-0.649574474E-01-0.762372762E-01-0.876489431E-01-0.990966409E-01
-0.110464104E+00-0.121615164E+00-0.132395312E+00-0.142634392E+00-0.152150586E+00
-0.160755441E+00-0.168260023E+00-0.174481854E+00-0.179252222E+00-0.182423368E+00
-0.183875129E+00-0.183520392E+00-0.181308955E+00-0.177229360E+00-0.171308622E+00
-0.163609579E+00-0.154226437E+00-0.143278390E+00-0.130902231E+00-0.117243975E+00
-0.102450483E+00-0.866611823E-01-0.700004622E-01-0.525709279E-01-0.344478339E-01
-0.156749710E-01 0.373752345E-02 0.238126107E-01 0.446020775E-01 0.654481947E-01
 0.864199474E-01 0.107567355E+00 0.128931925E+00 0.150547221E+00 0.172432795E+00
 0.194580242E+00 0.216924563E+00 0.239283592E+00 0.261224806E+00 0.281844556E+00
 0.891236216E-01 0.817755908E-01 0.781619921E-01 0.748421103E-01 0.707527325E-01
 0.659895912E-01 0.606253035E-01 0.547105409E-01 0.482775308E-01 0.413442329E-01
 0.339165218E-01 0.259866994E-01 0.177605636E-01 0.921315514E-02 0.316936697E-03
-0.895346794E-02-0.186182279E-01-0.286898557E-01-0.391708985E-01-0.500516631E-01
-0.613078997E-01-0.728985667E-01-0.847637355E-01-0.968228206E-01-0.108973324E+00
-0.121090263E+00-0.133026555E+00-0.144614547E+00-0.155668795E+00-0.165990219E+00
-0.175371751E+00-0.183604985E+00-0.190488040E+00-0.195833683E+00-0.199477613E+00
-0.201286092E+00-0.201162159E+00-0.199050277E+00-0.194938585E+00-0.188858613E+00
-0.180882677E+00-0.171118811E+00-0.159703806E+00-0.146795005E+00-0.132561132E+00
-0.117173113E+00-0.100795120E+00-0.835764408E-01-0.656442940E-01-0.470975451E-01
-0.280011352E-01-0.838001911E-02 0.117896069E-01 0.325975306E-01 0.533962697E-01
 0.741506368E-01 0.948503986E-01 0.115485504E+00 0.136032596E+00 0.156443000E+00
 0.176627487E+00 0.196435481E+00 0.215628237E+00 0.233854905E+00 0.250656426E+00
 0.826993808E-01 0.751464963E-01 0.712693483E-01 0.680862889E-01 0.642483383E-01
 0.597778037E-01 0.547049083E-01 0.490564406E-01 0.428531133E-01 0.361098349E-01
 0.288387239E-01 0.210565887E-01 0.129456753E-01 0.446313061E-02-0.442545908E-02
-0.137481317E-01-0.235261470E-01-0.337724984E-01-0.444898978E-01-0.556684770E-01
-0.672833398E-01-0.792920738E-01-0.916324407E-01-0.104220331E+00-0.116948210E+00
-0.129684359E+00-0.142273113E+00-0.154536203E+00-0.166275725E+00-0.177278429E+00
-0.187321633E+00-0.196180627E+00-0.203636959E+00-0.209487528E+00-0.213553697E+00
-0.215689734E+00-0.215789869E+00-0.213793516E+00-0.209687933E+00-0.203508109E+00
-0.195334032E+00-0.185285240E+00-0.173513383E+00-0.160193235E+00-0.145512953E+00
-0.129664093E+00-0.112832263E+00-0.951884985E-01-0.768820569E-01-0.580345169E-01
-0.387353972E-01-0.190395042E-01 0.103311928E-02 0.214915257E-01 0.423530936E-01
 0.629094616E-01 0.831775665E-01 0.103141882E+00 0.122762129E+00 0.141971484E+00
 0.160671040E+00 0.178723305E+00 0.195947841E+00 0.212123588E+00 0.227002993E+00
 0.780598074E-01 0.703583509E-01 0.664792731E-01 0.633237511E-01 0.595719740E-01
 0.552300401E-01 0.503076911E-01 0.448137820E-01 0.387536138E-01 0.321268886E-01
 0.249248240E-01 0.173442531E-01 0.936647784E-02 0.964057865E-03-0.789173413E-02
-0.172270183E-01-0.270626098E-01-0.374116115E-01-0.482769832E-01-0.596490167E-01
-0.715026855E-01-0.837950259E-01-0.964625403E-01-0.109419033E+00-0.122553840E+00
-0.135730878E+00-0.148788676E+00-0.161541805E+00-0.173783675E+00-0.185290992E+00
-0.195830002E+00-0.205164045E+00-0.213062540E+00-0.219310552E+00-0.223718539E+00
-0.226131469E+00-0.226436496E+00-0.224568635E+00-0.220513806E+00-0.214308903E+00
-0.206038937E+00-0.195831463E+00-0.183848724E+00-0.170278236E+00-0.155322462E+00
-0.139188483E+00-0.122078083E+00-0.104178987E+00-0.856574029E-01-0.666520745E-01
-0.472697131E-01-0.275814515E-01-0.761933578E-02 0.126294177E-01 0.332364514E-01
 0.535084233E-01 0.733726919E-01 0.927795693E-01 0.111677229E+00 0.130000487E+00
 0.147665471E+00 0.164567694E+00 0.180583268E+00 0.195574075E+00 0.209397361E+00
 0.751095116E-01 0.673268735E-01 0.635121614E-01 0.603329092E-01 0.565870367E-01
 0.522884466E-01 0.474406034E-01 0.420422778E-01 0.360891856E-01 0.295747574E-01
 0.224904809E-01 0.150317801E-01 0.716168713E-02-0.115409005E-02-0.994702987E-02
-0.192445219E-01-0.290681049E-01-0.394314043E-01-0.503378063E-01-0.617779382E-01
-0.737269893E-01-0.861420035E-01-0.989592448E-01-0.112091839E+00-0.125427976E+00
-0.138829768E+00-0.152133286E+00-0.165149778E+00-0.177668497E+00-0.189461246E+00
-0.200288564E+00-0.209907532E+00-0.218080968E+00-0.224587291E+00-0.229230568E+00
-0.231850058E+00-0.232328206E+00-0.230596691E+00-0.226639673E+00-0.220494002E+00
-0.212246537E+00-0.202028364E+00-0.190006942E+00-0.176376462E+00-0.161347225E+00
-0.145135194E+00-0.127951846E+00-0.109995253E+00-0.914427564E-01-0.724451467E-01
-0.531227179E-01-0.335629880E-01-0.138203856E-01 0.608133851E-02 0.261411387E-01
 0.463585034E-01 0.659651533E-01 0.849669799E-01 0.103340611E+00 0.121041819E+00
 0.138009563E+00 0.154169023E+00 0.169435263E+00 0.183718204E+00 0.196929112E+00
 0.741227344E-01 0.663972348E-01 0.622975305E-01 0.589714982E-01 0.551503785E-01
 0.508445390E-01 0.460384786E-01 0.407138169E-01 0.348545350E-01 0.284468569E-01
 0.214785244E-01 0.141368341E-01 0.638180180E-02-0.182332657E-02-0.105115147E-01
-0.197109208E-01-0.294434465E-01-0.397228934E-01-0.505527891E-01-0.619239584E-01
-0.738118961E-01-0.861740857E-01-0.989473686E-01-0.112045586E+00-0.125357747E+00
-0.138746858E+00-0.152049914E+00-0.165079027E+00-0.177624255E+00-0.189457968E+00
-0.200341031E+00-0.210030556E+00-0.218288958E+00-0.224893868E+00-0.229648158E+00
-0.232389539E+00-0.232998610E+00-0.231404990E+00-0.227590740E+00-0.221590713E+00
-0.213490009E+00-0.203418374E+00-0.191542432E+00-0.178056180E+00-0.163170487E+00
-0.147102624E+00-0.130066216E+00-0.112262420E+00-0.938724726E-01-0.750520155E-01
-0.559270568E-01-0.365914330E-01-0.171055179E-01 0.250451686E-02 0.222481210E-01
 0.421756282E-01 0.614689030E-01 0.801144913E-01 0.980871320E-01 0.115349025E+00
 0.131851077E+00 0.147535205E+00 0.162337586E+00 0.176192597E+00 0.189037547E+00
 0.747125745E-01 0.673181191E-01 0.625957623E-01 0.588871986E-01 0.550068691E-01
 0.507354401E-01 0.460021868E-01 0.407705121E-01 0.350166932E-01 0.287230052E-01
 0.218749475E-01 0.146611100E-01 0.704145664E-02-0.102034735E-02-0.955654774E-02
-0.185944531E-01-0.281551201E-01-0.382516347E-01-0.488870330E-01-0.600519702E-01
-0.717221797E-01-0.838558748E-01-0.963912234E-01-0.109244071E+00-0.122306131E+00
-0.135443926E+00-0.148498699E+00-0.161287606E+00-0.173606277E+00-0.185233206E+00
-0.195935577E+00-0.205476746E+00-0.213625059E+00-0.220163271E+00-0.224898368E+00
-0.227670729E+00-0.228362128E+00-0.226901576E+00-0.223268852E+00-0.217494950E+00
-0.209659740E+00-0.199886724E+00-0.188335702E+00-0.175193578E+00-0.160664350E+00
-0.144958943E+00-0.128285468E+00-0.110840581E+00-0.928021744E-01-0.743237436E-01
-0.555302687E-01-0.365156978E-01-0.173415411E-01 0.196386827E-02 0.214067474E-01
 0.410330594E-01 0.600255504E-01 0.783699378E-01 0.960413367E-01 0.113003828E+00
 0.129211798E+00 0.144612297E+00 0.159148037E+00 0.172761038E+00 0.185396597E+00
 0.741239861E-01 0.664389208E-01 0.626125708E-01 0.595404170E-01 0.559483841E-01
 0.518632196E-01 0.472787917E-01 0.421815291E-01 0.365573056E-01 0.303923152E-01
 0.236729067E-01 0.165989678E-01 0.913367327E-02 0.124441704E-02-0.709773460E-02
-0.159173552E-01-0.252333209E-01-0.350570641E-01-0.453905165E-01-0.562238283E-01
-0.675329342E-01-0.792771056E-01-0.913965553E-01-0.103810333E+00-0.116414651E+00
-0.129081905E+00-0.141660690E+00-0.153976843E+00-0.165836081E+00-0.177027911E+00
-0.187331229E+00-0.196521372E+00-0.204378158E+00-0.210694924E+00-0.215287536E+00
-0.218003005E+00-0.218727022E+00-0.217389479E+00-0.213967800E+00-0.208487570E+00
-0.201020434E+00-0.191679388E+00-0.180611968E+00-0.167991802E+00-0.154009253E+00
-0.138861835E+00-0.122745067E+00-0.105844058E+00-0.883265436E-01-0.703371912E-01
-0.519935600E-01-0.333835706E-01-0.145649659E-01 0.443233969E-02 0.235978849E-01
 0.429179743E-01 0.616256446E-01 0.797229037E-01 0.971866176E-01 0.113977619E+00
 0.130045220E+00 0.145330578E+00 0.159769952E+00 0.173298538E+00 0.185854733E+00
 0.756511763E-01 0.680429712E-01 0.643809214E-01 0.615750402E-01 0.582250543E-01
 0.543375202E-01 0.499188341E-01 0.449701957E-01 0.394882523E-01 0.334646106E-01
 0.268831551E-01 0.199471340E-01 0.126382569E-01 0.493403990E-02-0.318832067E-02
-0.117493235E-01-0.207649767E-01-0.302446894E-01-0.401891172E-01-0.505879112E-01
-0.614174493E-01-0.726385117E-01-0.841941461E-01-0.960077494E-01-0.107981607E+00
-0.119996086E+00-0.131909668E+00-0.143560037E+00-0.154766515E+00-0.165333688E+00
-0.175056562E+00-0.183726862E+00-0.191140547E+00-0.197105736E+00-0.201451048E+00
-0.204033360E+00-0.204744533E+00-0.203516573E+00-0.200324729E+00-0.195188031E+00
-0.188167691E+00-0.179362819E+00-0.168904483E+00-0.156948060E+00-0.143664747E+00
-0.129232928E+00-0.113829516E+00-0.976222381E-01-0.807627514E-01-0.633809268E-01
-0.455800556E-01-0.274326690E-01-0.897605252E-02 0.979416259E-02 0.289359912E-01
 0.477418788E-01 0.661240667E-01 0.840234682E-01 0.101385966E+00 0.118152581E+00
 0.134255663E+00 0.149618506E+00 0.164157197E+00 0.177784428E+00 0.190415055E+00
 0.785739347E-01 0.711010918E-01 0.678671002E-01 0.652360544E-01 0.620373450E-01
 0.582852028E-01 0.539913625E-01 0.491672270E-01 0.438218452E-01 0.379615501E-01
 0.315911584E-01 0.247179512E-01 0.175239332E-01 0.998671260E-02 0.208489224E-02
-0.620035268E-02-0.148835042E-01-0.239728019E-01-0.334682427E-01-0.433595367E-01
-0.536240451E-01-0.642247498E-01-0.751083866E-01-0.862037763E-01-0.974206328E-01
-0.108648941E+00-0.119759053E+00-0.130602807E+00-0.141015723E+00-0.150820300E+00
-0.159830660E+00-0.167858094E+00-0.174717709E+00-0.180235401E+00-0.184255183E+00
-0.186645940E+00-0.187307402E+00-0.186174646E+00-0.183220893E+00-0.178458124E+00
-0.171935648E+00-0.163736641E+00-0.153972790E+00-0.142777815E+00-0.130299926E+00
-0.116694115E+00-0.102114417E+00-0.867068917E-01-0.706033334E-01-0.539159104E-01
-0.367328189E-01-0.191145670E-01-0.109051552E-02 0.173452161E-01 0.362400673E-01
 0.548169985E-01 0.730552599E-01 0.909194425E-01 0.108359985E+00 0.125311539E+00
 0.141691208E+00 0.157397911E+00 0.172313794E+00 0.186308965E+00 0.199250132E+00
 0.836555734E-01 0.764379948E-01 0.731305107E-01 0.705993548E-01 0.674676150E-01
 0.637605414E-01 0.595087335E-01 0.547393449E-01 0.494738221E-01 0.437280126E-01
 0.375132523E-01 0.308375731E-01 0.237058587E-01 0.163007304E-01 0.860055909E-02
 0.586494280E-03-0.775594218E-02-0.164350905E-01-0.254513137E-01-0.347952209E-01
-0.444459505E-01-0.543694720E-01-0.645170435E-01-0.748238862E-01-0.852082148E-01
-0.955707952E-01-0.105795197E+00-0.115748830E+00-0.125284925E+00-0.134245560E+00
-0.142465532E+00-0.149777412E+00-0.156016991E+00-0.161029503E+00-0.164675668E+00
-0.166837558E+00-0.167423680E+00-0.166372865E+00-0.163656563E+00-0.159279615E+00
-0.153278932E+00-0.145720735E+00-0.136696041E+00-0.126314998E+00-0.114700563E+00
-0.101981647E+00-0.882864073E-01-0.737359375E-01-0.584386624E-01-0.424857400E-01
-0.259475522E-01-0.887158792E-02 0.871791411E-02 0.268174168E-01 0.454350188E-01
 0.638318062E-01 0.820259973E-01 0.100003831E+00 0.117725991E+00 0.135127246E+00
 0.152112663E+00 0.168552548E+00 0.184279025E+00 0.199088410E+00 0.212753862E+00
 0.904582739E-01 0.835553780E-01 0.803750157E-01 0.778243691E-01 0.745947137E-01
 0.707718357E-01 0.664242283E-01 0.615988933E-01 0.563267320E-01 0.506277047E-01
 0.445145294E-01 0.379950069E-01 0.310733803E-01 0.237511247E-01 0.162172504E-01
 0.845086575E-02 0.435486872E-03-0.783914700E-02-0.163749401E-01-0.251642633E-01
-0.341887847E-01-0.434182249E-01-0.528091341E-01-0.623038821E-01-0.718299299E-01
-0.812995657E-01-0.906102285E-01-0.996455103E-01-0.108276911E+00-0.116366468E+00
-0.123770140E+00-0.130341962E+00-0.135938779E+00-0.140425280E+00-0.143679172E+00
-0.145595983E+00-0.146093279E+00-0.145113900E+00-0.142627925E+00-0.138633341E+00
-0.133154988E+00-0.126242220E+00-0.117965259E+00-0.108410381E+00-0.976744741E-01
-0.858591273E-01-0.730646774E-01-0.593844689E-01-0.448996425E-01-0.296746455E-01
-0.137537038E-01 0.284163887E-02 0.201144125E-01 0.380964614E-01 0.561671481E-01
 0.742978975E-01 0.924747139E-01 0.110681422E+00 0.128889248E+00 0.147046611E+00
 0.165065855E+00 0.182804793E+00 0.200043038E+00 0.216460779E+00 0.231642440E+00
 0.996447653E-01 0.932336897E-01 0.901680812E-01 0.871507749E-01 0.834312886E-01
 0.792119354E-01 0.745757744E-01 0.695618838E-01 0.641903505E-01 0.584719628E-01
 0.524124540E-01 0.460145697E-01 0.392790288E-01 0.322049297E-01 0.247898996E-01
 0.172337871E-01 0.951479003E-02 0.161679368E-02-0.646387087E-02-0.147213712E-01
-0.231403224E-01-0.316947959E-01-0.403473005E-01-0.490479209E-01-0.577338301E-01
-0.663291216E-01-0.747452229E-01-0.828817859E-01-0.906282887E-01-0.978662446E-01
-0.104472078E+00-0.110320590E+00-0.115288801E+00-0.119260162E+00-0.122128658E+00
-0.123802796E+00-0.124208994E+00-0.123294197E+00-0.121027529E+00-0.117400751E+00
-0.112427518E+00-0.106141403E+00-0.985928774E-01-0.898452848E-01-0.799701884E-01
-0.690421760E-01-0.571334250E-01-0.443082824E-01-0.306178555E-01-0.160950013E-01
-0.750177656E-03 0.154301729E-01 0.324774943E-01 0.498111248E-01 0.674275011E-01
 0.853309631E-01 0.103534035E+00 0.122053601E+00 0.140905187E+00 0.160094708E+00
 0.179604560E+00 0.199367419E+00 0.219212145E+00 0.238745242E+00 0.257154703E+00
 0.113102809E+00 0.108014777E+00 0.103022218E+00 0.982535407E-01 0.935177878E-01
 0.886490420E-01 0.835871994E-01 0.783031136E-01 0.727799162E-01 0.670067668E-01
 0.609761514E-01 0.546826161E-01 0.481219143E-01 0.412903540E-01 0.341839306E-01
 0.267965812E-01 0.193390362E-01 0.117679406E-01 0.409130147E-02-0.368404249E-02
-0.115462532E-01-0.194747653E-01-0.274388548E-01-0.353968814E-01-0.432959460E-01
-0.510719195E-01-0.586498305E-01-0.659447610E-01-0.728632137E-01-0.793050006E-01
-0.851656273E-01-0.903391317E-01-0.947212055E-01-0.982125625E-01-0.100722253E+00
-0.102170803E+00-0.102492936E+00-0.101639658E+00-0.995795205E-01-0.962990299E-01
-0.918019861E-01-0.861079246E-01-0.792495310E-01-0.712693706E-01-0.622158125E-01
-0.521385446E-01-0.410835743E-01-0.290878024E-01-0.161729362E-01-0.233792351E-02
 0.124521395E-01 0.282856040E-01 0.445563123E-01 0.612569153E-01 0.784056336E-01
 0.960385278E-01 0.114207707E+00 0.132981494E+00 0.152445674E+00 0.172705323E+00
 0.193887740E+00 0.216147631E+00 0.239681795E+00 0.264795184E+00 0.291462898E+00
 0.124517798E+00 0.120174102E+00 0.114714608E+00 0.109108627E+00 0.103690431E+00
 0.983229578E-01 0.929135829E-01 0.874033198E-01 0.817542672E-01 0.759415030E-01
 0.699484125E-01 0.637639537E-01 0.573811978E-01 0.507966839E-01 0.440107249E-01
 0.370291658E-01 0.298683159E-01 0.225040745E-01 0.151455970E-01 0.778035261E-02
 0.405135390E-03-0.696820673E-02-0.143170636E-01-0.216084439E-01-0.287993774E-01
-0.358371399E-01-0.426596664E-01-0.491963886E-01-0.553694479E-01-0.610953122E-01
-0.662867278E-01-0.708550140E-01-0.747125745E-01-0.777755752E-01-0.799665228E-01
-0.812167674E-01-0.814686343E-01-0.806770027E-01-0.788103491E-01-0.758509710E-01
-0.717944801E-01-0.666484758E-01-0.604304373E-01-0.531650074E-01-0.448805951E-01
-0.356055759E-01-0.253641084E-01-0.141718248E-01-0.203171954E-02 0.110690976E-01
 0.251607597E-01 0.402867533E-01 0.558184162E-01 0.718332753E-01 0.883995518E-01
 0.105592228E+00 0.123502798E+00 0.142247513E+00 0.161976486E+00 0.182885841E+00
 0.205235124E+00 0.229374185E+00 0.255786031E+00 0.285150558E+00 0.316926450E+00
 0.133779243E+00 0.129868284E+00 0.124496408E+00 0.118812181E+00 0.113222666E+00
 0.107672773E+00 0.102112673E+00 0.965013504E-01 0.908073708E-01 0.850075260E-01
 0.790851712E-01 0.730287954E-01 0.668309405E-01 0.604874901E-01 0.539970845E-01
 0.473604277E-01 0.405784994E-01 0.336473621E-01 0.265608579E-01 0.195548218E-01
 0.125917196E-01 0.569100585E-02-0.113069743E-02-0.784726907E-02-0.144251240E-01
-0.208224729E-01-0.269890837E-01-0.328673422E-01-0.383933783E-01-0.434984118E-01
-0.481103659E-01-0.521557108E-01-0.555614606E-01-0.582572222E-01-0.601772778E-01
-0.612624958E-01-0.614620000E-01-0.607343949E-01-0.590485223E-01-0.563836209E-01
-0.527288355E-01-0.480820984E-01-0.424483940E-01-0.358374454E-01-0.282609072E-01
-0.197289977E-01-0.102465991E-01 0.191072133E-03 0.116031291E-01 0.240257587E-01
 0.375161171E-01 0.515182763E-01 0.660500005E-01 0.811549500E-01 0.968947038E-01
 0.113349445E+00 0.130622640E+00 0.148848489E+00 0.168202505E+00 0.188916221E+00
 0.211297467E+00 0.235756665E+00 0.262835920E+00 0.293225765E+00 0.326117069E+00
 0.141775608E+00 0.138214335E+00 0.133150667E+00 0.127604127E+00 0.122071818E+00
 0.116538174E+00 0.110982865E+00 0.105386227E+00 0.997310653E-01 0.940032825E-01
 0.881919786E-01 0.822892562E-01 0.762899667E-01 0.701914653E-01 0.639934391E-01
 0.576977096E-01 0.513081513E-01 0.448311456E-01 0.382781662E-01 0.316711888E-01
 0.249845162E-01 0.184589233E-01 0.120610893E-01 0.581737468E-02-0.251154037E-03
-0.611541839E-02-0.117348367E-01-0.170629695E-01-0.220482741E-01-0.266346652E-01
-0.307631493E-01-0.343732983E-01-0.374046676E-01-0.397983380E-01-0.414986201E-01
-0.424545966E-01-0.426214226E-01-0.419612452E-01-0.404437594E-01-0.380462781E-01
-0.347532630E-01-0.305552706E-01-0.254473761E-01-0.194273535E-01-0.124935452E-01
-0.464207632E-02 0.413717330E-02 0.138653954E-01 0.245881975E-01 0.363674760E-01
 0.486641228E-01 0.614971705E-01 0.748937130E-01 0.888931453E-01 0.103549086E+00
 0.118931964E+00 0.135132879E+00 0.152269408E+00 0.170493856E+00 0.190005317E+00
 0.211067513E+00 0.234036967E+00 0.259411842E+00 0.287931770E+00 0.318055332E+00
 0.149163038E+00 0.145941690E+00 0.141114071E+00 0.135762751E+00 0.130373985E+00
 0.124946795E+00 0.119479060E+00 0.113967434E+00 0.108407758E+00 0.102795713E+00
 0.971274078E-01 0.913998708E-01 0.856113657E-01 0.797616839E-01 0.738523230E-01
 0.678866282E-01 0.618700087E-01 0.558102243E-01 0.497177057E-01 0.436053574E-01
 0.374861099E-01 0.313832946E-01 0.252701957E-01 0.194046292E-01 0.137468008E-01
 0.829987414E-02 0.311358529E-02-0.177596905E-02-0.632986566E-02-0.105017256E-01
-0.142436847E-01-0.175069887E-01-0.202420298E-01-0.223992411E-01-0.239311121E-01
-0.247936621E-01-0.249473564E-01-0.243577380E-01-0.229958091E-01-0.208381526E-01
-0.178665221E-01-0.140665872E-01-0.942558050E-02-0.393111212E-02 0.242894236E-02
 0.966664869E-02 0.177998934E-01 0.268306676E-01 0.368736088E-01 0.474119224E-01
 0.584654398E-01 0.700524822E-01 0.821951255E-01 0.949223116E-01 0.108271755E+00
 0.122291565E+00 0.137041837E+00 0.152596697E+00 0.169046670E+00 0.186501637E+00
 0.205094814E+00 0.224988416E+00 0.246383786E+00 0.269526690E+00 0.293335587E+00
 0.156123802E+00 0.153232351E+00 0.148649514E+00 0.143503740E+00 0.138272360E+00
 0.132970199E+00 0.127612680E+00 0.122210748E+00 0.116770886E+00 0.111296408E+00
 0.105788849E+00 0.100249082E+00 0.946781337E-01 0.890777409E-01 0.834508091E-01
 0.778016970E-01 0.721365288E-01 0.664633811E-01 0.607925393E-01 0.551366024E-01
 0.495106876E-01 0.439334251E-01 0.384263247E-01 0.330284238E-01 0.277394578E-01
 0.225250516E-01 0.176571980E-01 0.131011056E-01 0.886487775E-02 0.500428956E-02
 0.155569217E-02-0.144632522E-02-0.396260759E-02-0.594848348E-02-0.736211380E-02
-0.816548429E-02-0.832405686E-02-0.780659914E-02-0.658548577E-02-0.463748723E-02
-0.194469409E-02 0.150641752E-02 0.573589606E-02 0.107707540E-01 0.166387614E-01
 0.233465973E-01 0.310050528E-01 0.391531177E-01 0.478660390E-01 0.571103618E-01
 0.668736920E-01 0.771549940E-01 0.879606083E-01 0.993025601E-01 0.111197516E+00
 0.123665832E+00 0.136730179E+00 0.150413319E+00 0.164734349E+00 0.179701924E+00
 0.195302024E+00 0.211474553E+00 0.228063628E+00 0.244687006E+00 0.260389745E+00
 0.162837639E+00 0.160267681E+00 0.156005055E+00 0.151030317E+00 0.145892739E+00
 0.140665561E+00 0.135389790E+00 0.130086288E+00 0.124765813E+00 0.119433954E+00
 0.114093751E+00 0.108747162E+00 0.103396073E+00 0.980428532E-01 0.926908329E-01
 0.873446241E-01 0.820103511E-01 0.766958743E-01 0.714109465E-01 0.661673620E-01
 0.609790869E-01 0.558623970E-01 0.508358441E-01 0.459201559E-01 0.411339290E-01
 0.364988409E-01 0.320558324E-01 0.278045908E-01 0.237062145E-01 0.200628452E-01
 0.168340318E-01 0.140157565E-01 0.116315745E-01 0.974894967E-02 0.840557460E-02
 0.763052236E-02 0.745141320E-02 0.789652672E-02 0.899470039E-02 0.107726855E-01
 0.132459747E-01 0.163909532E-01 0.202369001E-01 0.248518325E-01 0.303614233E-01
 0.363314785E-01 0.428384729E-01 0.498565659E-01 0.573777556E-01 0.653902069E-01
 0.738844499E-01 0.828544572E-01 0.922971740E-01 0.102211349E+00 0.112595946E+00
 0.123448081E+00 0.134760022E+00 0.146515027E+00 0.158681333E+00 0.171203017E+00
 0.183986604E+00 0.196881026E+00 0.209650159E+00 0.221944585E+00 0.233303308E+00
 0.170359299E+00 0.168487281E+00 0.163892627E+00 0.158545583E+00 0.153262705E+00
 0.147999018E+00 0.142753690E+00 0.137527615E+00 0.132321060E+00 0.127133831E+00
 0.121965639E+00 0.116816536E+00 0.111687221E+00 0.106579319E+00 0.101495609E+00
 0.964402109E-01 0.914187059E-01 0.864382684E-01 0.815077722E-01 0.766378269E-01
 0.718408749E-01 0.671311542E-01 0.625246763E-01 0.580390841E-01 0.536933541E-01
 0.495085195E-01 0.455081873E-01 0.417145900E-01 0.381551385E-01 0.348823182E-01
 0.319104306E-01 0.292280037E-01 0.267854501E-01 0.249334164E-01 0.236280672E-01
 0.228626896E-01 0.226496514E-01 0.230142903E-01 0.239961352E-01 0.256583486E-01
 0.281127412E-01 0.309744887E-01 0.343373120E-01 0.382496528E-01 0.427229330E-01
 0.477038510E-01 0.531710945E-01 0.591063835E-01 0.654955357E-01 0.723263696E-01
 0.795884430E-01 0.872726813E-01 0.953706354E-01 0.103873193E+00 0.112768821E+00
 0.122041114E+00 0.131665707E+00 0.141606227E+00 0.151809290E+00 0.162198380E+00
 0.172666773E+00 0.183070362E+00 0.193222895E+00 0.202897877E+00 0.211843118E+00
 0.177016243E+00 0.175641641E+00 0.171050817E+00 0.165462494E+00 0.160049871E+00
 0.154758409E+00 0.149554953E+00 0.144420341E+00 0.139342785E+00 0.134314731E+00
 0.129331216E+00 0.124389261E+00 0.119487546E+00 0.114626311E+00 0.109807290E+00
 0.105033718E+00 0.100310355E+00 0.956434831E-01 0.910409391E-01 0.865121260E-01
 0.820680037E-01 0.777210966E-01 0.734854341E-01 0.693765730E-01 0.654115155E-01
 0.616088808E-01 0.579888746E-01 0.545732193E-01 0.513859130E-01 0.484534577E-01
 0.457991026E-01 0.434457846E-01 0.414258763E-01 0.398065075E-01 0.386202559E-01
 0.378886349E-01 0.376304425E-01 0.378643051E-01 0.386083871E-01 0.398768187E-01
 0.416685157E-01 0.439353697E-01 0.466667451E-01 0.498600788E-01 0.535083637E-01
 0.575956814E-01 0.621065199E-01 0.670264736E-01 0.723426864E-01 0.780437365E-01
 0.841194168E-01 0.905602798E-01 0.973568484E-01 0.104498364E+00 0.111970998E+00
 0.119755566E+00 0.127824649E+00 0.136139378E+00 0.144645885E+00 0.153272048E+00
 0.161924750E+00 0.170488805E+00 0.178828433E+00 0.186792597E+00 0.194224924E+00
 0.182157815E+00 0.181067541E+00 0.176707759E+00 0.171236545E+00 0.165910721E+00
 0.160717189E+00 0.155635461E+00 0.150647953E+00 0.145740852E+00 0.140903711E+00
 0.136129066E+00 0.131411910E+00 0.126749441E+00 0.122140735E+00 0.117586628E+00
 0.113089561E+00 0.108653516E+00 0.104283936E+00 0.999877080E-01 0.957730860E-01
 0.916497111E-01 0.876285434E-01 0.837218463E-01 0.799431726E-01 0.763073191E-01
 0.728303641E-01 0.695296228E-01 0.664236546E-01 0.635322556E-01 0.608763583E-01
 0.584775619E-01 0.563588738E-01 0.545461550E-01 0.530684404E-01 0.519501977E-01
 0.512112081E-01 0.508675799E-01 0.509322286E-01 0.514144711E-01 0.523185991E-01
 0.536417253E-01 0.553730167E-01 0.575027093E-01 0.600218102E-01 0.629203469E-01
 0.661866516E-01 0.698084831E-01 0.737738609E-01 0.780716762E-01 0.826920494E-01
 0.876265764E-01 0.928681865E-01 0.984107107E-01 0.104247876E+00 0.110371701E+00
 0.116770148E+00 0.123424254E+00 0.130304873E+00 0.137369648E+00 0.144560650E+00
 0.151803225E+00 0.159006760E+00 0.166067541E+00 0.172873899E+00 0.179313436E+00
 0.186309785E+00 0.185498029E+00 0.181193531E+00 0.175910458E+00 0.170782790E+00
 0.165789306E+00 0.160914347E+00 0.156142354E+00 0.151459754E+00 0.146855682E+00
 0.142322049E+00 0.137853339E+00 0.133446276E+00 0.129099593E+00 0.124813803E+00
 0.120590985E+00 0.116434664E+00 0.112349719E+00 0.108342282E+00 0.104419693E+00
 0.100590430E+00 0.968640819E-01 0.932512879E-01 0.897637233E-01 0.864140466E-01
 0.832158625E-01 0.801836923E-01 0.773329139E-01 0.746796951E-01 0.722409040E-01
 0.700339824E-01 0.680769160E-01 0.663881078E-01 0.649857745E-01 0.638864860E-01
 0.631044209E-01 0.626510456E-01 0.625349060E-01 0.627613217E-01 0.633319691E-01
 0.642446652E-01 0.654937178E-01 0.670713782E-01 0.689684749E-01 0.711745843E-01
 0.736782700E-01 0.764676258E-01 0.795309544E-01 0.828575045E-01 0.864382833E-01
 0.902668685E-01 0.943400860E-01 0.986584276E-01 0.103225820E+00 0.108048342E+00
 0.113131598E+00 0.118476734E+00 0.124075547E+00 0.129905820E+00 0.135927781E+00
 0.142082736E+00 0.148294136E+00 0.154471278E+00 0.160515293E+00 0.166326642E+00
 0.189126298E+00 0.188471839E+00 0.184536114E+00 0.179523632E+00 0.174673691E+00
 0.169966266E+00 0.165378436E+00 0.160891086E+00 0.156489596E+00 0.152163357E+00
 0.147905037E+00 0.143709987E+00 0.139575765E+00 0.135501757E+00 0.131488919E+00
 0.127539605E+00 0.123657376E+00 0.119846895E+00 0.116113886E+00 0.112465002E+00
 0.108907804E+00 0.105450705E+00 0.102102906E+00 0.988743901E-01 0.957758278E-01
 0.928185508E-01 0.900144950E-01 0.873761252E-01 0.849163458E-01 0.826483816E-01
 0.805856287E-01 0.787415057E-01 0.771291256E-01 0.757609308E-01 0.746481270E-01
 0.738002434E-01 0.732247308E-01 0.729267299E-01 0.729087815E-01 0.731706694E-01
 0.737093613E-01 0.745191872E-01 0.755921230E-01 0.769181624E-01 0.784855857E-01
 0.802813247E-01 0.822914541E-01 0.845019221E-01 0.868995488E-01 0.894733444E-01
 0.922162533E-01 0.951273516E-01 0.982142240E-01 0.101495057E+00 0.104999289E+00
 0.108764969E+00 0.112831771E+00 0.117230326E+00 0.121971324E+00 0.127038002E+00
 0.132383138E+00 0.137930274E+00 0.143579021E+00 0.149214804E+00 0.154721916E+00
 0.190870911E+00 0.190342575E+00 0.186683536E+00 0.182037860E+00 0.177588850E+00
 0.173277870E+00 0.169066817E+00 0.164934188E+00 0.160867617E+00 0.156859919E+00
 0.152907088E+00 0.149007335E+00 0.145160452E+00 0.141367614E+00 0.137631059E+00
 0.133954003E+00 0.130340517E+00 0.126795471E+00 0.123324484E+00 0.119933777E+00
 0.116630241E+00 0.113421321E+00 0.110314995E+00 0.107319728E+00 0.104444414E+00
 0.101698354E+00 0.990911648E-01 0.966327265E-01 0.943330824E-01 0.922023356E-01
 0.902504846E-01 0.884872973E-01 0.869220272E-01 0.855631679E-01 0.844181478E-01
 0.834930092E-01 0.827921033E-01 0.823178813E-01 0.820706189E-01 0.820482820E-01
 0.822463781E-01 0.826579481E-01 0.832735151E-01 0.840811953E-01 0.850667357E-01
 0.862136781E-01 0.875036642E-01 0.889169574E-01 0.904334038E-01 0.920339972E-01
 0.937034413E-01 0.954341739E-01 0.972323790E-01 0.991263390E-01 0.101175897E+00
 0.103477567E+00 0.106152952E+00 0.109315254E+00 0.113034822E+00 0.117325723E+00
 0.122146666E+00 0.127402708E+00 0.132947490E+00 0.138598412E+00 0.144172937E+00
 0.191168636E+00 0.190567464E+00 0.187306017E+00 0.183423072E+00 0.179620489E+00
 0.175845921E+00 0.172096685E+00 0.168374151E+00 0.164680406E+00 0.161017835E+00
 0.157389030E+00 0.153796896E+00 0.150244713E+00 0.146736160E+00 0.143275335E+00
 0.139866754E+00 0.136515379E+00 0.133226544E+00 0.130005985E+00 0.126859739E+00
 0.123794220E+00 0.120816067E+00 0.117932215E+00 0.115149803E+00 0.112476170E+00
 0.109918781E+00 0.107485205E+00 0.105183057E+00 0.103019901E+00 0.101003200E+00
 0.991401896E-01 0.974377170E-01 0.959021226E-01 0.945390090E-01 0.933530554E-01
 0.923477337E-01 0.915251374E-01 0.908856913E-01 0.904279575E-01 0.901483893E-01
 0.900411233E-01 0.900977850E-01 0.903072432E-01 0.906553939E-01 0.911249146E-01
 0.916949958E-01 0.923410654E-01 0.930346996E-01 0.937436596E-01 0.944325998E-01
 0.950647593E-01 0.956057385E-01 0.960309952E-01 0.963405892E-01 0.965894759E-01
 0.969527364E-01 0.977947563E-01 0.994812921E-01 0.102159150E+00 0.105843998E+00
 0.110493325E+00 0.116004184E+00 0.122155547E+00 0.128529593E+00 0.134688154E+00
 0.190512478E+00 0.189572081E+00 0.187256262E+00 0.184317067E+00 0.181190938E+00
 0.177962676E+00 0.174680591E+00 0.171372026E+00 0.168054029E+00 0.164738357E+00
 0.161433950E+00 0.158148274E+00 0.154887944E+00 0.151659161E+00 0.148467928E+00
 0.145320147E+00 0.142221749E+00 0.139178678E+00 0.136196896E+00 0.133282408E+00
 0.130441234E+00 0.127679363E+00 0.125002816E+00 0.122417562E+00 0.119929485E+00
 0.117544413E+00 0.115268067E+00 0.113106027E+00 0.111063696E+00 0.109146260E+00
 0.107358612E+00 0.105705284E+00 0.104190327E+00 0.102817185E+00 0.101588517E+00
 0.100506060E+00 0.995703489E-01 0.987805575E-01 0.981342122E-01 0.976269320E-01
 0.972521305E-01 0.970006660E-01 0.968604684E-01 0.968160257E-01 0.968478173E-01
 0.969314873E-01 0.970368683E-01 0.971266776E-01 0.971548706E-01 0.970646963E-01
 0.967866778E-01 0.962370336E-01 0.953174978E-01 0.939170346E-01 0.919114277E-01
 0.891291276E-01 0.870530158E-01 0.870740712E-01 0.887982473E-01 0.920194015E-01
 0.968939587E-01 0.103281818E+00 0.111433513E+00 0.119943053E+00 0.127047390E+00
 0.191035539E+00 0.190190449E+00 0.188077390E+00 0.185477108E+00 0.182751268E+00
 0.179928079E+00 0.177034378E+00 0.174092188E+00 0.171118751E+00 0.168127790E+00
 0.165130571E+00 0.162136838E+00 0.159155250E+00 0.156193808E+00 0.153259993E+00
 0.150360912E+00 0.147503376E+00 0.144693866E+00 0.141938657E+00 0.139243692E+00
 0.136614680E+00 0.134057075E+00 0.131575987E+00 0.129176289E+00 0.126862526E+00
 0.124638930E+00 0.122509487E+00 0.120477848E+00 0.118547410E+00 0.116721287E+00
 0.115002319E+00 0.113393046E+00 0.111895688E+00 0.110512041E+00 0.109243385E+00
 0.108090349E+00 0.107052714E+00 0.106129169E+00 0.105317108E+00 0.104612269E+00
 0.104008399E+00 0.103496902E+00 0.103066288E+00 0.102701604E+00 0.102383621E+00
 0.102087766E+00 0.101782568E+00 0.101427421E+00 0.100969210E+00 0.100337245E+00
 0.994357243E-01 0.981331617E-01 0.962494984E-01 0.935450569E-01 0.897183344E-01
 0.851265639E-01 0.825327262E-01 0.819214135E-01 0.831252635E-01 0.862369835E-01
 0.912247226E-01 0.984765515E-01 0.107629642E+00 0.115746513E+00 0.122665837E+00
 0.191842958E+00 0.191125453E+00 0.189174905E+00 0.186815977E+00 0.184373915E+00
 0.181857169E+00 0.179277197E+00 0.176645920E+00 0.173974976E+00 0.171275482E+00
 0.168557987E+00 0.165832564E+00 0.163108736E+00 0.160395592E+00 0.157701686E+00
 0.155035064E+00 0.152403280E+00 0.149813354E+00 0.147271737E+00 0.144784391E+00
 0.142356709E+00 0.139993533E+00 0.137699172E+00 0.135477349E+00 0.133331254E+00
 0.131263539E+00 0.129276350E+00 0.127371415E+00 0.125550047E+00 0.123813272E+00
 0.122161925E+00 0.120596699E+00 0.119118176E+00 0.117726885E+00 0.116423212E+00
 0.115207300E+00 0.114078909E+00 0.113037154E+00 0.112080254E+00 0.111205205E+00
 0.110407449E+00 0.109680444E+00 0.109015256E+00 0.108400017E+00 0.107819274E+00
 0.107253142E+00 0.106675997E+00 0.106054656E+00 0.105345264E+00 0.104488030E+00
 0.103397451E+00 0.101943254E+00 0.999128968E-01 0.969507769E-01 0.925899446E-01
 0.890797153E-01 0.871831924E-01 0.867714435E-01 0.878595710E-01 0.904779956E-01
 0.951140597E-01 0.102175377E+00 0.109550901E+00 0.115984015E+00 0.121680230E+00
 0.192670166E+00 0.192082226E+00 0.190351918E+00 0.188212290E+00 0.186015889E+00
 0.183763072E+00 0.181454942E+00 0.179095373E+00 0.176690727E+00 0.174249277E+00
 0.171780601E+00 0.169294864E+00 0.166802421E+00 0.164313391E+00 0.161837384E+00
 0.159383401E+00 0.156959668E+00 0.154573679E+00 0.152232111E+00 0.149940848E+00
 0.147704944E+00 0.145528689E+00 0.143415466E+00 0.141367868E+00 0.139387622E+00
 0.137475640E+00 0.135632053E+00 0.133856341E+00 0.132147446E+00 0.130503997E+00
 0.128924519E+00 0.127407655E+00 0.125952348E+00 0.124557994E+00 0.123224437E+00
 0.121951967E+00 0.120741092E+00 0.119592302E+00 0.118505746E+00 0.117480867E+00
 0.116516061E+00 0.115608320E+00 0.114752941E+00 0.113943227E+00 0.113170274E+00
 0.112422749E+00 0.111686766E+00 0.110945851E+00 0.110181130E+00 0.109371975E+00
 0.108497590E+00 0.107540011E+00 0.106485717E+00 0.105272353E+00 0.104026183E+00
 0.103266746E+00 0.102898963E+00 0.103065237E+00 0.103775702E+00 0.105159558E+00
 0.107270181E+00 0.110887662E+00 0.114883155E+00 0.118973076E+00 0.122986421E+00
 0.193502918E+00 0.193064466E+00 0.191497415E+00 0.189584300E+00 0.187639982E+00
 0.185647920E+00 0.183598176E+00 0.181488067E+00 0.179321185E+00 0.177105621E+00
 0.174852192E+00 0.172573030E+00 0.170280501E+00 0.167986512E+00 0.165702239E+00
 0.163437739E+00 0.161202058E+00 0.159003064E+00 0.156847626E+00 0.154741496E+00
 0.152689397E+00 0.150694981E+00 0.148760796E+00 0.146888226E+00 0.145077452E+00
 0.143327370E+00 0.141635761E+00 0.139999270E+00 0.138413787E+00 0.136874676E+00
 0.135377377E+00 0.133917734E+00 0.132492617E+00 0.131100163E+00 0.129739970E+00
 0.128413111E+00 0.127121806E+00 0.125869110E+00 0.124658369E+00 0.123492725E+00
 0.122374713E+00 0.121305898E+00 0.120286681E+00 0.119316325E+00 0.118393071E+00
 0.117514625E+00 0.116678968E+00 0.115885869E+00 0.115139626E+00 0.114454187E+00
 0.113863252E+00 0.113441348E+00 0.113350324E+00 0.113926180E+00 0.115315281E+00
 0.116285339E+00 0.116864182E+00 0.117350355E+00 0.117825836E+00 0.118156552E+00
 0.118057452E+00 0.118556954E+00 0.120204903E+00 0.122494191E+00 0.125091910E+00
 0.194094867E+00 0.193808392E+00 0.192484990E+00 0.190876216E+00 0.189247772E+00
 0.187552392E+00 0.185767964E+00 0.183891267E+00 0.181930974E+00 0.179901943E+00
 0.177821487E+00 0.175707176E+00 0.173575550E+00 0.171441570E+00 0.169318348E+00
 0.167217180E+00 0.165147662E+00 0.163117945E+00 0.161134765E+00 0.159203708E+00
 0.157329127E+00 0.155514166E+00 0.153760642E+00 0.152068868E+00 0.150437504E+00
 0.148863330E+00 0.147341222E+00 0.145864144E+00 0.144423544E+00 0.143009916E+00
 0.141613707E+00 0.140226379E+00 0.138841406E+00 0.137455121E+00 0.136067122E+00
 0.134680241E+00 0.133300021E+00 0.131933913E+00 0.130590349E+00 0.129277766E+00
 0.128003985E+00 0.126775742E+00 0.125598639E+00 0.124477282E+00 0.123415634E+00
 0.122417793E+00 0.121488921E+00 0.120636784E+00 0.119873792E+00 0.119219802E+00
 0.118705288E+00 0.118372880E+00 0.118270189E+00 0.118419178E+00 0.118765458E+00
 0.119193010E+00 0.119626313E+00 0.120057702E+00 0.120504148E+00 0.120993868E+00
 0.121601470E+00 0.122460164E+00 0.123663716E+00 0.125195891E+00 0.126976103E+00
 0.194099247E+00 0.193911418E+00 0.193136781E+00 0.192115501E+00 0.190964848E+00
 0.189630404E+00 0.188106924E+00 0.186421141E+00 0.184607551E+00 0.182700083E+00
 0.180729598E+00 0.178722873E+00 0.176702365E+00 0.174686357E+00 0.172689542E+00
 0.170723557E+00 0.168797806E+00 0.166919827E+00 0.165095881E+00 0.163331032E+00
 0.161629349E+00 0.159993768E+00 0.158425868E+00 0.156925589E+00 0.155490637E+00
 0.154116005E+00 0.152793422E+00 0.151511043E+00 0.150253624E+00 0.149003476E+00
 0.147742167E+00 0.146452874E+00 0.145122796E+00 0.143745020E+00 0.142319545E+00
 0.140853032E+00 0.139357686E+00 0.137849122E+00 0.136344239E+00 0.134859249E+00
 0.133408621E+00 0.132004589E+00 0.130657285E+00 0.129375145E+00 0.128165528E+00
 0.127035469E+00 0.125992402E+00 0.125045046E+00 0.124204174E+00 0.123482987E+00
 0.122896686E+00 0.122460097E+00 0.122182727E+00 0.122061990E+00 0.122079931E+00
 0.122209437E+00 0.122427292E+00 0.122723512E+00 0.123102918E+00 0.123583987E+00
 0.124196619E+00 0.124973886E+00 0.125937104E+00 0.127084836E+00 0.128393963E+00
 0.194050238E+00 0.194018975E+00 0.193886653E+00 0.193680331E+00 0.193322346E+00
 0.192269921E+00 0.190872341E+00 0.189238697E+00 0.187443480E+00 0.185544804E+00
 0.183589235E+00 0.181613132E+00 0.179643422E+00 0.177699268E+00 0.175793976E+00
 0.173936948E+00 0.172135085E+00 0.170393884E+00 0.168718055E+00 0.167111859E+00
 0.165579215E+00 0.164123595E+00 0.162747607E+00 0.161452383E+00 0.160236731E+00
 0.159095719E+00 0.158019245E+00 0.156990200E+00 0.155983463E+00 0.154966518E+00
 0.153903052E+00 0.152758822E+00 0.151507869E+00 0.150136784E+00 0.148646891E+00
 0.147053853E+00 0.145384714E+00 0.143672213E+00 0.141948715E+00 0.140242159E+00
 0.138574675E+00 0.136963174E+00 0.135420457E+00 0.133956522E+00 0.132579476E+00
 0.131296441E+00 0.130114123E+00 0.129039258E+00 0.128078789E+00 0.127239823E+00
 0.126528904E+00 0.125950918E+00 0.125507638E+00 0.125196502E+00 0.125010833E+00
 0.124941789E+00 0.124981448E+00 0.125125661E+00 0.125375345E+00 0.125736266E+00
 0.126216963E+00 0.126825467E+00 0.127565250E+00 0.128432453E+00 0.129415259E+00
 0.194350198E+00 0.194567055E+00 0.194867700E+00 0.195319131E+00 0.195894405E+00
 0.195610508E+00 0.194291919E+00 0.192447633E+00 0.190462857E+00 0.188406542E+00
 0.186339483E+00 0.184304699E+00 0.182326451E+00 0.180416033E+00 0.178577960E+00
 0.176813841E+00 0.175124556E+00 0.173511252E+00 0.171975926E+00 0.170521662E+00
 0.169152707E+00 0.167874247E+00 0.166692019E+00 0.165611506E+00 0.164636850E+00
 0.163768902E+00 0.163002118E+00 0.162319481E+00 0.161685109E+00 0.161038384E+00
 0.160300061E+00 0.159394056E+00 0.158266485E+00 0.156891346E+00 0.155272052E+00
 0.153444543E+00 0.151474416E+00 0.149437681E+00 0.147397026E+00 0.145394385E+00
 0.143455714E+00 0.141597286E+00 0.139829904E+00 0.138161346E+00 0.136597663E+00
 0.135143816E+00 0.133804157E+00 0.132582545E+00 0.131482467E+00 0.130506873E+00
 0.129657909E+00 0.128936589E+00 0.128342375E+00 0.127873093E+00 0.127525136E+00
 0.127294257E+00 0.127176449E+00 0.127168804E+00 0.127269953E+00 0.127479821E+00
 0.127798870E+00 0.128226787E+00 0.128761217E+00 0.129396781E+00 0.130124792E+00
 0.194511116E+00 0.194895208E+00 0.195411459E+00 0.196133643E+00 0.197123334E+00
 0.197513103E+00 0.197055951E+00 0.195728466E+00 0.193538666E+00 0.191095293E+00
 0.188771069E+00 0.186611429E+00 0.184602857E+00 0.182724550E+00 0.180959433E+00
 0.179295108E+00 0.177723289E+00 0.176239237E+00 0.174841493E+00 0.173531801E+00
 0.172315404E+00 0.171200886E+00 0.170199618E+00 0.169325113E+00 0.168592662E+00
 0.168018639E+00 0.167618781E+00 0.167403340E+00 0.167362005E+00 0.167405531E+00
 0.167283595E+00 0.166796535E+00 0.165871069E+00 0.164472952E+00 0.162588060E+00
 0.160253406E+00 0.157665327E+00 0.155078441E+00 0.152585730E+00 0.150208592E+00
 0.147951782E+00 0.145816669E+00 0.143804461E+00 0.141916752E+00 0.140155286E+00
 0.138521656E+00 0.137017116E+00 0.135642469E+00 0.134398058E+00 0.133283705E+00
 0.132298678E+00 0.131441548E+00 0.130710214E+00 0.130101904E+00 0.129613310E+00
 0.129240841E+00 0.128980964E+00 0.128830418E+00 0.128786311E+00 0.128845975E+00
 0.129006639E+00 0.129264921E+00 0.129616424E+00 0.130055264E+00 0.130574033E+00
 0.194373146E+00 0.194851324E+00 0.195385620E+00 0.195961609E+00 0.196564987E+00
 0.197160184E+00 0.197444782E+00 0.196877062E+00 0.195383564E+00 0.192898512E+00
 0.190388069E+00 0.188211977E+00 0.186268181E+00 0.184495032E+00 0.182856873E+00
 0.181330889E+00 0.179902077E+00 0.178561002E+00 0.177302957E+00 0.176127762E+00
 0.175040618E+00 0.174057290E+00 0.173198104E+00 0.172484666E+00 0.171944946E+00
 0.171615392E+00 0.171544373E+00 0.171798825E+00 0.172480270E+00 0.173738956E+00
 0.174558640E+00 0.174605176E+00 0.173966110E+00 0.172564477E+00 0.170352936E+00
 0.167199090E+00 0.163467392E+00 0.160197183E+00 0.157227427E+00 0.154478118E+00
 0.151908889E+00 0.149500430E+00 0.147244543E+00 0.145138219E+00 0.143180177E+00
 0.141369238E+00 0.139703751E+00 0.138181522E+00 0.136799827E+00 0.135555595E+00
 0.134445533E+00 0.133466035E+00 0.132613346E+00 0.131883517E+00 0.131272495E+00
 0.130776182E+00 0.130390540E+00 0.130111560E+00 0.129935354E+00 0.129857957E+00
 0.129875228E+00 0.129982635E+00 0.130175069E+00 0.130446672E+00 0.130790800E+00
 0.194002733E+00 0.194690496E+00 0.195281595E+00 0.195701689E+00 0.195931688E+00
 0.195987910E+00 0.195889488E+00 0.195633069E+00 0.194814548E+00 0.192854241E+00
 0.190728381E+00 0.188856646E+00 0.187175259E+00 0.185634479E+00 0.184209928E+00
 0.182882503E+00 0.181637183E+00 0.180462807E+00 0.179352254E+00 0.178302690E+00
 0.177315533E+00 0.176416904E+00 0.175635993E+00 0.174997911E+00 0.174538210E+00
 0.174304113E+00 0.174358413E+00 0.174787536E+00 0.175715327E+00 0.177280322E+00
 0.178422555E+00 0.178740129E+00 0.178299844E+00 0.177034914E+00 0.174851954E+00
 0.171584904E+00 0.167670563E+00 0.164186075E+00 0.160991579E+00 0.158003643E+00
 0.155187741E+00 0.152536273E+00 0.150051907E+00 0.147737995E+00 0.145595059E+00
 0.143620566E+00 0.141809836E+00 0.140157059E+00 0.138656020E+00 0.137300491E+00
 0.136084422E+00 0.135002017E+00 0.134047747E+00 0.133216307E+00 0.132502630E+00
 0.131901786E+00 0.131409034E+00 0.131019697E+00 0.130729213E+00 0.130532965E+00
 0.130426213E+00 0.130404010E+00 0.130461082E+00 0.130591825E+00 0.130790144E+00
 0.739184260E+00 0.754032135E+00 0.764544845E+00 0.776803076E+00 0.790206134E+00
 0.803836823E+00 0.818257630E+00 0.833229721E+00 0.848758042E+00 0.864922881E+00
 0.881084323E+00 0.898451507E+00 0.916500747E+00 0.934924841E+00 0.954022050E+00
 0.973891139E+00 0.994760931E+00 0.101637208E+01 0.103870773E+01 0.106191444E+01
 0.108606052E+01 0.111118245E+01 0.113742197E+01 0.116465545E+01 0.119302714E+01
 0.122255301E+01 0.125334597E+01 0.128543019E+01 0.131895649E+01 0.135404146E+01
 0.139059019E+01 0.142871988E+01 0.146854627E+01 0.151031089E+01 0.155417895E+01
 0.160006976E+01 0.164785099E+01 0.169809318E+01 0.175101316E+01 0.180644858E+01
 0.186476231E+01 0.192561281E+01 0.199001670E+01 0.205789423E+01 0.212905478E+01
 0.220390940E+01 0.228321147E+01 0.236667323E+01 0.245452023E+01 0.254742146E+01
 0.264617848E+01 0.274959493E+01 0.285948658E+01 0.297630262E+01 0.309942245E+01
 0.323109221E+01 0.337161803E+01 0.352214527E+01 0.368575597E+01 0.386262107E+01
 0.405838108E+01 0.428174162E+01 0.454923677E+01 0.492889357E+01 0.631085253E+01
   85  117
 0.111140120E+01-0.200000003E+00 0.109743130E+01-0.150000006E+00 0.108401954E+01
-0.500000007E-01 0.109189379E+01 0.500000007E-01 0.110562503E+01 0.102796093E+00
 0.113218749E+01 0.169841781E+00 0.115875006E+01 0.223349631E+00 0.118531251E+01
 0.270081550E+00 0.121187496E+01 0.312542737E+00 0.123843753E+01 0.351709515E+00
 0.127481771E+01 0.400000006E+00 0.131593013E+01 0.449999988E+00 0.134468746E+01
 0.481327921E+00 0.137125003E+01 0.508646548E+00 0.141622245E+01 0.550000012E+00
 0.145093751E+01 0.578412831E+00 0.148052084E+01 0.600000024E+00 0.153062499E+01
 0.632951856E+00 0.156145310E+01 0.649999976E+00 0.161031246E+01 0.673899591E+00
 0.166343749E+01 0.693158269E+00 0.169000006E+01 0.701232851E+00 0.174312496E+01
 0.711733997E+00 0.179624999E+01 0.715008497E+00 0.184937501E+01 0.710779667E+00
 0.189204228E+01 0.699999988E+00 0.192906249E+01 0.686875463E+00 0.198218751E+01
 0.658563316E+00 0.200874996E+01 0.638285816E+00 0.204849172E+01 0.600000024E+00
 0.208843756E+01 0.551281273E+00 0.211500001E+01 0.510411680E+00 0.214156246E+01
 0.462642789E+00 0.216812491E+01 0.408035696E+00 0.219277644E+01 0.349999994E+00
 0.221294332E+01 0.300000012E+00 0.223163748E+01 0.250000000E+00 0.224828196E+01
 0.200000003E+00 0.227189159E+01 0.100000001E+00 0.227925372E+01 0.500000007E-01
 0.228090429E+01-0.500000007E-01 0.227437496E+01-0.107084237E+00 0.225501275E+01
-0.200000003E+00 0.224085379E+01-0.250000000E+00 0.222125006E+01-0.312687844E+00
 0.219468760E+01-0.387506992E+00 0.217085719E+01-0.449999988E+00 0.214953279E+01
-0.500000000E+00 0.212611461E+01-0.550000012E+00 0.210022759E+01-0.600000024E+00
 0.207150507E+01-0.649999976E+00 0.203966522E+01-0.699999988E+00 0.200874996E+01
-0.743504167E+00 0.198218751E+01-0.779525638E+00 0.195562506E+01-0.813650012E+00
 0.192488194E+01-0.850000024E+00 0.188322496E+01-0.899999976E+00 0.184937501E+01
-0.939249218E+00 0.182281256E+01-0.969897270E+00 0.179398918E+01-0.100000000E+01
 0.175017464E+01-0.104999995E+01 0.171656251E+01-0.108885980E+01 0.169000006E+01
-0.112213194E+01 0.164778376E+01-0.116877389E+01 0.163124502E+01-0.118754780E+01
 0.160826659E+01-0.114999998E+01 0.157910335E+01-0.110000002E+01 0.154956591E+01
-0.104999995E+01 0.152006066E+01-0.100000000E+01 0.149059582E+01-0.949999988E+00
 0.146116555E+01-0.899999976E+00 0.143180025E+01-0.850000024E+00 0.140255904E+01
-0.800000012E+00 0.137348557E+01-0.750000000E+00 0.134468746E+01-0.700726926E+00
 0.131812501E+01-0.652984619E+00 0.129156256E+01-0.603517711E+00 0.126499999E+01
-0.552151501E+00 0.123940969E+01-0.500000000E+00 0.121522868E+01-0.449999988E+00
 0.119178736E+01-0.400000006E+00 0.116925395E+01-0.349999994E+00 0.114790213E+01
-0.300000012E+00 0.112830269E+01-0.250000000E+00 0.111140120E+01-0.200000003E+00
 0.101600003E+01 0.000000000E+00 0.101600003E+01 0.963999987E+00 0.101600003E+01
 0.967999995E+00 0.101600003E+01 0.100100005E+01 0.101600003E+01 0.101900005E+01
 0.101600003E+01 0.107700002E+01 0.101600003E+01 0.107000005E+01 0.101600003E+01
 0.109599996E+01 0.101600003E+01 0.111300004E+01 0.101600003E+01 0.113800001E+01
 0.101600003E+01 0.114699996E+01 0.101199996E+01 0.116499996E+01 0.100100005E+01
 0.121700001E+01 0.102900004E+01 0.121700001E+01 0.104200006E+01 0.116240001E+01
 0.104600000E+01 0.116237998E+01 0.105599999E+01 0.116260004E+01 0.109700000E+01
 0.116450000E+01 0.110800004E+01 0.116594005E+01 0.111600006E+01 0.116591001E+01
 0.113399994E+01 0.116895998E+01 0.114800000E+01 0.117174995E+01 0.116199994E+01
 0.117556000E+01 0.118099999E+01 0.118299997E+01 0.118200004E+01 0.118350005E+01
 0.118499994E+01 0.118499994E+01 0.119000006E+01 0.118799996E+01 0.119500005E+01
 0.119099998E+01 0.120099998E+01 0.119599998E+01 0.120899999E+01 0.120200002E+01
 0.121500003E+01 0.120799994E+01 0.122200000E+01 0.121399999E+01 0.122800004E+01
 0.122099996E+01 0.123399997E+01 0.123099995E+01 0.123899996E+01 0.123800004E+01
 0.124199998E+01 0.124399996E+01 0.124800003E+01 0.125399995E+01 0.125800002E+01
 0.127800000E+01 0.126300001E+01 0.128999996E+01 0.127999997E+01 0.133099997E+01
 0.127999997E+01 0.134700000E+01 0.127999997E+01 0.134800005E+01 0.130999994E+01
 0.134800005E+01 0.132799995E+01 0.134800005E+01 0.136099994E+01 0.134800005E+01
 0.138000000E+01 0.134800005E+01 0.141900003E+01 0.134800005E+01 0.141900003E+01
 0.130999994E+01 0.137199998E+01 0.130999994E+01 0.137167001E+01 0.129237998E+01
 0.137003005E+01 0.128268003E+01 0.136688006E+01 0.125644004E+01 0.136719000E+01
 0.122955000E+01 0.137178004E+01 0.119576001E+01 0.137223995E+01 0.119402003E+01
 0.138662004E+01 0.116487002E+01 0.138707995E+01 0.116420996E+01 0.140382004E+01
 0.115696001E+01 0.141127002E+01 0.115730000E+01 0.141857004E+01 0.116131997E+01
 0.142100000E+01 0.116400003E+01 0.148662996E+01 0.124049997E+01 0.149730003E+01
 0.123458004E+01 0.149761999E+01 0.123427999E+01 0.149744999E+01 0.123174000E+01
 0.149275005E+01 0.121329999E+01 0.149259996E+01 0.121061003E+01 0.149260998E+01
 0.120485997E+01 0.149278998E+01 0.120213997E+01 0.149339998E+01 0.119641995E+01
 0.149469995E+01 0.118510997E+01 0.149621999E+01 0.116069996E+01 0.147981000E+01
 0.112425995E+01 0.148081994E+01 0.112256002E+01 0.148149002E+01 0.112137997E+01
 0.148645997E+01 0.111691999E+01 0.149094999E+01 0.111439002E+01 0.150304997E+01
 0.111243999E+01 0.159696996E+01 0.109489000E+01 0.162549996E+01 0.108529997E+01
 0.163751996E+01 0.107988000E+01 0.164699996E+01 0.107700002E+01 0.178499997E+01
 0.107700002E+01 0.206999993E+01 0.103999996E+01 0.212800002E+01 0.992999971E+00
 0.224499989E+01 0.708999991E+00 0.233956003E+01 0.461430013E+00 0.234707999E+01
 0.415829986E+00 0.234912992E+01 0.272179991E+00 0.235103011E+01 0.170179993E+00
 0.235157990E+01 0.701199993E-01 0.235124993E+01-0.317899995E-01 0.235050988E+01
-0.144350007E+00 0.234964991E+01-0.214829996E+00 0.234870005E+01-0.326689988E+00
 0.234759998E+01-0.386770010E+00 0.234019995E+01-0.453040004E+00 0.232942009E+01
-0.477569997E+00 0.213400006E+01-0.972999990E+00 0.178600001E+01-0.117400002E+01
 0.176800001E+01-0.121099997E+01 0.176800001E+01-0.125000000E+01 0.168200004E+01
-0.125000000E+01 0.137199998E+01-0.125000000E+01 0.137199998E+01-0.132900000E+01
 0.141999996E+01-0.132900000E+01 0.141999996E+01-0.136300004E+01 0.127300000E+01
-0.136300004E+01 0.115300000E+01-0.136300004E+01 0.101600003E+01-0.122300005E+01
 0.101600003E+01-0.122300005E+01 0.101600003E+01-0.829999983E+00 0.101600003E+01
-0.800000012E+00 0.101600003E+01-0.414999992E+00 0.101600003E+01-0.400000006E+00
 0.101600003E+01-0.100000005E-02 0.101600003E+01 0.000000000E+00
    0 0.170000005E+01    1
 0.000000000E+00 0.000000000E+00 0.000000000E+00 0.000000000E+00 0.000000000E+00
 0.000000000E+00 0.000000000E+00 0.000000000E+00 0.000000000E+00 0.000000000E+00
 0.000000000E+00 0.000000000E+00 0.000000000E+00 0.000000000E+00 0.000000000E+00
 0.000000000E+00 0.000000000E+00 0.000000000E+00 0.000000000E+00 0.000000000E+00
 0.000000000E+00 0.000000000E+00 0.000000000E+00 0.000000000E+00 0.000000000E+00
 0.000000000E+00 0.000000000E+00 0.000000000E+00 0.000000000E+00 0.000000000E+00
 0.000000000E+00 0.000000000E+00 0.000000000E+00 0.000000000E+00 0.000000000E+00
 0.000000000E+00 0.000000000E+00 0.000000000E+00 0.000000000E+00 0.000000000E+00
 0.000000000E+00 0.000000000E+00 0.000000000E+00 0.000000000E+00 0.000000000E+00
 0.000000000E+00 0.000000000E+00 0.000000000E+00 0.000000000E+00 0.000000000E+00
 0.000000000E+00 0.000000000E+00 0.000000000E+00 0.000000000E+00 0.000000000E+00
 0.000000000E+00 0.000000000E+00 0.000000000E+00 0.000000000E+00 0.000000000E+00
 0.000000000E+00 0.000000000E+00 0.000000000E+00 0.000000000E+00 0.000000000E+00
 0.000000000E+00 0.781889781E-01 0.111363940E+00 0.137154952E+00 0.159111544E+00
 0.178793460E+00 0.196782798E+00 0.213550553E+00 0.229374006E+00 0.243131712E+00
 0.257659853E+00 0.271781325E+00 0.285439402E+00 0.298705786E+00 0.311635584E+00
 0.324309647E+00 0.336773187E+00 0.349092364E+00 0.361211777E+00 0.373146892E+00
 0.385002226E+00 0.396799415E+00 0.408467531E+00 0.420117676E+00 0.431707680E+00
 0.443240970E+00 0.454796672E+00 0.466331750E+00 0.477858812E+00 0.489446193E+00
 0.501051426E+00 0.512677193E+00 0.524357378E+00 0.536093891E+00 0.547949076E+00
 0.559886515E+00 0.571849644E+00 0.583957493E+00 0.596199870E+00 0.608539283E+00
 0.621050000E+00 0.633650005E+00 0.646442473E+00 0.659421206E+00 0.672552586E+00
 0.685882628E+00 0.699431658E+00 0.713186979E+00 0.727171242E+00 0.741395891E+00
 0.755926609E+00 0.770654440E+00 0.785717964E+00 0.801097453E+00 0.816780865E+00
 0.832806170E+00 0.849203050E+00 0.865980566E+00 0.883200049E+00 0.900839567E+00
 0.918998659E+00 0.937760830E+00 0.957188964E+00 0.977606118E+00 0.100000000E+01
    1
 0.000000000E+00 0.000000000E+00 0.000000000E+00 0.000000000E+00 0.000000000E+00
 0.000000000E+00 0.000000000E+00 0.000000000E+00 0.000000000E+00 0.000000000E+00
 0.000000000E+00 0.000000000E+00 0.000000000E+00 0.000000000E+00 0.000000000E+00
 0.000000000E+00 0.000000000E+00 0.000000000E+00 0.000000000E+00 0.000000000E+00
 0.000000000E+00 0.000000000E+00 0.000000000E+00 0.000000000E+00 0.000000000E+00
 0.000000000E+00 0.000000000E+00 0.000000000E+00 0.000000000E+00 0.000000000E+00
 0.000000000E+00 0.000000000E+00 0.000000000E+00 0.000000000E+00 0.000000000E+00
 0.000000000E+00 0.000000000E+00 0.000000000E+00 0.000000000E+00 0.000000000E+00
 0.000000000E+00 0.000000000E+00 0.000000000E+00 0.000000000E+00 0.000000000E+00
 0.000000000E+00 0.000000000E+00 0.000000000E+00 0.000000000E+00 0.000000000E+00
 0.000000000E+00 0.000000000E+00 0.000000000E+00 0.000000000E+00 0.000000000E+00
 0.000000000E+00 0.000000000E+00 0.000000000E+00 0.000000000E+00 0.000000000E+00
 0.000000000E+00 0.000000000E+00 0.000000000E+00 0.000000000E+00 0.000000000E+00
&BASIS
 EE2BDRY= 32*0.00000000      ,
 EEBDRY= 32*0.00000000      ,
 EEKNT= 32*0.00000000      ,
 EETENS=  5.00000000    ,
 FF2BDRY= 64*0.00000000      ,
 FFBDRY=  3.62337112    , -10.0038881    ,  6.44790316    , 61*0.00000000      ,
 FFKNT= 64*0.00000000      ,
 FFTENS=  0.00000000    ,
 KEE2BDRY= 32*0          ,
 KEEBDRY= 32*0          ,
 KEEFNC=          0,
 KEEKNT=          0,
 KFF2BDRY= 64*0          ,
 KFFBDRY= 64*0          ,
 KFFFNC=          0,
 KFFKNT=          0,
 KPP2BDRY= 64*0          ,
 KPPBDRY= 64*0          ,
 KPPFNC=          0,
 KPPKNT=          0,
 KWW2BDRY= 64*0          ,
 KWWBDRY= 64*0          ,
 KWWFNC=          0,
 KWWKNT=          0,
 PP2BDRY= 64*0.00000000      ,
 PPBDRY=  401994.031    , -230740.406    , 62*0.00000000      ,
 PPKNT= 64*0.00000000      ,
 PPTENS=  0.00000000    ,
 WW2BDRY= 64*0.00000000      ,
 WWBDRY=  141.931091    , -51217.0742    , 62*0.00000000      ,
 WWKNT= 64*0.00000000      ,
 WWTENS=  0.00000000    ,
 /
