  EFITD    01/21/2000    #192311  4209ms           7  65  65
 0.170000005E+01 0.320000005E+01 0.169550002E+01 0.839999974E+00 0.000000000E+00
 0.178276694E+01-0.841688365E-01-0.149327025E+00 0.694390312E-01 0.199300802E+01
 0.988688812E+06-0.149327025E+00 0.000000000E+00 0.178276694E+01 0.000000000E+00
-0.841688365E-01 0.000000000E+00 0.694390312E-01 0.000000000E+00 0.000000000E+00
 0.335949159E+01 0.336021066E+01 0.336091089E+01 0.336159253E+01 0.336225605E+01
 0.336290169E+01 0.336352944E+01 0.336413980E+01 0.336473298E+01 0.336530924E+01
 0.336586905E+01 0.336641264E+01 0.336694026E+01 0.336745191E+01 0.336794829E+01
 0.336842942E+01 0.336889577E+01 0.336934733E+01 0.336978459E+01 0.337020802E+01
 0.337061739E+01 0.337101340E+01 0.337139606E+01 0.337176585E+01 0.337212276E+01
 0.337246752E+01 0.337279987E+01 0.337312055E+01 0.337342978E+01 0.337372756E+01
 0.337401414E+01 0.337429023E+01 0.337455559E+01 0.337481093E+01 0.337505627E+01
 0.337529206E+01 0.337551832E+01 0.337573552E+01 0.337594366E+01 0.337614346E+01
 0.337633491E+01 0.337651825E+01 0.337669396E+01 0.337686205E+01 0.337702298E+01
 0.337717700E+01 0.337732434E+01 0.337746525E+01 0.337759995E+01 0.337772894E+01
 0.337785244E+01 0.337797046E+01 0.337808347E+01 0.337819171E+01 0.337829542E+01
 0.337839484E+01 0.337849045E+01 0.337858248E+01 0.337867093E+01 0.337875628E+01
 0.337883854E+01 0.337891841E+01 0.337899613E+01 0.337907147E+01 0.337914515E+01
 0.111045227E+06 0.108000820E+06 0.104997977E+06 0.102036695E+06 0.991169844E+05
 0.962388438E+05 0.934022578E+05 0.906072500E+05 0.878537969E+05 0.851419141E+05
 0.824716016E+05 0.798428516E+05 0.772556641E+05 0.747100469E+05 0.722060000E+05
 0.697435078E+05 0.673225938E+05 0.649432383E+05 0.626054492E+05 0.603092266E+05
 0.580545703E+05 0.558414805E+05 0.536699570E+05 0.515399961E+05 0.494516055E+05
 0.474047773E+05 0.453995156E+05 0.434358242E+05 0.415136953E+05 0.396331328E+05
 0.377941367E+05 0.359967031E+05 0.342408398E+05 0.325265410E+05 0.308538086E+05
 0.292226406E+05 0.276330410E+05 0.260850059E+05 0.245785371E+05 0.231136348E+05
 0.216902969E+05 0.203085254E+05 0.189683203E+05 0.176696816E+05 0.164126094E+05
 0.151971016E+05 0.140231602E+05 0.128907852E+05 0.117999756E+05 0.107507324E+05
 0.974305566E+04 0.877694434E+04 0.785239893E+04 0.696941943E+04 0.612800586E+04
 0.532815869E+04 0.456987695E+04 0.385316162E+04 0.317801196E+04 0.254442847E+04
 0.195241077E+04 0.140195911E+04 0.893073425E+03 0.425753754E+03 0.000000000E+00
 0.716057003E+00 0.697562099E+00 0.679334939E+00 0.661375403E+00 0.643683612E+00
 0.626259446E+00 0.609102964E+00 0.592214167E+00 0.575592995E+00 0.559239566E+00
 0.543153763E+00 0.527335703E+00 0.511785269E+00 0.496502519E+00 0.481487423E+00
 0.466740042E+00 0.452260315E+00 0.438048273E+00 0.424103916E+00 0.410427213E+00
 0.397018194E+00 0.383876860E+00 0.371003211E+00 0.358397216E+00 0.346058905E+00
 0.333988279E+00 0.322185308E+00 0.310650021E+00 0.299382418E+00 0.288382500E+00
 0.277650237E+00 0.267185658E+00 0.256988764E+00 0.247059524E+00 0.237397984E+00
 0.228004098E+00 0.218877912E+00 0.210019380E+00 0.201428533E+00 0.193105370E+00
 0.185049877E+00 0.177262068E+00 0.169741914E+00 0.162489459E+00 0.155504674E+00
 0.148787558E+00 0.142338127E+00 0.136156365E+00 0.130242273E+00 0.124595866E+00
 0.119217135E+00 0.114106081E+00 0.109262697E+00 0.104686998E+00 0.100378968E+00
 0.963386223E-01 0.925659463E-01 0.890609473E-01 0.858236253E-01 0.828539804E-01
 0.801520050E-01 0.777177140E-01 0.755510926E-01 0.736521557E-01 0.720208883E-01
-0.896722000E+06-0.884561875E+06-0.872401750E+06-0.860241625E+06-0.848081500E+06
-0.835921375E+06-0.823761250E+06-0.811601188E+06-0.799441062E+06-0.787280938E+06
-0.775120812E+06-0.762960688E+06-0.750800562E+06-0.738640438E+06-0.726480312E+06
-0.714320188E+06-0.702160062E+06-0.689999938E+06-0.677839812E+06-0.665679688E+06
-0.653519562E+06-0.641359438E+06-0.629199312E+06-0.617039188E+06-0.604879062E+06
-0.592718938E+06-0.580558812E+06-0.568398688E+06-0.556238562E+06-0.544078438E+06
-0.531918312E+06-0.519758219E+06-0.507598094E+06-0.495437969E+06-0.483277844E+06
-0.471117719E+06-0.458957594E+06-0.446797500E+06-0.434637375E+06-0.422477250E+06
-0.410317125E+06-0.398157000E+06-0.385996875E+06-0.373836750E+06-0.361676625E+06
-0.349516500E+06-0.337356375E+06-0.325196250E+06-0.313036125E+06-0.300876031E+06
-0.288715906E+06-0.276555781E+06-0.264395656E+06-0.252235531E+06-0.240075406E+06
-0.227915281E+06-0.215755156E+06-0.203595031E+06-0.191434922E+06-0.179274797E+06
-0.167114672E+06-0.154954547E+06-0.142794422E+06-0.130634305E+06-0.118474180E+06
 0.868096426E-01 0.848346278E-01 0.827182680E-01 0.805090219E-01 0.783713832E-01
 0.765975937E-01 0.755987316E-01 0.758830905E-01 0.805369839E-01 0.928894877E-01
 0.107513875E+00 0.123232551E+00 0.138734862E+00 0.150898322E+00 0.160519302E+00
 0.167960748E+00 0.173343986E+00 0.176644236E+00 0.177653879E+00 0.175872460E+00
 0.170292601E+00 0.164287150E+00 0.160435602E+00 0.157914594E+00 0.156290412E+00
 0.155324146E+00 0.154873207E+00 0.154845312E+00 0.155174628E+00 0.155809060E+00
 0.156770587E+00 0.158044264E+00 0.159588829E+00 0.161370993E+00 0.163356826E+00
 0.165521532E+00 0.167819604E+00 0.170177743E+00 0.172601834E+00 0.175103411E+00
 0.177698016E+00 0.180401117E+00 0.183223724E+00 0.186169714E+00 0.189235508E+00
 0.192410961E+00 0.195680648E+00 0.199024886E+00 0.202420652E+00 0.205842182E+00
 0.209261537E+00 0.212649241E+00 0.215974942E+00 0.219208255E+00 0.222319633E+00
 0.225281388E+00 0.228068620E+00 0.230660185E+00 0.233039349E+00 0.235194370E+00
 0.237118617E+00 0.238810524E+00 0.240273178E+00 0.241513804E+00 0.242542908E+00
 0.817822963E-01 0.785225257E-01 0.747929215E-01 0.705123544E-01 0.657509565E-01
 0.608294271E-01 0.579287484E-01 0.601772331E-01 0.683520213E-01 0.828177854E-01
 0.979949161E-01 0.112337701E+00 0.125523672E+00 0.136627316E+00 0.145700321E+00
 0.152883172E+00 0.158249423E+00 0.161795333E+00 0.163445488E+00 0.163079470E+00
 0.160729975E+00 0.157765850E+00 0.155432746E+00 0.153779685E+00 0.152710304E+00
 0.152131513E+00 0.151969656E+00 0.152167827E+00 0.152679846E+00 0.153466433E+00
 0.154556602E+00 0.155945927E+00 0.157606378E+00 0.159517705E+00 0.161662698E+00
 0.164031103E+00 0.166585207E+00 0.169259191E+00 0.172056928E+00 0.174983174E+00
 0.178042978E+00 0.181240529E+00 0.184577659E+00 0.188052475E+00 0.191658527E+00
 0.195384443E+00 0.199213997E+00 0.203126207E+00 0.207095623E+00 0.211092621E+00
 0.215083852E+00 0.219032899E+00 0.222901121E+00 0.226648897E+00 0.230237007E+00
 0.233628258E+00 0.236789286E+00 0.239692032E+00 0.242315128E+00 0.244644761E+00
 0.246674970E+00 0.248407423E+00 0.249850601E+00 0.251018703E+00 0.251930267E+00
 0.776552856E-01 0.735239089E-01 0.685625821E-01 0.622574314E-01 0.544231348E-01
 0.502094179E-01 0.508378670E-01 0.565329827E-01 0.674583316E-01 0.797734112E-01
 0.916241780E-01 0.102666527E+00 0.112735510E+00 0.121656783E+00 0.129310936E+00
 0.135648042E+00 0.140658543E+00 0.144356266E+00 0.146786556E+00 0.148062527E+00
 0.148420721E+00 0.148225486E+00 0.147843003E+00 0.147517756E+00 0.147374034E+00
 0.147465065E+00 0.147809088E+00 0.148408413E+00 0.149258807E+00 0.150357068E+00
 0.151713639E+00 0.153331980E+00 0.155205026E+00 0.157324389E+00 0.159681857E+00
 0.162268490E+00 0.165064052E+00 0.168044537E+00 0.171203390E+00 0.174539179E+00
 0.178051621E+00 0.181739971E+00 0.185601905E+00 0.189632371E+00 0.193822712E+00
 0.198159933E+00 0.202626139E+00 0.207197949E+00 0.211846292E+00 0.216536075E+00
 0.221226260E+00 0.225870326E+00 0.230417192E+00 0.234812796E+00 0.239002347E+00
 0.242933095E+00 0.246557444E+00 0.249835864E+00 0.252739459E+00 0.255251557E+00
 0.257368118E+00 0.259097189E+00 0.260457218E+00 0.261474699E+00 0.262181491E+00
 0.748930797E-01 0.707451701E-01 0.659981668E-01 0.602255017E-01 0.538090914E-01
 0.525143184E-01 0.569764078E-01 0.642073974E-01 0.722214133E-01 0.806301609E-01
 0.890702829E-01 0.972427353E-01 0.104921170E+00 0.111938417E+00 0.118177228E+00
 0.123565808E+00 0.128073260E+00 0.131706700E+00 0.134512812E+00 0.136582226E+00
 0.138049960E+00 0.139082700E+00 0.139852032E+00 0.140507326E+00 0.141162649E+00
 0.141897827E+00 0.142766163E+00 0.143802807E+00 0.145031556E+00 0.146469682E+00
 0.148130447E+00 0.150023222E+00 0.152153462E+00 0.154523313E+00 0.157132432E+00
 0.159978166E+00 0.163055956E+00 0.166360989E+00 0.169889912E+00 0.173641026E+00
 0.177613333E+00 0.181805477E+00 0.186214671E+00 0.190835804E+00 0.195660427E+00
 0.200675741E+00 0.205863625E+00 0.211199507E+00 0.216651276E+00 0.222178176E+00
 0.227729991E+00 0.233246744E+00 0.238659218E+00 0.243890822E+00 0.248861074E+00
 0.253490418E+00 0.257706195E+00 0.261448562E+00 0.264675617E+00 0.267366439E+00
 0.269522071E+00 0.271163642E+00 0.272328705E+00 0.273066163E+00 0.273430914E+00
 0.728503019E-01 0.693462566E-01 0.662089586E-01 0.632835180E-01 0.612038821E-01
 0.628959164E-01 0.663413256E-01 0.709682778E-01 0.763740316E-01 0.822381750E-01
 0.882925093E-01 0.943132937E-01 0.100119449E+00 0.105570368E+00 0.110563204E+00
 0.115030229E+00 0.118936568E+00 0.122278348E+00 0.125081092E+00 0.127397507E+00
 0.129303202E+00 0.130889356E+00 0.132252976E+00 0.133487239E+00 0.134674653E+00
 0.135883957E+00 0.137170270E+00 0.138576835E+00 0.140137523E+00 0.141878918E+00
 0.143822029E+00 0.145983383E+00 0.148375735E+00 0.151008785E+00 0.153889611E+00
 0.157023385E+00 0.160413817E+00 0.164063826E+00 0.167976037E+00 0.172152966E+00
 0.176596835E+00 0.181309134E+00 0.186290011E+00 0.191537529E+00 0.197046712E+00
 0.202808425E+00 0.208807960E+00 0.215023354E+00 0.221423119E+00 0.227963880E+00
 0.234587565E+00 0.241218939E+00 0.247764185E+00 0.254111916E+00 0.260137767E+00
 0.265713483E+00 0.270719141E+00 0.275056303E+00 0.278658807E+00 0.281499594E+00
 0.283592075E+00 0.284985811E+00 0.285757273E+00 0.285998166E+00 0.285803944E+00
 0.692779347E-01 0.656997785E-01 0.654617175E-01 0.662789121E-01 0.674435720E-01
 0.693726838E-01 0.721180886E-01 0.755488202E-01 0.794899315E-01 0.837667733E-01
 0.882178098E-01 0.926997811E-01 0.970906541E-01 0.101291172E+00 0.105225481E+00
 0.108841047E+00 0.112108000E+00 0.115018100E+00 0.117583148E+00 0.119832724E+00
 0.121811017E+00 0.123572662E+00 0.125178069E+00 0.126688853E+00 0.128164083E+00
 0.129657716E+00 0.131217450E+00 0.132884473E+00 0.134693846E+00 0.136675224E+00
 0.138853624E+00 0.141250104E+00 0.143882379E+00 0.146765381E+00 0.149911776E+00
 0.153332397E+00 0.157036766E+00 0.161033452E+00 0.165330380E+00 0.169935048E+00
 0.174854547E+00 0.180095419E+00 0.185663342E+00 0.191562682E+00 0.197795704E+00
 0.204361618E+00 0.211254999E+00 0.218463629E+00 0.225965425E+00 0.233723998E+00
 0.241682708E+00 0.249757171E+00 0.257826954E+00 0.265729874E+00 0.273264199E+00
 0.280205488E+00 0.286336839E+00 0.291480988E+00 0.295524240E+00 0.298429489E+00
 0.300240129E+00 0.301071256E+00 0.301085770E+00 0.300461948E+00 0.299367040E+00
 0.676089004E-01 0.640688092E-01 0.652349442E-01 0.679493845E-01 0.704657584E-01
 0.730171129E-01 0.757408440E-01 0.786796510E-01 0.818147361E-01 0.850940198E-01
 0.884508044E-01 0.918152779E-01 0.951216817E-01 0.983127654E-01 0.101342618E+00
 0.104178198E+00 0.106800094E+00 0.109202467E+00 0.111392386E+00 0.113388546E+00
 0.115219466E+00 0.116921172E+00 0.118534744E+00 0.120103776E+00 0.121672183E+00
 0.123282477E+00 0.124974541E+00 0.126784995E+00 0.128746897E+00 0.130889758E+00
 0.133239821E+00 0.135820270E+00 0.138651654E+00 0.141752228E+00 0.145138353E+00
 0.148824885E+00 0.152825579E+00 0.157153383E+00 0.161820859E+00 0.166840360E+00
 0.172224298E+00 0.177985296E+00 0.184136167E+00 0.190689966E+00 0.197659627E+00
 0.205057606E+00 0.212894842E+00 0.221179202E+00 0.229912534E+00 0.239085749E+00
 0.248670310E+00 0.258603811E+00 0.268766731E+00 0.278947592E+00 0.288807780E+00
 0.297898084E+00 0.305772960E+00 0.312097400E+00 0.316670626E+00 0.319429338E+00
 0.320472211E+00 0.320078701E+00 0.318638921E+00 0.316520423E+00 0.314004868E+00
 0.687946752E-01 0.654161945E-01 0.672098249E-01 0.704880506E-01 0.734337568E-01
 0.761695057E-01 0.787890106E-01 0.813556686E-01 0.839024559E-01 0.864377841E-01
 0.889529958E-01 0.914292857E-01 0.938434228E-01 0.961721241E-01 0.983953401E-01
 0.100498497E+00 0.102473944E+00 0.104321659E+00 0.106049381E+00 0.107672207E+00
 0.109211750E+00 0.110694975E+00 0.112152882E+00 0.113619030E+00 0.115128227E+00
 0.116715349E+00 0.118414402E+00 0.120257840E+00 0.122276142E+00 0.124497592E+00
 0.126948208E+00 0.129651845E+00 0.132630318E+00 0.135903686E+00 0.139490545E+00
 0.143408284E+00 0.147673517E+00 0.152302414E+00 0.157311082E+00 0.162716001E+00
 0.168534428E+00 0.174784794E+00 0.181487277E+00 0.188664258E+00 0.196340889E+00
 0.204545692E+00 0.213311151E+00 0.222674146E+00 0.232675940E+00 0.243361354E+00
 0.254775286E+00 0.266953677E+00 0.279900134E+00 0.293529630E+00 0.307504684E+00
 0.320446998E+00 0.331177145E+00 0.339313656E+00 0.344601035E+00 0.346854717E+00
 0.345994204E+00 0.342661589E+00 0.338385910E+00 0.333778024E+00 0.329157889E+00
 0.724891797E-01 0.693023503E-01 0.711438954E-01 0.744827315E-01 0.773886219E-01
 0.799414814E-01 0.822221562E-01 0.843016729E-01 0.862351134E-01 0.880605280E-01
 0.898010209E-01 0.914681926E-01 0.930659771E-01 0.945941210E-01 0.960511267E-01
 0.974365175E-01 0.987525806E-01 0.100005373E+00 0.101205379E+00 0.102367595E+00
 0.103511333E+00 0.104659691E+00 0.105838858E+00 0.107077293E+00 0.108404815E+00
 0.109851852E+00 0.111448675E+00 0.113224849E+00 0.115208790E+00 0.117427446E+00
 0.119906150E+00 0.122668594E+00 0.125736877E+00 0.129131690E+00 0.132872552E+00
 0.136978105E+00 0.141466469E+00 0.146355584E+00 0.151663750E+00 0.157410026E+00
 0.163614988E+00 0.170301303E+00 0.177494690E+00 0.185224995E+00 0.193527520E+00
 0.202444866E+00 0.212029338E+00 0.222346112E+00 0.233477950E+00 0.245531842E+00
 0.258649379E+00 0.273023903E+00 0.288932592E+00 0.306809008E+00 0.327001572E+00
 0.345331222E+00 0.359858662E+00 0.370488256E+00 0.377014101E+00 0.378936201E+00
 0.376070440E+00 0.367844343E+00 0.358858705E+00 0.350709975E+00 0.343436897E+00
 0.785213858E-01 0.755213946E-01 0.772439167E-01 0.803438202E-01 0.828594640E-01
 0.848893449E-01 0.865447149E-01 0.879215077E-01 0.890954062E-01 0.901225582E-01
 0.910426229E-01 0.918825641E-01 0.926602781E-01 0.933878496E-01 0.940742344E-01
 0.947274119E-01 0.953560621E-01 0.959706753E-01 0.965843573E-01 0.972131789E-01
 0.978762731E-01 0.985956565E-01 0.993958563E-01 0.100303337E+00 0.101345867E+00
 0.102551870E+00 0.103949845E+00 0.105567873E+00 0.107433170E+00 0.109571755E+00
 0.112008244E+00 0.114765726E+00 0.117865823E+00 0.121328913E+00 0.125174344E+00
 0.129420727E+00 0.134086221E+00 0.139188975E+00 0.144747630E+00 0.150781810E+00
 0.157312915E+00 0.164364964E+00 0.171965629E+00 0.180147648E+00 0.188950628E+00
 0.198423475E+00 0.208627671E+00 0.219642028E+00 0.231569424E+00 0.244546980E+00
 0.258761734E+00 0.274475545E+00 0.292064667E+00 0.312075645E+00 0.335248947E+00
 0.358944356E+00 0.377514064E+00 0.390845686E+00 0.399026304E+00 0.401970983E+00
 0.398962468E+00 0.389621794E+00 0.375796229E+00 0.364166647E+00 0.354495585E+00
 0.872603357E-01 0.844410211E-01 0.861568227E-01 0.886320174E-01 0.902616680E-01
 0.913092569E-01 0.919609591E-01 0.923448727E-01 0.925478637E-01 0.926290676E-01
 0.926289558E-01 0.925754160E-01 0.924880505E-01 0.923813209E-01 0.922668576E-01
 0.921553448E-01 0.920578465E-01 0.919868425E-01 0.919569284E-01 0.919852033E-01
 0.920914933E-01 0.922982618E-01 0.926304311E-01 0.931148827E-01 0.937796012E-01
 0.946530700E-01 0.957637206E-01 0.971395448E-01 0.988076106E-01 0.100793697E+00
 0.103121869E+00 0.105814293E+00 0.108891308E+00 0.112372018E+00 0.116274565E+00
 0.120616302E+00 0.125414044E+00 0.130684420E+00 0.136444390E+00 0.142711774E+00
 0.149505943E+00 0.156848639E+00 0.164764911E+00 0.173284516E+00 0.182443470E+00
 0.192286164E+00 0.202868223E+00 0.214260280E+00 0.226553068E+00 0.239864483E+00
 0.254348874E+00 0.270209372E+00 0.287711859E+00 0.307198435E+00 0.329096466E+00
 0.353780687E+00 0.374919116E+00 0.390356034E+00 0.400273204E+00 0.404727906E+00
 0.403864264E+00 0.396951228E+00 0.383860260E+00 0.370401055E+00 0.359722853E+00
 0.100995764E+00 0.989814326E-01 0.994519442E-01 0.999908745E-01 0.997392312E-01
 0.991228893E-01 0.983130857E-01 0.973948091E-01 0.964164585E-01 0.954080448E-01
 0.943892673E-01 0.933737010E-01 0.923713967E-01 0.913906619E-01 0.904393718E-01
 0.895260572E-01 0.886607245E-01 0.878555179E-01 0.871252120E-01 0.864875317E-01
 0.859632716E-01 0.855763033E-01 0.853537694E-01 0.853259563E-01 0.855234116E-01
 0.859763846E-01 0.867147520E-01 0.877678022E-01 0.891638473E-01 0.909296051E-01
 0.930892527E-01 0.956635177E-01 0.986693278E-01 0.102123387E+00 0.106041990E+00
 0.110440366E+00 0.115332536E+00 0.120731965E+00 0.126652032E+00 0.133106455E+00
 0.140109792E+00 0.147678137E+00 0.155829743E+00 0.164585933E+00 0.173972160E+00
 0.184019104E+00 0.194764137E+00 0.206252858E+00 0.218540832E+00 0.231695175E+00
 0.245795757E+00 0.260935098E+00 0.277216405E+00 0.294749230E+00 0.313649446E+00
 0.334082752E+00 0.354905218E+00 0.370210797E+00 0.380705982E+00 0.386761934E+00
 0.388208270E+00 0.385406733E+00 0.377748430E+00 0.366372198E+00 0.357366800E+00
 0.120516382E+00 0.120888077E+00 0.117257535E+00 0.113348819E+00 0.110214010E+00
 0.107454784E+00 0.104921870E+00 0.102545463E+00 0.100287706E+00 0.981258899E-01
 0.960455686E-01 0.940374136E-01 0.920958146E-01 0.902182609E-01 0.884052068E-01
 0.866601467E-01 0.849898383E-01 0.834045559E-01 0.819183365E-01 0.805491433E-01
 0.793190673E-01 0.782527924E-01 0.773802698E-01 0.767455399E-01 0.763835236E-01
 0.763265342E-01 0.766064525E-01 0.772552043E-01 0.783044845E-01 0.797848850E-01
 0.817240179E-01 0.841419250E-01 0.870394483E-01 0.904314965E-01 0.943348035E-01
 0.987628773E-01 0.103724636E+00 0.109228700E+00 0.115283385E+00 0.121896431E+00
 0.129075527E+00 0.136828646E+00 0.145164341E+00 0.154092163E+00 0.163622916E+00
 0.173768908E+00 0.184543893E+00 0.195962638E+00 0.208039641E+00 0.220786676E+00
 0.234208211E+00 0.248293206E+00 0.263000488E+00 0.278232515E+00 0.293783486E+00
 0.309226364E+00 0.323714674E+00 0.336139351E+00 0.345832855E+00 0.352577657E+00
 0.356356680E+00 0.357298523E+00 0.355759770E+00 0.352529496E+00 0.348721474E+00
 0.134413108E+00 0.135547683E+00 0.130414650E+00 0.124415353E+00 0.119300969E+00
 0.114816375E+00 0.110783570E+00 0.107082471E+00 0.103632048E+00 0.100376472E+00
 0.972765237E-01 0.943044648E-01 0.914409682E-01 0.886733159E-01 0.859943479E-01
 0.834019408E-01 0.808988810E-01 0.784929320E-01 0.761970133E-01 0.740288869E-01
 0.720175281E-01 0.701792315E-01 0.685159117E-01 0.671678260E-01 0.661506355E-01
 0.654908717E-01 0.652206540E-01 0.653754622E-01 0.659932941E-01 0.671152249E-01
 0.687880889E-01 0.710718185E-01 0.738329738E-01 0.771286637E-01 0.809938014E-01
 0.854448378E-01 0.904702768E-01 0.960739031E-01 0.102259874E+00 0.109028146E+00
 0.116378278E+00 0.124309115E+00 0.132818207E+00 0.141902104E+00 0.151556194E+00
 0.161774427E+00 0.172548324E+00 0.183865473E+00 0.195706978E+00 0.208043635E+00
 0.220830053E+00 0.233996138E+00 0.247434631E+00 0.260984093E+00 0.274407953E+00
 0.287378252E+00 0.299487591E+00 0.310315430E+00 0.319521934E+00 0.326903552E+00
 0.332400382E+00 0.336091191E+00 0.338190794E+00 0.339029610E+00 0.338984579E+00
 0.142591953E+00 0.143830940E+00 0.138667569E+00 0.131911367E+00 0.125803038E+00
 0.120253898E+00 0.115162820E+00 0.110439733E+00 0.106010161E+00 0.101814821E+00
 0.978075191E-01 0.939528942E-01 0.902244821E-01 0.866032243E-01 0.830764547E-01
 0.796372890E-01 0.762844831E-01 0.730230361E-01 0.698660538E-01 0.668092370E-01
 0.639727041E-01 0.613696612E-01 0.590273850E-01 0.569919012E-01 0.553026497E-01
 0.539980642E-01 0.531172194E-01 0.527000464E-01 0.527868904E-01 0.534175709E-01
 0.546294786E-01 0.564532280E-01 0.589016341E-01 0.620048158E-01 0.658017322E-01
 0.703439265E-01 0.754460320E-01 0.811603516E-01 0.875030309E-01 0.944524109E-01
 0.102001302E+00 0.110141195E+00 0.118857734E+00 0.128134534E+00 0.137952805E+00
 0.148290962E+00 0.159123376E+00 0.170418650E+00 0.182137176E+00 0.194227740E+00
 0.206623361E+00 0.219236106E+00 0.231951281E+00 0.244622067E+00 0.257066637E+00
 0.269071758E+00 0.280406415E+00 0.290846080E+00 0.300201058E+00 0.308339715E+00
 0.315201372E+00 0.320798934E+00 0.325212449E+00 0.328572989E+00 0.331037581E+00
 0.147799075E+00 0.149044499E+00 0.143548533E+00 0.136392012E+00 0.129754156E+00
 0.123580083E+00 0.117804825E+00 0.112362742E+00 0.107193738E+00 0.102245897E+00
 0.974760652E-01 0.928493068E-01 0.883380696E-01 0.839212015E-01 0.795831382E-01
 0.753130764E-01 0.711041689E-01 0.669523999E-01 0.629611760E-01 0.591452569E-01
 0.555404015E-01 0.521802716E-01 0.491011329E-01 0.463432558E-01 0.439483896E-01
 0.419592373E-01 0.404192582E-01 0.393723175E-01 0.388620943E-01 0.389312170E-01
 0.396200642E-01 0.409654267E-01 0.429996662E-01 0.457533374E-01 0.492529720E-01
 0.535155348E-01 0.585358404E-01 0.643312857E-01 0.709341764E-01 0.781152025E-01
 0.859169737E-01 0.943392143E-01 0.103342190E+00 0.112897478E+00 0.122973748E+00
 0.133537546E+00 0.144552112E+00 0.155975461E+00 0.167758361E+00 0.179842040E+00
 0.192155838E+00 0.204614788E+00 0.217117667E+00 0.229546145E+00 0.241765872E+00
 0.253630787E+00 0.264990538E+00 0.275700986E+00 0.285635442E+00 0.294694573E+00
 0.302812845E+00 0.309960663E+00 0.316142231E+00 0.321389407E+00 0.325753063E+00
 0.150284886E+00 0.151426822E+00 0.145657927E+00 0.138304740E+00 0.131417111E+00
 0.124921747E+00 0.118751869E+00 0.112847388E+00 0.107156627E+00 0.101636007E+00
 0.962491855E-01 0.909661725E-01 0.857625827E-01 0.806189179E-01 0.755200312E-01
 0.704545230E-01 0.654142499E-01 0.605013929E-01 0.557406172E-01 0.511597060E-01
 0.467916839E-01 0.426729657E-01 0.388430133E-01 0.353440866E-01 0.322205834E-01
 0.295185354E-01 0.272850767E-01 0.255679395E-01 0.244147982E-01 0.238725357E-01
 0.239863787E-01 0.247990042E-01 0.263497420E-01 0.286738947E-01 0.318013541E-01
 0.357547030E-01 0.405476578E-01 0.461869724E-01 0.526665188E-01 0.599528886E-01
 0.680334121E-01 0.769018680E-01 0.863125175E-01 0.962756574E-01 0.106744424E+00
 0.117677659E+00 0.129034057E+00 0.140768170E+00 0.152828872E+00 0.165158242E+00
 0.177690446E+00 0.190350875E+00 0.203055546E+00 0.215711266E+00 0.228216842E+00
 0.240465403E+00 0.252347976E+00 0.263757706E+00 0.274594456E+00 0.284768522E+00
 0.294203371E+00 0.302837044E+00 0.310622334E+00 0.317526132E+00 0.323529065E+00
 0.149781853E+00 0.150637001E+00 0.145096675E+00 0.137851521E+00 0.131033644E+00
 0.124513663E+00 0.118206397E+00 0.112057455E+00 0.106027849E+00 0.100086913E+00
 0.942092389E-01 0.883733034E-01 0.825608671E-01 0.767567009E-01 0.709484890E-01
 0.651264563E-01 0.593864806E-01 0.537548698E-01 0.482612178E-01 0.429384373E-01
 0.378229469E-01 0.329543985E-01 0.283754282E-01 0.241313372E-01 0.202697143E-01
 0.168399885E-01 0.138929663E-01 0.114802932E-01 0.965384487E-02 0.846504234E-02
 0.796407182E-02 0.819904730E-02 0.921509415E-02 0.110533480E-01 0.137497680E-01
 0.173338223E-01 0.218272042E-01 0.272426456E-01 0.335820727E-01 0.408351198E-01
 0.489816517E-01 0.579864942E-01 0.677878112E-01 0.783428401E-01 0.893651098E-01
 0.100826897E+00 0.112696365E+00 0.124930099E+00 0.137479007E+00 0.150289774E+00
 0.163304791E+00 0.176461816E+00 0.189693689E+00 0.202928260E+00 0.216088787E+00
 0.229094610E+00 0.241861999E+00 0.254304975E+00 0.266335905E+00 0.277865380E+00
 0.288802087E+00 0.299052417E+00 0.308521003E+00 0.317113459E+00 0.324741364E+00
 0.146287799E+00 0.146459982E+00 0.141517758E+00 0.135255113E+00 0.129014701E+00
 0.122773036E+00 0.116534911E+00 0.110298648E+00 0.104058161E+00 0.978047401E-01
 0.915281773E-01 0.852175876E-01 0.788620338E-01 0.724512935E-01 0.659774095E-01
 0.595286526E-01 0.531334169E-01 0.468228869E-01 0.406311601E-01 0.345953330E-01
 0.287555605E-01 0.231549777E-01 0.178395584E-01 0.128578981E-01 0.826092809E-02
 0.410155579E-02 0.434254180E-03-0.268542836E-02-0.520143053E-02-0.705782184E-02
-0.819953624E-02-0.857318938E-02-0.812799484E-02-0.681678159E-02-0.459712371E-02
-0.143256551E-02 0.270608370E-02 0.783940218E-02 0.139779439E-01 0.211209338E-01
 0.292552244E-01 0.383537039E-01 0.483743213E-01 0.592631362E-01 0.709508955E-01
 0.830659494E-01 0.956122205E-01 0.108527094E+00 0.121758342E+00 0.135257378E+00
 0.148976222E+00 0.162866041E+00 0.176876426E+00 0.190954864E+00 0.205046460E+00
 0.219093323E+00 0.233033702E+00 0.246800363E+00 0.260317981E+00 0.273499429E+00
 0.286240786E+00 0.298416197E+00 0.309874564E+00 0.320441365E+00 0.329929858E+00
 0.141959995E+00 0.141355887E+00 0.137376964E+00 0.132065848E+00 0.126367077E+00
 0.120407254E+00 0.114264429E+00 0.107979909E+00 0.101574652E+00 0.950580761E-01
 0.884325504E-01 0.816957504E-01 0.748415813E-01 0.678594634E-01 0.608345605E-01
 0.537997074E-01 0.467884727E-01 0.398363620E-01 0.329813622E-01 0.262642149E-01
 0.197285060E-01 0.134206703E-01 0.738990773E-02 0.168802915E-02-0.363076781E-02
-0.851019099E-02-0.128922174E-01-0.167175271E-01-0.199260246E-01-0.224574301E-01
-0.242519826E-01-0.252512172E-01-0.253988598E-01-0.246418156E-01-0.229312796E-01
-0.202239398E-01-0.164832938E-01-0.116810370E-01-0.579855498E-02 0.117152452E-02
 0.922368746E-02 0.183376838E-01 0.284764376E-01 0.395833813E-01 0.515774079E-01
 0.643440336E-01 0.777995288E-01 0.915883332E-01 0.105679423E+00 0.120039918E+00
 0.134636685E+00 0.149436980E+00 0.164408624E+00 0.179519907E+00 0.194739282E+00
 0.210034445E+00 0.225370795E+00 0.240708500E+00 0.255997837E+00 0.271171540E+00
 0.286133260E+00 0.300741285E+00 0.314787686E+00 0.327980161E+00 0.339948863E+00
 0.139810041E+00 0.138956100E+00 0.134903073E+00 0.129604056E+00 0.123974271E+00
 0.118055128E+00 0.111884341E+00 0.105491944E+00 0.988990143E-01 0.921189487E-01
 0.851591900E-01 0.780230165E-01 0.707115307E-01 0.632271394E-01 0.556755625E-01
 0.480864421E-01 0.404940322E-01 0.329360068E-01 0.254530702E-01 0.180888511E-01
 0.108898524E-01 0.390542741E-02-0.281230477E-02-0.920857675E-02-0.152261611E-01
-0.208056122E-01-0.258855950E-01-0.304032601E-01-0.342947319E-01-0.374956578E-01
-0.399418585E-01-0.415700786E-01-0.423188508E-01-0.421294421E-01-0.409469418E-01
-0.387214683E-01-0.354094580E-01-0.309750978E-01-0.253918543E-01-0.186440945E-01
-0.107288007E-01-0.165738002E-02 0.854251161E-02 0.198251978E-01 0.321255624E-01
 0.453590713E-01 0.594261177E-01 0.742052197E-01 0.892775729E-01 0.104620256E+00
 0.120212831E+00 0.136037946E+00 0.152081802E+00 0.168334603E+00 0.184790745E+00
 0.201448649E+00 0.218310028E+00 0.235377952E+00 0.252653092E+00 0.270126373E+00
 0.287765652E+00 0.305490613E+00 0.323124588E+00 0.340293407E+00 0.356217533E+00
 0.138562068E+00 0.137528911E+00 0.133183673E+00 0.127758145E+00 0.122025147E+00
 0.115994729E+00 0.109683409E+00 0.103107288E+00 0.962798595E-01 0.892109573E-01
 0.819063932E-01 0.743676722E-01 0.665909573E-01 0.586654060E-01 0.506309681E-01
 0.425258763E-01 0.343892984E-01 0.262623876E-01 0.181887466E-01 0.102146603E-01
 0.238919747E-02-0.523575628E-02-0.126055265E-01-0.196627397E-01-0.263474677E-01
-0.325974412E-01-0.383483320E-01-0.435341038E-01-0.480874367E-01-0.519402623E-01
-0.550243556E-01-0.572720617E-01-0.586171113E-01-0.589955412E-01-0.583467670E-01
-0.566147268E-01-0.537492111E-01-0.497072414E-01-0.444546267E-01-0.379675850E-01
-0.302344430E-01-0.212573931E-01-0.110542299E-01 0.340026192E-03 0.128717478E-01
 0.264677051E-01 0.410343818E-01 0.564564392E-01 0.725957826E-01 0.889965892E-01
 0.105649188E+00 0.122549877E+00 0.139701918E+00 0.157116637E+00 0.174814701E+00
 0.192827597E+00 0.211199105E+00 0.229986995E+00 0.249264523E+00 0.269121706E+00
 0.289665371E+00 0.311016738E+00 0.333299726E+00 0.356571853E+00 0.379673332E+00
 0.137651518E+00 0.136438325E+00 0.132037207E+00 0.126451582E+00 0.120547228E+00
 0.114330225E+00 0.107808858E+00 0.100992389E+00 0.938892886E-01 0.865061209E-01
 0.788472593E-01 0.709156096E-01 0.627152175E-01 0.543493629E-01 0.458514541E-01
 0.372587591E-01 0.286114067E-01 0.199521724E-01 0.113265049E-01 0.278262119E-02
-0.562842656E-02-0.138527155E-01-0.218334682E-01-0.295111183E-01-0.368234403E-01
-0.437057242E-01-0.500910357E-01-0.559105352E-01-0.610938780E-01-0.655696839E-01
-0.692661330E-01-0.721116289E-01-0.740355998E-01-0.749693662E-01-0.748471841E-01
-0.736074001E-01-0.711936876E-01-0.675565004E-01-0.626545548E-01-0.564564504E-01
-0.489424318E-01-0.401061140E-01-0.299562756E-01-0.185185988E-01-0.583728077E-02
 0.802349672E-02 0.229782704E-01 0.389191508E-01 0.557150729E-01 0.732116103E-01
 0.909404606E-01 0.108908542E+00 0.127132475E+00 0.145640492E+00 0.164474890E+00
 0.183695003E+00 0.203381285E+00 0.223640740E+00 0.244614899E+00 0.266491175E+00
 0.289520383E+00 0.314045727E+00 0.340558201E+00 0.369819164E+00 0.400429070E+00
 0.137354389E+00 0.135998338E+00 0.131456763E+00 0.125689790E+00 0.119577892E+00
 0.113128379E+00 0.106349826E+00 0.992511734E-01 0.918393731E-01 0.841181874E-01
 0.760874450E-01 0.677421242E-01 0.591611639E-01 0.503850915E-01 0.414529964E-01
 0.324048102E-01 0.232823119E-01 0.141296238E-01 0.499350624E-02-0.407646690E-02
-0.130278058E-01-0.218050536E-01-0.303497985E-01-0.386007205E-01-0.464937128E-01
-0.539620407E-01-0.609365776E-01-0.673461035E-01-0.731176734E-01-0.781770796E-01
-0.824493766E-01-0.858595595E-01-0.883332863E-01-0.897977650E-01-0.901827365E-01
-0.894216076E-01-0.874526873E-01-0.842205808E-01-0.796777308E-01-0.737859979E-01
-0.665184706E-01-0.578612015E-01-0.478151254E-01-0.363978855E-01-0.236456320E-01
-0.961472001E-02 0.561676407E-02 0.219477471E-01 0.392532758E-01 0.573841780E-01
 0.761673748E-01 0.951475427E-01 0.114348501E+00 0.133807525E+00 0.153578758E+00
 0.173736513E+00 0.194379926E+00 0.215640083E+00 0.237690359E+00 0.260761291E+00
 0.285161763E+00 0.311307281E+00 0.339752764E+00 0.371213377E+00 0.404949576E+00
 0.137842700E+00 0.136403218E+00 0.131511226E+00 0.125543311E+00 0.119184569E+00
 0.112451769E+00 0.105368137E+00 0.979496539E-01 0.902048126E-01 0.821362287E-01
 0.737418532E-01 0.650157109E-01 0.560498498E-01 0.468783416E-01 0.375376865E-01
 0.280668121E-01 0.185072403E-01 0.890327711E-02-0.697842450E-03-0.102458419E-01
-0.196873453E-01-0.289658532E-01-0.380217582E-01-0.467924178E-01-0.552122444E-01
-0.632128865E-01-0.707234368E-01-0.776707232E-01-0.839796513E-01-0.895736292E-01
-0.943751261E-01-0.983062536E-01-0.101289511E+00-0.103248619E+00-0.104109503E+00
-0.103801385E+00-0.102258012E+00-0.994190499E-01-0.952316076E-01-0.896518528E-01
-0.826468095E-01-0.741962120E-01-0.642944276E-01-0.529524237E-01-0.401997119E-01
-0.260862019E-01-0.106839137E-01 0.591153838E-02 0.235797856E-01 0.421749875E-01
 0.615256764E-01 0.814353004E-01 0.101485148E+00 0.121710368E+00 0.142166704E+00
 0.162928253E+00 0.184090033E+00 0.205773652E+00 0.228135526E+00 0.251379043E+00
 0.275772482E+00 0.301676452E+00 0.329586923E+00 0.360197961E+00 0.393010437E+00
 0.138658747E+00 0.137045890E+00 0.132398769E+00 0.126201272E+00 0.119458258E+00
 0.112336241E+00 0.104879253E+00 0.971013084E-01 0.890048742E-01 0.805866942E-01
 0.718399957E-01 0.627552271E-01 0.534286946E-01 0.438912921E-01 0.341770798E-01
 0.243233759E-01 0.143707590E-01 0.436311029E-02-0.565238344E-02-0.156252049E-01
-0.255015101E-01-0.352241360E-01-0.447326601E-01-0.539634600E-01-0.628498495E-01
-0.713222101E-01-0.793082491E-01-0.867332295E-01-0.935203433E-01-0.995910987E-01
-0.104865856E+00-0.109264404E+00-0.112706669E+00-0.115113564E+00-0.116407901E+00
-0.116515502E+00-0.115366429E+00-0.112896346E+00-0.109048039E+00-0.103773102E+00
-0.970337018E-01-0.888045207E-01-0.790747404E-01-0.678500757E-01-0.551548637E-01
-0.410340205E-01-0.255549494E-01-0.880918559E-02 0.908619724E-02 0.279874876E-01
 0.477234349E-01 0.680940673E-01 0.888677612E-01 0.109664053E+00 0.130549610E+00
 0.151590109E+00 0.172858685E+00 0.194440454E+00 0.216435850E+00 0.238963842E+00
 0.262165666E+00 0.286210775E+00 0.311311364E+00 0.337787181E+00 0.365635306E+00
 0.142032981E+00 0.140886724E+00 0.135011345E+00 0.127707377E+00 0.120294690E+00
 0.112671986E+00 0.104797177E+00 0.966466591E-01 0.882027373E-01 0.794500932E-01
 0.703753084E-01 0.609684549E-01 0.513219498E-01 0.414621085E-01 0.314204097E-01
 0.212326087E-01 0.109383529E-01 0.581003027E-03-0.979244988E-02-0.201314427E-01
-0.303818788E-01-0.404861830E-01-0.503833592E-01-0.600090995E-01-0.692958906E-01
-0.781731755E-01-0.865676031E-01-0.944032446E-01-0.101601966E+00-0.108083807E+00
-0.113767512E+00-0.118571058E+00-0.122412398E+00-0.125210270E+00-0.126885071E+00
-0.127360046E+00-0.126562402E+00-0.124424726E+00-0.120886549E+00-0.115895987E+00
-0.109411560E+00-0.101404198E+00-0.918592364E-01-0.807786062E-01-0.681829378E-01
-0.541136637E-01-0.386350304E-01-0.218357760E-01-0.383049832E-02 0.152397156E-01
 0.352077745E-01 0.558832921E-01 0.770600215E-01 0.981850028E-01 0.119264193E+00
 0.140324965E+00 0.161402881E+00 0.182535246E+00 0.203755781E+00 0.225087419E+00
 0.246529415E+00 0.268032223E+00 0.289444566E+00 0.310397327E+00 0.330110788E+00
 0.144283026E+00 0.143223122E+00 0.136815459E+00 0.129048213E+00 0.121188886E+00
 0.113170505E+00 0.104944609E+00 0.964736789E-01 0.877272040E-01 0.786783323E-01
 0.693010613E-01 0.596457645E-01 0.497407988E-01 0.396156609E-01 0.293026622E-01
 0.188375898E-01 0.825990923E-02-0.238718581E-02-0.130567681E-01-0.236982126E-01
-0.342572331E-01-0.446759574E-01-0.548929796E-01-0.648434758E-01-0.744593441E-01
-0.836693421E-01-0.923993289E-01-0.100572512E+00-0.108109780E+00-0.114930116E+00
-0.120951056E+00-0.126089305E+00-0.130261347E+00-0.133384377E+00-0.135377064E+00
-0.136160776E+00-0.135660708E+00-0.133807316E+00-0.130537808E+00-0.125797898E+00
-0.119543642E+00-0.111743405E+00-0.102380045E+00-0.914530531E-01-0.789808258E-01
-0.650029033E-01-0.495820940E-01-0.328064486E-01-0.147910509E-01 0.432049530E-02
 0.243546721E-01 0.451062806E-01 0.663347542E-01 0.877543613E-01 0.108917549E+00
 0.129860312E+00 0.150602937E+00 0.171151742E+00 0.191495925E+00 0.211600438E+00
 0.231393993E+00 0.250751436E+00 0.269470721E+00 0.287251860E+00 0.303700447E+00
 0.145222709E+00 0.144119322E+00 0.137885630E+00 0.129955009E+00 0.121881641E+00
 0.113637149E+00 0.105186187E+00 0.964949951E-01 0.875324830E-01 0.782699436E-01
 0.686804876E-01 0.588198006E-01 0.487096235E-01 0.383766927E-01 0.278521124E-01
 0.171710942E-01 0.637283409E-02-0.449956767E-02-0.153991645E-01-0.262752213E-01
-0.370732620E-01-0.477351546E-01-0.581991710E-01-0.684001148E-01-0.782694370E-01
-0.877354071E-01-0.967233405E-01-0.105155855E+00-0.112953171E+00-0.120033555E+00
-0.126313761E+00-0.131709620E+00-0.136136726E+00-0.139511213E+00-0.141750678E+00
-0.142775327E+00-0.142509088E+00-0.140881091E+00-0.137827173E+00-0.133291617E+00
-0.127229020E+00-0.119606376E+00-0.110405177E+00-0.996237248E-01-0.872794241E-01
-0.734111220E-01-0.580813475E-01-0.413783789E-01-0.234180968E-01-0.434543798E-02
 0.156646371E-01 0.364068374E-01 0.576461256E-01 0.791199431E-01 0.100216664E+00
 0.120946571E+00 0.141307354E+00 0.161283389E+00 0.180842295E+00 0.199929997E+00
 0.218464658E+00 0.236330867E+00 0.253375620E+00 0.269410461E+00 0.284223646E+00
 0.145966053E+00 0.144855127E+00 0.138519302E+00 0.130523130E+00 0.122371413E+00
 0.114034057E+00 0.105478726E+00 0.966741219E-01 0.875908807E-01 0.782015696E-01
 0.684802160E-01 0.584839694E-01 0.482345112E-01 0.377584621E-01 0.270869248E-01
 0.162552092E-01 0.530266808E-02-0.572740799E-02-0.167878624E-01-0.278277248E-01
-0.387922823E-01-0.496231280E-01-0.602582581E-01-0.706321821E-01-0.806760266E-01
-0.903177410E-01-0.994822830E-01-0.108091906E+00-0.116066448E+00-0.123323768E+00
-0.129780188E+00-0.135351107E+00-0.139951602E+00-0.143497333E+00-0.145905390E+00
-0.147095382E+00-0.146990716E+00-0.145519942E+00-0.142618328E+00-0.138229594E+00
-0.132307857E+00-0.124819659E+00-0.115746163E+00-0.105085514E+00-0.928551406E-01
-0.790942013E-01-0.638658553E-01-0.472594164E-01-0.293922201E-01-0.104109608E-01
 0.950770639E-02 0.301578790E-01 0.513074845E-01 0.727058873E-01 0.936712101E-01
 0.114167660E+00 0.134172142E+00 0.153658524E+00 0.172589898E+00 0.190914214E+00
 0.208561793E+00 0.225444451E+00 0.241456911E+00 0.256481469E+00 0.270396322E+00
 0.146341875E+00 0.145224050E+00 0.138769239E+00 0.130808949E+00 0.122700490E+00
 0.114391148E+00 0.105842859E+00 0.970251933E-01 0.879120976E-01 0.784795284E-01
 0.687041730E-01 0.586441942E-01 0.483236760E-01 0.377710871E-01 0.270188414E-01
 0.161031801E-01 0.506413775E-02-0.605447078E-02-0.172050595E-01-0.283362959E-01
-0.393931456E-01-0.503169261E-01-0.610453673E-01-0.715127364E-01-0.816499591E-01
-0.913847834E-01-0.100641996E+00-0.109343663E+00-0.117409505E+00-0.124757245E+00
-0.131303102E+00-0.136962384E+00-0.141650125E+00-0.145281926E+00-0.147774875E+00
-0.149048612E+00-0.149026603E+00-0.147637472E+00-0.144816682E+00-0.140508175E+00
-0.134666368E+00-0.127258196E+00-0.118265375E+00-0.107686698E+00-0.955404639E-01
-0.818669051E-01-0.667305514E-01-0.502225272E-01-0.324625708E-01-0.136008775E-01
 0.618035672E-02 0.266654994E-01 0.476037003E-01 0.687055588E-01 0.896353424E-01
 0.109948337E+00 0.129656628E+00 0.148751065E+00 0.167205572E+00 0.184979394E+00
 0.202018678E+00 0.218258366E+00 0.233625114E+00 0.248041481E+00 0.261431396E+00
 0.145823836E+00 0.144603267E+00 0.138519958E+00 0.130830646E+00 0.122943886E+00
 0.114792809E+00 0.106351748E+00 0.976054072E-01 0.885391310E-01 0.791364834E-01
 0.693780705E-01 0.593182109E-01 0.489890017E-01 0.384226963E-01 0.276537314E-01
 0.167195797E-01 0.566114346E-02-0.547710806E-02-0.166470651E-01-0.277969725E-01
-0.388714448E-01-0.498115085E-01-0.605546795E-01-0.710350573E-01-0.811834261E-01
-0.909274817E-01-0.100191973E+00-0.108899012E+00-0.116968401E+00-0.124317989E+00
-0.130864203E+00-0.136522591E+00-0.141208529E+00-0.144838005E+00-0.147328570E+00
-0.148600399E+00-0.148577601E+00-0.147189528E+00-0.144372433E+00-0.140071213E+00
-0.134241268E+00-0.126850709E+00-0.117882460E+00-0.107336685E+00-0.952331349E-01
-0.816135928E-01-0.665442199E-01-0.501178205E-01-0.324558131E-01-0.137100313E-01
 0.593581982E-02 0.262647923E-01 0.470249467E-01 0.679258406E-01 0.886300132E-01
 0.108680762E+00 0.128090471E+00 0.146850914E+00 0.164938822E+00 0.182318941E+00
 0.198946401E+00 0.214769185E+00 0.229730844E+00 0.243774012E+00 0.256844312E+00
 0.144585937E+00 0.142959297E+00 0.137840837E+00 0.130909368E+00 0.123369530E+00
 0.115427822E+00 0.107133940E+00 0.985017717E-01 0.895317346E-01 0.802180395E-01
 0.705523640E-01 0.605273433E-01 0.502382703E-01 0.397139974E-01 0.289880708E-01
 0.180980600E-01 0.708528748E-02-0.400527194E-02-0.151250344E-01-0.262218341E-01
-0.372399539E-01-0.481201783E-01-0.587998480E-01-0.692129582E-01-0.792903006E-01
-0.889596194E-01-0.981457978E-01-0.106771186E+00-0.114755869E+00-0.122018106E+00
-0.128474802E+00-0.134042099E+00-0.138636053E+00-0.142173454E+00-0.144572780E+00
-0.145755276E+00-0.145646170E+00-0.144176170E+00-0.141282931E+00-0.136912912E+00
-0.131023243E+00-0.123583779E+00-0.114579380E+00-0.104012154E+00-0.919038579E-01
-0.782982334E-01-0.632632747E-01-0.468933098E-01-0.293107126E-01-0.106671201E-01
 0.885626581E-02 0.290497839E-01 0.496789813E-01 0.704931617E-01 0.907761827E-01
 0.110484287E+00 0.129589155E+00 0.148063496E+00 0.165875360E+00 0.182986408E+00
 0.199352175E+00 0.214923367E+00 0.229648113E+00 0.243474826E+00 0.256355435E+00
 0.146063834E+00 0.144768506E+00 0.139066011E+00 0.131857678E+00 0.124340899E+00
 0.116489656E+00 0.108302593E+00 0.997803509E-01 0.909203589E-01 0.817166269E-01
 0.721603036E-01 0.622398108E-01 0.520516224E-01 0.416278318E-01 0.310038626E-01
 0.202185307E-01 0.931409094E-02-0.166377064E-02-0.126659162E-01-0.236397609E-01
-0.345292911E-01-0.452750884E-01-0.558144152E-01-0.660812780E-01-0.760065690E-01
-0.855182409E-01-0.945415050E-01-0.102999114E+00-0.110811710E+00-0.117898196E+00
-0.124176256E+00-0.129562959E+00-0.133975431E+00-0.137331679E+00-0.139551550E+00
-0.140557811E+00-0.140277445E+00-0.138642982E+00-0.135594189E+00-0.131079674E+00
-0.125058919E+00-0.117504276E+00-0.108403154E+00-0.977602601E-01-0.855999440E-01
-0.719684884E-01-0.569362715E-01-0.405998081E-01-0.230834316E-01-0.454057474E-02
 0.148455668E-01 0.348621532E-01 0.552679971E-01 0.757968649E-01 0.957805216E-01
 0.115212537E+00 0.134075537E+00 0.152343258E+00 0.169981197E+00 0.186947063E+00
 0.203191698E+00 0.218660578E+00 0.233296141E+00 0.247040749E+00 0.259840220E+00
 0.147300854E+00 0.146110818E+00 0.140468091E+00 0.133248866E+00 0.125752524E+00
 0.117963180E+00 0.109866969E+00 0.101454109E+00 0.927161425E-01 0.836441815E-01
 0.742279217E-01 0.644551143E-01 0.544151962E-01 0.441421382E-01 0.336730964E-01
 0.230482258E-01 0.123107489E-01 0.150705781E-02-0.931321178E-02-0.200971346E-01
-0.307884887E-01-0.413277782E-01-0.516522862E-01-0.616961755E-01-0.713906065E-01
-0.806639120E-01-0.894418135E-01-0.976477191E-01-0.105203040E+00-0.112027630E+00
-0.118040279E+00-0.123159319E+00-0.127303332E+00-0.130391970E+00-0.132346928E+00
-0.133093059E+00-0.132559583E+00-0.130681530E+00-0.127401322E+00-0.122670464E+00
-0.116451465E+00-0.108719841E+00-0.994662419E-01-0.886986628E-01-0.764447078E-01
-0.627537519E-01-0.476990938E-01-0.313798748E-01-0.139227714E-01 0.451660808E-02
 0.237524491E-01 0.435670912E-01 0.637073815E-01 0.838744566E-01 0.103548370E+00
 0.122733258E+00 0.141414955E+00 0.159565926E+00 0.177147210E+00 0.194109306E+00
 0.210392818E+00 0.225929856E+00 0.240646333E+00 0.254465580E+00 0.267313331E+00
 0.148865983E+00 0.147808984E+00 0.142011657E+00 0.134864330E+00 0.127453625E+00
 0.119761869E+00 0.111778259E+00 0.103493333E+00 0.948983505E-01 0.859843567E-01
 0.767410398E-01 0.671552643E-01 0.573019348E-01 0.472213738E-01 0.369532742E-01
 0.265389588E-01 0.160222724E-01 0.544999912E-02-0.512797525E-02-0.156585891E-01
-0.260855909E-01-0.363495722E-01-0.463880189E-01-0.561354160E-01-0.655233711E-01
-0.744808242E-01-0.829342231E-01-0.908078849E-01-0.980242789E-01-0.104504511E+00
-0.110168822E+00-0.114937194E+00-0.118730091E+00-0.121469289E+00-0.123078838E+00
-0.123486198E+00-0.122623466E+00-0.120428793E+00-0.116847970E+00-0.111836091E+00
-0.105359443E+00-0.973974690E-01-0.879448205E-01-0.770135075E-01-0.646350458E-01
-0.508625135E-01-0.357725509E-01-0.194670334E-01-0.207440439E-02 0.162496846E-01
 0.353229344E-01 0.549392849E-01 0.748768598E-01 0.945269763E-01 0.113845423E+00
 0.132802948E+00 0.151370376E+00 0.169511825E+00 0.187180892E+00 0.204318151E+00
 0.220849454E+00 0.236685261E+00 0.251722038E+00 0.265846312E+00 0.278942168E+00
 0.150120035E+00 0.149159938E+00 0.143708006E+00 0.136689827E+00 0.129402548E+00
 0.121839494E+00 0.113993213E+00 0.105857812E+00 0.974281207E-01 0.886990502E-01
 0.796653777E-01 0.703224465E-01 0.606685653E-01 0.508105457E-01 0.407826044E-01
 0.306238849E-01 0.203774013E-01 0.100896358E-01-0.189659040E-03-0.104075456E-01
-0.205079596E-01-0.304317717E-01-0.401168726E-01-0.494982675E-01-0.585082583E-01
-0.670765862E-01-0.751307309E-01-0.825961754E-01-0.893967673E-01-0.954552293E-01
-0.100693613E+00-0.105033986E+00-0.108399160E+00-0.110713534E+00-0.111904085E+00
-0.111901484E+00-0.110641360E+00-0.108065709E+00-0.104124404E+00-0.987769440E-01
-0.919942111E-01-0.837603956E-01-0.740750283E-01-0.629549548E-01-0.504364073E-01
-0.365769379E-01-0.214572698E-01-0.518296799E-02 0.121141216E-01 0.302745886E-01
 0.491102524E-01 0.684024468E-01 0.878981128E-01 0.107163630E+00 0.126204684E+00
 0.145011693E+00 0.163564563E+00 0.181832254E+00 0.199769944E+00 0.217314735E+00
 0.234380409E+00 0.250852078E+00 0.266582757E+00 0.281395018E+00 0.295091987E+00
 0.151725695E+00 0.150897175E+00 0.145594135E+00 0.138729975E+00 0.131593704E+00
 0.124178044E+00 0.116481461E+00 0.108505405E+00 0.100250937E+00 0.917174295E-01
 0.829022452E-01 0.738006532E-01 0.644055456E-01 0.548174083E-01 0.450737663E-01
 0.352153406E-01 0.252858829E-01 0.153321484E-01 0.540390657E-02-0.444606971E-02
-0.141620319E-01-0.236853119E-01-0.329543985E-01-0.419050679E-01-0.504705310E-01
-0.585816391E-01-0.661671609E-01-0.731540695E-01-0.794679746E-01-0.850335509E-01
-0.897751302E-01-0.936173201E-01-0.964857712E-01-0.983080864E-01-0.990147591E-01
-0.985403508E-01-0.968247280E-01-0.938144848E-01-0.894644409E-01-0.837393254E-01
-0.766155273E-01-0.680829510E-01-0.581469089E-01-0.468300246E-01-0.341741070E-01
-0.202418752E-01-0.511855446E-02 0.110868048E-01 0.282401871E-01 0.461816676E-01
 0.647248551E-01 0.836569890E-01 0.102551647E+00 0.121391468E+00 0.140167788E+00
 0.158873200E+00 0.177497506E+00 0.196023926E+00 0.214423969E+00 0.232650012E+00
 0.250624031E+00 0.268221617E+00 0.285251230E+00 0.301435441E+00 0.316413820E+00
 0.153656989E+00 0.152968496E+00 0.147665754E+00 0.141028687E+00 0.134063169E+00
 0.126783818E+00 0.119220674E+00 0.111392580E+00 0.103309408E+00 0.949751139E-01
 0.863894448E-01 0.775485188E-01 0.684443265E-01 0.591581725E-01 0.497336090E-01
 0.402135663E-01 0.306425318E-01 0.210674088E-01 0.115377987E-01 0.210610987E-02
-0.717244111E-02-0.162398722E-01-0.250355266E-01-0.334961899E-01-0.415562838E-01
-0.491480604E-01-0.562019013E-01-0.626466498E-01-0.684100240E-01-0.734191090E-01
-0.776009485E-01-0.808832049E-01-0.831949413E-01-0.844675377E-01-0.846356750E-01
-0.836385190E-01-0.814209357E-01-0.779349282E-01-0.731411278E-01-0.670104474E-01
-0.595257580E-01-0.506836846E-01-0.404964127E-01-0.289934352E-01-0.162232518E-01
-0.225481996E-02 0.128212990E-01 0.288922973E-01 0.458228961E-01 0.634543300E-01
 0.816041157E-01 0.998546779E-01 0.118197232E+00 0.136628658E+00 0.155152157E+00
 0.173776254E+00 0.192513347E+00 0.211377501E+00 0.230381012E+00 0.249528214E+00
 0.268803954E+00 0.288151056E+00 0.307423115E+00 0.326280564E+00 0.344018877E+00
 0.155864999E+00 0.155369073E+00 0.150509700E+00 0.143903047E+00 0.136917785E+00
 0.129657716E+00 0.122161649E+00 0.114446186E+00 0.106518798E+00 0.983823463E-01
 0.900370255E-01 0.814815089E-01 0.727143362E-01 0.637366921E-01 0.546539128E-01
 0.455030501E-01 0.363262258E-01 0.271691978E-01 0.180807989E-01 0.911269337E-02
 0.319264218E-03-0.824248046E-02-0.165130179E-01-0.244304556E-01-0.319307186E-01
-0.389478020E-01-0.454140566E-01-0.512605719E-01-0.564175993E-01-0.608150922E-01
-0.643832907E-01-0.670534521E-01-0.687586367E-01-0.694346353E-01-0.690210089E-01
-0.674622431E-01-0.647090152E-01-0.607195795E-01-0.554612838E-01-0.489121452E-01
-0.410625301E-01-0.319168530E-01-0.214952901E-01-0.983545836E-02 0.300601847E-02
 0.169521030E-01 0.319043919E-01 0.477437824E-01 0.643358082E-01 0.815242827E-01
 0.989190042E-01 0.116513945E+00 0.134309918E+00 0.152315915E+00 0.170550466E+00
 0.189043045E+00 0.207835451E+00 0.226983547E+00 0.246559232E+00 0.266652912E+00
 0.287376493E+00 0.308868468E+00 0.331306785E+00 0.354966551E+00 0.379836202E+00
 0.159785852E+00 0.159887418E+00 0.154419884E+00 0.147211581E+00 0.139972180E+00
 0.132629976E+00 0.125152901E+00 0.117527463E+00 0.109747283E+00 0.101808585E+00
 0.937083140E-01 0.854431018E-01 0.770083442E-01 0.683964267E-01 0.596949346E-01
 0.509475358E-01 0.421990305E-01 0.334959105E-01 0.248867627E-01 0.164225176E-01
 0.815652870E-02 0.144558115E-03-0.755530968E-02-0.148828169E-01-0.217757411E-01
-0.281701591E-01-0.340007804E-01-0.392013341E-01-0.437050536E-01-0.474452190E-01
-0.503557958E-01-0.523721837E-01-0.534320399E-01-0.534762256E-01-0.524498709E-01
-0.503035225E-01-0.469944477E-01-0.424879827E-01-0.367590487E-01-0.297936741E-01
-0.215906408E-01-0.121630952E-01-0.154016481E-02 0.102315024E-01 0.230862256E-01
 0.369373038E-01 0.516724102E-01 0.671452731E-01 0.832442567E-01 0.996280834E-01
 0.116289638E+00 0.133226782E+00 0.150445476E+00 0.167962253E+00 0.185806781E+00
 0.204024732E+00 0.222681850E+00 0.241869166E+00 0.261710465E+00 0.282372952E+00
 0.304083169E+00 0.327151060E+00 0.352008104E+00 0.379263371E+00 0.408461869E+00
 0.162477583E+00 0.162840992E+00 0.157249570E+00 0.149997041E+00 0.142720789E+00
 0.135384664E+00 0.127967045E+00 0.120453656E+00 0.112835743E+00 0.105108030E+00
 0.972671732E-01 0.893108323E-01 0.812371969E-01 0.730450898E-01 0.647351742E-01
 0.564100407E-01 0.481148958E-01 0.398951024E-01 0.317978002E-01 0.238723736E-01
 0.161705930E-01 0.874654390E-02 0.165649911E-02-0.504126959E-02-0.112867402E-01
-0.170184411E-01-0.221738163E-01-0.266896561E-01-0.305026099E-01-0.335497670E-01
-0.357693397E-01-0.371014252E-01-0.374888740E-01-0.368782692E-01-0.352209769E-01
-0.324743427E-01-0.286029484E-01-0.235799886E-01-0.173887163E-01-0.100239711E-01
-0.149372371E-02 0.817934982E-02 0.189564135E-01 0.307814237E-01 0.435816944E-01
 0.572732352E-01 0.717565790E-01 0.866162777E-01 0.101871274E+00 0.117480405E+00
 0.133421257E+00 0.149684742E+00 0.166273862E+00 0.183204561E+00 0.200507790E+00
 0.218232930E+00 0.236452401E+00 0.255268395E+00 0.274822295E+00 0.295307815E+00
 0.316989958E+00 0.340229571E+00 0.365511954E+00 0.393464684E+00 0.423416018E+00
 0.163987294E+00 0.164493576E+00 0.159291014E+00 0.152156726E+00 0.144968003E+00
 0.137726501E+00 0.130425751E+00 0.123061106E+00 0.115629822E+00 0.108130671E+00
 0.100563295E+00 0.929278582E-01 0.852249116E-01 0.774556175E-01 0.696225464E-01
 0.617311262E-01 0.539115220E-01 0.462018885E-01 0.386456512E-01 0.312897414E-01
 0.241838489E-01 0.173800383E-01 0.109324642E-01 0.489710644E-02-0.668536231E-03
-0.570578733E-02-0.101551982E-01-0.139570190E-01-0.170517452E-01-0.193807445E-01
-0.208869707E-01-0.215157643E-01-0.212157574E-01-0.199398529E-01-0.176463220E-01
-0.142999562E-01-0.987334363E-02-0.434818771E-02 0.228327769E-02 0.100168344E-01
 0.188347772E-01 0.287042223E-01 0.395748913E-01 0.513745621E-01 0.640009120E-01
 0.773845240E-01 0.911801308E-01 0.105369464E+00 0.119935706E+00 0.134857714E+00
 0.150117800E+00 0.165705010E+00 0.181617230E+00 0.197863087E+00 0.214464307E+00
 0.231458575E+00 0.248903558E+00 0.266882062E+00 0.285509467E+00 0.304943979E+00
 0.325402439E+00 0.347185969E+00 0.370728016E+00 0.396699578E+00 0.423832595E+00
 0.165216967E+00 0.165907606E+00 0.160749912E+00 0.153743774E+00 0.146686420E+00
 0.139578223E+00 0.132423505E+00 0.125228107E+00 0.117997959E+00 0.110738322E+00
 0.103453383E+00 0.961462185E-01 0.888188630E-01 0.814722478E-01 0.741056502E-01
 0.667149127E-01 0.594118126E-01 0.522440188E-01 0.452572703E-01 0.384981371E-01
 0.320149176E-01 0.258577727E-01 0.200786367E-01 0.147309825E-01 0.986951776E-02
 0.554981362E-02 0.182787003E-02-0.124039431E-02-0.359972590E-02-0.519620208E-02
-0.597798266E-02-0.589615200E-02-0.490564900E-02-0.296628126E-02-0.438172101E-04
 0.388886780E-02 0.885058474E-02 0.148505690E-01 0.218871199E-01 0.299463440E-01
 0.390013121E-01 0.490116887E-01 0.599271283E-01 0.716843829E-01 0.839269906E-01
 0.966663361E-01 0.109849960E+00 0.123438753E+00 0.137400463E+00 0.151706696E+00
 0.166332945E+00 0.181259617E+00 0.196473166E+00 0.211967483E+00 0.227745399E+00
 0.243820295E+00 0.260217994E+00 0.276978523E+00 0.294157982E+00 0.311830252E+00
 0.330087632E+00 0.349040151E+00 0.368808597E+00 0.389475167E+00 0.410023689E+00
 0.165884823E+00 0.166732877E+00 0.161655128E+00 0.154801399E+00 0.147884384E+00
 0.140906543E+00 0.133889422E+00 0.126855016E+00 0.119820885E+00 0.112799577E+00
 0.105799638E+00 0.988266543E-01 0.918842405E-01 0.849748775E-01 0.781008005E-01
 0.712654740E-01 0.644770861E-01 0.578650869E-01 0.514669530E-01 0.453251116E-01
 0.394850411E-01 0.339944176E-01 0.289026033E-01 0.242602788E-01 0.201190822E-01
 0.165311806E-01 0.135488091E-01 0.112237157E-01 0.960654393E-02 0.874613225E-02
 0.868871715E-02 0.947705843E-02 0.111494586E-01 0.137387048E-01 0.172709506E-01
 0.217646118E-01 0.272292979E-01 0.336648077E-01 0.410592631E-01 0.493870229E-01
 0.586085245E-01 0.686597154E-01 0.794967934E-01 0.908443108E-01 0.102678590E+00
 0.114974134E+00 0.127696663E+00 0.140809670E+00 0.154276639E+00 0.168061808E+00
 0.182130828E+00 0.196451396E+00 0.210994095E+00 0.225733086E+00 0.240646824E+00
 0.255718410E+00 0.270935506E+00 0.286289155E+00 0.301770747E+00 0.317366272E+00
 0.333044440E+00 0.348734885E+00 0.364284962E+00 0.379364491E+00 0.393258154E+00
 0.165726438E+00 0.166618377E+00 0.162037849E+00 0.155443922E+00 0.148620471E+00
 0.141692922E+00 0.134746268E+00 0.127827778E+00 0.120963834E+00 0.114169374E+00
 0.107452758E+00 0.100818470E+00 0.942687765E-01 0.878046006E-01 0.814260095E-01
 0.751319751E-01 0.689188167E-01 0.628966019E-01 0.571100153E-01 0.516035259E-01
 0.464220978E-01 0.416116118E-01 0.372189619E-01 0.332918987E-01 0.298787579E-01
 0.270280447E-01 0.247879457E-01 0.232057497E-01 0.223271903E-01 0.221957136E-01
 0.228516702E-01 0.243314020E-01 0.266662166E-01 0.298811700E-01 0.339937694E-01
 0.390128605E-01 0.449376516E-01 0.517603755E-01 0.594617017E-01 0.680004284E-01
 0.773577243E-01 0.872848928E-01 0.977905467E-01 0.108828761E+00 0.120360143E+00
 0.132346734E+00 0.144749030E+00 0.157525435E+00 0.170632452E+00 0.184024855E+00
 0.197656050E+00 0.211478487E+00 0.225444168E+00 0.239505187E+00 0.253614068E+00
 0.267723858E+00 0.281787395E+00 0.295755506E+00 0.309573442E+00 0.323174208E+00
 0.336468548E+00 0.349329561E+00 0.361572951E+00 0.372938633E+00 0.383095175E+00
 0.167206436E+00 0.168884173E+00 0.163536891E+00 0.156170249E+00 0.148948327E+00
 0.141824335E+00 0.134823263E+00 0.127959937E+00 0.121241175E+00 0.114669047E+00
 0.108242966E+00 0.101961061E+00 0.958210900E-01 0.898210704E-01 0.839597508E-01
 0.782371238E-01 0.726551563E-01 0.672197044E-01 0.620482862E-01 0.571838170E-01
 0.526682734E-01 0.485442616E-01 0.448553264E-01 0.416457765E-01 0.389602929E-01
 0.368434414E-01 0.353391096E-01 0.344898924E-01 0.343363583E-01 0.349163152E-01
 0.362640098E-01 0.384093486E-01 0.413770191E-01 0.451847948E-01 0.498412326E-01
 0.553446449E-01 0.616702996E-01 0.688148141E-01 0.767835900E-01 0.853604153E-01
 0.945628658E-01 0.104356714E+00 0.114713401E+00 0.125599101E+00 0.136977017E+00
 0.148807585E+00 0.161047742E+00 0.173650503E+00 0.186564550E+00 0.199734032E+00
 0.213098601E+00 0.226593599E+00 0.240150571E+00 0.253697932E+00 0.267161816E+00
 0.280467004E+00 0.293537199E+00 0.306294858E+00 0.318659872E+00 0.330546707E+00
 0.341860175E+00 0.352490336E+00 0.362308651E+00 0.371168643E+00 0.378914982E+00
 0.167724431E+00 0.169949755E+00 0.164182499E+00 0.155950621E+00 0.148198918E+00
 0.140819311E+00 0.133748844E+00 0.126950949E+00 0.120401613E+00 0.114083044E+00
 0.107981227E+00 0.102084935E+00 0.963854268E-01 0.908762962E-01 0.855535120E-01
 0.804155394E-01 0.754637271E-01 0.707031116E-01 0.661439672E-01 0.619254820E-01
 0.580798015E-01 0.546439439E-01 0.516573712E-01 0.491606817E-01 0.471947715E-01
 0.458001532E-01 0.450163148E-01 0.448810309E-01 0.454295203E-01 0.466935821E-01
 0.487008505E-01 0.514741577E-01 0.550339371E-01 0.593946800E-01 0.645557120E-01
 0.705458373E-01 0.771561265E-01 0.844293013E-01 0.923702195E-01 0.100947507E+00
 0.110139810E+00 0.119922698E+00 0.130269438E+00 0.141149715E+00 0.152529135E+00
 0.164368525E+00 0.176623166E+00 0.189241886E+00 0.202166229E+00 0.215329736E+00
 0.228657395E+00 0.242065683E+00 0.255462945E+00 0.268750697E+00 0.281825542E+00
 0.294581771E+00 0.306914359E+00 0.318721831E+00 0.329908580E+00 0.340386033E+00
 0.350072891E+00 0.358894229E+00 0.366780937E+00 0.373670280E+00 0.379508585E+00
 0.165076777E+00 0.167369679E+00 0.161658511E+00 0.153309554E+00 0.145451277E+00
 0.138055250E+00 0.131072357E+00 0.124458157E+00 0.118175007E+00 0.112192042E+00
 0.106484525E+00 0.101033106E+00 0.958231315E-01 0.908440351E-01 0.860887617E-01
 0.815532058E-01 0.772355124E-01 0.731348544E-01 0.692488626E-01 0.657020658E-01
 0.625350028E-01 0.597867779E-01 0.574960038E-01 0.557008907E-01 0.544390455E-01
 0.537470691E-01 0.536601059E-01 0.542113818E-01 0.554310083E-01 0.573443249E-01
 0.599712059E-01 0.633156300E-01 0.674026981E-01 0.722723454E-01 0.777534246E-01
 0.838838592E-01 0.906556770E-01 0.980690420E-01 0.106120273E+00 0.114798658E+00
 0.124090262E+00 0.133977920E+00 0.144440919E+00 0.155454397E+00 0.166988507E+00
 0.179007262E+00 0.191467240E+00 0.204316065E+00 0.217490673E+00 0.230915576E+00
 0.244501382E+00 0.258143812E+00 0.271723717E+00 0.285108477E+00 0.298155487E+00
 0.310717523E+00 0.322650045E+00 0.333819270E+00 0.344109744E+00 0.353430539E+00
 0.361718237E+00 0.368937552E+00 0.375078648E+00 0.380153209E+00 0.384189636E+00
 0.160080537E+00 0.162434682E+00 0.156330660E+00 0.148019031E+00 0.140311867E+00
 0.133144349E+00 0.126462728E+00 0.120213009E+00 0.114346892E+00 0.108824164E+00
 0.103612944E+00 0.986889079E-01 0.940342471E-01 0.896366462E-01 0.854883865E-01
 0.815856084E-01 0.779277533E-01 0.745172352E-01 0.713596195E-01 0.684651807E-01
 0.659622326E-01 0.638871267E-01 0.622756332E-01 0.611625649E-01 0.605816059E-01
 0.605648123E-01 0.611422881E-01 0.623442717E-01 0.641986877E-01 0.667238161E-01
 0.699653551E-01 0.737746358E-01 0.782012641E-01 0.832670927E-01 0.889633372E-01
 0.952916667E-01 0.102252610E+00 0.109846450E+00 0.118071884E+00 0.126925111E+00
 0.136399716E+00 0.146486491E+00 0.157172933E+00 0.168442488E+00 0.180273488E+00
 0.192637652E+00 0.205498144E+00 0.218807220E+00 0.232503116E+00 0.246506736E+00
 0.260717839E+00 0.275011599E+00 0.289236277E+00 0.303213060E+00 0.316740215E+00
 0.329602331E+00 0.341585338E+00 0.352494657E+00 0.362173736E+00 0.370518208E+00
 0.377483428E+00 0.383084416E+00 0.387388021E+00 0.390499443E+00 0.392544985E+00
 0.151469246E+00 0.153559387E+00 0.147850305E+00 0.139817312E+00 0.132513002E+00
 0.125848547E+00 0.119727470E+00 0.114068218E+00 0.108807176E+00 0.103896819E+00
 0.993026718E-01 0.950004011E-01 0.909735560E-01 0.872118622E-01 0.837099254E-01
 0.804664493E-01 0.774835870E-01 0.747666508E-01 0.723239183E-01 0.701665282E-01
 0.683079138E-01 0.668850765E-01 0.659305602E-01 0.654745400E-01 0.655464828E-01
 0.661728457E-01 0.673689544E-01 0.691681355E-01 0.716191977E-01 0.745997056E-01
 0.781509653E-01 0.822795480E-01 0.869995430E-01 0.923231766E-01 0.982581228E-01
 0.104811013E+00 0.111987695E+00 0.119793311E+00 0.128232151E+00 0.137307376E+00
 0.147020832E+00 0.157372773E+00 0.168361351E+00 0.179981932E+00 0.192225918E+00
 0.205079228E+00 0.218519896E+00 0.232514858E+00 0.247015625E+00 0.261952400E+00
 0.277226746E+00 0.292702645E+00 0.308197051E+00 0.323471993E+00 0.338233292E+00
 0.352142006E+00 0.364844322E+00 0.376015812E+00 0.385406673E+00 0.392873794E+00
 0.398394734E+00 0.402066052E+00 0.404085696E+00 0.404719144E+00 0.404253602E+00
 0.139373049E+00 0.141053855E+00 0.135566056E+00 0.128193304E+00 0.121769220E+00
 0.116040684E+00 0.110832646E+00 0.106037848E+00 0.101590596E+00 0.974501595E-01
 0.935912654E-01 0.899986401E-01 0.866638795E-01 0.835835114E-01 0.807578936E-01
 0.781905726E-01 0.758878663E-01 0.738587826E-01 0.721149072E-01 0.706703663E-01
 0.695415139E-01 0.687460154E-01 0.684256703E-01 0.685982406E-01 0.692950860E-01
 0.705633461E-01 0.722985566E-01 0.745444372E-01 0.773258805E-01 0.806448534E-01
 0.845124274E-01 0.889398232E-01 0.939391330E-01 0.995223746E-01 0.105700858E+00
 0.112485476E+00 0.119886890E+00 0.127915725E+00 0.136582643E+00 0.145898461E+00
 0.155874208E+00 0.166521028E+00 0.177850142E+00 0.189872444E+00 0.202597842E+00
 0.216034070E+00 0.230184704E+00 0.245046139E+00 0.260602653E+00 0.276819170E+00
 0.293630034E+00 0.310922831E+00 0.328514993E+00 0.346122384E+00 0.363324642E+00
 0.379549444E+00 0.394123614E+00 0.406411678E+00 0.415957510E+00 0.422540665E+00
 0.426173747E+00 0.427096039E+00 0.425764084E+00 0.422790974E+00 0.418802530E+00
 0.121896997E+00 0.122459486E+00 0.117815241E+00 0.112614483E+00 0.108111978E+00
 0.103958085E+00 0.100060962E+00 0.963871703E-01 0.929247513E-01 0.896712169E-01
 0.866287127E-01 0.838019103E-01 0.811970532E-01 0.788215920E-01 0.766840801E-01
 0.747942775E-01 0.731634274E-01 0.718045533E-01 0.707329661E-01 0.699669793E-01
 0.695292354E-01 0.694491640E-01 0.697683841E-01 0.705171973E-01 0.717200264E-01
 0.733943433E-01 0.755420849E-01 0.781759322E-01 0.813101083E-01 0.849570408E-01
 0.891296491E-01 0.938411802E-01 0.991052762E-01 0.104935803E+00 0.111346819E+00
 0.118352696E+00 0.125968307E+00 0.134209320E+00 0.143092513E+00 0.152636155E+00
 0.162860408E+00 0.173787802E+00 0.185443714E+00 0.197856709E+00 0.211058974E+00
 0.225086391E+00 0.239978209E+00 0.255775869E+00 0.272520483E+00 0.290247828E+00
 0.308978885E+00 0.328703165E+00 0.349348664E+00 0.370725811E+00 0.392412692E+00
 0.413504362E+00 0.432348043E+00 0.447304398E+00 0.457634836E+00 0.463154912E+00
 0.463941962E+00 0.460339010E+00 0.453177184E+00 0.444082618E+00 0.434766948E+00
 0.990208536E-01 0.969114751E-01 0.961558521E-01 0.949518904E-01 0.929679349E-01
 0.906365588E-01 0.881662369E-01 0.856715441E-01 0.832240433E-01 0.808727518E-01
 0.786534995E-01 0.765938163E-01 0.747157782E-01 0.730379447E-01 0.715767071E-01
 0.703473315E-01 0.693648383E-01 0.686447024E-01 0.682034791E-01 0.680594072E-01
 0.682328716E-01 0.687466487E-01 0.696252957E-01 0.708918795E-01 0.725670531E-01
 0.746685490E-01 0.772112086E-01 0.802099779E-01 0.836799443E-01 0.876361430E-01
 0.920936987E-01 0.970679522E-01 0.102574505E+00 0.108629309E+00 0.115248792E+00
 0.122450069E+00 0.130251303E+00 0.138672084E+00 0.147734031E+00 0.157461435E+00
 0.167882130E+00 0.179028422E+00 0.190938309E+00 0.203656897E+00 0.217238188E+00
 0.231747031E+00 0.247261658E+00 0.263876438E+00 0.281704962E+00 0.300882757E+00
 0.321569234E+00 0.343946964E+00 0.368217051E+00 0.394592315E+00 0.423308700E+00
 0.454782248E+00 0.482844144E+00 0.501737177E+00 0.512891591E+00 0.517057121E+00
 0.513599277E+00 0.503112197E+00 0.484651357E+00 0.463881016E+00 0.447873056E+00
 0.823938474E-01 0.794076100E-01 0.791928247E-01 0.792276338E-01 0.785757527E-01
 0.774618462E-01 0.760682523E-01 0.745307878E-01 0.729485899E-01 0.713943765E-01
 0.699220821E-01 0.685723647E-01 0.673765391E-01 0.663594231E-01 0.655415058E-01
 0.649405643E-01 0.645729154E-01 0.644542947E-01 0.646006092E-01 0.650283918E-01
 0.657551065E-01 0.667991638E-01 0.681795850E-01 0.699153468E-01 0.720249042E-01
 0.745259970E-01 0.774357095E-01 0.807709396E-01 0.845486000E-01 0.887856483E-01
 0.934991464E-01 0.987062678E-01 0.104424357E+00 0.110671028E+00 0.117464326E+00
 0.124823019E+00 0.132767066E+00 0.141318142E+00 0.150500402E+00 0.160341471E+00
 0.170873478E+00 0.182134584E+00 0.194170713E+00 0.207037792E+00 0.220804721E+00
 0.235557213E+00 0.251402974E+00 0.268478751E+00 0.286960185E+00 0.307075232E+00
 0.329122275E+00 0.353493452E+00 0.380700231E+00 0.411395073E+00 0.446383774E+00
 0.483799577E+00 0.512211442E+00 0.531385124E+00 0.541835725E+00 0.543193758E+00
 0.535730422E+00 0.518137395E+00 0.492119312E+00 0.469599813E+00 0.451336712E+00
 0.694568008E-01 0.659022480E-01 0.656199902E-01 0.658641383E-01 0.656443387E-01
 0.650792569E-01 0.642848760E-01 0.633648410E-01 0.624050200E-01 0.614732355E-01
 0.606215671E-01 0.598894879E-01 0.593069941E-01 0.588973202E-01 0.586791821E-01
 0.586684570E-01 0.588794537E-01 0.593257919E-01 0.600210391E-01 0.609791093E-01
 0.622145161E-01 0.637424886E-01 0.655789301E-01 0.677403212E-01 0.702436045E-01
 0.731061324E-01 0.763456374E-01 0.799802840E-01 0.840286016E-01 0.885093957E-01
 0.934415758E-01 0.988440365E-01 0.104735568E+00 0.111134820E+00 0.118060462E+00
 0.125531450E+00 0.133567557E+00 0.142190024E+00 0.151422456E+00 0.161291867E+00
 0.171830058E+00 0.183075175E+00 0.195073619E+00 0.207882643E+00 0.221573487E+00
 0.236235768E+00 0.251983553E+00 0.268964112E+00 0.287370712E+00 0.307462424E+00
 0.329595536E+00 0.354274720E+00 0.382235646E+00 0.414547354E+00 0.452337831E+00
 0.485638201E+00 0.510576248E+00 0.527196109E+00 0.535250485E+00 0.534697473E+00
 0.524048805E+00 0.502494633E+00 0.479244918E+00 0.459730357E+00 0.443230957E+00
 0.590093397E-01 0.549306460E-01 0.541252196E-01 0.541516095E-01 0.538855158E-01
 0.534148738E-01 0.528331175E-01 0.522231311E-01 0.516520105E-01 0.511704758E-01
 0.508150570E-01 0.506113879E-01 0.505775474E-01 0.507268757E-01 0.510700755E-01
 0.516166426E-01 0.523757562E-01 0.533567891E-01 0.545695834E-01 0.560246333E-01
 0.577331930E-01 0.597074255E-01 0.619605184E-01 0.645068288E-01 0.673619881E-01
 0.705429837E-01 0.740681738E-01 0.779571384E-01 0.822304636E-01 0.869093165E-01
 0.920150578E-01 0.975686610E-01 0.103590399E+00 0.110099517E+00 0.117114238E+00
 0.124652021E+00 0.132730067E+00 0.141366169E+00 0.150579616E+00 0.160392478E+00
 0.170830905E+00 0.181926563E+00 0.193718284E+00 0.206254095E+00 0.219593480E+00
 0.233810484E+00 0.248997733E+00 0.265271932E+00 0.282781839E+00 0.301719904E+00
 0.322340667E+00 0.344992608E+00 0.370182335E+00 0.398765534E+00 0.429262042E+00
 0.454779476E+00 0.474244744E+00 0.487308234E+00 0.493840247E+00 0.492810428E+00
 0.483859390E+00 0.467932552E+00 0.452651113E+00 0.438683122E+00 0.426074326E+00
 0.500692353E-01 0.453303084E-01 0.440038368E-01 0.434943214E-01 0.428053550E-01
 0.420699567E-01 0.413968787E-01 0.408624932E-01 0.405122265E-01 0.403678343E-01
 0.404358357E-01 0.407146625E-01 0.411998145E-01 0.418870784E-01 0.427741706E-01
 0.438612476E-01 0.451507866E-01 0.466470979E-01 0.483558699E-01 0.502837896E-01
 0.524384603E-01 0.548285171E-01 0.574639551E-01 0.603565872E-01 0.635204911E-01
 0.669723377E-01 0.707315207E-01 0.748200268E-01 0.792619064E-01 0.840824693E-01
 0.893072784E-01 0.949609354E-01 0.101066090E+00 0.107642643E+00 0.114707448E+00
 0.122274451E+00 0.130355448E+00 0.138961092E+00 0.148102328E+00 0.157791674E+00
 0.168044701E+00 0.178881109E+00 0.190325856E+00 0.202410027E+00 0.215171546E+00
 0.228655905E+00 0.242916420E+00 0.258014172E+00 0.274016529E+00 0.290992945E+00
 0.309004158E+00 0.328075528E+00 0.348132730E+00 0.368856221E+00 0.389253020E+00
 0.407207847E+00 0.421583652E+00 0.431813866E+00 0.437531084E+00 0.438542604E+00
 0.434999079E+00 0.428445548E+00 0.420563936E+00 0.412195593E+00 0.403842539E+00
 0.428610072E-01 0.373097174E-01 0.349735767E-01 0.333922654E-01 0.317738429E-01
 0.303817298E-01 0.293650795E-01 0.287751183E-01 0.286004469E-01 0.287994202E-01
 0.293216221E-01 0.301200300E-01 0.311568752E-01 0.324054807E-01 0.338495821E-01
 0.354812890E-01 0.372985266E-01 0.393026695E-01 0.414966494E-01 0.438838378E-01
 0.464676730E-01 0.492520295E-01 0.522420704E-01 0.554454364E-01 0.588734336E-01
 0.625419915E-01 0.664722323E-01 0.706903785E-01 0.752270296E-01 0.801155567E-01
 0.853899717E-01 0.910823718E-01 0.972205326E-01 0.103826076E+00 0.110913560E+00
 0.118490703E+00 0.126559675E+00 0.135119095E+00 0.144166321E+00 0.153699666E+00
 0.163719952E+00 0.174231529E+00 0.185242623E+00 0.196764931E+00 0.208812863E+00
 0.221401900E+00 0.234546214E+00 0.248254642E+00 0.262524366E+00 0.277330369E+00
 0.292608321E+00 0.308227330E+00 0.323949426E+00 0.339380890E+00 0.353949487E+00
 0.366984248E+00 0.377883881E+00 0.386221558E+00 0.391768426E+00 0.394512951E+00
 0.394696027E+00 0.392798364E+00 0.389402896E+00 0.385036230E+00 0.380107373E+00
 0.381918475E-01 0.318300724E-01 0.271288659E-01 0.230964758E-01 0.196077805E-01
 0.171030927E-01 0.156649966E-01 0.151482569E-01 0.153613752E-01 0.161276292E-01
 0.173018519E-01 0.187748391E-01 0.204723403E-01 0.223503299E-01 0.243879221E-01
 0.265796054E-01 0.289281514E-01 0.314390101E-01 0.341164917E-01 0.369617678E-01
 0.399726331E-01 0.431447849E-01 0.464741848E-01 0.499599427E-01 0.536071323E-01
 0.574290864E-01 0.614489615E-01 0.657002181E-01 0.702257454E-01 0.750752017E-01
 0.803005248E-01 0.859502926E-01 0.920640752E-01 0.986681506E-01 0.105773494E+00
 0.113376305E+00 0.121461086E+00 0.130005419E+00 0.138985097E+00 0.148378298E+00
 0.158167928E+00 0.168342248E+00 0.178893998E+00 0.189818755E+00 0.201112553E+00
 0.212769032E+00 0.224775821E+00 0.237109855E+00 0.249731183E+00 0.262575001E+00
 0.275541306E+00 0.288483143E+00 0.301196098E+00 0.313414574E+00 0.324823916E+00
 0.335093141E+00 0.343921006E+00 0.351078838E+00 0.356439918E+00 0.359994739E+00
 0.361851156E+00 0.362214208E+00 0.361346990E+00 0.359525293E+00 0.357003599E+00
 0.344104692E-01 0.268146060E-01 0.189339612E-01 0.106747756E-01 0.281981402E-02
-0.357553363E-03-0.139806268E-02-0.103407854E-02 0.263462425E-03 0.215380406E-02
 0.439056987E-02 0.681110378E-02 0.932675414E-02 0.119062429E-01 0.145552028E-01
 0.172974952E-01 0.201612096E-01 0.231693536E-01 0.263343044E-01 0.296553243E-01
 0.331192203E-01 0.367042013E-01 0.403861105E-01 0.441453457E-01 0.479727387E-01
 0.518738963E-01 0.558723211E-01 0.600118041E-01 0.643572137E-01 0.689914152E-01
 0.740061104E-01 0.794876888E-01 0.855030715E-01 0.920899883E-01 0.992527455E-01
 0.106963448E+00 0.115169555E+00 0.123807073E+00 0.132814541E+00 0.142142102E+00
 0.151753858E+00 0.161625803E+00 0.171741903E+00 0.182089955E+00 0.192657679E+00
 0.203429088E+00 0.214380845E+00 0.225478545E+00 0.236672580E+00 0.247893870E+00
 0.259049624E+00 0.270020187E+00 0.280658305E+00 0.290792853E+00 0.300238371E+00
 0.308810502E+00 0.316344976E+00 0.322715849E+00 0.327849716E+00 0.331733167E+00
 0.334412128E+00 0.335983217E+00 0.336578786E+00 0.336349368E+00 0.335447580E+00
 0.307348818E-01 0.216945410E-01 0.113592856E-01-0.823603943E-03-0.146341026E-01
-0.225540902E-01-0.231739040E-01-0.202662256E-01-0.166522563E-01-0.127404444E-01
-0.886313990E-02-0.520283589E-02-0.178920454E-02 0.144500134E-02 0.460347859E-02
 0.778873032E-02 0.110848537E-01 0.145503459E-01 0.182135850E-01 0.220689997E-01
 0.260769948E-01 0.301729850E-01 0.342857316E-01 0.383560285E-01 0.423471332E-01
 0.462477244E-01 0.500736162E-01 0.538738072E-01 0.577427186E-01 0.618307255E-01
 0.663284808E-01 0.714163855E-01 0.772212744E-01 0.838043690E-01 0.911592096E-01
 0.992060229E-01 0.107799560E+00 0.116774306E+00 0.125998750E+00 0.135391995E+00
 0.144911632E+00 0.154537693E+00 0.164260909E+00 0.174075097E+00 0.183972180E+00
 0.193938762E+00 0.203953356E+00 0.213984102E+00 0.223986819E+00 0.233903274E+00
 0.243660212E+00 0.253169388E+00 0.262329161E+00 0.271028399E+00 0.279152453E+00
 0.286591321E+00 0.293248534E+00 0.299049824E+00 0.303949714E+00 0.307935119E+00
 0.311025500E+00 0.313269198E+00 0.314737171E+00 0.315515190E+00 0.315696061E+00
 0.293376688E-01 0.198471341E-01 0.879198313E-02-0.451494334E-02-0.205968507E-01
-0.328540392E-01-0.393447615E-01-0.397941209E-01-0.341522433E-01-0.269218404E-01
-0.207932927E-01-0.159248617E-01-0.119673368E-01-0.850986131E-02-0.523013342E-02
-0.190543791E-02 0.161742291E-02 0.544354878E-02 0.963290688E-02 0.141828638E-01
 0.189963449E-01 0.238825977E-01 0.286418386E-01 0.331444703E-01 0.373284817E-01
 0.411687009E-01 0.446573868E-01 0.478024073E-01 0.506550185E-01 0.534399860E-01
 0.567417741E-01 0.610204451E-01 0.664395168E-01 0.730684027E-01 0.809288472E-01
 0.899278447E-01 0.996133983E-01 0.109408043E+00 0.119112313E+00 0.128697887E+00
 0.138179451E+00 0.147581130E+00 0.156925201E+00 0.166227549E+00 0.175495639E+00
 0.184727415E+00 0.193910778E+00 0.203023210E+00 0.212031573E+00 0.220892176E+00
 0.229551360E+00 0.237946570E+00 0.246008351E+00 0.253663272E+00 0.260837793E+00
 0.267462760E+00 0.273478031E+00 0.278836966E+00 0.283509701E+00 0.287485033E+00
 0.290770710E+00 0.293391973E+00 0.295388669E+00 0.296811581E+00 0.297718346E+00
 0.308812540E-01 0.221545305E-01 0.123095326E-01 0.118041388E-02-0.112234913E-01
-0.245762989E-01-0.364325382E-01-0.425068662E-01-0.420990475E-01-0.346230306E-01
-0.273837000E-01-0.230660494E-01-0.202675518E-01-0.177239813E-01-0.150648309E-01
-0.121070640E-01-0.870956294E-02-0.473640440E-02-0.418589079E-04 0.552487746E-02
 0.120002404E-01 0.185125880E-01 0.243106708E-01 0.293885991E-01 0.338019542E-01
 0.375783481E-01 0.406992026E-01 0.430837087E-01 0.445528477E-01 0.447969176E-01
 0.461542234E-01 0.493843704E-01 0.542660616E-01 0.609426163E-01 0.694858208E-01
 0.801667497E-01 0.921331048E-01 0.103007108E+00 0.113175586E+00 0.122857384E+00
 0.132192418E+00 0.141276106E+00 0.150174037E+00 0.158929482E+00 0.167567909E+00
 0.176100016E+00 0.184523851E+00 0.192826495E+00 0.200985387E+00 0.208969474E+00
 0.216740549E+00 0.224254638E+00 0.231463909E+00 0.238318697E+00 0.244770125E+00
 0.250772685E+00 0.256287009E+00 0.261282116E+00 0.265737355E+00 0.269643515E+00
 0.273002982E+00 0.275829196E+00 0.278145313E+00 0.279982299E+00 0.281376839E+00
 0.347423702E-01 0.274408348E-01 0.194591135E-01 0.107993614E-01 0.158802851E-02
-0.791286118E-02-0.173246879E-01-0.261854865E-01-0.311743319E-01-0.278345104E-01
-0.237322524E-01-0.224881526E-01-0.225416552E-01-0.216480829E-01-0.200474616E-01
-0.177922845E-01-0.148223089E-01-0.110208690E-01-0.619554054E-02 0.163832956E-04
 0.828884356E-02 0.164055508E-01 0.228876658E-01 0.282454174E-01 0.327308364E-01
 0.364498794E-01 0.394089855E-01 0.415198617E-01 0.425769985E-01 0.423114188E-01
 0.431626663E-01 0.460293405E-01 0.507014990E-01 0.572457984E-01 0.657791570E-01
 0.765969902E-01 0.886471793E-01 0.994545072E-01 0.109371744E+00 0.118663639E+00
 0.127510577E+00 0.136037007E+00 0.144327968E+00 0.152438849E+00 0.160402372E+00
 0.168233991E+00 0.175935820E+00 0.183499694E+00 0.190909177E+00 0.198141322E+00
 0.205168054E+00 0.211957574E+00 0.218475789E+00 0.224687874E+00 0.230559945E+00
 0.236060649E+00 0.241162822E+00 0.245844826E+00 0.250091672E+00 0.253895700E+00
 0.257256687E+00 0.260181785E+00 0.262684613E+00 0.264784575E+00 0.266505390E+00
 0.138674545E+01 0.140725029E+01 0.142034745E+01 0.143621397E+01 0.145279360E+01
 0.146985102E+01 0.148734641E+01 0.150694680E+01 0.152490187E+01 0.154344833E+01
 0.156264198E+01 0.158227205E+01 0.160239375E+01 0.162306368E+01 0.164435649E+01
 0.166632903E+01 0.168852377E+01 0.171164000E+01 0.173547971E+01 0.175993955E+01
 0.178490102E+01 0.181079555E+01 0.183744550E+01 0.186485732E+01 0.189313161E+01
 0.192217338E+01 0.195225453E+01 0.198334384E+01 0.201540756E+01 0.204851699E+01
 0.208273411E+01 0.211822581E+01 0.215499187E+01 0.219308424E+01 0.223254418E+01
 0.227352381E+01 0.231617975E+01 0.236051917E+01 0.240668321E+01 0.245475721E+01
 0.250496578E+01 0.255742836E+01 0.261223388E+01 0.266982865E+01 0.273010135E+01
 0.279351234E+01 0.286014962E+01 0.293047094E+01 0.300502467E+01 0.308377433E+01
 0.316756201E+01 0.325670147E+01 0.335265398E+01 0.345533514E+01 0.356609654E+01
 0.368652654E+01 0.381843662E+01 0.396270204E+01 0.412550402E+01 0.430878830E+01
 0.452217913E+01 0.478025484E+01 0.511059332E+01 0.560752869E+01 0.782603073E+01
   85   88
 0.110360074E+01-0.100000001E+00 0.110562503E+01-0.469738357E-01 0.111288428E+01
 0.500000007E-01 0.112583113E+01 0.150000006E+00 0.113459039E+01 0.200000003E+00
 0.115581834E+01 0.300000012E+00 0.116841090E+01 0.349999994E+00 0.118531251E+01
 0.411322802E+00 0.121187496E+01 0.498226017E+00 0.122861063E+01 0.550000012E+00
 0.124554467E+01 0.600000024E+00 0.126499999E+01 0.657096863E+00 0.129156256E+01
 0.732000828E+00 0.131675601E+01 0.800000012E+00 0.133565760E+01 0.850000024E+00
 0.135494006E+01 0.899999976E+00 0.138226688E+01 0.971449494E+00 0.139328372E+01
 0.996643007E+00 0.145093751E+01 0.972171009E+00 0.148072672E+01 0.949999988E+00
 0.153062499E+01 0.921098948E+00 0.156023288E+01 0.899999976E+00 0.161031246E+01
 0.867301762E+00 0.163687503E+01 0.847417474E+00 0.169000006E+01 0.809475541E+00
 0.171656251E+01 0.789038360E+00 0.176482439E+01 0.750000000E+00 0.179624999E+01
 0.725116014E+00 0.182492697E+01 0.699999988E+00 0.187593746E+01 0.654172540E+00
 0.190250003E+01 0.628909528E+00 0.193099749E+01 0.600000024E+00 0.197713757E+01
 0.550000012E+00 0.200874996E+01 0.513671100E+00 0.203531241E+01 0.480271339E+00
 0.206187510E+01 0.444255590E+00 0.209223866E+01 0.400000006E+00 0.212290192E+01
 0.349999994E+00 0.215033603E+01 0.300000012E+00 0.217475343E+01 0.250000000E+00
 0.219611359E+01 0.200000003E+00 0.222125006E+01 0.125702918E+00 0.223959923E+01
 0.500000007E-01 0.224781251E+01-0.203327667E-01 0.224875617E+01-0.100000001E+00
 0.224376988E+01-0.150000006E+00 0.222511220E+01-0.250000000E+00 0.221170354E+01
-0.300000012E+00 0.219468760E+01-0.355078518E+00 0.216812491E+01-0.427057892E+00
 0.214156246E+01-0.488114119E+00 0.211500001E+01-0.540679753E+00 0.208843756E+01
-0.586601675E+00 0.206187510E+01-0.627275884E+00 0.203531241E+01-0.663634062E+00
 0.200533700E+01-0.699999988E+00 0.195980585E+01-0.750000000E+00 0.192906249E+01
-0.780299842E+00 0.190250003E+01-0.803958178E+00 0.184937501E+01-0.845935345E+00
 0.182281256E+01-0.865205407E+00 0.176968753E+01-0.897341490E+00 0.174312496E+01
-0.912004352E+00 0.169000006E+01-0.935320020E+00 0.164456391E+01-0.949999988E+00
 0.161031246E+01-0.959210634E+00 0.155718756E+01-0.967145503E+00 0.150406253E+01
-0.968265057E+00 0.145093751E+01-0.961909533E+00 0.140947163E+01-0.949999988E+00
 0.137125003E+01-0.934037030E+00 0.132174778E+01-0.899999976E+00 0.129156256E+01
-0.870564163E+00 0.126499999E+01-0.835456491E+00 0.123843753E+01-0.790565252E+00
 0.121187496E+01-0.734919310E+00 0.118531251E+01-0.667309880E+00 0.116323030E+01
-0.600000024E+00 0.114898741E+01-0.550000012E+00 0.113218749E+01-0.476895064E+00
 0.111869204E+01-0.400000006E+00 0.110824025E+01-0.300000012E+00 0.110520554E+01
-0.250000000E+00 0.110297751E+01-0.150000006E+00 0.110360074E+01-0.100000001E+00
 0.101730001E+01 0.000000000E+00 0.101932001E+01 0.111591995E+01 0.101127005E+01
 0.116271996E+01 0.100224996E+01 0.121238995E+01 0.102639997E+01 0.121238995E+01
 0.103497005E+01 0.116392004E+01 0.103842998E+01 0.116235995E+01 0.106122005E+01
 0.116356003E+01 0.109895003E+01 0.116589999E+01 0.113813996E+01 0.116823995E+01
 0.116191995E+01 0.117446005E+01 0.119008005E+01 0.118699002E+01 0.121012998E+01
 0.120185006E+01 0.123081994E+01 0.122499001E+01 0.123939002E+01 0.123863995E+01
 0.126108003E+01 0.128634000E+01 0.128076005E+01 0.133403003E+01 0.128076005E+01
 0.134810996E+01 0.133062005E+01 0.134810996E+01 0.141947997E+01 0.134748995E+01
 0.141947997E+01 0.131036997E+01 0.137993002E+01 0.131093001E+01 0.137410998E+01
 0.130689001E+01 0.136740994E+01 0.126408994E+01 0.136789000E+01 0.122646999E+01
 0.137232995E+01 0.119475996E+01 0.138840997E+01 0.116448998E+01 0.140222001E+01
 0.115728998E+01 0.141559005E+01 0.115646994E+01 0.142587996E+01 0.116276002E+01
 0.144700003E+01 0.118200004E+01 0.148800004E+01 0.121899998E+01 0.149600005E+01
 0.122800004E+01 0.149109995E+01 0.121349001E+01 0.149501002E+01 0.116171002E+01
 0.147765005E+01 0.112226999E+01 0.148169005E+01 0.111591995E+01 0.149105000E+01
 0.111275005E+01 0.152942002E+01 0.110483003E+01 0.160203004E+01 0.109308004E+01
 0.164134002E+01 0.107020998E+01 0.164687002E+01 0.107845998E+01 0.178340006E+01
 0.107209003E+01 0.204518008E+01 0.103909004E+01 0.205605006E+01 0.104322004E+01
 0.210643005E+01 0.999729991E+00 0.208569002E+01 0.869265974E+00 0.222220993E+01
 0.519111991E+00 0.224294996E+01 0.448630989E+00 0.230183005E+01 0.280676991E+00
 0.231151009E+01 0.279680014E+00 0.233364010E+01 0.219329998E+00 0.234012008E+01
 0.219872996E+00 0.234645009E+01 0.198669001E+00 0.234827995E+01 0.632878989E-01
 0.235109997E+01 0.420836993E-01 0.234827995E+01-0.254776001E+00 0.234645009E+01
-0.272718012E+00 0.234461999E+01-0.410818011E+00 0.235109997E+01-0.420603991E+00
 0.223979998E+01-0.684297979E+00 0.222333002E+01-0.684297979E+00 0.221052003E+01
-0.714201987E+00 0.221318007E+01-0.732686996E+00 0.220670009E+01-0.753892004E+00
 0.220021009E+01-0.735949993E+00 0.218756008E+01-0.771290004E+00 0.219388008E+01
-0.789776027E+00 0.213232994E+01-0.945818007E+00 0.178394997E+01-0.115894997E+01
 0.174519002E+01-0.123995996E+01 0.174687004E+01-0.124047995E+01 0.174579000E+01
-0.124380004E+01 0.164520001E+01-0.124479997E+01 0.140117002E+01-0.124477005E+01
 0.138558996E+01-0.124820995E+01 0.137489998E+01-0.125832999E+01 0.136953998E+01
-0.126941001E+01 0.136824000E+01-0.127555001E+01 0.136860001E+01-0.132246995E+01
 0.137256002E+01-0.132470000E+01 0.142770004E+01-0.132470000E+01 0.142770004E+01
-0.135782003E+01 0.116450000E+01-0.135894001E+01 0.101627004E+01-0.121800005E+01
 0.101750004E+01-0.121700001E+01 0.101730001E+01-0.100000005E-02 0.101730001E+01
 0.000000000E+00
    0 0.170000005E+01    1
 0.000000000E+00 0.000000000E+00 0.000000000E+00 0.000000000E+00 0.000000000E+00
 0.000000000E+00 0.000000000E+00 0.000000000E+00 0.000000000E+00 0.000000000E+00
 0.000000000E+00 0.000000000E+00 0.000000000E+00 0.000000000E+00 0.000000000E+00
 0.000000000E+00 0.000000000E+00 0.000000000E+00 0.000000000E+00 0.000000000E+00
 0.000000000E+00 0.000000000E+00 0.000000000E+00 0.000000000E+00 0.000000000E+00
 0.000000000E+00 0.000000000E+00 0.000000000E+00 0.000000000E+00 0.000000000E+00
 0.000000000E+00 0.000000000E+00 0.000000000E+00 0.000000000E+00 0.000000000E+00
 0.000000000E+00 0.000000000E+00 0.000000000E+00 0.000000000E+00 0.000000000E+00
 0.000000000E+00 0.000000000E+00 0.000000000E+00 0.000000000E+00 0.000000000E+00
 0.000000000E+00 0.000000000E+00 0.000000000E+00 0.000000000E+00 0.000000000E+00
 0.000000000E+00 0.000000000E+00 0.000000000E+00 0.000000000E+00 0.000000000E+00
 0.000000000E+00 0.000000000E+00 0.000000000E+00 0.000000000E+00 0.000000000E+00
 0.000000000E+00 0.000000000E+00 0.000000000E+00 0.000000000E+00 0.000000000E+00
 0.000000000E+00 0.929180160E-01 0.132066756E+00 0.162285939E+00 0.187984571E+00
 0.210815072E+00 0.231651500E+00 0.249720469E+00 0.267963380E+00 0.285239369E+00
 0.301803917E+00 0.317640662E+00 0.332926810E+00 0.347705722E+00 0.362096608E+00
 0.376120239E+00 0.389782250E+00 0.403193384E+00 0.416335940E+00 0.429252088E+00
 0.441979051E+00 0.454491109E+00 0.466869235E+00 0.479106337E+00 0.491220474E+00
 0.503201723E+00 0.515092492E+00 0.526901245E+00 0.538635015E+00 0.550304174E+00
 0.561905921E+00 0.573472917E+00 0.585006058E+00 0.596518040E+00 0.607997239E+00
 0.619472086E+00 0.630951047E+00 0.642432868E+00 0.653930783E+00 0.665444791E+00
 0.677001059E+00 0.688596129E+00 0.700217128E+00 0.711931348E+00 0.723681271E+00
 0.735520184E+00 0.747439146E+00 0.759445488E+00 0.771585166E+00 0.783808112E+00
 0.796195447E+00 0.808683038E+00 0.821386874E+00 0.834237635E+00 0.847289741E+00
 0.860553741E+00 0.874094784E+00 0.887879193E+00 0.902032495E+00 0.916509330E+00
 0.931447148E+00 0.946925044E+00 0.963095367E+00 0.980238020E+00 0.100000000E+01
    1
 0.000000000E+00 0.000000000E+00 0.000000000E+00 0.000000000E+00 0.000000000E+00
 0.000000000E+00 0.000000000E+00 0.000000000E+00 0.000000000E+00 0.000000000E+00
 0.000000000E+00 0.000000000E+00 0.000000000E+00 0.000000000E+00 0.000000000E+00
 0.000000000E+00 0.000000000E+00 0.000000000E+00 0.000000000E+00 0.000000000E+00
 0.000000000E+00 0.000000000E+00 0.000000000E+00 0.000000000E+00 0.000000000E+00
 0.000000000E+00 0.000000000E+00 0.000000000E+00 0.000000000E+00 0.000000000E+00
 0.000000000E+00 0.000000000E+00 0.000000000E+00 0.000000000E+00 0.000000000E+00
 0.000000000E+00 0.000000000E+00 0.000000000E+00 0.000000000E+00 0.000000000E+00
 0.000000000E+00 0.000000000E+00 0.000000000E+00 0.000000000E+00 0.000000000E+00
 0.000000000E+00 0.000000000E+00 0.000000000E+00 0.000000000E+00 0.000000000E+00
 0.000000000E+00 0.000000000E+00 0.000000000E+00 0.000000000E+00 0.000000000E+00
 0.000000000E+00 0.000000000E+00 0.000000000E+00 0.000000000E+00 0.000000000E+00
 0.000000000E+00 0.000000000E+00 0.000000000E+00 0.000000000E+00 0.000000000E+00
&BASIS
 EE2BDRY= 32*0.00000000      ,
 EEBDRY= 32*0.00000000      ,
 EEKNT= 32*0.00000000      ,
 EETENS=  5.00000000    ,
 FF2BDRY= 64*0.00000000      ,
 FFBDRY=-0.716057003    ,  1.19223678    ,-0.548200727    , 61*0.00000000      ,
 FFKNT= 64*0.00000000      ,
 FFTENS=  0.00000000    ,
 KEE2BDRY= 32*0          ,
 KEEBDRY= 32*0          ,
 KEEFNC=          0,
 KEEKNT=          0,
 KFF2BDRY= 64*0          ,
 KFFBDRY= 64*0          ,
 KFFFNC=          0,
 KFFKNT=          0,
 KPP2BDRY= 64*0          ,
 KPPBDRY= 64*0          ,
 KPPFNC=          0,
 KPPKNT=          0,
 KWW2BDRY= 64*0          ,
 KWWBDRY= 64*0          ,
 KWWFNC=          0,
 KWWKNT=          0,
 PP2BDRY= 64*0.00000000      ,
 PPBDRY=  896722.000    , -778247.812    , 62*0.00000000      ,
 PPKNT= 64*0.00000000      ,
 PPTENS=  0.00000000    ,
 WW2BDRY= 64*0.00000000      ,
 WWBDRY= -811.850647    , -106701.562    , 62*0.00000000      ,
 WWKNT= 64*0.00000000      ,
 WWTENS=  0.00000000    ,
 /
