  EFITD    01/21/2000    #192311  2798ms           7  65  65
 0.170000005E+01 0.320000005E+01 0.169550002E+01 0.839999974E+00 0.000000000E+00
 0.176906204E+01-0.817822888E-01-0.200907856E+00 0.356775559E-01 0.199411404E+01
 0.991826438E+06-0.200907856E+00 0.000000000E+00 0.176906204E+01 0.000000000E+00
-0.817822888E-01 0.000000000E+00 0.356775559E-01 0.000000000E+00 0.000000000E+00
 0.339172530E+01 0.339020896E+01 0.338877106E+01 0.338740969E+01 0.338612342E+01
 0.338491058E+01 0.338376951E+01 0.338269854E+01 0.338169575E+01 0.338075995E+01
 0.337988877E+01 0.337908101E+01 0.337833476E+01 0.337764835E+01 0.337702012E+01
 0.337644839E+01 0.337593102E+01 0.337546682E+01 0.337505364E+01 0.337469006E+01
 0.337437391E+01 0.337410402E+01 0.337387824E+01 0.337369466E+01 0.337355208E+01
 0.337344837E+01 0.337338185E+01 0.337335086E+01 0.337335348E+01 0.337338781E+01
 0.337345266E+01 0.337354565E+01 0.337366533E+01 0.337380981E+01 0.337397742E+01
 0.337416649E+01 0.337437510E+01 0.337460160E+01 0.337484407E+01 0.337510085E+01
 0.337537003E+01 0.337565017E+01 0.337593913E+01 0.337623549E+01 0.337653732E+01
 0.337684274E+01 0.337715030E+01 0.337745810E+01 0.337776423E+01 0.337806702E+01
 0.337836480E+01 0.337865591E+01 0.337893820E+01 0.337921023E+01 0.337947035E+01
 0.337971640E+01 0.337994719E+01 0.338016033E+01 0.338035440E+01 0.338052773E+01
 0.338067842E+01 0.338080478E+01 0.338090515E+01 0.338097763E+01 0.338102031E+01
 0.990491250E+05 0.968120000E+05 0.945967656E+05 0.924034141E+05 0.902319531E+05
 0.880823828E+05 0.859546953E+05 0.838488984E+05 0.817649922E+05 0.797029766E+05
 0.776628438E+05 0.756446016E+05 0.736482500E+05 0.716737812E+05 0.697212031E+05
 0.677905156E+05 0.658817109E+05 0.639948008E+05 0.621297773E+05 0.602866406E+05
 0.584653945E+05 0.566660352E+05 0.548885664E+05 0.531329844E+05 0.513992891E+05
 0.496874844E+05 0.479975664E+05 0.463295391E+05 0.446833984E+05 0.430591445E+05
 0.414567812E+05 0.398763086E+05 0.383177227E+05 0.367810234E+05 0.352662109E+05
 0.337732891E+05 0.323022578E+05 0.308531113E+05 0.294258555E+05 0.280204863E+05
 0.266370078E+05 0.252754160E+05 0.239357129E+05 0.226178984E+05 0.213219707E+05
 0.200479336E+05 0.187957832E+05 0.175655234E+05 0.163571494E+05 0.151706650E+05
 0.140060684E+05 0.128633613E+05 0.117425410E+05 0.106436104E+05 0.956656738E+04
 0.851141309E+04 0.747814697E+04 0.646676953E+04 0.547728027E+04 0.450967920E+04
 0.356396655E+04 0.264014233E+04 0.173820654E+04 0.858159119E+03 0.000000000E+00
-0.142768359E+01-0.135439610E+01-0.128271449E+01-0.121263885E+01-0.114416909E+01
-0.107730532E+01-0.101204741E+01-0.948395431E+00-0.886349380E+00-0.825909197E+00
-0.767074943E+00-0.709846616E+00-0.654224217E+00-0.600207686E+00-0.547797084E+00
-0.496992409E+00-0.447793663E+00-0.400200814E+00-0.354213893E+00-0.309832871E+00
-0.267057747E+00-0.225888565E+00-0.186325297E+00-0.148367926E+00-0.112016484E+00
-0.772709548E-01-0.441313386E-01-0.125976373E-01 0.173301511E-01 0.456520244E-01
 0.723679811E-01 0.974780247E-01 0.120982155E+00 0.142880365E+00 0.163172677E+00
 0.181859061E+00 0.198939532E+00 0.214414090E+00 0.228282735E+00 0.240545452E+00
 0.251202285E+00 0.260253161E+00 0.267698169E+00 0.273537219E+00 0.277770370E+00
 0.280397624E+00 0.281418949E+00 0.280834377E+00 0.278643847E+00 0.274847448E+00
 0.269445121E+00 0.262436867E+00 0.253822714E+00 0.243602633E+00 0.231776640E+00
 0.218344748E+00 0.203306928E+00 0.186663195E+00 0.168413550E+00 0.148557976E+00
 0.127096504E+00 0.104029112E+00 0.793558061E-01 0.530765913E-01 0.251914561E-01
-0.608137625E+06-0.602216500E+06-0.596295375E+06-0.590374250E+06-0.584453125E+06
-0.578531938E+06-0.572610812E+06-0.566689688E+06-0.560768562E+06-0.554847375E+06
-0.548926250E+06-0.543005125E+06-0.537084000E+06-0.531162812E+06-0.525241688E+06
-0.519320562E+06-0.513399406E+06-0.507478281E+06-0.501557125E+06-0.495636000E+06
-0.489714844E+06-0.483793719E+06-0.477872562E+06-0.471951438E+06-0.466030281E+06
-0.460109156E+06-0.454188000E+06-0.448266875E+06-0.442345719E+06-0.436424594E+06
-0.430503438E+06-0.424582312E+06-0.418661188E+06-0.412740031E+06-0.406818906E+06
-0.400897750E+06-0.394976625E+06-0.389055469E+06-0.383134344E+06-0.377213188E+06
-0.371292062E+06-0.365370906E+06-0.359449781E+06-0.353528625E+06-0.347607500E+06
-0.341686344E+06-0.335765219E+06-0.329844062E+06-0.323922938E+06-0.318001781E+06
-0.312080656E+06-0.306159500E+06-0.300238375E+06-0.294317219E+06-0.288396094E+06
-0.282474938E+06-0.276553812E+06-0.270632656E+06-0.264711531E+06-0.258790391E+06
-0.252869250E+06-0.246948109E+06-0.241026969E+06-0.235105828E+06-0.229184688E+06
 0.612310097E-01 0.593041703E-01 0.572666191E-01 0.551737584E-01 0.531851351E-01
 0.515776575E-01 0.507408567E-01 0.511595085E-01 0.557905398E-01 0.678290874E-01
 0.820973441E-01 0.975013450E-01 0.112717405E+00 0.124615788E+00 0.133988291E+00
 0.141195208E+00 0.146356359E+00 0.149446204E+00 0.150256664E+00 0.148286909E+00
 0.142529011E+00 0.136354581E+00 0.132341579E+00 0.129665226E+00 0.127890259E+00
 0.126776382E+00 0.126180217E+00 0.126009539E+00 0.126200274E+00 0.126703799E+00
 0.127514422E+00 0.128609940E+00 0.129955664E+00 0.131521523E+00 0.133277968E+00
 0.135201827E+00 0.137261569E+00 0.139414117E+00 0.141659722E+00 0.144003913E+00
 0.146455780E+00 0.149024561E+00 0.151716083E+00 0.154530659E+00 0.157462731E+00
 0.160501420E+00 0.163631588E+00 0.166834563E+00 0.170088857E+00 0.173370570E+00
 0.176653951E+00 0.179911867E+00 0.183116466E+00 0.186239809E+00 0.189254791E+00
 0.192135930E+00 0.194860280E+00 0.197408244E+00 0.199764252E+00 0.201917171E+00
 0.203860506E+00 0.205592364E+00 0.207115054E+00 0.208434641E+00 0.209560230E+00
 0.562650338E-01 0.531358384E-01 0.495717973E-01 0.455002263E-01 0.409910604E-01
 0.363523178E-01 0.336720124E-01 0.359453596E-01 0.439180322E-01 0.579425804E-01
 0.726824999E-01 0.866596103E-01 0.995264128E-01 0.110343181E+00 0.119153023E+00
 0.126091063E+00 0.131227419E+00 0.134556085E+00 0.136000052E+00 0.135437697E+00
 0.132900625E+00 0.129756495E+00 0.127249837E+00 0.125428632E+00 0.124195673E+00
 0.123457246E+00 0.123139635E+00 0.123186737E+00 0.123554669E+00 0.124207683E+00
 0.125148267E+00 0.126363605E+00 0.127830058E+00 0.129528880E+00 0.131443739E+00
 0.133562952E+00 0.135861874E+00 0.138302684E+00 0.140884548E+00 0.143608049E+00
 0.146474391E+00 0.149484292E+00 0.152636573E+00 0.155927107E+00 0.159347951E+00
 0.162887171E+00 0.166528657E+00 0.170252264E+00 0.174033999E+00 0.177846208E+00
 0.181658015E+00 0.185435787E+00 0.189144030E+00 0.192746326E+00 0.196206674E+00
 0.199490950E+00 0.202568412E+00 0.205413163E+00 0.208005279E+00 0.210331663E+00
 0.212386250E+00 0.214169890E+00 0.215689629E+00 0.216957733E+00 0.217990413E+00
 0.521288961E-01 0.481688939E-01 0.434272774E-01 0.374147482E-01 0.299553555E-01
 0.259793978E-01 0.266561359E-01 0.321999863E-01 0.427667201E-01 0.546782129E-01
 0.661559254E-01 0.768626556E-01 0.866277739E-01 0.952704549E-01 0.102666117E+00
 0.108760968E+00 0.113542572E+00 0.117022634E+00 0.119244851E+00 0.120321043E+00
 0.120486587E+00 0.120104797E+00 0.119540922E+00 0.119038574E+00 0.118721291E+00
 0.118641727E+00 0.118817724E+00 0.119251370E+00 0.119938239E+00 0.120873190E+00
 0.122057721E+00 0.123489678E+00 0.125161558E+00 0.127065361E+00 0.129193440E+00
 0.131538078E+00 0.134086236E+00 0.136823297E+00 0.139744043E+00 0.142846078E+00
 0.146127552E+00 0.149586082E+00 0.153217733E+00 0.157016218E+00 0.160972074E+00
 0.165072054E+00 0.169298574E+00 0.173629314E+00 0.178036809E+00 0.182488322E+00
 0.186945871E+00 0.191366568E+00 0.195703506E+00 0.199907199E+00 0.203927502E+00
 0.207716182E+00 0.211229637E+00 0.214431509E+00 0.217294961E+00 0.219804078E+00
 0.221954361E+00 0.223752186E+00 0.225213334E+00 0.226360962E+00 0.227223247E+00
 0.492644571E-01 0.452798158E-01 0.407369435E-01 0.352281891E-01 0.291181430E-01
 0.279242788E-01 0.322528742E-01 0.392417349E-01 0.469877124E-01 0.551163852E-01
 0.632761568E-01 0.711757168E-01 0.785922706E-01 0.853594616E-01 0.913595185E-01
 0.965196118E-01 0.100807652E+00 0.104229666E+00 0.106831290E+00 0.108702205E+00
 0.109976567E+00 0.110820219E+00 0.111403927E+00 0.111876316E+00 0.112350680E+00
 0.112906091E+00 0.113595031E+00 0.114451662E+00 0.115498394E+00 0.116750486E+00
 0.118218668E+00 0.119910121E+00 0.121828936E+00 0.123976894E+00 0.126354024E+00
 0.128958985E+00 0.131789282E+00 0.134842172E+00 0.138115630E+00 0.141608253E+00
 0.145318657E+00 0.149244756E+00 0.153382972E+00 0.157727450E+00 0.162269279E+00
 0.166995615E+00 0.171888769E+00 0.176925287E+00 0.182074890E+00 0.187299594E+00
 0.192552954E+00 0.197779775E+00 0.202916712E+00 0.207893908E+00 0.212638125E+00
 0.217077017E+00 0.221144438E+00 0.224785700E+00 0.227962077E+00 0.230653629E+00
 0.232859969E+00 0.234598875E+00 0.235902965E+00 0.236815304E+00 0.237384647E+00
 0.470401943E-01 0.436531343E-01 0.406452753E-01 0.378631838E-01 0.359049551E-01
 0.375656337E-01 0.409098715E-01 0.453880914E-01 0.506128296E-01 0.562752597E-01
 0.621161088E-01 0.679182708E-01 0.735051408E-01 0.787388831E-01 0.835181400E-01
 0.877758488E-01 0.914772674E-01 0.946183503E-01 0.972242579E-01 0.993472263E-01
 0.101062343E+00 0.102460191E+00 0.103637151E+00 0.104685739E+00 0.105687730E+00
 0.106711097E+00 0.107810058E+00 0.109026864E+00 0.110394157E+00 0.111937210E+00
 0.113675646E+00 0.115624718E+00 0.117796257E+00 0.120199353E+00 0.122840963E+00
 0.125726432E+00 0.128859878E+00 0.132244661E+00 0.135883600E+00 0.139779121E+00
 0.143933028E+00 0.148346201E+00 0.153018057E+00 0.157945931E+00 0.163124293E+00
 0.168543741E+00 0.174189702E+00 0.180040985E+00 0.186067775E+00 0.192229435E+00
 0.198472127E+00 0.204726651E+00 0.210907325E+00 0.216912895E+00 0.222630873E+00
 0.227945402E+00 0.232748210E+00 0.236949980E+00 0.240490064E+00 0.243342519E+00
 0.245517343E+00 0.247057021E+00 0.248028427E+00 0.248512596E+00 0.248594612E+00
 0.432575010E-01 0.397518985E-01 0.395559855E-01 0.403978415E-01 0.415637791E-01
 0.434565842E-01 0.461264923E-01 0.494480953E-01 0.532534644E-01 0.573746003E-01
 0.616557226E-01 0.659583136E-01 0.701639801E-01 0.741761625E-01 0.779208839E-01
 0.813467950E-01 0.844247565E-01 0.871468559E-01 0.895249769E-01 0.915885940E-01
 0.933816284E-01 0.949583575E-01 0.963787436E-01 0.977038667E-01 0.989921540E-01
 0.100296900E+00 0.101664990E+00 0.103136711E+00 0.104746155E+00 0.106521942E+00
 0.108488038E+00 0.110664524E+00 0.113068245E+00 0.115713432E+00 0.118612178E+00
 0.121774919E+00 0.125210807E+00 0.128928050E+00 0.132934079E+00 0.137235776E+00
 0.141839415E+00 0.146750569E+00 0.151973844E+00 0.157512411E+00 0.163367450E+00
 0.169537142E+00 0.176015288E+00 0.182789415E+00 0.189837873E+00 0.197125912E+00
 0.204600334E+00 0.212182924E+00 0.219763324E+00 0.227194384E+00 0.234294578E+00
 0.240862966E+00 0.246705383E+00 0.251662523E+00 0.255630791E+00 0.258574367E+00
 0.260528654E+00 0.261592865E+00 0.261909485E+00 0.261636466E+00 0.260923594E+00
 0.413527302E-01 0.378502756E-01 0.390071049E-01 0.416897535E-01 0.441632010E-01
 0.466550253E-01 0.492997877E-01 0.521401241E-01 0.551589802E-01 0.583068952E-01
 0.615200251E-01 0.647312850E-01 0.678772852E-01 0.709027350E-01 0.737632290E-01
 0.764268637E-01 0.788749978E-01 0.811022669E-01 0.831159949E-01 0.849349424E-01
 0.865875334E-01 0.881095976E-01 0.895418972E-01 0.909276158E-01 0.923101828E-01
 0.937315077E-01 0.952307954E-01 0.968438759E-01 0.986029282E-01 0.100536577E+00
 0.102670066E+00 0.105025649E+00 0.107622959E+00 0.110479400E+00 0.113610521E+00
 0.117030397E+00 0.120751977E+00 0.124787368E+00 0.129148141E+00 0.133845583E+00
 0.138890803E+00 0.144294962E+00 0.150069207E+00 0.156224698E+00 0.162772372E+00
 0.169722453E+00 0.177083597E+00 0.184861347E+00 0.193055436E+00 0.201655179E+00
 0.210631579E+00 0.219924331E+00 0.229421020E+00 0.238927588E+00 0.248140186E+00
 0.256662011E+00 0.264099270E+00 0.270152032E+00 0.274637491E+00 0.277495444E+00
 0.278808743E+00 0.278817505E+00 0.277860582E+00 0.276264101E+00 0.274284005E+00
 0.422851518E-01 0.389169827E-01 0.406701006E-01 0.438877381E-01 0.467669480E-01
 0.494275689E-01 0.519614890E-01 0.544312745E-01 0.568699837E-01 0.592867732E-01
 0.616741069E-01 0.640144721E-01 0.662859008E-01 0.684662983E-01 0.705365837E-01
 0.724829882E-01 0.742984265E-01 0.759833008E-01 0.775455832E-01 0.790004581E-01
 0.803695321E-01 0.816796497E-01 0.829615816E-01 0.842486247E-01 0.855752081E-01
 0.869757310E-01 0.884836167E-01 0.901305974E-01 0.919463187E-01 0.939581245E-01
 0.961910337E-01 0.986678749E-01 0.101409465E+00 0.104434878E+00 0.107761696E+00
 0.111406326E+00 0.115384318E+00 0.119710676E+00 0.124400213E+00 0.129467919E+00
 0.134929359E+00 0.140800998E+00 0.147100762E+00 0.153848380E+00 0.161065951E+00
 0.168778479E+00 0.177014276E+00 0.185805351E+00 0.195187286E+00 0.205198064E+00
 0.215874553E+00 0.227243081E+00 0.239296049E+00 0.251935810E+00 0.264828324E+00
 0.276800662E+00 0.286836416E+00 0.294564843E+00 0.299742520E+00 0.302205473E+00
 0.301900387E+00 0.299376041E+00 0.295909852E+00 0.292076945E+00 0.288193196E+00
 0.457113087E-01 0.425141156E-01 0.442963466E-01 0.475571789E-01 0.503824651E-01
 0.528505035E-01 0.550408252E-01 0.570235513E-01 0.588533059E-01 0.605680719E-01
 0.621911921E-01 0.637347028E-01 0.652030706E-01 0.665965825E-01 0.679142326E-01
 0.691559836E-01 0.703244433E-01 0.714258924E-01 0.724709481E-01 0.734746531E-01
 0.744562820E-01 0.754388496E-01 0.764484257E-01 0.775132850E-01 0.786630735E-01
 0.799279138E-01 0.813376233E-01 0.829211101E-01 0.847058669E-01 0.867177621E-01
 0.889809430E-01 0.915179029E-01 0.943496078E-01 0.974956676E-01 0.100974537E+00
 0.104803763E+00 0.109000266E+00 0.113580689E+00 0.118561797E+00 0.123960987E+00
 0.129796803E+00 0.136089638E+00 0.142862499E+00 0.150141999E+00 0.157959700E+00
 0.166353568E+00 0.175370336E+00 0.185068294E+00 0.195521474E+00 0.206825674E+00
 0.219107598E+00 0.232540190E+00 0.247370958E+00 0.263988405E+00 0.282711148E+00
 0.299738020E+00 0.313332289E+00 0.323401779E+00 0.329751641E+00 0.331923127E+00
 0.329754502E+00 0.322668701E+00 0.314836860E+00 0.307732105E+00 0.301402718E+00
 0.514602251E-01 0.484335572E-01 0.500836335E-01 0.530944131E-01 0.555211715E-01
 0.574611239E-01 0.590242483E-01 0.603054613E-01 0.613797307E-01 0.623027459E-01
 0.631139576E-01 0.638402775E-01 0.644996464E-01 0.651042834E-01 0.656632558E-01
 0.661846697E-01 0.666772574E-01 0.671515465E-01 0.676206052E-01 0.681004375E-01
 0.686100721E-01 0.691714212E-01 0.698089153E-01 0.705490410E-01 0.714196861E-01
 0.724494159E-01 0.736666024E-01 0.750987306E-01 0.767718926E-01 0.787105486E-01
 0.809375793E-01 0.834745094E-01 0.863417089E-01 0.895585120E-01 0.931433216E-01
 0.971137360E-01 0.101486765E+00 0.106279239E+00 0.111508213E+00 0.117191546E+00
 0.123348564E+00 0.130000859E+00 0.137173250E+00 0.144895121E+00 0.153202042E+00
 0.162138015E+00 0.171758562E+00 0.182135001E+00 0.193360791E+00 0.205560923E+00
 0.218906626E+00 0.233638704E+00 0.250105411E+00 0.268816352E+00 0.290468037E+00
 0.312627137E+00 0.330069363E+00 0.342699975E+00 0.350603014E+00 0.353697509E+00
 0.351309180E+00 0.343069404E+00 0.330672383E+00 0.320303470E+00 0.311736196E+00
 0.598960370E-01 0.570367947E-01 0.586683452E-01 0.610483848E-01 0.625863820E-01
 0.635436624E-01 0.641047955E-01 0.643967316E-01 0.645054802E-01 0.644895732E-01
 0.643890277E-01 0.642314404E-01 0.640362054E-01 0.638175905E-01 0.635871217E-01
 0.633553267E-01 0.631331205E-01 0.629328042E-01 0.627687573E-01 0.626578480E-01
 0.626196191E-01 0.626762807E-01 0.628525019E-01 0.631752461E-01 0.636733845E-01
 0.643768758E-01 0.653150678E-01 0.665156245E-01 0.680038929E-01 0.698026866E-01
 0.719326213E-01 0.744134188E-01 0.772643313E-01 0.805040225E-01 0.841502622E-01
 0.882198215E-01 0.927285105E-01 0.976917222E-01 0.103124894E+00 0.109044105E+00
 0.115466751E+00 0.122412279E+00 0.129903153E+00 0.137966007E+00 0.146633193E+00
 0.155944765E+00 0.165951073E+00 0.176716372E+00 0.188323557E+00 0.200880870E+00
 0.214530751E+00 0.229461476E+00 0.245920807E+00 0.264228880E+00 0.284786791E+00
 0.307948202E+00 0.327843159E+00 0.342475146E+00 0.352013946E+00 0.356510699E+00
 0.356094033E+00 0.350078225E+00 0.338335723E+00 0.326249987E+00 0.316737622E+00
 0.732881501E-01 0.712182596E-01 0.716039315E-01 0.720521659E-01 0.717140436E-01
 0.710127130E-01 0.701181218E-01 0.691144019E-01 0.680492744E-01 0.669521838E-01
 0.658423454E-01 0.647329241E-01 0.636336133E-01 0.625523850E-01 0.614968203E-01
 0.604751073E-01 0.594969094E-01 0.585739985E-01 0.577207394E-01 0.569544323E-01
 0.562954061E-01 0.557669103E-01 0.553946979E-01 0.552075505E-01 0.552384220E-01
 0.555244982E-01 0.560998581E-01 0.569943860E-01 0.582333133E-01 0.598362312E-01
 0.618170016E-01 0.641918480E-01 0.669792593E-01 0.701981783E-01 0.738663077E-01
 0.779990181E-01 0.826093405E-01 0.877093002E-01 0.933107361E-01 0.994257182E-01
 0.106067106E+00 0.113249071E+00 0.120987765E+00 0.129302099E+00 0.138214678E+00
 0.147752956E+00 0.157950565E+00 0.168848827E+00 0.180498362E+00 0.192960754E+00
 0.206309676E+00 0.220631093E+00 0.236021340E+00 0.252583385E+00 0.270426571E+00
 0.289706618E+00 0.309363753E+00 0.323918611E+00 0.334026307E+00 0.340029478E+00
 0.341766804E+00 0.339569837E+00 0.332868874E+00 0.322716087E+00 0.314757258E+00
 0.924247876E-01 0.927174762E-01 0.890165195E-01 0.850359201E-01 0.818264112E-01
 0.789916068E-01 0.763827115E-01 0.739298239E-01 0.715947598E-01 0.693543777E-01
 0.671937689E-01 0.651031509E-01 0.630764663E-01 0.611107983E-01 0.592061840E-01
 0.573656745E-01 0.555955172E-01 0.539053753E-01 0.523086488E-01 0.508228280E-01
 0.494696461E-01 0.482750386E-01 0.472640507E-01 0.464634150E-01 0.459102429E-01
 0.456748046E-01 0.457995124E-01 0.463177450E-01 0.472578146E-01 0.486359745E-01
 0.504305661E-01 0.526548326E-01 0.553328991E-01 0.584900081E-01 0.621475019E-01
 0.663193464E-01 0.710108131E-01 0.762278363E-01 0.819770172E-01 0.882645994E-01
 0.950970128E-01 0.102481022E+00 0.110423818E+00 0.118933365E+00 0.128018722E+00
 0.137690276E+00 0.147959813E+00 0.158840030E+00 0.170343578E+00 0.182480678E+00
 0.195254982E+00 0.208655939E+00 0.222645357E+00 0.237132832E+00 0.251927644E+00
 0.266633809E+00 0.280465722E+00 0.292393655E+00 0.301797003E+00 0.308472008E+00
 0.312400252E+00 0.313697904E+00 0.312692583E+00 0.310113013E+00 0.306989521E+00
 0.105953209E+00 0.106995933E+00 0.101791985E+00 0.957263634E-01 0.905450508E-01
 0.859936774E-01 0.818945169E-01 0.781273767E-01 0.746108294E-01 0.712885335E-01
 0.681207180E-01 0.650790930E-01 0.621438362E-01 0.593017936E-01 0.565454178E-01
 0.538721718E-01 0.512842163E-01 0.487882569E-01 0.463956967E-01 0.441239066E-01
 0.419964604E-01 0.400599651E-01 0.383297242E-01 0.367998257E-01 0.354322456E-01
 0.345465019E-01 0.341253430E-01 0.341911614E-01 0.347994678E-01 0.360534005E-01
 0.376376621E-01 0.396490023E-01 0.421521142E-01 0.451961309E-01 0.488181822E-01
 0.530348420E-01 0.578104407E-01 0.631448701E-01 0.690429509E-01 0.755033791E-01
 0.825255811E-01 0.901085138E-01 0.982493311E-01 0.106943808E+00 0.116186537E+00
 0.125970647E+00 0.136287153E+00 0.147123486E+00 0.158461183E+00 0.170272306E+00
 0.182514042E+00 0.195120648E+00 0.207992047E+00 0.220977783E+00 0.233857691E+00
 0.246326610E+00 0.258005410E+00 0.268502444E+00 0.277500540E+00 0.284808546E+00
 0.290368289E+00 0.294250041E+00 0.296649992E+00 0.297871798E+00 0.298262268E+00
 0.113763988E+00 0.114901729E+00 0.109662384E+00 0.102840908E+00 0.966708511E-01
 0.910632163E-01 0.859162882E-01 0.811392516E-01 0.766567886E-01 0.724086985E-01
 0.683479458E-01 0.644384101E-01 0.606530197E-01 0.569723658E-01 0.533837080E-01
 0.498803444E-01 0.464611277E-01 0.431295633E-01 0.398908816E-01 0.367619097E-01
 0.337092765E-01 0.309924744E-01 0.285794176E-01 0.264685526E-01 0.246836003E-01
 0.232895743E-01 0.223284829E-01 0.218364857E-01 0.218470618E-01 0.223838761E-01
 0.234353580E-01 0.250288583E-01 0.272096135E-01 0.300372466E-01 0.335939564E-01
 0.380093195E-01 0.428951643E-01 0.483549871E-01 0.544309616E-01 0.610899664E-01
 0.683284253E-01 0.761424005E-01 0.845171660E-01 0.934357122E-01 0.102878697E+00
 0.112824306E+00 0.123247370E+00 0.134117603E+00 0.145397231E+00 0.157037809E+00
 0.168976307E+00 0.181130201E+00 0.193392083E+00 0.205624580E+00 0.217657700E+00
 0.229292050E+00 0.240311548E+00 0.250505716E+00 0.259696156E+00 0.267758012E+00
 0.274631977E+00 0.280326813E+00 0.284913659E+00 0.288510889E+00 0.291261077E+00
 0.118581258E+00 0.119715802E+00 0.114140540E+00 0.106920749E+00 0.100228086E+00
 0.940063074E-01 0.881888270E-01 0.827083141E-01 0.775030404E-01 0.725195929E-01
 0.677134395E-01 0.630484894E-01 0.584962629E-01 0.540351421E-01 0.496499240E-01
 0.453319326E-01 0.410802253E-01 0.369056910E-01 0.327728875E-01 0.289156046E-01
 0.253085867E-01 0.219805371E-01 0.189508684E-01 0.162420385E-01 0.138841178E-01
 0.119153326E-01 0.103743989E-01 0.929891691E-02 0.872448832E-02 0.868348219E-02
 0.920493994E-02 0.103228558E-01 0.120763769E-01 0.145079577E-01 0.176597107E-01
 0.215640776E-01 0.262170434E-01 0.316794291E-01 0.380766429E-01 0.449711531E-01
 0.524631031E-01 0.605822541E-01 0.692716315E-01 0.785014629E-01 0.882386640E-01
 0.984495953E-01 0.109098665E+00 0.120146014E+00 0.131545156E+00 0.143240765E+00
 0.155166373E+00 0.167242110E+00 0.179372832E+00 0.191447258E+00 0.203339085E+00
 0.214910746E+00 0.226020426E+00 0.236531690E+00 0.246323973E+00 0.255301684E+00
 0.263400376E+00 0.270588785E+00 0.276866883E+00 0.282260358E+00 0.286812872E+00
 0.120635279E+00 0.121655613E+00 0.115806051E+00 0.108396113E+00 0.101466723E+00
 0.949412212E-01 0.887494534E-01 0.828282610E-01 0.771234185E-01 0.715891719E-01
 0.661872551E-01 0.608858578E-01 0.556587391E-01 0.504844338E-01 0.453455448E-01
 0.402276628E-01 0.351163261E-01 0.302345995E-01 0.255548730E-01 0.211000890E-01
 0.168874655E-01 0.129397567E-01 0.928288046E-02 0.594649510E-02 0.296450732E-02
 0.374651543E-03-0.178312103E-02-0.346792606E-02-0.463889260E-02-0.525578251E-02
-0.527903764E-02-0.466903253E-02-0.338627654E-02-0.139251479E-02 0.134743412E-02
 0.486341165E-02 0.917885732E-02 0.143181151E-01 0.202974770E-01 0.270949621E-01
 0.347596556E-01 0.434090942E-01 0.525389165E-01 0.622151792E-01 0.723815039E-01
 0.829970613E-01 0.940242335E-01 0.105421513E+00 0.117141545E+00 0.129130170E+00
 0.141325578E+00 0.153657451E+00 0.166046560E+00 0.178404838E+00 0.190636382E+00
 0.202639699E+00 0.214310870E+00 0.225547507E+00 0.236252889E+00 0.246339560E+00
 0.255731851E+00 0.264367372E+00 0.272197157E+00 0.279185623E+00 0.285309941E+00
 0.119627103E+00 0.120347090E+00 0.114729561E+00 0.107446596E+00 0.100614578E+00
 0.940956771E-01 0.877983347E-01 0.816637725E-01 0.756499767E-01 0.697240382E-01
 0.638586283E-01 0.580302365E-01 0.522182174E-01 0.464043021E-01 0.405731052E-01
 0.347154662E-01 0.290537030E-01 0.235851500E-01 0.183116645E-01 0.132455993E-01
 0.840570033E-02 0.381644862E-02-0.492678198E-03-0.448764395E-02-0.813027471E-02
-0.113788880E-01-0.141891735E-01-0.165151358E-01-0.183099881E-01-0.195269473E-01
-0.201198962E-01-0.200439654E-01-0.192562696E-01-0.177168287E-01-0.153896045E-01
-0.122433910E-01-0.825220626E-02-0.339495111E-02 0.234385207E-02 0.897428021E-02
 0.165106915E-01 0.249648914E-01 0.343191884E-01 0.446593165E-01 0.554141998E-01
 0.665800348E-01 0.781424195E-01 0.900651515E-01 0.102303274E+00 0.114806809E+00
 0.127521440E+00 0.140388340E+00 0.153343827E+00 0.166319311E+00 0.179241523E+00
 0.192033082E+00 0.204613164E+00 0.216898173E+00 0.228802204E+00 0.240237057E+00
 0.251111925E+00 0.261333257E+00 0.270805687E+00 0.279434502E+00 0.287131160E+00
 0.115489058E+00 0.115497746E+00 0.110509746E+00 0.104269907E+00 0.980765820E-01
 0.918899924E-01 0.857086554E-01 0.795280859E-01 0.733407885E-01 0.671372935E-01
 0.609068312E-01 0.546376184E-01 0.483164191E-01 0.419267118E-01 0.354436561E-01
 0.291048195E-01 0.229156669E-01 0.168820191E-01 0.110137314E-01 0.532667385E-02
-0.157100978E-03-0.540956715E-02-0.103971120E-01-0.150810089E-01-0.194179732E-01
-0.233608503E-01-0.268594399E-01-0.298614074E-01-0.323132649E-01-0.341613702E-01
-0.353529304E-01-0.358370095E-01-0.355655514E-01-0.344943777E-01-0.325841159E-01
-0.298009627E-01-0.261171069E-01-0.215108357E-01-0.159663279E-01-0.947278831E-02
-0.202264544E-02 0.638932921E-02 0.157682169E-01 0.261313133E-01 0.375002287E-01
 0.492786840E-01 0.615142323E-01 0.741294548E-01 0.870681927E-01 0.100282229E+00
 0.113725536E+00 0.127351761E+00 0.141112983E+00 0.154959127E+00 0.168837383E+00
 0.182691604E+00 0.196461335E+00 0.210080087E+00 0.223472789E+00 0.236552030E+00
 0.249213442E+00 0.261331022E+00 0.272754341E+00 0.283311039E+00 0.292818069E+00
 0.110297464E+00 0.109441735E+00 0.105579808E+00 0.100450143E+00 0.948967710E-01
 0.890623108E-01 0.830309466E-01 0.768472329E-01 0.705344453E-01 0.641040877E-01
 0.575611033E-01 0.509070009E-01 0.441424735E-01 0.372702293E-01 0.302987155E-01
 0.234603342E-01 0.167418271E-01 0.101439049E-01 0.367694232E-02-0.264071883E-02
-0.878358725E-02-0.147195291E-01-0.204102099E-01-0.258115884E-01-0.308745019E-01
-0.355453864E-01-0.397671312E-01-0.434800759E-01-0.466231257E-01-0.491349176E-01
-0.509550907E-01-0.520255640E-01-0.522917844E-01-0.517039262E-01-0.502179749E-01
-0.477965772E-01-0.444096625E-01-0.400347263E-01-0.346567743E-01-0.282679480E-01
-0.208668709E-01-0.124580795E-01-0.305172894E-02 0.733563164E-02 0.186747685E-01
 0.309099052E-01 0.441045463E-01 0.576195009E-01 0.714355856E-01 0.855268613E-01
 0.998647287E-01 0.114419594E+00 0.129161537E+00 0.144060537E+00 0.159086123E+00
 0.174206540E+00 0.189387128E+00 0.204587325E+00 0.219755799E+00 0.234822839E+00
 0.249689057E+00 0.264209628E+00 0.278175384E+00 0.291298062E+00 0.303219378E+00
 0.107563153E+00 0.106429450E+00 0.102521628E+00 0.974691287E-01 0.920470953E-01
 0.863057375E-01 0.802899227E-01 0.740348846E-01 0.675655976E-01 0.608985573E-01
 0.540439337E-01 0.470078364E-01 0.397952348E-01 0.324153118E-01 0.250800233E-01
 0.177968424E-01 0.105728284E-01 0.341911241E-02-0.364736770E-02-0.106031597E-01
-0.174180362E-01-0.240549780E-01-0.304703545E-01-0.366142653E-01-0.424310714E-01
-0.478601083E-01-0.528366007E-01-0.572927296E-01-0.611589067E-01-0.643651262E-01
-0.668424889E-01-0.685246736E-01-0.693495348E-01-0.692604631E-01-0.682077780E-01
-0.661497191E-01-0.630533323E-01-0.588948540E-01-0.536598749E-01-0.473430268E-01
-0.399473868E-01-0.314835720E-01-0.219685640E-01-0.114241978E-01 0.125099672E-03
 0.126575474E-01 0.261681117E-01 0.406570099E-01 0.554474369E-01 0.705211461E-01
 0.858608633E-01 0.101451248E+00 0.117279723E+00 0.133337066E+00 0.149617717E+00
 0.166119650E+00 0.182843521E+00 0.199790508E+00 0.216958225E+00 0.234332800E+00
 0.251874566E+00 0.269491673E+00 0.286991298E+00 0.303985626E+00 0.319726557E+00
 0.105923489E+00 0.104595862E+00 0.100423746E+00 0.952635333E-01 0.897621736E-01
 0.839346498E-01 0.778021365E-01 0.713850483E-01 0.647005066E-01 0.577609763E-01
 0.505734533E-01 0.431381799E-01 0.354456156E-01 0.277264155E-01 0.199916959E-01
 0.122511974E-01 0.451638969E-02-0.319721340E-02-0.108685624E-01-0.184701476E-01
-0.259674639E-01-0.333187804E-01-0.404751487E-01-0.473806597E-01-0.539729036E-01
-0.601837151E-01-0.659401119E-01-0.711654872E-01-0.757810250E-01-0.797072798E-01
-0.828659013E-01-0.851814300E-01-0.865831301E-01-0.870066881E-01-0.863958448E-01
-0.847036690E-01-0.818936229E-01-0.779401585E-01-0.728289187E-01-0.665564612E-01
-0.591295063E-01-0.505637378E-01-0.408820696E-01-0.301124435E-01-0.182849448E-01
-0.542822341E-02 0.843444094E-02 0.232866555E-01 0.391211770E-01 0.552428141E-01
 0.716422126E-01 0.883154720E-01 0.105265200E+00 0.122501843E+00 0.140045017E+00
 0.157925010E+00 0.176184222E+00 0.194878563E+00 0.214078605E+00 0.233870074E+00
 0.254352629E+00 0.275634348E+00 0.297812283E+00 0.320875555E+00 0.343597978E+00
 0.104821615E+00 0.103310123E+00 0.990615264E-01 0.937412679E-01 0.880717114E-01
 0.820623115E-01 0.757255554E-01 0.690749958E-01 0.621231385E-01 0.548802167E-01
 0.473535843E-01 0.395474918E-01 0.314625017E-01 0.233366396E-01 0.151634905E-01
 0.694434950E-02-0.131260639E-02-0.959234592E-02-0.178726595E-01-0.261237659E-01
-0.343079790E-01-0.423795134E-01-0.502844937E-01-0.579611585E-01-0.653403476E-01
-0.723462328E-01-0.788973495E-01-0.849079192E-01-0.902893916E-01-0.949522629E-01
-0.988080725E-01-0.101771474E+00-0.103762388E+00-0.104708046E+00-0.104544878E+00
-0.103220142E+00-0.100693196E+00-0.969362482E-01-0.919346884E-01-0.856868029E-01
-0.782029778E-01-0.695042536E-01-0.596204177E-01-0.485875681E-01-0.364452228E-01
-0.232330784E-01-0.898768008E-02 0.626081973E-02 0.224920753E-01 0.396993868E-01
 0.571766831E-01 0.749280080E-01 0.929669589E-01 0.111318968E+00 0.130024061E+00
 0.149140000E+00 0.168746173E+00 0.188949004E+00 0.209889784E+00 0.231756076E+00
 0.254799455E+00 0.279365748E+00 0.305954188E+00 0.335351497E+00 0.366162241E+00
 0.104468137E+00 0.102813512E+00 0.984138623E-01 0.928997993E-01 0.870083943E-01
 0.807525143E-01 0.741464421E-01 0.672041923E-01 0.599375702E-01 0.523558930E-01
 0.444670916E-01 0.362808518E-01 0.278161298E-01 0.192838460E-01 0.106697539E-01
 0.197084993E-02-0.680684624E-02-0.156489760E-01-0.245328415E-01-0.334271528E-01
-0.422917381E-01-0.510773510E-01-0.597256310E-01-0.681693032E-01-0.763326585E-01
-0.841323063E-01-0.914782807E-01-0.982754827E-01-0.104425408E+00-0.109828182E+00
-0.114384815E+00-0.117999636E+00-0.120582715E+00-0.122052327E+00-0.122337133E+00
-0.121378139E+00-0.119130217E+00-0.115563087E+00-0.110661767E+00-0.104426309E+00
-0.968709439E-01-0.880225748E-01-0.779186711E-01-0.666046292E-01-0.541307665E-01
-0.405489542E-01-0.259090681E-01-0.102553312E-01 0.637749396E-02 0.239681471E-01
 0.425133146E-01 0.612996370E-01 0.803443044E-01 0.996785685E-01 0.119352914E+00
 0.139439926E+00 0.160038561E+00 0.181280941E+00 0.203342751E+00 0.226458594E+00
 0.250943959E+00 0.277225047E+00 0.305873662E+00 0.337630302E+00 0.371753931E+00
 0.105038360E+00 0.103303097E+00 0.985666066E-01 0.928145349E-01 0.866352245E-01
 0.800588578E-01 0.731156468E-01 0.658255145E-01 0.581992678E-01 0.502405427E-01
 0.419463664E-01 0.333055668E-01 0.245297737E-01 0.156240351E-01 0.658847718E-02
-0.257456838E-02-0.118572665E-01-0.212445259E-01-0.307129081E-01-0.402298681E-01
-0.497531965E-01-0.592306778E-01-0.685999468E-01-0.777886733E-01-0.867149532E-01
-0.952881575E-01-0.103410065E+00-0.110976405E+00-0.117878832E+00-0.124007091E+00
-0.129251644E+00-0.133506373E+00-0.136671349E+00-0.138655707E+00-0.139380157E+00
-0.138779268E+00-0.136803284E+00-0.133419350E+00-0.128612086E+00-0.122383364E+00
-0.114751481E+00-0.105749488E+00-0.954229534E-01-0.838271528E-01-0.710237771E-01
-0.570773818E-01-0.420516394E-01-0.260055196E-01-0.898947008E-02 0.895828940E-02
 0.278154649E-01 0.475795530E-01 0.675247088E-01 0.876708701E-01 0.108070038E+00
 0.128796354E+00 0.149946526E+00 0.171644717E+00 0.194051117E+00 0.217374384E+00
 0.241890281E+00 0.267970115E+00 0.296124965E+00 0.327070028E+00 0.360302389E+00
 0.106267706E+00 0.104419135E+00 0.997729525E-01 0.936655626E-01 0.870191604E-01
 0.799936354E-01 0.726311952E-01 0.649448410E-01 0.569361039E-01 0.486005172E-01
 0.399296507E-01 0.309122577E-01 0.217648856E-01 0.124707026E-01 0.302029145E-02
-0.658872351E-02-0.163510852E-01-0.262530819E-01-0.362717323E-01-0.463740490E-01
-0.565164573E-01-0.666443780E-01-0.766920522E-01-0.865826234E-01-0.962285772E-01
-0.105532564E+00-0.114388622E+00-0.122683816E+00-0.130300373E+00-0.137118101E+00
-0.143017247E+00-0.147881538E+00-0.151601344E+00-0.154076830E+00-0.155220911E+00
-0.154961854E+00-0.153245345E+00-0.150036037E+00-0.145318165E+00-0.139095515E+00
-0.131390452E+00-0.122242242E+00-0.111704640E+00-0.998427868E-01-0.867297500E-01
-0.724426731E-01-0.570587665E-01-0.406512991E-01-0.232857876E-01-0.501665799E-02
 0.141149443E-01 0.340805463E-01 0.548566207E-01 0.756340027E-01 0.965029076E-01
 0.117539182E+00 0.138821393E+00 0.160438582E+00 0.182494968E+00 0.205113739E+00
 0.228441209E+00 0.252653033E+00 0.277969152E+00 0.304719836E+00 0.332905948E+00
 0.109970011E+00 0.108622879E+00 0.102676816E+00 0.953682289E-01 0.879789144E-01
 0.803968906E-01 0.725732669E-01 0.644801036E-01 0.560965687E-01 0.474043824E-01
 0.383861810E-01 0.290248934E-01 0.195265934E-01 0.986749120E-02 0.321478692E-04
-0.998634845E-02-0.201859437E-01-0.305550024E-01-0.410716236E-01-0.517029651E-01
-0.624046400E-01-0.731202886E-01-0.837813318E-01-0.943070650E-01-0.104605071E+00
-0.114572026E+00-0.124095008E+00-0.133053243E+00-0.141320333E+00-0.148766994E+00
-0.155264080E+00-0.160685897E+00-0.164913833E+00-0.167839721E+00-0.169369206E+00
-0.169424698E+00-0.167947695E+00-0.164900512E+00-0.160267159E+00-0.154053271E+00
-0.146285206E+00-0.137008235E+00-0.126283959E+00-0.114186987E+00-0.100801267E+00
-0.862158537E-01-0.705205798E-01-0.538015738E-01-0.361365303E-01-0.175896175E-01
 0.179507956E-02 0.220038258E-01 0.430734679E-01 0.641559437E-01 0.852234289E-01
 0.106292494E+00 0.127396300E+00 0.148572698E+00 0.169857010E+00 0.191274017E+00
 0.212824598E+00 0.234460026E+00 0.256027907E+00 0.277153224E+00 0.297041506E+00
 0.112361290E+00 0.111105345E+00 0.104616165E+00 0.968151465E-01 0.889447257E-01
 0.809338540E-01 0.727301389E-01 0.642929152E-01 0.555895604E-01 0.465924405E-01
 0.372768939E-01 0.276199877E-01 0.178182628E-01 0.784314051E-02-0.232500746E-02
-0.126965512E-01-0.232721139E-01-0.340419598E-01-0.449853092E-01-0.560696460E-01
-0.672500953E-01-0.784689635E-01-0.896554440E-01-0.100725673E+00-0.111583136E+00
-0.122119479E+00-0.132215872E+00-0.141744837E+00-0.150572583E+00-0.158561960E+00
-0.165575653E+00-0.171479881E+00-0.176148131E+00-0.179465026E+00-0.181329906E+00
-0.181660056E+00-0.180393398E+00-0.177490294E+00-0.172934666E+00-0.166733935E+00
-0.158918142E+00-0.149538070E+00-0.138662472E+00-0.126374707E+00-0.112768680E+00
-0.979446098E-01-0.820045099E-01-0.650477856E-01-0.471670255E-01-0.284443442E-01
-0.894889235E-02 0.112629868E-01 0.321409106E-01 0.536161438E-01 0.748119429E-01
 0.957848281E-01 0.116564244E+00 0.137160704E+00 0.157565475E+00 0.177744359E+00
 0.197626010E+00 0.217084035E+00 0.235913485E+00 0.253809333E+00 0.270369947E+00
 0.113348112E+00 0.112048320E+00 0.105721414E+00 0.977442563E-01 0.896438658E-01
 0.813897476E-01 0.729441941E-01 0.642711967E-01 0.553378165E-01 0.461140648E-01
 0.365723185E-01 0.266865455E-01 0.166473314E-01 0.642313994E-02-0.400828943E-02
-0.146595780E-01-0.255331676E-01-0.366206616E-01-0.479021035E-01-0.593452305E-01
-0.709048286E-01-0.825221837E-01-0.941248089E-01-0.105626404E+00-0.116927266E+00
-0.127915144E+00-0.138466552E+00-0.148448735E+00-0.157722086E+00-0.166143209E+00
-0.173568353E+00-0.179857284E+00-0.184877276E+00-0.188507229E+00-0.190641493E+00
-0.191193357E+00-0.190097958E+00-0.187314272E+00-0.182826266E+00-0.176643014E+00
-0.168797776E+00-0.159345984E+00-0.148362532E+00-0.135938093E+00-0.122175120E+00
-0.107183263E+00-0.910748765E-01-0.739604011E-01-0.559440106E-01-0.371195488E-01
-0.175667480E-01 0.265234103E-02 0.234973598E-01 0.449559875E-01 0.660562217E-01
 0.868057609E-01 0.107199475E+00 0.127219796E+00 0.146833137E+00 0.165984452E+00
 0.184590876E+00 0.202535391E+00 0.219662800E+00 0.235781610E+00 0.250676423E+00
 0.114052571E+00 0.112741500E+00 0.106309004E+00 0.982610807E-01 0.900763050E-01
 0.817226693E-01 0.731655434E-01 0.643713325E-01 0.553086698E-01 0.459484011E-01
 0.362631157E-01 0.262264982E-01 0.160270687E-01 0.563228596E-02-0.498114573E-02
-0.158268195E-01-0.269080121E-01-0.382169634E-01-0.497340746E-01-0.614271462E-01
-0.732506365E-01-0.851451010E-01-0.970368534E-01-0.108837932E+00-0.120446458E+00
-0.131747484E+00-0.142614380E+00-0.152910754E+00-0.162493065E+00-0.171213642E+00
-0.178924367E+00-0.185480595E+00-0.190745413E+00-0.194593877E+00-0.196916983E+00
-0.197625473E+00-0.196652666E+00-0.193956777E+00-0.189522073E+00-0.183359027E+00
-0.175503373E+00-0.166014194E+00-0.154970944E+00-0.142469898E+00-0.128619879E+00
-0.113537803E+00-0.973439366E-01-0.801573470E-01-0.620914437E-01-0.432496667E-01
-0.237210430E-01-0.357481255E-02 0.171478726E-01 0.384495929E-01 0.593991317E-01
 0.799152330E-01 0.999560580E-01 0.119487979E+00 0.138471127E+00 0.156852201E+00
 0.174560711E+00 0.191507548E+00 0.207586229E+00 0.222677454E+00 0.236657694E+00
 0.114310525E+00 0.112985931E+00 0.106434546E+00 0.984240025E-01 0.902858302E-01
 0.819637626E-01 0.734161213E-01 0.646093935E-01 0.555151291E-01 0.461075902E-01
 0.363623016E-01 0.262551792E-01 0.159763638E-01 0.549407676E-02-0.521454541E-02
-0.161628798E-01-0.273540970E-01-0.387803614E-01-0.504219681E-01-0.622465275E-01
-0.742081702E-01-0.862469822E-01-0.982885957E-01-0.110244155E+00-0.122010678E+00
-0.133471876E+00-0.144499555E+00-0.154955566E+00-0.164694458E+00-0.173566535E+00
-0.181421608E+00-0.188112989E+00-0.193501860E+00-0.197461516E+00-0.199881613E+00
-0.200671762E+00-0.199764773E+00-0.197118774E+00-0.192718506E+00-0.186575532E+00
-0.178727254E+00-0.169234961E+00-0.158180952E+00-0.145664826E+00-0.131799296E+00
-0.116705671E+00-0.100509346E+00-0.833353326E-01-0.653043538E-01-0.465295799E-01
-0.271144472E-01-0.715225097E-02 0.132710617E-01 0.340677947E-01 0.551260114E-01
 0.755260065E-01 0.953011289E-01 0.114453018E+00 0.132961228E+00 0.150787950E+00
 0.167880699E+00 0.184174940E+00 0.199597195E+00 0.214069501E+00 0.227515116E+00
 0.113586605E+00 0.112148426E+00 0.105969131E+00 0.982447043E-01 0.903478488E-01
 0.822024643E-01 0.737765804E-01 0.650508627E-01 0.560081452E-01 0.466308855E-01
 0.369005240E-01 0.267973058E-01 0.165162291E-01 0.602756906E-02-0.469002500E-02
-0.156487878E-01-0.268510189E-01-0.382882170E-01-0.499401689E-01-0.617740937E-01
-0.737438425E-01-0.857892856E-01-0.978359282E-01-0.109794848E+00-0.121563047E+00
-0.133024290E+00-0.144050509E+00-0.154503733E+00-0.164238751E+00-0.173106164E+00
-0.180956170E+00-0.187642530E+00-0.193026885E+00-0.196983129E+00-0.199401453E+00
-0.200192124E+00-0.199288607E+00-0.196649671E+00-0.192260772E+00-0.186134160E+00
-0.178307921E+00-0.168844119E+00-0.157825783E+00-0.145353317E+00-0.131540358E+00
-0.116509244E+00-0.100386508E+00-0.832985565E-01-0.653677210E-01-0.467090867E-01
-0.274283327E-01-0.762136094E-02 0.126229087E-01 0.332134329E-01 0.540345311E-01
 0.741630122E-01 0.936310664E-01 0.112440601E+00 0.130573645E+00 0.147997782E+00
 0.164669633E+00 0.180537835E+00 0.195546150E+00 0.209637165E+00 0.222756222E+00
 0.111983746E+00 0.110108338E+00 0.104935750E+00 0.980362743E-01 0.905410126E-01
 0.826451331E-01 0.743946582E-01 0.658012256E-01 0.568631887E-01 0.475722142E-01
 0.379159041E-01 0.278790854E-01 0.176637247E-01 0.724258227E-02-0.340362429E-02
-0.142854108E-01-0.254036840E-01-0.367488526E-01-0.482999273E-01-0.600236319E-01
-0.718736425E-01-0.837899521E-01-0.956985056E-01-0.107511148E+00-0.119126000E+00
-0.130428270E+00-0.141291678E+00-0.151580364E+00-0.161151484E+00-0.169858277E+00
-0.177553743E+00-0.184094504E+00-0.189345106E+00-0.193182185E+00-0.195498526E+00
-0.196206674E+00-0.195241913E+00-0.192564428E+00-0.188160509E+00-0.182042688E+00
-0.174248815E+00-0.164840102E+00-0.153898299E+00-0.141522095E+00-0.127822995E+00
-0.112920925E+00-0.969396457E-01-0.800023600E-01-0.622273348E-01-0.437238328E-01
-0.245877486E-01-0.489636464E-02 0.152999079E-01 0.359932743E-01 0.562373511E-01
 0.759424344E-01 0.950606912E-01 0.113556616E+00 0.131394908E+00 0.148535892E+00
 0.164934546E+00 0.180541366E+00 0.195304334E+00 0.209171697E+00 0.222095251E+00
 0.112984218E+00 0.111374334E+00 0.105741248E+00 0.986843333E-01 0.912851095E-01
 0.835291669E-01 0.754203275E-01 0.669612661E-01 0.581498221E-01 0.489794128E-01
 0.394399315E-01 0.295186173E-01 0.194252655E-01 0.913489889E-02-0.136942533E-02
-0.120960968E-01-0.230442546E-01-0.342029519E-01-0.455502793E-01-0.570525117E-01
-0.686633289E-01-0.803232566E-01-0.919592977E-01-0.103484914E+00-0.114800438E+00
-0.125793874E+00-0.136342302E+00-0.146313801E+00-0.155569896E+00-0.163968652E+00
-0.171368048E+00-0.177629888E+00-0.182623804E+00-0.186231256E+00-0.188349426E+00
-0.188894570E+00-0.187804952E+00-0.185042784E+00-0.180595309E+00-0.174474984E+00
-0.166718453E+00-0.157384723E+00-0.146552339E+00-0.134315938E+00-0.120782286E+00
-0.106065996E+00-0.902851224E-01-0.735568926E-01-0.559936278E-01-0.376989804E-01
-0.187645573E-01 0.733375433E-03 0.207375754E-01 0.412160158E-01 0.611700825E-01
 0.805885568E-01 0.994495228E-01 0.117723525E+00 0.135374099E+00 0.152357772E+00
 0.168624744E+00 0.184120134E+00 0.198786125E+00 0.212564901E+00 0.225402161E+00
 0.114003658E+00 0.112485364E+00 0.106924370E+00 0.998916551E-01 0.925508216E-01
 0.848902911E-01 0.768999830E-01 0.685725585E-01 0.599007457E-01 0.508758053E-01
 0.414867178E-01 0.317201093E-01 0.217929985E-01 0.116836326E-01 0.137855555E-02
-0.912777800E-02-0.198323838E-01-0.307228509E-01-0.417764075E-01-0.529590510E-01
-0.642248169E-01-0.755152404E-01-0.867590234E-01-0.978721082E-01-0.108758062E+00
-0.119308919E+00-0.129406586E+00-0.138924658E+00-0.147730842E+00-0.155689850E+00
-0.162666664E+00-0.168530181E+00-0.173157007E+00-0.176435173E+00-0.178267747E+00
-0.178576052E+00-0.177302152E+00-0.174410790E+00-0.169890329E+00-0.163752735E+00
-0.156032667E+00-0.146785647E+00-0.136085421E+00-0.124020584E+00-0.110690884E+00
-0.962030962E-01-0.806668997E-01-0.641908348E-01-0.468785986E-01-0.288259555E-01
-0.101189297E-01 0.916529354E-02 0.289506670E-01 0.491370335E-01 0.688085258E-01
 0.879860222E-01 0.106661931E+00 0.124811165E+00 0.142395601E+00 0.159365907E+00
 0.175662726E+00 0.191218138E+00 0.205957994E+00 0.219805583E+00 0.232686535E+00
 0.115476973E+00 0.114084862E+00 0.108399875E+00 0.101452023E+00 0.942128003E-01
 0.866671950E-01 0.788066387E-01 0.706235096E-01 0.621102303E-01 0.532578677E-01
 0.440543666E-01 0.344813131E-01 0.247480553E-01 0.148515468E-01 0.478588883E-02
-0.545094907E-02-0.158540905E-01-0.264100730E-01-0.370956995E-01-0.478771515E-01
-0.587093048E-01-0.695352629E-01-0.802861303E-01-0.908811092E-01-0.101227939E+00
-0.111223795E+00-0.120756611E+00-0.129706860E+00-0.137949884E+00-0.145358577E+00
-0.151806474E+00-0.157171100E+00-0.161337495E+00-0.164201632E+00-0.165673643E+00
-0.165680796E+00-0.164169714E+00-0.161108032E+00-0.156485185E+00-0.150312379E+00
-0.142621636E+00-0.133464009E+00-0.122907080E+00-0.111031845E+00-0.979291275E-01
-0.836957470E-01-0.684305355E-01-0.522303730E-01-0.351861715E-01-0.173786003E-01
 0.112739101E-02 0.202915631E-01 0.401171185E-01 0.597102270E-01 0.789935961E-01
 0.979264155E-01 0.116475776E+00 0.134604782E+00 0.152266920E+00 0.169402927E+00
 0.185938820E+00 0.201785251E+00 0.216838777E+00 0.230985969E+00 0.244110912E+00
 0.116809651E+00 0.115517594E+00 0.110155910E+00 0.103339411E+00 0.962281674E-01
 0.888174251E-01 0.811021253E-01 0.730786994E-01 0.647441596E-01 0.560956933E-01
 0.471310504E-01 0.378509723E-01 0.282661505E-01 0.185805857E-01 0.877393037E-02
-0.116077054E-02-0.112202289E-01-0.213915519E-01-0.316520333E-01-0.419686995E-01
-0.522978567E-01-0.625847802E-01-0.727636144E-01-0.827575251E-01-0.924792588E-01
-0.101831995E+00-0.110710658E+00-0.119003661E+00-0.126595035E+00-0.133367002E+00
-0.139202714E+00-0.143989459E+00-0.147621706E+00-0.150004253E+00-0.151055112E+00
-0.150708079E+00-0.148914739E+00-0.145645797E+00-0.140891790E+00-0.134662881E+00
-0.126987949E+00-0.117912844E+00-0.107498080E+00-0.958158597E-01-0.829467773E-01
-0.689762458E-01-0.539909154E-01-0.380751863E-01-0.213082358E-01-0.376180303E-02
 0.145005276E-01 0.334208496E-01 0.529368110E-01 0.721879303E-01 0.912028700E-01
 0.109981462E+00 0.128507793E+00 0.146752939E+00 0.164673328E+00 0.182206929E+00
 0.199268118E+00 0.215742499E+00 0.231483325E+00 0.246313393E+00 0.260035783E+00
 0.118593119E+00 0.117436938E+00 0.112222016E+00 0.105553381E+00 0.985861644E-01
 0.913174078E-01 0.837491080E-01 0.758855119E-01 0.677300766E-01 0.592843294E-01
 0.505474061E-01 0.415149033E-01 0.321752392E-01 0.227441806E-01 0.132255657E-01
 0.362097402E-02-0.606338866E-02-0.158138908E-01-0.256081540E-01-0.354142934E-01
-0.451904498E-01-0.548845641E-01-0.644343421E-01-0.737675354E-01-0.828024745E-01
-0.914490148E-01-0.996097699E-01-0.107181773E+00-0.114058465E+00-0.120132051E+00
-0.125296026E+00-0.129447997E+00-0.132492408E+00-0.134343386E+00-0.134927183E+00
-0.134184405E+00-0.132071719E+00-0.128562987E+00-0.123649709E+00-0.117340825E+00
-0.109661728E+00-0.100652635E+00-0.903663859E-01-0.788656622E-01-0.662198663E-01
-0.525017120E-01-0.377836972E-01-0.221346430E-01-0.561661832E-02 0.117173893E-01
 0.298253261E-01 0.486777425E-01 0.675118715E-01 0.862974524E-01 0.105023079E+00
 0.123681493E+00 0.142263368E+00 0.160752892E+00 0.179122508E+00 0.197325438E+00
 0.215284497E+00 0.232876003E+00 0.249908984E+00 0.266106188E+00 0.281107038E+00
 0.120821916E+00 0.119817577E+00 0.114609420E+00 0.108137645E+00 0.101314560E+00
 0.941624269E-01 0.867136270E-01 0.789886937E-01 0.709995404E-01 0.627529100E-01
 0.542526804E-01 0.455018133E-01 0.365054086E-01 0.272778943E-01 0.180368405E-01
 0.876909494E-02-0.524642470E-03-0.983322039E-02-0.191359799E-01-0.284028836E-01
-0.375944600E-01-0.466617718E-01-0.555465445E-01-0.641815290E-01-0.724910945E-01
-0.803921819E-01-0.877954811E-01-0.946070254E-01-0.100730002E+00-0.106066883E+00
-0.110521734E+00-0.114002660E+00-0.116424240E+00-0.117709942E+00-0.117794268E+00
-0.116624609E+00-0.114162646E+00-0.110385254E+00-0.105284795E+00-0.988687873E-01
-0.911589712E-01-0.821897611E-01-0.720061511E-01-0.606611595E-01-0.482128337E-01
-0.347209312E-01-0.202431381E-01-0.483086193E-02 0.114750573E-01 0.286457501E-01
 0.466663018E-01 0.648068041E-01 0.830543339E-01 0.101401649E+00 0.119849466E+00
 0.138405144E+00 0.157080755E+00 0.175890625E+00 0.194847673E+00 0.213957161E+00
 0.233205080E+00 0.252535641E+00 0.271803588E+00 0.290670186E+00 0.308430254E+00
 0.123523422E+00 0.122753523E+00 0.117885180E+00 0.111373164E+00 0.104491785E+00
 0.973322988E-01 0.899296924E-01 0.822997540E-01 0.744505823E-01 0.663864613E-01
 0.581093617E-01 0.496192127E-01 0.409128666E-01 0.319802649E-01 0.230510067E-01
 0.141362501E-01 0.524466485E-02-0.361058512E-02-0.124092195E-01-0.211228114E-01
-0.297143999E-01-0.381384268E-01-0.463409126E-01-0.542598665E-01-0.618259348E-01
-0.689633116E-01-0.755909085E-01-0.816238225E-01-0.869749710E-01-0.915570483E-01
-0.952845290E-01-0.980758220E-01-0.998553932E-01-0.100555792E+00-0.100119457E+00
-0.985002518E-01-0.956645906E-01-0.915921032E-01-0.862757787E-01-0.797215700E-01
-0.719474778E-01-0.629821122E-01-0.528627709E-01-0.416331813E-01-0.293408837E-01
-0.160344075E-01-0.175980153E-02 0.134457452E-01 0.295694415E-01 0.466113053E-01
 0.638698190E-01 0.813397914E-01 0.990215093E-01 0.116922840E+00 0.135061234E+00
 0.153465405E+00 0.172176778E+00 0.191251352E+00 0.210761607E+00 0.230799094E+00
 0.251477540E+00 0.272937924E+00 0.295361549E+00 0.319027692E+00 0.343928188E+00
 0.127794564E+00 0.127614811E+00 0.122158326E+00 0.115048155E+00 0.107898705E+00
 0.100638151E+00 0.932339579E-01 0.856726468E-01 0.779486746E-01 0.700598732E-01
 0.620056801E-01 0.537865646E-01 0.454045236E-01 0.368653983E-01 0.281859972E-01
 0.196015425E-01 0.111040967E-01 0.269994047E-02-0.559436157E-02-0.137533424E-01
-0.217431784E-01-0.295220315E-01-0.370404311E-01-0.442417748E-01-0.510630310E-01
-0.574356392E-01-0.632866248E-01-0.685399324E-01-0.731179491E-01-0.769432187E-01
-0.799401850E-01-0.820370689E-01-0.831676796E-01-0.832730830E-01-0.823031068E-01
-0.802175924E-01-0.769872144E-01-0.725939572E-01-0.670311302E-01-0.603028946E-01
-0.524233617E-01-0.434152596E-01-0.333081782E-01-0.221365374E-01-0.993747450E-02
 0.325000309E-02 0.173798371E-01 0.323855169E-01 0.483349301E-01 0.645676404E-01
 0.810836330E-01 0.978832617E-01 0.114972971E+00 0.132368892E+00 0.150099948E+00
 0.168211162E+00 0.186767802E+00 0.205860719E+00 0.225614056E+00 0.246196136E+00
 0.267835498E+00 0.290845692E+00 0.315663636E+00 0.342906058E+00 0.372122884E+00
 0.130880311E+00 0.130964503E+00 0.125394225E+00 0.118235320E+00 0.111037567E+00
 0.103765830E+00 0.963992625E-01 0.889245644E-01 0.813342109E-01 0.736244321E-01
 0.657935217E-01 0.578407086E-01 0.497649796E-01 0.415632725E-01 0.332260020E-01
 0.250000991E-01 0.169025306E-01 0.894706696E-02 0.115147769E-02-0.646008132E-02
-0.138563979E-01-0.209992006E-01-0.278434660E-01-0.343379229E-01-0.404257327E-01
-0.460453779E-01-0.511316918E-01-0.556170754E-01-0.594328828E-01-0.625109002E-01
-0.647848770E-01-0.661921352E-01-0.666750371E-01-0.661824346E-01-0.646708310E-01
-0.621053539E-01-0.584603585E-01-0.537197068E-01-0.478766114E-01-0.409331247E-01
-0.328992233E-01-0.237915739E-01-0.136318598E-01-0.244420627E-02 0.975072384E-02
 0.229513403E-01 0.371685140E-01 0.517705567E-01 0.668177381E-01 0.822462961E-01
 0.980236977E-01 0.114135936E+00 0.130583271E+00 0.147379801E+00 0.164555103E+00
 0.182157323E+00 0.200257838E+00 0.218957976E+00 0.238398388E+00 0.258772761E+00
 0.280346870E+00 0.303484410E+00 0.328676969E+00 0.356563240E+00 0.386482805E+00
 0.132870078E+00 0.133104384E+00 0.127907842E+00 0.120857634E+00 0.113732062E+00
 0.106533580E+00 0.992573127E-01 0.919003114E-01 0.844616070E-01 0.769416988E-01
 0.693419203E-01 0.616640560E-01 0.539103784E-01 0.460843593E-01 0.381933339E-01
 0.302562471E-01 0.225275178E-01 0.150021184E-01 0.768990209E-02 0.610648072E-03
-0.620804075E-02-0.127317552E-01-0.189199504E-01-0.247265752E-01-0.301007796E-01
-0.349877551E-01-0.393297002E-01-0.430669300E-01-0.461391024E-01-0.484864824E-01
-0.500513017E-01-0.507790670E-01-0.506198257E-01-0.495292991E-01-0.474698208E-01
-0.444110595E-01-0.403304286E-01-0.352131203E-01-0.290518347E-01-0.218460709E-01
-0.136012342E-01-0.432784995E-02 0.595818833E-02 0.172300953E-01 0.294374861E-01
 0.426493883E-01 0.562544391E-01 0.702506080E-01 0.846327767E-01 0.993816406E-01
 0.114478543E+00 0.129911050E+00 0.145675555E+00 0.161779314E+00 0.178242669E+00
 0.195101902E+00 0.212413013E+00 0.230256930E+00 0.248746648E+00 0.268037528E+00
 0.288343012E+00 0.309960961E+00 0.333324283E+00 0.359114617E+00 0.386091441E+00
 0.134652421E+00 0.135076359E+00 0.129926473E+00 0.122991160E+00 0.115974575E+00
 0.108880162E+00 0.101715356E+00 0.944887772E-01 0.872088224E-01 0.798827410E-01
 0.725163892E-01 0.651141256E-01 0.576787703E-01 0.502111837E-01 0.427086949E-01
 0.351604335E-01 0.278293565E-01 0.207340308E-01 0.138935093E-01 0.732982438E-02
 0.106942316E-02-0.485626049E-02-0.104107913E-01-0.155530768E-01-0.202379394E-01
-0.244168714E-01-0.280389041E-01-0.310516134E-01-0.334021747E-01-0.350384861E-01
-0.359103009E-01-0.359703228E-01-0.351752415E-01-0.334866457E-01-0.308717825E-01
-0.273040701E-01-0.227633566E-01-0.172358006E-01-0.107133165E-01-0.319240731E-02
 0.532815233E-02 0.148505960E-01 0.253908504E-01 0.369713344E-01 0.490157120E-01
 0.615763329E-01 0.745870918E-01 0.880059674E-01 0.101801425E+00 0.115945823E+00
 0.130414948E+00 0.145189062E+00 0.160254166E+00 0.175603464E+00 0.191238835E+00
 0.207172364E+00 0.223428041E+00 0.240043402E+00 0.257070988E+00 0.274579257E+00
 0.292652279E+00 0.311386168E+00 0.330875158E+00 0.351137877E+00 0.371117175E+00
 0.135998815E+00 0.136591181E+00 0.131516665E+00 0.124707997E+00 0.117794678E+00
 0.110787384E+00 0.103713423E+00 0.965988412E-01 0.894640088E-01 0.823235810E-01
 0.751876906E-01 0.680632517E-01 0.609550066E-01 0.538665019E-01 0.468011834E-01
 0.397643186E-01 0.327678621E-01 0.260613970E-01 0.196629688E-01 0.135904104E-01
 0.786551274E-02 0.251503917E-02-0.242937030E-02-0.693170587E-02-0.109522603E-01
-0.144484015E-01-0.173754152E-01-0.196874086E-01-0.213382542E-01-0.222825427E-01
-0.224765297E-01-0.218790192E-01-0.204522014E-01-0.181623828E-01-0.149806114E-01
-0.108831441E-01-0.585168274E-02 0.126599451E-03 0.705941534E-02 0.149489706E-01
 0.237965025E-01 0.335782766E-01 0.443747044E-01 0.556297973E-01 0.673415661E-01
 0.795003474E-01 0.920783058E-01 0.105042376E+00 0.118358403E+00 0.131992340E+00
 0.145911023E+00 0.160082936E+00 0.174479038E+00 0.189073563E+00 0.203844666E+00
 0.218774736E+00 0.233850166E+00 0.249059960E+00 0.264392644E+00 0.279829800E+00
 0.295333833E+00 0.310825378E+00 0.326140046E+00 0.340941846E+00 0.354557842E+00
 0.136727482E+00 0.137395859E+00 0.132772386E+00 0.126154721E+00 0.119265303E+00
 0.112242639E+00 0.105176918E+00 0.981180072E-01 0.910939649E-01 0.841209143E-01
 0.772082061E-01 0.703612491E-01 0.635833293E-01 0.568768866E-01 0.502447337E-01
 0.436915569E-01 0.372262225E-01 0.308655128E-01 0.248875301E-01 0.192894004E-01
 0.140830455E-01 0.928921439E-02 0.493467366E-02 0.105068693E-02-0.232800515E-02
-0.516404212E-02-0.741826138E-02-0.905051548E-02-0.100204973E-01-0.102885403E-01
-0.981637090E-02-0.856776908E-02-0.650914153E-02-0.361003703E-02 0.156242604E-03
 0.481212558E-02 0.103756385E-01 0.168596692E-01 0.242761616E-01 0.326141082E-01
 0.419642515E-01 0.518272892E-01 0.622628964E-01 0.732143372E-01 0.846417770E-01
 0.965103731E-01 0.108783975E+00 0.121423945E+00 0.134389281E+00 0.147636876E+00
 0.161121875E+00 0.174798191E+00 0.188618988E+00 0.202537194E+00 0.216505915E+00
 0.230478376E+00 0.244407251E+00 0.258242816E+00 0.271929175E+00 0.285398036E+00
 0.298558861E+00 0.311284333E+00 0.323392898E+00 0.334633470E+00 0.344692081E+00
 0.139327437E+00 0.140865639E+00 0.135342360E+00 0.127804160E+00 0.120415173E+00
 0.113114722E+00 0.105922736E+00 0.988519341E-01 0.919082761E-01 0.850935057E-01
 0.784069374E-01 0.718465820E-01 0.654098913E-01 0.590941645E-01 0.528965071E-01
 0.468131304E-01 0.408371426E-01 0.349527411E-01 0.294433106E-01 0.243320130E-01
 0.196408257E-01 0.153928818E-01 0.116136950E-01 0.833149999E-02 0.557708601E-02
 0.338334800E-02 0.178468693E-02 0.816337939E-03 0.513666368E-03 0.911477196E-03
 0.204342999E-02 0.394167751E-02 0.663679419E-02 0.101580620E-01 0.145322941E-01
 0.197823104E-01 0.259304568E-01 0.329776816E-01 0.410213247E-01 0.496019162E-01
 0.587881468E-01 0.685406998E-01 0.788357481E-01 0.896411613E-01 0.100921981E+00
 0.112640910E+00 0.124757454E+00 0.137227163E+00 0.150001168E+00 0.163025960E+00
 0.176243350E+00 0.189590737E+00 0.203001514E+00 0.216405839E+00 0.229731396E+00
 0.242904201E+00 0.255849034E+00 0.268489242E+00 0.280745327E+00 0.292532533E+00
 0.303756744E+00 0.314310074E+00 0.324067563E+00 0.332888246E+00 0.340624213E+00
 0.140828580E+00 0.142945886E+00 0.136972204E+00 0.128502429E+00 0.120512538E+00
 0.112887204E+00 0.105558597E+00 0.984873697E-01 0.916479900E-01 0.850218534E-01
 0.785944089E-01 0.723538846E-01 0.662907287E-01 0.603972636E-01 0.546675064E-01
 0.490970574E-01 0.436833799E-01 0.384271927E-01 0.333372504E-01 0.286846757E-01
 0.244912114E-01 0.207761656E-01 0.175607055E-01 0.148687949E-01 0.127270343E-01
 0.111641530E-01 0.102104135E-01 0.989698246E-02 0.102552511E-01 0.113160023E-01
 0.131086530E-01 0.156610571E-01 0.189997703E-01 0.231576245E-01 0.281680655E-01
 0.340436883E-01 0.408874378E-01 0.482764095E-01 0.562852658E-01 0.648874119E-01
 0.740713701E-01 0.838179588E-01 0.941045210E-01 0.104903825E+00 0.116184108E+00
 0.127908692E+00 0.140035346E+00 0.152515396E+00 0.165292919E+00 0.178303987E+00
 0.191476256E+00 0.204728782E+00 0.217972606E+00 0.231111899E+00 0.244045839E+00
 0.256671190E+00 0.268885225E+00 0.280588508E+00 0.291687220E+00 0.302094519E+00
 0.311730653E+00 0.320522487E+00 0.328403056E+00 0.335311979E+00 0.341198206E+00
 0.139096752E+00 0.141298756E+00 0.135375097E+00 0.126759350E+00 0.118618645E+00
 0.110923275E+00 0.103623167E+00 0.966734663E-01 0.900365710E-01 0.836817548E-01
 0.775843337E-01 0.717247427E-01 0.660876781E-01 0.606614612E-01 0.554375313E-01
 0.504101403E-01 0.455764420E-01 0.409372225E-01 0.364987254E-01 0.322761647E-01
 0.285740495E-01 0.253906641E-01 0.227377173E-01 0.206338093E-01 0.191015098E-01
 0.181659814E-01 0.178541746E-01 0.181943513E-01 0.192158483E-01 0.209473576E-01
 0.234143604E-01 0.266395062E-01 0.306193046E-01 0.354115330E-01 0.411336347E-01
 0.473983325E-01 0.542843081E-01 0.617747642E-01 0.698677748E-01 0.785551146E-01
 0.878261775E-01 0.976668522E-01 0.108059205E+00 0.118980847E+00 0.130404219E+00
 0.142295614E+00 0.154613912E+00 0.167309150E+00 0.180320799E+00 0.193576202E+00
 0.206988975E+00 0.220458150E+00 0.233868107E+00 0.247090012E+00 0.259985149E+00
 0.272410184E+00 0.284224242E+00 0.295296788E+00 0.305515200E+00 0.314790517E+00
 0.323060870E+00 0.330291629E+00 0.336473316E+00 0.341617465E+00 0.345752001E+00
 0.135041192E+00 0.137321606E+00 0.130995840E+00 0.122393765E+00 0.114365026E+00
 0.106847078E+00 0.997892618E-01 0.931405872E-01 0.868553668E-01 0.808953568E-01
 0.752299279E-01 0.698352382E-01 0.646931455E-01 0.597901754E-01 0.551165007E-01
 0.506650396E-01 0.464304127E-01 0.424073450E-01 0.385876186E-01 0.349532142E-01
 0.318114609E-01 0.291911643E-01 0.271165632E-01 0.256098937E-01 0.246932488E-01
 0.243898835E-01 0.247240793E-01 0.257212203E-01 0.274140630E-01 0.298380237E-01
 0.330132581E-01 0.370396487E-01 0.415760055E-01 0.467158630E-01 0.524998717E-01
 0.589006767E-01 0.659150556E-01 0.735390335E-01 0.817695484E-01 0.906025022E-01
 0.100032121E+00 0.110050291E+00 0.120645821E+00 0.131803617E+00 0.143503562E+00
 0.155719057E+00 0.168415174E+00 0.181546256E+00 0.195053011E+00 0.208859175E+00
 0.222867921E+00 0.236958399E+00 0.250983417E+00 0.264769405E+00 0.278120339E+00
 0.290826797E+00 0.302680373E+00 0.313491732E+00 0.323108315E+00 0.331428260E+00
 0.338407934E+00 0.344061613E+00 0.348454267E+00 0.351687938E+00 0.353885502E+00
 0.127452016E+00 0.129486814E+00 0.123553284E+00 0.115198337E+00 0.107521079E+00
 0.100441866E+00 0.938731954E-01 0.877411142E-01 0.819877908E-01 0.765697509E-01
 0.714549944E-01 0.666204020E-01 0.620495491E-01 0.577311292E-01 0.536577143E-01
 0.498248264E-01 0.462302417E-01 0.428734645E-01 0.397556461E-01 0.368806086E-01
 0.342594236E-01 0.321891718E-01 0.306956526E-01 0.297966935E-01 0.295080170E-01
 0.298504699E-01 0.308446996E-01 0.324906856E-01 0.348415338E-01 0.380027294E-01
 0.416550152E-01 0.458754897E-01 0.506640598E-01 0.560374111E-01 0.620095655E-01
 0.685854554E-01 0.757687837E-01 0.835625753E-01 0.919695199E-01 0.100991793E+00
 0.110630810E+00 0.120886758E+00 0.131758079E+00 0.143240601E+00 0.155326515E+00
 0.168002620E+00 0.181248188E+00 0.195031717E+00 0.209306747E+00 0.224006116E+00
 0.239034772E+00 0.254261196E+00 0.269507915E+00 0.284544140E+00 0.299084067E+00
 0.312798291E+00 0.325342685E+00 0.336401582E+00 0.345731735E+00 0.353193581E+00
 0.358764946E+00 0.362539351E+00 0.364708960E+00 0.365531683E+00 0.365286559E+00
 0.116565734E+00 0.118221276E+00 0.112487212E+00 0.104727469E+00 0.978399888E-01
 0.915964991E-01 0.858407244E-01 0.804781392E-01 0.754511952E-01 0.707241371E-01
 0.662744492E-01 0.620880760E-01 0.581565760E-01 0.544755049E-01 0.510433577E-01
 0.478609949E-01 0.449312888E-01 0.422590561E-01 0.398512632E-01 0.377177410E-01
 0.358726680E-01 0.343370922E-01 0.334457271E-01 0.331896320E-01 0.335516036E-01
 0.345683582E-01 0.363284014E-01 0.385455564E-01 0.412995107E-01 0.446272641E-01
 0.485105813E-01 0.529539697E-01 0.579636618E-01 0.635488257E-01 0.697193071E-01
 0.764841512E-01 0.838520676E-01 0.918317735E-01 0.100432284E+00 0.109663039E+00
 0.119533993E+00 0.130055547E+00 0.141238362E+00 0.153092995E+00 0.165629178E+00
 0.178854719E+00 0.192773491E+00 0.207382500E+00 0.222667158E+00 0.238594070E+00
 0.255100340E+00 0.272077680E+00 0.289349526E+00 0.306640476E+00 0.323542476E+00
 0.339499235E+00 0.353856027E+00 0.365994543E+00 0.375470668E+00 0.382069379E+00
 0.385802418E+00 0.386901766E+00 0.385811031E+00 0.383126140E+00 0.379455358E+00
 0.100675099E+00 0.101281948E+00 0.962923914E-01 0.905226544E-01 0.853680819E-01
 0.805315822E-01 0.759433061E-01 0.715800300E-01 0.674348548E-01 0.635076910E-01
 0.598015375E-01 0.563209243E-01 0.530712493E-01 0.500585623E-01 0.472895540E-01
 0.447716862E-01 0.425133705E-01 0.405240804E-01 0.388143137E-01 0.373948775E-01
 0.362745076E-01 0.354530625E-01 0.352860279E-01 0.358288139E-01 0.368115492E-01
 0.382974632E-01 0.403157324E-01 0.428496376E-01 0.459060743E-01 0.494949855E-01
 0.536220334E-01 0.582942963E-01 0.635202229E-01 0.693096295E-01 0.756733418E-01
 0.826229453E-01 0.901708603E-01 0.983305275E-01 0.107116744E+00 0.116546035E+00
 0.126637042E+00 0.137410909E+00 0.148891777E+00 0.161107108E+00 0.174088061E+00
 0.187869519E+00 0.202489838E+00 0.217989728E+00 0.234409809E+00 0.251785725E+00
 0.270139128E+00 0.289461344E+00 0.309684098E+00 0.330624998E+00 0.351875335E+00
 0.372555852E+00 0.391058534E+00 0.405787647E+00 0.416024178E+00 0.421587974E+00
 0.422553092E+00 0.419251770E+00 0.412491500E+00 0.403853893E+00 0.395004243E+00
 0.800450146E-01 0.782427564E-01 0.766536742E-01 0.743715987E-01 0.714175850E-01
 0.681781843E-01 0.648456737E-01 0.615269206E-01 0.582888015E-01 0.551769286E-01
 0.522243455E-01 0.494561382E-01 0.468921810E-01 0.445489734E-01 0.424409918E-01
 0.405817665E-01 0.389848314E-01 0.376646556E-01 0.366377644E-01 0.359243825E-01
 0.355515331E-01 0.355597176E-01 0.360189117E-01 0.369597301E-01 0.383683480E-01
 0.402510762E-01 0.426170975E-01 0.454723313E-01 0.488245040E-01 0.526825674E-01
 0.570557863E-01 0.619540960E-01 0.673882961E-01 0.733701512E-01 0.799124688E-01
 0.870292336E-01 0.947357938E-01 0.103049286E+00 0.111989088E+00 0.121577471E+00
 0.131840363E+00 0.142808259E+00 0.154517412E+00 0.167011112E+00 0.180341467E+00
 0.194571286E+00 0.209776565E+00 0.226049230E+00 0.243500173E+00 0.262262076E+00
 0.282491416E+00 0.304367900E+00 0.328090161E+00 0.353869110E+00 0.381938756E+00
 0.412708610E+00 0.440173477E+00 0.458727717E+00 0.469765365E+00 0.474015474E+00
 0.470857412E+00 0.460866094E+00 0.443117261E+00 0.423124343E+00 0.407772571E+00
 0.648657009E-01 0.622798130E-01 0.610611886E-01 0.597737618E-01 0.579326525E-01
 0.557325147E-01 0.533339642E-01 0.508579575E-01 0.483933091E-01 0.460052453E-01
 0.437421203E-01 0.416402929E-01 0.397277102E-01 0.380265564E-01 0.365552865E-01
 0.353302024E-01 0.343667418E-01 0.336805694E-01 0.332885794E-01 0.332098864E-01
 0.334667452E-01 0.340850279E-01 0.350926146E-01 0.365104824E-01 0.383512974E-01
 0.406264178E-01 0.433468185E-01 0.465230420E-01 0.501658842E-01 0.542865768E-01
 0.588967949E-01 0.640087575E-01 0.696352720E-01 0.757898912E-01 0.824870691E-01
 0.897424072E-01 0.975730270E-01 0.105998091E+00 0.115039490E+00 0.124722689E+00
 0.135077819E+00 0.146140978E+00 0.157956004E+00 0.170576572E+00 0.184069023E+00
 0.198516116E+00 0.214022100E+00 0.230719626E+00 0.248779342E+00 0.268423200E+00
 0.289942414E+00 0.313720584E+00 0.340259373E+00 0.370200098E+00 0.404335797E+00
 0.440857172E+00 0.468637377E+00 0.487453640E+00 0.497808993E+00 0.499341160E+00
 0.492308170E+00 0.475427091E+00 0.450349361E+00 0.428682417E+00 0.411159486E+00
 0.525985137E-01 0.494649597E-01 0.481074266E-01 0.469494201E-01 0.454456471E-01
 0.437005460E-01 0.418167859E-01 0.398859121E-01 0.379836075E-01 0.361695327E-01
 0.344893821E-01 0.329777189E-01 0.316608399E-01 0.305592474E-01 0.296896789E-01
 0.290666893E-01 0.287038200E-01 0.286144856E-01 0.288126245E-01 0.293131527E-01
 0.301321596E-01 0.312866978E-01 0.327939279E-01 0.346696526E-01 0.369278863E-01
 0.395817533E-01 0.426440984E-01 0.461277999E-01 0.500460379E-01 0.544123650E-01
 0.592406839E-01 0.645452142E-01 0.703404695E-01 0.766412392E-01 0.834628046E-01
 0.908211470E-01 0.987334251E-01 0.107218578E+00 0.116298124E+00 0.125997171E+00
 0.136345610E+00 0.147379622E+00 0.159143537E+00 0.171692193E+00 0.185094029E+00
 0.199435279E+00 0.214825869E+00 0.231407791E+00 0.249367744E+00 0.268956304E+00
 0.290518671E+00 0.314545423E+00 0.341754317E+00 0.373194009E+00 0.409980297E+00
 0.442426234E+00 0.466779202E+00 0.483092189E+00 0.491127133E+00 0.490839154E+00
 0.480764687E+00 0.460091949E+00 0.437770098E+00 0.419076681E+00 0.403306037E+00
 0.421373136E-01 0.384600945E-01 0.366198756E-01 0.352218337E-01 0.336412303E-01
 0.319590829E-01 0.302578826E-01 0.286097955E-01 0.270725712E-01 0.256893355E-01
 0.244907681E-01 0.234981962E-01 0.227266587E-01 0.221874211E-01 0.218898337E-01
 0.218425188E-01 0.220540967E-01 0.225335509E-01 0.232904013E-01 0.243347771E-01
 0.256774127E-01 0.273295771E-01 0.293029156E-01 0.316093042E-01 0.342608988E-01
 0.372703969E-01 0.406513028E-01 0.444180220E-01 0.485858656E-01 0.531708300E-01
 0.581892990E-01 0.636576787E-01 0.695920959E-01 0.760081783E-01 0.829210654E-01
 0.903456286E-01 0.982969478E-01 0.106790997E+00 0.115845568E+00 0.125481322E+00
 0.135723025E+00 0.146600828E+00 0.158151865E+00 0.170422092E+00 0.183468476E+00
 0.197361887E+00 0.212190926E+00 0.228067234E+00 0.245132878E+00 0.263571411E+00
 0.283625245E+00 0.305625349E+00 0.330052197E+00 0.357722223E+00 0.387217075E+00
 0.411945164E+00 0.430896848E+00 0.443724155E+00 0.450301349E+00 0.449636191E+00
 0.441380739E+00 0.426349849E+00 0.411885649E+00 0.398649156E+00 0.386699885E+00
 0.327026956E-01 0.283418447E-01 0.259332471E-01 0.240067039E-01 0.220239237E-01
 0.200999025E-01 0.183276311E-01 0.167709365E-01 0.154660000E-01 0.144281387E-01
 0.136596691E-01 0.131565509E-01 0.129130818E-01 0.129246963E-01 0.131892310E-01
 0.137071293E-01 0.144810202E-01 0.155150509E-01 0.168142356E-01 0.183840040E-01
 0.202300251E-01 0.223582871E-01 0.247754138E-01 0.274891127E-01 0.305086952E-01
 0.338455476E-01 0.375134274E-01 0.415284783E-01 0.459089205E-01 0.506744087E-01
 0.558451749E-01 0.614410341E-01 0.674804896E-01 0.739800185E-01 0.809538066E-01
 0.884138867E-01 0.963707268E-01 0.104834154E+00 0.113814525E+00 0.123323977E+00
 0.133377567E+00 0.143994391E+00 0.155198470E+00 0.167019561E+00 0.179493889E+00
 0.192664579E+00 0.206582084E+00 0.221303776E+00 0.236892387E+00 0.253411472E+00
 0.270914167E+00 0.289415777E+00 0.308827907E+00 0.328811824E+00 0.348409355E+00
 0.365739316E+00 0.379718959E+00 0.389778912E+00 0.395560741E+00 0.396893948E+00
 0.393949121E+00 0.388084739E+00 0.380838126E+00 0.373057902E+00 0.365253031E+00
 0.243187081E-01 0.190778431E-01 0.156830736E-01 0.127727529E-01 0.996379089E-02
 0.747599825E-02 0.543498341E-02 0.387941930E-02 0.279137702E-02 0.212630583E-02
 0.183328486E-02 0.186642504E-02 0.219016685E-02 0.278059300E-02 0.362425717E-02
 0.471568573E-02 0.605446054E-02 0.764253223E-02 0.948217139E-02 0.115747694E-01
 0.139205307E-01 0.165189542E-01 0.193699040E-01 0.224750042E-01 0.258390233E-01
 0.294710435E-01 0.333851315E-01 0.376004241E-01 0.421404950E-01 0.470319912E-01
 0.523026772E-01 0.579791926E-01 0.640848652E-01 0.706380531E-01 0.776512846E-01
 0.851314217E-01 0.930807367E-01 0.101498581E+00 0.110383444E+00 0.119734719E+00
 0.129554197E+00 0.139846787E+00 0.150620848E+00 0.161887795E+00 0.173661292E+00
 0.185955733E+00 0.198783845E+00 0.212152809E+00 0.226058081E+00 0.240473136E+00
 0.255332947E+00 0.270507962E+00 0.285766512E+00 0.300731778E+00 0.314865381E+00
 0.327541560E+00 0.338196576E+00 0.346424967E+00 0.352006674E+00 0.354926556E+00
 0.355404109E+00 0.353880316E+00 0.350897193E+00 0.346954674E+00 0.342447817E+00
 0.174573865E-01 0.111681167E-01 0.575793581E-02 0.773817301E-03-0.365284923E-02
-0.707904203E-02-0.941983610E-02-0.108179431E-01-0.114615504E-01-0.115229394E-01
-0.111416001E-01-0.104199592E-01-0.942475349E-02-0.819233712E-02-0.673646247E-02
-0.505672581E-02-0.314624002E-02-0.997651136E-03 0.139282411E-02 0.402340712E-02
 0.688674534E-02 0.997162983E-02 0.132659329E-01 0.167600457E-01 0.204501189E-01
 0.243406054E-01 0.284458250E-01 0.327904411E-01 0.374085493E-01 0.423411690E-01
 0.476321578E-01 0.533230789E-01 0.594481640E-01 0.660304278E-01 0.730798244E-01
 0.805936083E-01 0.885589644E-01 0.969571024E-01 0.105767660E+00 0.114972338E+00
 0.124556884E+00 0.134511545E+00 0.144830301E+00 0.155509323E+00 0.166544765E+00
 0.177930117E+00 0.189652726E+00 0.201689452E+00 0.214000732E+00 0.226522952E+00
 0.239158824E+00 0.251766533E+00 0.264150172E+00 0.276056975E+00 0.287189215E+00
 0.297234654E+00 0.305908740E+00 0.312994450E+00 0.318369895E+00 0.322022974E+00
 0.324051797E+00 0.324646294E+00 0.324052691E+00 0.322531700E+00 0.320326060E+00
 0.113830110E-01 0.361756585E-02-0.465756143E-02-0.134949163E-01-0.220434591E-01
-0.259707030E-01-0.277961846E-01-0.282364581E-01-0.277502518E-01-0.266668461E-01
-0.252202637E-01-0.235593077E-01-0.217575897E-01-0.198312104E-01-0.177606251E-01
-0.155105880E-01-0.130450977E-01-0.103372885E-01-0.737532368E-02-0.416486710E-02
-0.727962935E-03 0.290188193E-02 0.668743113E-02 0.105960695E-01 0.146065997E-01
 0.187137295E-01 0.229307748E-01 0.272912662E-01 0.318490639E-01 0.366751403E-01
 0.418491438E-01 0.474467538E-01 0.535271280E-01 0.601242483E-01 0.672430918E-01
 0.748606026E-01 0.829322040E-01 0.914032236E-01 0.100220986E+00 0.109342702E+00
 0.118737459E+00 0.128384396E+00 0.138269231E+00 0.148380563E+00 0.158706427E+00
 0.169230893E+00 0.179930776E+00 0.190772161E+00 0.201706544E+00 0.212666780E+00
 0.223563239E+00 0.234280929E+00 0.244678959E+00 0.254594207E+00 0.263850391E+00
 0.272272468E+00 0.279704332E+00 0.286025852E+00 0.291166246E+00 0.295111179E+00
 0.297902226E+00 0.299629241E+00 0.300416410E+00 0.300405920E+00 0.299742907E+00
 0.616825745E-02-0.312888925E-02-0.138471834E-01-0.265351571E-01-0.409563184E-01
-0.495536476E-01-0.508970022E-01-0.487551689E-01-0.459439680E-01-0.428586937E-01
-0.398147963E-01-0.369724631E-01-0.343344063E-01-0.318051651E-01-0.292557348E-01
-0.265638623E-01-0.236321092E-01-0.203953031E-01-0.168256070E-01-0.129372003E-01
-0.878644083E-02-0.446057832E-02-0.547754862E-04 0.435112743E-02 0.870503113E-02
 0.129848542E-01 0.171981193E-01 0.213852022E-01 0.256284326E-01 0.300602093E-01
 0.348487198E-01 0.401535481E-01 0.460877344E-01 0.527071543E-01 0.600085892E-01
 0.679247528E-01 0.763310641E-01 0.850849375E-01 0.940729454E-01 0.103225306E+00
 0.112505302E+00 0.121895298E+00 0.131386504E+00 0.140972346E+00 0.150644064E+00
 0.160387591E+00 0.170181170E+00 0.179993108E+00 0.189780056E+00 0.199485362E+00
 0.209038228E+00 0.218353719E+00 0.227334425E+00 0.235874057E+00 0.243863210E+00
 0.251196891E+00 0.257782996E+00 0.263550371E+00 0.268454999E+00 0.272483557E+00
 0.275653452E+00 0.278009683E+00 0.279618859E+00 0.280562133E+00 0.280927539E+00
 0.363935297E-02-0.616757805E-02-0.176316295E-01-0.314420387E-01-0.481206588E-01
-0.610459112E-01-0.682669729E-01-0.695049614E-01-0.647062361E-01-0.583789125E-01
-0.532049648E-01-0.493099689E-01-0.462899730E-01-0.436741412E-01-0.410949551E-01
-0.383013673E-01-0.351224877E-01-0.314422734E-01-0.271972734E-01-0.223998521E-01
-0.171793550E-01-0.117815631E-01-0.646140566E-02-0.138243171E-02 0.337980757E-02
 0.779841701E-02 0.118692908E-01 0.156049123E-01 0.190563966E-01 0.224257782E-01
 0.262276381E-01 0.308677852E-01 0.364934653E-01 0.431694835E-01 0.509185791E-01
 0.596630163E-01 0.690121055E-01 0.784653127E-01 0.878503248E-01 0.971431136E-01
 0.106356464E+00 0.115510851E+00 0.124624662E+00 0.133710280E+00 0.142772287E+00
 0.151806489E+00 0.160799444E+00 0.169728041E+00 0.178559288E+00 0.187250420E+00
 0.195749313E+00 0.203995571E+00 0.211922377E+00 0.219459280E+00 0.226535827E+00
 0.233085737E+00 0.239051417E+00 0.244387954E+00 0.249066398E+00 0.253075540E+00
 0.256422132E+00 0.259129614E+00 0.261235446E+00 0.262787610E+00 0.263840854E+00
 0.433495641E-02-0.475776987E-02-0.150419930E-01-0.266843867E-01-0.396779701E-01
-0.537008755E-01-0.663086325E-01-0.732148960E-01-0.737317055E-01-0.672898516E-01
-0.612354241E-01-0.582670532E-01-0.568135530E-01-0.553895049E-01-0.535972901E-01
-0.512507707E-01-0.482010059E-01-0.442954265E-01-0.393621363E-01-0.332178511E-01
-0.258206967E-01-0.182786118E-01-0.115430914E-01-0.561480038E-02-0.410685956E-03
 0.412479555E-02 0.800058059E-02 0.111658927E-01 0.134802861E-01 0.146865649E-01
 0.168291796E-01 0.205774568E-01 0.257460903E-01 0.324660018E-01 0.408049449E-01
 0.510031097E-01 0.623223037E-01 0.726960823E-01 0.824623182E-01 0.918118060E-01
 0.100865908E+00 0.109706663E+00 0.118389733E+00 0.126951054E+00 0.135410801E+00
 0.143776044E+00 0.152042508E+00 0.160196036E+00 0.168213725E+00 0.176064864E+00
 0.183712155E+00 0.191113010E+00 0.198221296E+00 0.204989225E+00 0.211369842E+00
 0.217319459E+00 0.222800195E+00 0.227782220E+00 0.232245505E+00 0.236180872E+00
 0.239590257E+00 0.242486104E+00 0.244890183E+00 0.246831790E+00 0.248345733E+00
 0.757076126E-02-0.154958339E-03-0.861054659E-02-0.177906249E-01-0.275744740E-01
-0.377133563E-01-0.478465855E-01-0.575334094E-01-0.634721667E-01-0.612353496E-01
-0.584797040E-01-0.589653663E-01-0.608229339E-01-0.612692460E-01-0.606517009E-01
-0.590645224E-01-0.564490966E-01-0.526686609E-01-0.474857092E-01-0.404432192E-01
-0.306863245E-01-0.210282728E-01-0.133428890E-01-0.697389711E-02-0.158686400E-02
 0.297656958E-02 0.676338188E-02 0.972452108E-02 0.117009673E-01 0.124735544E-01
 0.141765550E-01 0.176016781E-01 0.225749630E-01 0.291622411E-01 0.374721102E-01
 0.477672368E-01 0.591364354E-01 0.694287792E-01 0.789522305E-01 0.879367515E-01
 0.965377688E-01 0.104861453E+00 0.112979509E+00 0.120938011E+00 0.128763437E+00
 0.136467263E+00 0.144049346E+00 0.151500329E+00 0.158803523E+00 0.165936261E+00
 0.172871172E+00 0.179577529E+00 0.186022460E+00 0.192172512E+00 0.197995111E+00
 0.203460142E+00 0.208541498E+00 0.213218361E+00 0.217476189E+00 0.221307456E+00
 0.224711761E+00 0.227695674E+00 0.230272070E+00 0.232459262E+00 0.234279826E+00
 0.103956652E+01 0.105867410E+01 0.107186115E+01 0.108817494E+01 0.110503209E+01
 0.112253857E+01 0.114076519E+01 0.115939355E+01 0.117918074E+01 0.119903028E+01
 0.121956003E+01 0.124023795E+01 0.126212609E+01 0.128462076E+01 0.130796111E+01
 0.133180475E+01 0.135654545E+01 0.138232040E+01 0.140889049E+01 0.143614662E+01
 0.146445584E+01 0.149386883E+01 0.152426171E+01 0.155568230E+01 0.158824074E+01
 0.162198913E+01 0.165702081E+01 0.169332314E+01 0.173104835E+01 0.177012515E+01
 0.181076360E+01 0.185297537E+01 0.189687157E+01 0.194260871E+01 0.199015272E+01
 0.203968596E+01 0.209123254E+01 0.214501238E+01 0.220126200E+01 0.225987816E+01
 0.232102704E+01 0.238497090E+01 0.245199776E+01 0.252216816E+01 0.259557867E+01
 0.267242646E+01 0.275344920E+01 0.283852792E+01 0.292776036E+01 0.302160668E+01
 0.312097216E+01 0.322561336E+01 0.333628273E+01 0.345401931E+01 0.357949042E+01
 0.371307516E+01 0.385723901E+01 0.401156378E+01 0.418048000E+01 0.436607122E+01
 0.457499886E+01 0.481545401E+01 0.511661243E+01 0.554634762E+01 0.762178230E+01
   85   88
 0.110773730E+01-0.100000001E+00 0.111186373E+01 0.000000000E+00 0.112174797E+01
 0.100000001E+00 0.113218749E+01 0.165984660E+00 0.114912760E+01 0.250000000E+00
 0.116147554E+01 0.300000012E+00 0.118531251E+01 0.386624455E+00 0.120444345E+01
 0.449999988E+00 0.122069263E+01 0.500000000E+00 0.123843753E+01 0.554323912E+00
 0.126499999E+01 0.631297469E+00 0.128882778E+01 0.699999988E+00 0.130653274E+01
 0.750000000E+00 0.132403910E+01 0.800000012E+00 0.134468746E+01 0.865704060E+00
 0.137125003E+01 0.940265000E+00 0.138811386E+01 0.991130710E+00 0.139954436E+01
 0.103226137E+01 0.143771255E+01 0.100000000E+01 0.147749996E+01 0.980782270E+00
 0.151900673E+01 0.949999988E+00 0.155718756E+01 0.925334036E+00 0.158977509E+01
 0.899999976E+00 0.163687503E+01 0.864726841E+00 0.166343749E+01 0.842879534E+00
 0.171656251E+01 0.800650358E+00 0.174312496E+01 0.778500497E+00 0.177556717E+01
 0.750000000E+00 0.182281256E+01 0.708434999E+00 0.184937501E+01 0.683688581E+00
 0.188430238E+01 0.649999976E+00 0.192906249E+01 0.605425775E+00 0.195562506E+01
 0.576779902E+00 0.198218751E+01 0.546421826E+00 0.202105641E+01 0.500000000E+00
 0.205886698E+01 0.449999988E+00 0.208843756E+01 0.408184290E+00 0.211500001E+01
 0.365957826E+00 0.214156246E+01 0.319239110E+00 0.216812491E+01 0.267021716E+00
 0.219468760E+01 0.207005754E+00 0.221514249E+01 0.150000006E+00 0.222994518E+01
 0.100000001E+00 0.224725461E+01 0.000000000E+00 0.225080442E+01-0.500000007E-01
 0.224781251E+01-0.117011011E+00 0.223617983E+01-0.200000003E+00 0.222125006E+01
-0.265630662E+00 0.219657707E+01-0.349999994E+00 0.217853165E+01-0.400000006E+00
 0.215816355E+01-0.449999988E+00 0.213517046E+01-0.500000000E+00 0.210902381E+01
-0.550000012E+00 0.207909060E+01-0.600000024E+00 0.204467082E+01-0.649999976E+00
 0.200874996E+01-0.694842994E+00 0.198218751E+01-0.725440562E+00 0.195562506E+01
-0.753401220E+00 0.190495348E+01-0.800000012E+00 0.187593746E+01-0.823672831E+00
 0.183891952E+01-0.850000024E+00 0.179624999E+01-0.878005326E+00 0.175494397E+01
-0.899999976E+00 0.171656251E+01-0.918211520E+00 0.166343749E+01-0.936010957E+00
 0.161031246E+01-0.948190033E+00 0.158375001E+01-0.953046560E+00 0.153062499E+01
-0.956138432E+00 0.147749996E+01-0.950602829E+00 0.145093751E+01-0.943992734E+00
 0.139781249E+01-0.925178409E+00 0.135515833E+01-0.899999976E+00 0.131812501E+01
-0.869567931E+00 0.129156256E+01-0.839903295E+00 0.126270175E+01-0.800000012E+00
 0.123461425E+01-0.750000000E+00 0.121140420E+01-0.699999988E+00 0.118531251E+01
-0.632371902E+00 0.115875006E+01-0.551298440E+00 0.114529276E+01-0.500000000E+00
 0.113218749E+01-0.437862009E+00 0.111850083E+01-0.349999994E+00 0.111035144E+01
-0.250000000E+00 0.110748959E+01-0.150000006E+00 0.110773730E+01-0.100000001E+00
 0.101730001E+01 0.000000000E+00 0.101932001E+01 0.111591995E+01 0.101127005E+01
 0.116271996E+01 0.100224996E+01 0.121238995E+01 0.102639997E+01 0.121238995E+01
 0.103497005E+01 0.116392004E+01 0.103842998E+01 0.116235995E+01 0.106122005E+01
 0.116356003E+01 0.109895003E+01 0.116589999E+01 0.113813996E+01 0.116823995E+01
 0.116191995E+01 0.117446005E+01 0.119008005E+01 0.118699002E+01 0.121012998E+01
 0.120185006E+01 0.123081994E+01 0.122499001E+01 0.123939002E+01 0.123863995E+01
 0.126108003E+01 0.128634000E+01 0.128076005E+01 0.133403003E+01 0.128076005E+01
 0.134810996E+01 0.133062005E+01 0.134810996E+01 0.141947997E+01 0.134748995E+01
 0.141947997E+01 0.131036997E+01 0.137993002E+01 0.131093001E+01 0.137410998E+01
 0.130689001E+01 0.136740994E+01 0.126408994E+01 0.136789000E+01 0.122646999E+01
 0.137232995E+01 0.119475996E+01 0.138840997E+01 0.116448998E+01 0.140222001E+01
 0.115728998E+01 0.141559005E+01 0.115646994E+01 0.142587996E+01 0.116276002E+01
 0.144700003E+01 0.118200004E+01 0.148800004E+01 0.121899998E+01 0.149600005E+01
 0.122800004E+01 0.149109995E+01 0.121349001E+01 0.149501002E+01 0.116171002E+01
 0.147765005E+01 0.112226999E+01 0.148169005E+01 0.111591995E+01 0.149105000E+01
 0.111275005E+01 0.152942002E+01 0.110483003E+01 0.160203004E+01 0.109308004E+01
 0.164134002E+01 0.107020998E+01 0.164687002E+01 0.107845998E+01 0.178340006E+01
 0.107209003E+01 0.204518008E+01 0.103909004E+01 0.205605006E+01 0.104322004E+01
 0.210643005E+01 0.999729991E+00 0.208569002E+01 0.869265974E+00 0.222220993E+01
 0.519111991E+00 0.224294996E+01 0.448630989E+00 0.230183005E+01 0.280676991E+00
 0.231151009E+01 0.279680014E+00 0.233364010E+01 0.219329998E+00 0.234012008E+01
 0.219872996E+00 0.234645009E+01 0.198669001E+00 0.234827995E+01 0.632878989E-01
 0.235109997E+01 0.420836993E-01 0.234827995E+01-0.254776001E+00 0.234645009E+01
-0.272718012E+00 0.234461999E+01-0.410818011E+00 0.235109997E+01-0.420603991E+00
 0.223979998E+01-0.684297979E+00 0.222333002E+01-0.684297979E+00 0.221052003E+01
-0.714201987E+00 0.221318007E+01-0.732686996E+00 0.220670009E+01-0.753892004E+00
 0.220021009E+01-0.735949993E+00 0.218756008E+01-0.771290004E+00 0.219388008E+01
-0.789776027E+00 0.213232994E+01-0.945818007E+00 0.178394997E+01-0.115894997E+01
 0.174519002E+01-0.123995996E+01 0.174687004E+01-0.124047995E+01 0.174579000E+01
-0.124380004E+01 0.164520001E+01-0.124479997E+01 0.140117002E+01-0.124477005E+01
 0.138558996E+01-0.124820995E+01 0.137489998E+01-0.125832999E+01 0.136953998E+01
-0.126941001E+01 0.136824000E+01-0.127555001E+01 0.136860001E+01-0.132246995E+01
 0.137256002E+01-0.132470000E+01 0.142770004E+01-0.132470000E+01 0.142770004E+01
-0.135782003E+01 0.116450000E+01-0.135894001E+01 0.101627004E+01-0.121800005E+01
 0.101750004E+01-0.121700001E+01 0.101730001E+01-0.100000005E-02 0.101730001E+01
 0.000000000E+00
    0 0.170000005E+01    1
 0.000000000E+00 0.000000000E+00 0.000000000E+00 0.000000000E+00 0.000000000E+00
 0.000000000E+00 0.000000000E+00 0.000000000E+00 0.000000000E+00 0.000000000E+00
 0.000000000E+00 0.000000000E+00 0.000000000E+00 0.000000000E+00 0.000000000E+00
 0.000000000E+00 0.000000000E+00 0.000000000E+00 0.000000000E+00 0.000000000E+00
 0.000000000E+00 0.000000000E+00 0.000000000E+00 0.000000000E+00 0.000000000E+00
 0.000000000E+00 0.000000000E+00 0.000000000E+00 0.000000000E+00 0.000000000E+00
 0.000000000E+00 0.000000000E+00 0.000000000E+00 0.000000000E+00 0.000000000E+00
 0.000000000E+00 0.000000000E+00 0.000000000E+00 0.000000000E+00 0.000000000E+00
 0.000000000E+00 0.000000000E+00 0.000000000E+00 0.000000000E+00 0.000000000E+00
 0.000000000E+00 0.000000000E+00 0.000000000E+00 0.000000000E+00 0.000000000E+00
 0.000000000E+00 0.000000000E+00 0.000000000E+00 0.000000000E+00 0.000000000E+00
 0.000000000E+00 0.000000000E+00 0.000000000E+00 0.000000000E+00 0.000000000E+00
 0.000000000E+00 0.000000000E+00 0.000000000E+00 0.000000000E+00 0.000000000E+00
 0.000000000E+00 0.839454159E-01 0.119519144E+00 0.147020325E+00 0.170499653E+00
 0.191440523E+00 0.210570961E+00 0.228423655E+00 0.243898362E+00 0.260090798E+00
 0.275492728E+00 0.290271372E+00 0.304632664E+00 0.318625689E+00 0.332203180E+00
 0.345496863E+00 0.358521044E+00 0.371333122E+00 0.383980483E+00 0.396417975E+00
 0.408706129E+00 0.420875728E+00 0.432956189E+00 0.444955170E+00 0.456837445E+00
 0.468683124E+00 0.480472624E+00 0.492237985E+00 0.503986895E+00 0.515697479E+00
 0.527418613E+00 0.539141238E+00 0.550887585E+00 0.562668860E+00 0.574469447E+00
 0.586321592E+00 0.598218679E+00 0.610184908E+00 0.622234106E+00 0.634349883E+00
 0.646552145E+00 0.658847213E+00 0.671267450E+00 0.683799624E+00 0.696447313E+00
 0.709220231E+00 0.722169578E+00 0.735269427E+00 0.748528183E+00 0.761947572E+00
 0.775590360E+00 0.789428532E+00 0.803481162E+00 0.817760289E+00 0.832313180E+00
 0.847110748E+00 0.862228870E+00 0.877629042E+00 0.893411398E+00 0.909566939E+00
 0.926179051E+00 0.943275750E+00 0.961084247E+00 0.979801178E+00 0.100000000E+01
    1
 0.000000000E+00 0.000000000E+00 0.000000000E+00 0.000000000E+00 0.000000000E+00
 0.000000000E+00 0.000000000E+00 0.000000000E+00 0.000000000E+00 0.000000000E+00
 0.000000000E+00 0.000000000E+00 0.000000000E+00 0.000000000E+00 0.000000000E+00
 0.000000000E+00 0.000000000E+00 0.000000000E+00 0.000000000E+00 0.000000000E+00
 0.000000000E+00 0.000000000E+00 0.000000000E+00 0.000000000E+00 0.000000000E+00
 0.000000000E+00 0.000000000E+00 0.000000000E+00 0.000000000E+00 0.000000000E+00
 0.000000000E+00 0.000000000E+00 0.000000000E+00 0.000000000E+00 0.000000000E+00
 0.000000000E+00 0.000000000E+00 0.000000000E+00 0.000000000E+00 0.000000000E+00
 0.000000000E+00 0.000000000E+00 0.000000000E+00 0.000000000E+00 0.000000000E+00
 0.000000000E+00 0.000000000E+00 0.000000000E+00 0.000000000E+00 0.000000000E+00
 0.000000000E+00 0.000000000E+00 0.000000000E+00 0.000000000E+00 0.000000000E+00
 0.000000000E+00 0.000000000E+00 0.000000000E+00 0.000000000E+00 0.000000000E+00
 0.000000000E+00 0.000000000E+00 0.000000000E+00 0.000000000E+00 0.000000000E+00
&BASIS
 EE2BDRY= 32*0.00000000      ,
 EEBDRY= 32*0.00000000      ,
 EEKNT= 32*0.00000000      ,
 EETENS=  5.00000000    ,
 FF2BDRY= 64*0.00000000      ,
 FFBDRY=  1.42768359    , -4.74178791    ,  3.28891277    , 61*0.00000000      ,
 FFKNT= 64*0.00000000      ,
 FFTENS=  0.00000000    ,
 KEE2BDRY= 32*0          ,
 KEEBDRY= 32*0          ,
 KEEFNC=          0,
 KEEKNT=          0,
 KFF2BDRY= 64*0          ,
 KFFBDRY= 64*0          ,
 KFFFNC=          0,
 KFFKNT=          0,
 KPP2BDRY= 64*0          ,
 KPPBDRY= 64*0          ,
 KPPFNC=          0,
 KPPKNT=          0,
 KWW2BDRY= 64*0          ,
 KWWBDRY= 64*0          ,
 KWWFNC=          0,
 KWWKNT=          0,
 PP2BDRY= 64*0.00000000      ,
 PPBDRY=  608137.625    , -378952.969    , 62*0.00000000      ,
 PPKNT= 64*0.00000000      ,
 PPTENS=  0.00000000    ,
 WW2BDRY= 64*0.00000000      ,
 WWBDRY= -185.261734    , -81527.0312    , 62*0.00000000      ,
 WWKNT= 64*0.00000000      ,
 WWTENS=  0.00000000    ,
 /
