  EFITD    01/21/2000    #192311  3869ms           7  65  65
 0.170000005E+01 0.320000005E+01 0.169550002E+01 0.839999974E+00 0.000000000E+00
 0.178138566E+01-0.816022009E-01-0.161754638E+00 0.602412857E-01 0.199415135E+01
 0.991073000E+06-0.161754638E+00 0.000000000E+00 0.178138566E+01 0.000000000E+00
-0.816022009E-01 0.000000000E+00 0.602412857E-01 0.000000000E+00 0.000000000E+00
 0.336766744E+01 0.336786079E+01 0.336805773E+01 0.336825848E+01 0.336846280E+01
 0.336867023E+01 0.336888099E+01 0.336909461E+01 0.336931109E+01 0.336953044E+01
 0.336975217E+01 0.336997628E+01 0.337020254E+01 0.337043095E+01 0.337066126E+01
 0.337089348E+01 0.337112713E+01 0.337136197E+01 0.337159824E+01 0.337183571E+01
 0.337207413E+01 0.337231326E+01 0.337255287E+01 0.337279320E+01 0.337303352E+01
 0.337327433E+01 0.337351489E+01 0.337375546E+01 0.337399554E+01 0.337423515E+01
 0.337447405E+01 0.337471223E+01 0.337494946E+01 0.337518573E+01 0.337542033E+01
 0.337565374E+01 0.337588549E+01 0.337611556E+01 0.337634373E+01 0.337656975E+01
 0.337679338E+01 0.337701488E+01 0.337723374E+01 0.337744975E+01 0.337766314E+01
 0.337787342E+01 0.337808037E+01 0.337828422E+01 0.337848449E+01 0.337868094E+01
 0.337887383E+01 0.337906241E+01 0.337924719E+01 0.337942743E+01 0.337960339E+01
 0.337977481E+01 0.337994146E+01 0.338010287E+01 0.338025951E+01 0.338041091E+01
 0.338055682E+01 0.338069725E+01 0.338083196E+01 0.338096070E+01 0.338108349E+01
 0.108110859E+06 0.105331359E+06 0.102586469E+06 0.998761875E+05 0.972005234E+05
 0.945594688E+05 0.919530234E+05 0.893811953E+05 0.868439688E+05 0.843413594E+05
 0.818733672E+05 0.794399844E+05 0.770412109E+05 0.746770469E+05 0.723475000E+05
 0.700525547E+05 0.677922344E+05 0.655665156E+05 0.633754141E+05 0.612189219E+05
 0.590970430E+05 0.570097773E+05 0.549571211E+05 0.529390781E+05 0.509556445E+05
 0.490068242E+05 0.470926172E+05 0.452130195E+05 0.433680352E+05 0.415576602E+05
 0.397818984E+05 0.380407500E+05 0.363342109E+05 0.346622852E+05 0.330249688E+05
 0.314222676E+05 0.298541758E+05 0.283206973E+05 0.268218281E+05 0.253575742E+05
 0.239279297E+05 0.225328965E+05 0.211724766E+05 0.198466680E+05 0.185554707E+05
 0.172988848E+05 0.160769121E+05 0.148895498E+05 0.137368008E+05 0.126186621E+05
 0.115351357E+05 0.104862207E+05 0.947191797E+04 0.849222656E+04 0.754714746E+04
 0.663667969E+04 0.576082373E+04 0.491957959E+04 0.411294727E+04 0.334092676E+04
 0.260351782E+04 0.190072070E+04 0.123253540E+04 0.598961792E+03 0.000000000E+00
 0.185718402E+00 0.189505354E+00 0.193137854E+00 0.196615905E+00 0.199939519E+00
 0.203108698E+00 0.206123427E+00 0.208983704E+00 0.211689547E+00 0.214240953E+00
 0.216637909E+00 0.218880415E+00 0.220968485E+00 0.222902119E+00 0.224681303E+00
 0.226306051E+00 0.227776349E+00 0.229092196E+00 0.230253607E+00 0.231260583E+00
 0.232113108E+00 0.232811183E+00 0.233354822E+00 0.233744025E+00 0.233978778E+00
 0.234059080E+00 0.233984947E+00 0.233756378E+00 0.233373344E+00 0.232835889E+00
 0.232143983E+00 0.231297627E+00 0.230296835E+00 0.229141608E+00 0.227831930E+00
 0.226367801E+00 0.224749237E+00 0.222976238E+00 0.221048787E+00 0.218966886E+00
 0.216730550E+00 0.214339778E+00 0.211794555E+00 0.209094882E+00 0.206240773E+00
 0.203232229E+00 0.200069234E+00 0.196751788E+00 0.193279907E+00 0.189653590E+00
 0.185872808E+00 0.181937605E+00 0.177847952E+00 0.173603848E+00 0.169205308E+00
 0.164652333E+00 0.159944907E+00 0.155083030E+00 0.150066718E+00 0.144895971E+00
 0.139570773E+00 0.134091124E+00 0.128457040E+00 0.122668512E+00 0.116725542E+00
-0.806302000E+06-0.796323625E+06-0.786345250E+06-0.776366938E+06-0.766388562E+06
-0.756410250E+06-0.746431875E+06-0.736453562E+06-0.726475188E+06-0.716496812E+06
-0.706518500E+06-0.696540125E+06-0.686561812E+06-0.676583438E+06-0.666605125E+06
-0.656626750E+06-0.646648375E+06-0.636670062E+06-0.626691688E+06-0.616713375E+06
-0.606735000E+06-0.596756625E+06-0.586778312E+06-0.576799938E+06-0.566821625E+06
-0.556843250E+06-0.546864938E+06-0.536886562E+06-0.526908188E+06-0.516929875E+06
-0.506951531E+06-0.496973188E+06-0.486994812E+06-0.477016469E+06-0.467038125E+06
-0.457059781E+06-0.447081438E+06-0.437103094E+06-0.427124750E+06-0.417146375E+06
-0.407168031E+06-0.397189688E+06-0.387211344E+06-0.377233000E+06-0.367254656E+06
-0.357276312E+06-0.347297938E+06-0.337319594E+06-0.327341250E+06-0.317362906E+06
-0.307384562E+06-0.297406219E+06-0.287427844E+06-0.277449500E+06-0.267471156E+06
-0.257492812E+06-0.247514469E+06-0.237536125E+06-0.227557766E+06-0.217579422E+06
-0.207601078E+06-0.197622719E+06-0.187644375E+06-0.177666031E+06-0.167687672E+06
 0.798050761E-01 0.778158158E-01 0.756909400E-01 0.734810978E-01 0.713501871E-01
 0.695876032E-01 0.686004981E-01 0.688932091E-01 0.735363588E-01 0.858432055E-01
 0.100415453E+00 0.116085179E+00 0.131540149E+00 0.143656835E+00 0.153231367E+00
 0.160626590E+00 0.165963888E+00 0.169218585E+00 0.170183167E+00 0.168357164E+00
 0.162733093E+00 0.156683937E+00 0.152789176E+00 0.150224954E+00 0.148557067E+00
 0.147546083E+00 0.147048965E+00 0.146973059E+00 0.147252262E+00 0.147834480E+00
 0.148741692E+00 0.149959430E+00 0.151447490E+00 0.153173864E+00 0.155106038E+00
 0.157220483E+00 0.159472600E+00 0.161789715E+00 0.164177358E+00 0.166646302E+00
 0.169210881E+00 0.171885282E+00 0.174679399E+00 0.177596375E+00 0.180632234E+00
 0.183776766E+00 0.187014639E+00 0.190326527E+00 0.193689823E+00 0.197079271E+00
 0.200467542E+00 0.203825742E+00 0.207124174E+00 0.210333109E+00 0.213423610E+00
 0.216368541E+00 0.219143510E+00 0.221727774E+00 0.224104881E+00 0.226263210E+00
 0.228196174E+00 0.229902104E+00 0.231383890E+00 0.232648417E+00 0.233705848E+00
 0.747941881E-01 0.715362802E-01 0.678126961E-01 0.635438636E-01 0.588000901E-01
 0.539004281E-01 0.510147586E-01 0.532556213E-01 0.613961071E-01 0.757991970E-01
 0.909129828E-01 0.105199426E+00 0.118333064E+00 0.129386649E+00 0.138410941E+00
 0.145545900E+00 0.150864810E+00 0.154363737E+00 0.155967161E+00 0.155554563E+00
 0.153158531E+00 0.150147855E+00 0.147768125E+00 0.146068141E+00 0.144951239E+00
 0.144324049E+00 0.144112721E+00 0.144260138E+00 0.144720107E+00 0.145453393E+00
 0.146489009E+00 0.147822827E+00 0.149427369E+00 0.151283041E+00 0.153373271E+00
 0.155688345E+00 0.158191115E+00 0.160816103E+00 0.163567066E+00 0.166448385E+00
 0.169464573E+00 0.172619268E+00 0.175913721E+00 0.179345623E+00 0.182908282E+00
 0.186590284E+00 0.190375462E+00 0.194243148E+00 0.198168263E+00 0.202121720E+00
 0.206070825E+00 0.209979907E+00 0.213811114E+00 0.217525661E+00 0.221085131E+00
 0.224453136E+00 0.227596939E+00 0.230489045E+00 0.233108431E+00 0.235441461E+00
 0.237482131E+00 0.239231855E+00 0.240698755E+00 0.241896510E+00 0.242843032E+00
 0.706765577E-01 0.665550008E-01 0.616082922E-01 0.553257205E-01 0.475232080E-01
 0.433253050E-01 0.439474843E-01 0.496129207E-01 0.604841001E-01 0.727389902E-01
 0.845320895E-01 0.955199748E-01 0.105536975E+00 0.114407949E+00 0.122012898E+00
 0.128301471E+00 0.133263811E+00 0.136913523E+00 0.139295831E+00 0.140523717E+00
 0.140833616E+00 0.140589744E+00 0.140158221E+00 0.139783338E+00 0.139589280E+00
 0.139629111E+00 0.139920950E+00 0.140467033E+00 0.141263127E+00 0.142306030E+00
 0.143606275E+00 0.145167470E+00 0.146982804E+00 0.149044231E+00 0.151343822E+00
 0.153872922E+00 0.156611517E+00 0.159535766E+00 0.162639037E+00 0.165919736E+00
 0.169377297E+00 0.173010707E+00 0.176817328E+00 0.180791900E+00 0.184925631E+00
 0.189205557E+00 0.193613857E+00 0.198127493E+00 0.202717826E+00 0.207350358E+00
 0.211984888E+00 0.216575786E+00 0.221073046E+00 0.225423783E+00 0.229574382E+00
 0.233473226E+00 0.237073734E+00 0.240337163E+00 0.243235141E+00 0.245751143E+00
 0.247880980E+00 0.249632269E+00 0.251022726E+00 0.252077967E+00 0.252828896E+00
 0.679161474E-01 0.637786016E-01 0.590455793E-01 0.532928370E-01 0.469004177E-01
 0.456053056E-01 0.500393957E-01 0.572291277E-01 0.651980639E-01 0.735594183E-01
 0.819511116E-01 0.900749341E-01 0.977049023E-01 0.104673885E+00 0.110864572E+00
 0.116205059E+00 0.120664299E+00 0.124249317E+00 0.127006680E+00 0.129026905E+00
 0.130444974E+00 0.131427437E+00 0.132145807E+00 0.132749364E+00 0.133352071E+00
 0.134033695E+00 0.134847432E+00 0.135828421E+00 0.137000412E+00 0.138380706E+00
 0.139982611E+00 0.141815588E+00 0.143885165E+00 0.146193683E+00 0.148740888E+00
 0.151524246E+00 0.154539272E+00 0.157781139E+00 0.161246449E+00 0.164933354E+00
 0.168840691E+00 0.172966883E+00 0.177309006E+00 0.181861743E+00 0.186616570E+00
 0.191560715E+00 0.196676165E+00 0.201938659E+00 0.207316563E+00 0.212769821E+00
 0.218249187E+00 0.223695889E+00 0.229042187E+00 0.234213218E+00 0.239130318E+00
 0.243715778E+00 0.247898564E+00 0.251620173E+00 0.254839391E+00 0.257535636E+00
 0.259709418E+00 0.261381060E+00 0.262586743E+00 0.263373852E+00 0.263795733E+00
 0.658696145E-01 0.623713359E-01 0.592399389E-01 0.563207231E-01 0.542436689E-01
 0.559196994E-01 0.593401045E-01 0.639356077E-01 0.693051964E-01 0.751297846E-01
 0.811421350E-01 0.871192738E-01 0.928805843E-01 0.982857719E-01 0.103232145E+00
 0.107652038E+00 0.111510605E+00 0.114803933E+00 0.117557526E+00 0.119824022E+00
 0.121679001E+00 0.123213567E+00 0.124524675E+00 0.125705436E+00 0.126838282E+00
 0.127991915E+00 0.129221380E+00 0.130569935E+00 0.132071376E+00 0.133752286E+00
 0.135633707E+00 0.137732163E+00 0.140060455E+00 0.142628297E+00 0.145442799E+00
 0.148509130E+00 0.151830956E+00 0.155411139E+00 0.159252211E+00 0.163356498E+00
 0.167726040E+00 0.172362134E+00 0.177264735E+00 0.182431668E+00 0.187857851E+00
 0.193534061E+00 0.199445635E+00 0.205570772E+00 0.211878419E+00 0.218325853E+00
 0.224856079E+00 0.231395349E+00 0.237851918E+00 0.244116947E+00 0.250069112E+00
 0.255583286E+00 0.260542572E+00 0.264850765E+00 0.268443137E+00 0.271292806E+00
 0.273412287E+00 0.274849176E+00 0.275677472E+00 0.275986105E+00 0.275867790E+00
 0.622935183E-01 0.587176494E-01 0.584752560E-01 0.592844300E-01 0.604373142E-01
 0.623492189E-01 0.650717914E-01 0.684747100E-01 0.723838434E-01 0.766252875E-01
 0.810381696E-01 0.854797810E-01 0.898284838E-01 0.939853266E-01 0.978746563E-01
 0.101444080E+00 0.104663797E+00 0.107525587E+00 0.110041276E+00 0.112240419E+00
 0.114167176E+00 0.115876146E+00 0.117427707E+00 0.118883438E+00 0.120302334E+00
 0.121738359E+00 0.123239145E+00 0.124845847E+00 0.126593485E+00 0.128511712E+00
 0.130625501E+00 0.132955879E+00 0.135520533E+00 0.138334379E+00 0.141410008E+00
 0.144758210E+00 0.148388401E+00 0.152308986E+00 0.156527773E+00 0.161052018E+00
 0.165888578E+00 0.171043709E+00 0.176522791E+00 0.182329863E+00 0.188466921E+00
 0.194932863E+00 0.201722071E+00 0.208822221E+00 0.216211304E+00 0.223853275E+00
 0.231692344E+00 0.239645585E+00 0.247595116E+00 0.255382568E+00 0.262811333E+00
 0.269663036E+00 0.275726557E+00 0.280829340E+00 0.284860104E+00 0.287782013E+00
 0.289636314E+00 0.290533870E+00 0.290632159E+00 0.290104240E+00 0.289112806E+00
 0.606208444E-01 0.570800230E-01 0.582359806E-01 0.609354340E-01 0.634343475E-01
 0.659651086E-01 0.686647519E-01 0.715759918E-01 0.746802539E-01 0.779257789E-01
 0.812462121E-01 0.845720768E-01 0.878378898E-01 0.909866318E-01 0.939725414E-01
 0.967627168E-01 0.993378013E-01 0.101692013E+00 0.103832416E+00 0.105777718E+00
 0.107556410E+00 0.109204501E+00 0.110763036E+00 0.112275586E+00 0.113786049E+00
 0.115336902E+00 0.116967998E+00 0.118715934E+00 0.120613702E+00 0.122690797E+00
 0.124973387E+00 0.127484590E+00 0.130244896E+00 0.133272484E+00 0.136583641E+00
 0.140193090E+00 0.144114420E+00 0.148360461E+00 0.152943477E+00 0.157875583E+00
 0.163168877E+00 0.168835565E+00 0.174888074E+00 0.181338936E+00 0.188200563E+00
 0.195484802E+00 0.203202009E+00 0.211359382E+00 0.219958186E+00 0.228988841E+00
 0.238422573E+00 0.248197377E+00 0.258195341E+00 0.268209338E+00 0.277909666E+00
 0.286860734E+00 0.294630438E+00 0.300892770E+00 0.305451483E+00 0.308243901E+00
 0.309364468E+00 0.309082180E+00 0.307773590E+00 0.305795491E+00 0.303423077E+00
 0.618038848E-01 0.584221818E-01 0.602022335E-01 0.634620115E-01 0.663870499E-01
 0.690996349E-01 0.716932938E-01 0.742314234E-01 0.767470747E-01 0.792488158E-01
 0.817281678E-01 0.841665119E-01 0.865407735E-01 0.888278186E-01 0.910076946E-01
 0.930658951E-01 0.949948132E-01 0.967944339E-01 0.984724984E-01 0.100044072E+00
 0.101530753E+00 0.102959484E+00 0.104361236E+00 0.105769552E+00 0.107219249E+00
 0.108745180E+00 0.110381350E+00 0.112160176E+00 0.114112094E+00 0.116265312E+00
 0.118645765E+00 0.121277206E+00 0.124181375E+00 0.127378225E+00 0.130886227E+00
 0.134722665E+00 0.138903975E+00 0.143446103E+00 0.148364916E+00 0.153676540E+00
 0.159397840E+00 0.165546775E+00 0.172142938E+00 0.179208055E+00 0.186766475E+00
 0.194845796E+00 0.203477412E+00 0.212696895E+00 0.222544044E+00 0.233061805E+00
 0.244292885E+00 0.256270558E+00 0.268995196E+00 0.282377779E+00 0.296080679E+00
 0.308780313E+00 0.319340467E+00 0.327381402E+00 0.332650274E+00 0.334967792E+00
 0.334261090E+00 0.331147283E+00 0.327087820E+00 0.322685212E+00 0.318259329E+00
 0.654971749E-01 0.623060539E-01 0.641324073E-01 0.674506277E-01 0.703335404E-01
 0.728610083E-01 0.751139224E-01 0.771634132E-01 0.790646598E-01 0.808558390E-01
 0.825601667E-01 0.841893628E-01 0.857474357E-01 0.872341916E-01 0.886481479E-01
 0.899888575E-01 0.912585706E-01 0.924633369E-01 0.936135650E-01 0.947242007E-01
 0.958145037E-01 0.969075263E-01 0.980294272E-01 0.992086604E-01 0.100475103E+00
 0.101859212E+00 0.103391305E+00 0.105100922E+00 0.107016414E+00 0.109164625E+00
 0.111570753E+00 0.114258341E+00 0.117249370E+00 0.120564438E+00 0.124222986E+00
 0.128243536E+00 0.132644057E+00 0.137442276E+00 0.142656207E+00 0.148304597E+00
 0.154407516E+00 0.160987109E+00 0.168068424E+00 0.175680488E+00 0.183857620E+00
 0.192641273E+00 0.202082261E+00 0.212243989E+00 0.223206952E+00 0.235075235E+00
 0.247986570E+00 0.262129039E+00 0.277772129E+00 0.295337826E+00 0.315167040E+00
 0.333175838E+00 0.347477019E+00 0.357975513E+00 0.364467919E+00 0.366464406E+00
 0.363786757E+00 0.355859071E+00 0.347173452E+00 0.339296013E+00 0.332268357E+00
 0.715333298E-01 0.685284883E-01 0.702346489E-01 0.733119622E-01 0.758021846E-01
 0.778041258E-01 0.794293433E-01 0.807740390E-01 0.819141194E-01 0.829058513E-01
 0.837890059E-01 0.845905691E-01 0.853284597E-01 0.860147253E-01 0.866582915E-01
 0.872670636E-01 0.878496394E-01 0.884164050E-01 0.889803469E-01 0.895574167E-01
 0.901666209E-01 0.908298567E-01 0.915715918E-01 0.924183279E-01 0.933979824E-01
 0.945391804E-01 0.958705768E-01 0.974202827E-01 0.992154181E-01 0.101281792E+00
 0.103643708E+00 0.106324002E+00 0.109344169E+00 0.112724550E+00 0.116484508E+00
 0.120642625E+00 0.125216991E+00 0.130225599E+00 0.135686815E+00 0.141619921E+00
 0.148045883E+00 0.154988095E+00 0.162473544E+00 0.170534119E+00 0.179208413E+00
 0.188544020E+00 0.198600918E+00 0.209455952E+00 0.221209615E+00 0.233995929E+00
 0.247997954E+00 0.263472289E+00 0.280788362E+00 0.300483793E+00 0.323288828E+00
 0.346614093E+00 0.364915103E+00 0.378084183E+00 0.386207759E+00 0.389201730E+00
 0.386358768E+00 0.377301574E+00 0.363839358E+00 0.352532238E+00 0.343145102E+00
 0.802844614E-01 0.774608552E-01 0.791584700E-01 0.816080347E-01 0.832084566E-01
 0.842242315E-01 0.848422796E-01 0.851912126E-01 0.853581876E-01 0.854024366E-01
 0.853644609E-01 0.852720886E-01 0.851448402E-01 0.849970281E-01 0.848401710E-01
 0.846847743E-01 0.845417604E-01 0.844234452E-01 0.843442157E-01 0.843209699E-01
 0.843732283E-01 0.845231786E-01 0.847954676E-01 0.852169991E-01 0.858163089E-01
 0.866225213E-01 0.876645669E-01 0.889705941E-01 0.905675292E-01 0.924805999E-01
 0.947330743E-01 0.973463804E-01 0.100340798E+00 0.103735700E+00 0.107549571E+00
 0.111799993E+00 0.116503820E+00 0.121677600E+00 0.127338067E+00 0.133502707E+00
 0.140190452E+00 0.147422463E+00 0.155223191E+00 0.163621560E+00 0.172652602E+00
 0.182359576E+00 0.192796752E+00 0.204033062E+00 0.216157258E+00 0.229284763E+00
 0.243566960E+00 0.259203285E+00 0.276455253E+00 0.295659661E+00 0.317237735E+00
 0.341559261E+00 0.362404466E+00 0.377656251E+00 0.387493461E+00 0.391971797E+00
 0.391231298E+00 0.384551466E+00 0.371803612E+00 0.358693749E+00 0.348314434E+00
 0.940456986E-01 0.920300186E-01 0.924788862E-01 0.929846093E-01 0.926958025E-01
 0.920409113E-01 0.911922455E-01 0.902352110E-01 0.892182738E-01 0.881713629E-01
 0.871139914E-01 0.860594958E-01 0.850176811E-01 0.839965716E-01 0.830038041E-01
 0.820476487E-01 0.811379030E-01 0.802865252E-01 0.795080662E-01 0.788199604E-01
 0.782425329E-01 0.777988210E-01 0.775147825E-01 0.774198771E-01 0.775470212E-01
 0.779285505E-01 0.785956010E-01 0.795779899E-01 0.809038058E-01 0.825985372E-01
 0.846838430E-01 0.871771798E-01 0.900965929E-01 0.934604555E-01 0.972863138E-01
 0.101590045E+00 0.106385797E+00 0.111686893E+00 0.117506474E+00 0.123857893E+00
 0.130755335E+00 0.138214365E+00 0.146252707E+00 0.154890984E+00 0.164153874E+00
 0.174071133E+00 0.184679106E+00 0.196022242E+00 0.208154783E+00 0.221142381E+00
 0.235063314E+00 0.250008434E+00 0.266079217E+00 0.283383638E+00 0.302035958E+00
 0.322199523E+00 0.342750758E+00 0.357887000E+00 0.368302166E+00 0.374360353E+00
 0.375893176E+00 0.373254776E+00 0.365845531E+00 0.354782909E+00 0.346048176E+00
 0.113627575E+00 0.114011303E+00 0.110333525E+00 0.106366485E+00 0.103179678E+00
 0.100372419E+00 0.977945179E-01 0.953755602E-01 0.930771530E-01 0.908760726E-01
 0.887573510E-01 0.867111608E-01 0.847313926E-01 0.828150809E-01 0.809622854E-01
 0.791761503E-01 0.774631947E-01 0.758335590E-01 0.743012726E-01 0.728843585E-01
 0.716047958E-01 0.704857782E-01 0.695528239E-01 0.688382238E-01 0.683935434E-01
 0.682564676E-01 0.684606209E-01 0.690387562E-01 0.700230822E-01 0.714433491E-01
 0.733208209E-01 0.756517947E-01 0.784530193E-01 0.817459524E-01 0.855501071E-01
 0.898797438E-01 0.947429985E-01 0.100147858E+00 0.106102206E+00 0.112613395E+00
 0.119688742E+00 0.127335832E+00 0.135562792E+00 0.144378632E+00 0.153793588E+00
 0.163819313E+00 0.174468949E+00 0.185756594E+00 0.197696120E+00 0.210298821E+00
 0.223568827E+00 0.237495095E+00 0.252037108E+00 0.267098933E+00 0.282478333E+00
 0.297755778E+00 0.312099397E+00 0.324419260E+00 0.334059060E+00 0.340804398E+00
 0.344637722E+00 0.345684290E+00 0.344293565E+00 0.341239691E+00 0.337616026E+00
 0.127545238E+00 0.128697976E+00 0.123505406E+00 0.117434293E+00 0.112257816E+00
 0.107718594E+00 0.103637032E+00 0.998917744E-01 0.964007303E-01 0.931071267E-01
 0.899708942E-01 0.869634822E-01 0.840648264E-01 0.812614933E-01 0.785456970E-01
 0.759148076E-01 0.733712465E-01 0.709227175E-01 0.685825646E-01 0.663697794E-01
 0.643177480E-01 0.624461286E-01 0.607642643E-01 0.592639185E-01 0.581327453E-01
 0.573783927E-01 0.570253953E-01 0.571081936E-01 0.576697625E-01 0.587650687E-01
 0.604724027E-01 0.626058429E-01 0.652373880E-01 0.684151649E-01 0.721721798E-01
 0.765238926E-01 0.814510360E-01 0.869560763E-01 0.930433050E-01 0.997121409E-01
 0.106961995E+00 0.114791617E+00 0.123198271E+00 0.132178098E+00 0.141726047E+00
 0.151835635E+00 0.162498027E+00 0.173700586E+00 0.185424313E+00 0.197640151E+00
 0.210303158E+00 0.223344177E+00 0.236657530E+00 0.250084311E+00 0.263391823E+00
 0.276257426E+00 0.288280487E+00 0.299047261E+00 0.308223248E+00 0.315607637E+00
 0.321140796E+00 0.324899167E+00 0.327092826E+00 0.328045487E+00 0.328126550E+00
 0.135682553E+00 0.136940837E+00 0.131721333E+00 0.124891691E+00 0.118719667E+00
 0.113115542E+00 0.107976817E+00 0.103212066E+00 0.987455323E-01 0.945167020E-01
 0.904782414E-01 0.865937248E-01 0.828356594E-01 0.791839957E-01 0.756251216E-01
 0.721512139E-01 0.687601790E-01 0.654563233E-01 0.622526221E-01 0.591386780E-01
 0.562588684E-01 0.536163636E-01 0.512290299E-01 0.491279997E-01 0.473672971E-01
 0.459892787E-01 0.450336747E-01 0.445404612E-01 0.445499904E-01 0.451010577E-01
 0.462250970E-01 0.479302779E-01 0.502484664E-01 0.532225259E-01 0.569063611E-01
 0.613762401E-01 0.663850456E-01 0.720010474E-01 0.782484189E-01 0.851014331E-01
 0.925538540E-01 0.100598387E+00 0.109220222E+00 0.118402436E+00 0.128125727E+00
 0.138368085E+00 0.149103701E+00 0.160301208E+00 0.171921209E+00 0.183912963E+00
 0.196210280E+00 0.208726361E+00 0.221348137E+00 0.233930871E+00 0.246295482E+00
 0.258231878E+00 0.269512504E+00 0.279915988E+00 0.289255172E+00 0.297399849E+00
 0.304289371E+00 0.309935391E+00 0.314415544E+00 0.317857534E+00 0.320414662E+00
 0.140806332E+00 0.142071098E+00 0.136518717E+00 0.129291266E+00 0.122593872E+00
 0.116370335E+00 0.110554174E+00 0.105078131E+00 0.998805612E-01 0.949081108E-01
 0.901162550E-01 0.854687989E-01 0.809369236E-01 0.764982551E-01 0.721359253E-01
 0.678377301E-01 0.635950416E-01 0.594012812E-01 0.553819984E-01 0.515439697E-01
 0.479203500E-01 0.445404612E-01 0.414360128E-01 0.386435241E-01 0.362047516E-01
 0.341626033E-01 0.325603113E-01 0.314411297E-01 0.308477245E-01 0.308211297E-01
 0.313993804E-01 0.326169655E-01 0.345094316E-01 0.371124595E-01 0.404587127E-01
 0.445710830E-01 0.494458377E-01 0.551148579E-01 0.616403706E-01 0.687248185E-01
 0.764296949E-01 0.847641751E-01 0.936821699E-01 0.103154317E+00 0.113148190E+00
 0.123629794E+00 0.134562284E+00 0.145903960E+00 0.157606021E+00 0.169610336E+00
 0.181847081E+00 0.194232374E+00 0.206666291E+00 0.219032034E+00 0.231197014E+00
 0.243017018E+00 0.254343569E+00 0.265034109E+00 0.274963200E+00 0.284032136E+00
 0.292175293E+00 0.299362391E+00 0.305596232E+00 0.310906857E+00 0.315343142E+00
 0.143156916E+00 0.144316405E+00 0.138492450E+00 0.131075412E+00 0.124138571E+00
 0.117606081E+00 0.111408718E+00 0.105484158E+00 0.997788534E-01 0.942475945E-01
 0.888526142E-01 0.835625678E-01 0.783517137E-01 0.731992498E-01 0.680887252E-01
 0.630076602E-01 0.579466410E-01 0.530275255E-01 0.482698679E-01 0.436964557E-01
 0.393361785E-01 0.352216698E-01 0.313890725E-01 0.278780144E-01 0.247312170E-01
 0.219935402E-01 0.197111480E-01 0.179308206E-01 0.166992284E-01 0.160621945E-01
 0.160639901E-01 0.167468730E-01 0.181509927E-01 0.203135144E-01 0.232669897E-01
 0.270372964E-01 0.316422060E-01 0.370949171E-01 0.433971137E-01 0.505194217E-01
 0.584693886E-01 0.672805607E-01 0.766194910E-01 0.865149274E-01 0.969159454E-01
 0.107780889E+00 0.119069174E+00 0.130736187E+00 0.142731592E+00 0.154998213E+00
 0.167471066E+00 0.180076435E+00 0.192731336E+00 0.205343634E+00 0.217813239E+00
 0.230034381E+00 0.241899073E+00 0.253301263E+00 0.264141321E+00 0.274329752E+00
 0.283789814E+00 0.292459041E+00 0.300289392E+00 0.307246715E+00 0.313310355E+00
 0.142445013E+00 0.143312573E+00 0.137727737E+00 0.130435750E+00 0.123590060E+00
 0.117055558E+00 0.110742927E+00 0.104595013E+00 0.985709503E-01 0.926386714E-01
 0.867715776E-01 0.809469819E-01 0.751452893E-01 0.693496317E-01 0.635460541E-01
 0.577251390E-01 0.520015471E-01 0.463966727E-01 0.409353822E-01 0.356461778E-01
 0.305615477E-01 0.257177502E-01 0.211545676E-01 0.169150345E-01 0.130450334E-01
 0.959273521E-02 0.660797348E-02 0.414159102E-02 0.224474678E-02 0.968198932E-03
 0.361575308E-03 0.472644344E-03 0.134654972E-02 0.302486378E-02 0.554445572E-02
 0.893630181E-02 0.132244602E-01 0.184253566E-01 0.245462414E-01 0.315842144E-01
 0.395309888E-01 0.483669452E-01 0.580442883E-01 0.685615018E-01 0.795325711E-01
 0.909374356E-01 0.102749854E+00 0.114928417E+00 0.127424970E+00 0.140186891E+00
 0.153157249E+00 0.166274503E+00 0.179472223E+00 0.192678973E+00 0.205818713E+00
 0.218811378E+00 0.231573686E+00 0.244019940E+00 0.256062567E+00 0.267612040E+00
 0.278576642E+00 0.288862288E+00 0.298372984E+00 0.307013601E+00 0.314695209E+00
 0.138636097E+00 0.138802931E+00 0.133844987E+00 0.127584144E+00 0.121360049E+00
 0.115141191E+00 0.108929530E+00 0.102722131E+00 0.965123028E-01 0.902910233E-01
 0.840479061E-01 0.777717382E-01 0.714506134E-01 0.650712028E-01 0.586165525E-01
 0.522016771E-01 0.458519943E-01 0.395941064E-01 0.334573500E-01 0.274744574E-01
 0.216818154E-01 0.161194466E-01 0.108308764E-01 0.586287351E-02 0.126509345E-02
-0.291037746E-02-0.660956046E-02-0.977719203E-02-0.123573970E-01-0.142944166E-01
-0.155333895E-01-0.160211883E-01-0.157073122E-01-0.145448660E-01-0.124915978E-01
-0.951095670E-02-0.557312183E-02-0.655965123E-03 0.525402976E-02 0.121611087E-01
 0.200600587E-01 0.289353207E-01 0.387609340E-01 0.495065078E-01 0.611321107E-01
 0.731816739E-01 0.856749192E-01 0.985433757E-01 0.111732960E+00 0.125194848E+00
 0.138881400E+00 0.152744353E+00 0.166733846E+00 0.180797920E+00 0.194882050E+00
 0.208928630E+00 0.222876012E+00 0.236656845E+00 0.250195473E+00 0.263404220E+00
 0.276178390E+00 0.288391441E+00 0.299891502E+00 0.310503662E+00 0.320041180E+00
 0.133876234E+00 0.133218914E+00 0.129320666E+00 0.124106243E+00 0.118484944E+00
 0.112592831E+00 0.106512025E+00 0.100286104E+00 0.939375833E-01 0.874772668E-01
 0.809091479E-01 0.742333084E-01 0.674479455E-01 0.605512746E-01 0.535438880E-01
 0.465568900E-01 0.396091789E-01 0.327268541E-01 0.259412229E-01 0.192880128E-01
 0.128070069E-01 0.654182024E-02 0.539684494E-03-0.514881080E-02-0.104700550E-01
-0.153678292E-01-0.197838116E-01-0.236581601E-01-0.269301720E-01-0.295390226E-01
-0.314245783E-01-0.325282775E-01-0.327940732E-01-0.321694277E-01-0.306063797E-01
-0.280626155E-01-0.245025344E-01-0.198983140E-01-0.142309405E-01-0.749119138E-02
 0.319378451E-03 0.918725785E-02 0.190855172E-01 0.299715400E-01 0.417812504E-01
 0.544181094E-01 0.678458139E-01 0.816037655E-01 0.956649929E-01 0.109998979E+00
 0.124574110E+00 0.139358640E+00 0.154321074E+00 0.169430211E+00 0.184654713E+00
 0.199962392E+00 0.215318471E+00 0.230682701E+00 0.246004626E+00 0.261215866E+00
 0.276218593E+00 0.290869355E+00 0.304958642E+00 0.318193644E+00 0.330205858E+00
 0.131454259E+00 0.130535260E+00 0.126580879E+00 0.121415868E+00 0.115900919E+00
 0.110082291E+00 0.104001701E+00 0.976921842E-01 0.911771208E-01 0.844717324E-01
 0.775850043E-01 0.705214441E-01 0.632828996E-01 0.558711365E-01 0.483974963E-01
 0.408925563E-01 0.333868638E-01 0.259132888E-01 0.185079463E-01 0.112105692E-01
 0.406465307E-02-0.288255303E-02-0.958014186E-02-0.159737412E-01-0.220058095E-01
-0.276159998E-01-0.327416472E-01-0.373183377E-01-0.412805527E-01-0.445624255E-01
-0.470985696E-01-0.488249846E-01-0.496800281E-01-0.496054702E-01-0.485475659E-01
-0.464581735E-01-0.432958864E-01-0.390271656E-01-0.336274542E-01-0.270822514E-01
-0.193881858E-01-0.105540622E-01-0.601863489E-03 0.104323858E-01 0.224982109E-01
 0.355322324E-01 0.494655780E-01 0.642149150E-01 0.792609453E-01 0.945826322E-01
 0.110160843E+00 0.125979051E+00 0.142023996E+00 0.158286169E+00 0.174760059E+00
 0.191444039E+00 0.208339527E+00 0.225449100E+00 0.242772460E+00 0.260299087E+00
 0.277994365E+00 0.295773983E+00 0.313455462E+00 0.330658346E+00 0.346608102E+00
 0.130034849E+00 0.128931835E+00 0.124699906E+00 0.119421557E+00 0.113819912E+00
 0.107907526E+00 0.101703383E+00 0.952259228E-01 0.884906873E-01 0.815092400E-01
 0.742887631E-01 0.668316707E-01 0.591341332E-01 0.513023734E-01 0.433687307E-01
 0.353656597E-01 0.273270886E-01 0.192893762E-01 0.112919966E-01 0.337793119E-02
-0.440611178E-02-0.120096160E-01-0.193783008E-01-0.264542606E-01-0.331762284E-01
-0.394799151E-01-0.452984795E-01-0.505630821E-01-0.552035384E-01-0.591490790E-01
-0.623291954E-01-0.646745712E-01-0.661180913E-01-0.665959045E-01-0.660485849E-01
-0.644222274E-01-0.616696998E-01-0.577517636E-01-0.526382513E-01-0.463091694E-01
-0.387557447E-01-0.299813561E-01-0.200023260E-01-0.884846505E-02 0.343673909E-02
 0.167964250E-01 0.311609413E-01 0.464469455E-01 0.625570267E-01 0.789380446E-01
 0.955808237E-01 0.112481922E+00 0.129644632E+00 0.147080183E+00 0.164809123E+00
 0.182862803E+00 0.201284826E+00 0.220132694E+00 0.239479274E+00 0.259413749E+00
 0.280041337E+00 0.301479936E+00 0.323846072E+00 0.347177058E+00 0.370286644E+00
 0.129047915E+00 0.127764791E+00 0.123471484E+00 0.118036814E+00 0.112269610E+00
 0.106177501E+00 0.997707322E-01 0.930605158E-01 0.860571563E-01 0.787688866E-01
 0.712016746E-01 0.633602366E-01 0.552512743E-01 0.469904505E-01 0.386021510E-01
 0.301161967E-01 0.215664618E-01 0.129905203E-01 0.442967983E-02-0.407088082E-02
-0.124620022E-01-0.206904933E-01-0.286991745E-01-0.364270173E-01-0.438093767E-01
-0.507783480E-01-0.572631955E-01-0.631909445E-01-0.684870034E-01-0.730759650E-01
-0.768824667E-01-0.798321068E-01-0.818525553E-01-0.828746036E-01-0.828333497E-01
-0.816694126E-01-0.793301240E-01-0.757707953E-01-0.709558576E-01-0.648600310E-01
-0.574693829E-01-0.487822480E-01-0.388100259E-01-0.275777727E-01-0.151245780E-01
-0.150371506E-02 0.132173514E-01 0.289569627E-01 0.456195250E-01 0.630961284E-01
 0.808193386E-01 0.987954363E-01 0.117040291E+00 0.135581464E+00 0.154460728E+00
 0.173737258E+00 0.193491548E+00 0.213830993E+00 0.234897777E+00 0.256880283E+00
 0.280030906E+00 0.304695487E+00 0.331370085E+00 0.360827863E+00 0.391662568E+00
 0.128738716E+00 0.127314970E+00 0.122879580E+00 0.117261551E+00 0.111284450E+00
 0.104957983E+00 0.982931554E-01 0.913008898E-01 0.839897320E-01 0.763646737E-01
 0.684264302E-01 0.601703525E-01 0.516934060E-01 0.430284627E-01 0.342067778E-01
 0.252610222E-01 0.162265971E-01 0.714233145E-02-0.194911554E-02-0.110009927E-01
-0.199623052E-01-0.287777558E-01-0.373877846E-01-0.457286946E-01-0.537329018E-01
-0.613292754E-01-0.684435889E-01-0.749990866E-01-0.809171572E-01-0.861181244E-01
-0.905221105E-01-0.940500572E-01-0.966247544E-01-0.981720164E-01-0.986218974E-01
-0.979098976E-01-0.959782675E-01-0.927772671E-01-0.882664025E-01-0.824156106E-01
-0.752063766E-01-0.666326806E-01-0.567019060E-01-0.454354584E-01-0.328692980E-01
-0.190542191E-01-0.405595778E-02 0.120449150E-01 0.291533601E-01 0.471605882E-01
 0.659451857E-01 0.849442109E-01 0.104179375E+00 0.123686038E+00 0.143517345E+00
 0.163747340E+00 0.184475541E+00 0.205833957E+00 0.227997527E+00 0.251199156E+00
 0.275751323E+00 0.302074939E+00 0.330732971E+00 0.362452030E+00 0.396487862E+00
 0.129280403E+00 0.127777025E+00 0.122998796E+00 0.117167071E+00 0.110929087E+00
 0.104307473E+00 0.973286107E-01 0.900102556E-01 0.823620185E-01 0.743872300E-01
 0.660844147E-01 0.574482605E-01 0.485860296E-01 0.395221263E-01 0.302843396E-01
 0.209038444E-01 0.114154899E-01 0.185813825E-02-0.772507396E-02-0.172865316E-01
-0.267740209E-01-0.361306891E-01-0.452951007E-01-0.542013720E-01-0.627794415E-01
-0.709553957E-01-0.786519423E-01-0.857890099E-01-0.922843963E-01-0.980546027E-01
-0.103015728E+00-0.107084490E+00-0.110179327E+00-0.112221584E+00-0.113136753E+00
-0.112855792E+00-0.111316420E+00-0.108464435E+00-0.104255050E+00-0.986540690E-01
-0.916391164E-01-0.832006484E-01-0.733428746E-01-0.620845407E-01-0.494594686E-01
-0.355169810E-01-0.203220565E-01-0.395533163E-02 0.134871472E-01 0.318943709E-01
 0.511410385E-01 0.710886121E-01 0.911933184E-01 0.111484870E+00 0.132017910E+00
 0.152866796E+00 0.174127519E+00 0.195922986E+00 0.218411475E+00 0.241798922E+00
 0.266357213E+00 0.292452008E+00 0.320586354E+00 0.351464450E+00 0.384583056E+00
 0.130294308E+00 0.128645152E+00 0.124050148E+00 0.117937736E+00 0.111282669E+00
 0.104249589E+00 0.968820751E-01 0.891938433E-01 0.811870471E-01 0.728579760E-01
 0.641992763E-01 0.552010573E-01 0.459715351E-01 0.365317725E-01 0.269068107E-01
 0.171258934E-01 0.722266035E-02-0.276464014E-02-0.127929701E-01-0.228143763E-01
-0.327759087E-01-0.426196307E-01-0.522826687E-01-0.616974160E-01-0.707917511E-01
-0.794894472E-01-0.877106264E-01-0.953723416E-01-0.102389313E+00-0.108674735E+00
-0.114141218E+00-0.118701816E+00-0.122271188E+00-0.124766797E+00-0.126110226E+00
-0.126228511E+00-0.125055507E+00-0.122533269E+00-0.118613400E+00-0.113258354E+00
-0.106442690E+00-0.981541499E-01-0.883946493E-01-0.771811381E-01-0.645462051E-01
-0.505385697E-01-0.352232717E-01-0.186817776E-01-0.101182563E-02 0.176726766E-01
 0.372414365E-01 0.575462095E-01 0.784152672E-01 0.993010700E-01 0.120279320E+00
 0.141419590E+00 0.162797108E+00 0.184498519E+00 0.206625760E+00 0.229299486E+00
 0.252663046E+00 0.276888430E+00 0.302191168E+00 0.328895748E+00 0.357000142E+00
 0.133841321E+00 0.132679105E+00 0.126821876E+00 0.119560309E+00 0.112205110E+00
 0.104650050E+00 0.968500525E-01 0.887796879E-01 0.804197937E-01 0.717533454E-01
 0.627638698E-01 0.534347333E-01 0.438725725E-01 0.340951085E-01 0.241247844E-01
 0.139889028E-01 0.371976895E-02-0.664517889E-02-0.170632564E-01-0.274864547E-01
-0.378613994E-01-0.481293909E-01-0.582264997E-01-0.680837408E-01-0.776273757E-01
-0.867792740E-01-0.954574272E-01-0.103576533E+00-0.111048751E+00-0.117784515E+00
-0.123693518E+00-0.128685772E+00-0.132672802E+00-0.135568857E+00-0.137292296E+00
-0.137766957E+00-0.136923552E+00-0.134701148E+00-0.131048530E+00-0.125925615E+00
-0.119304664E+00-0.111171551E+00-0.101526752E+00-0.903862417E-01-0.777822137E-01
-0.637635589E-01-0.483960658E-01-0.317623839E-01-0.139615368E-01 0.489221746E-02
 0.246717241E-01 0.452419817E-01 0.664715990E-01 0.876772404E-01 0.108851530E+00
 0.130017415E+00 0.151209265E+00 0.172464252E+00 0.193816364E+00 0.215288833E+00
 0.236881062E+00 0.258543164E+00 0.280122399E+00 0.301245570E+00 0.321123958E+00
 0.136175305E+00 0.135104328E+00 0.128710151E+00 0.120973684E+00 0.113158688E+00
 0.105196424E+00 0.970368832E-01 0.886415094E-01 0.799794272E-01 0.710244104E-01
 0.617528856E-01 0.521426313E-01 0.422985144E-01 0.322354548E-01 0.219737664E-01
 0.115391705E-01 0.962857972E-03-0.971843954E-02-0.204623826E-01-0.312209763E-01
-0.419405699E-01-0.525619052E-01-0.630202368E-01-0.732455403E-01-0.831627995E-01
-0.926923901E-01-0.101750620E+00-0.110250317E+00-0.118101612E+00-0.125212759E+00
-0.131491169E+00-0.136844426E+00-0.141181603E+00-0.144414440E+00-0.146458820E+00
-0.147236124E+00-0.146674708E+00-0.144711435E+00-0.141293064E+00-0.136377722E+00
-0.129936233E+00-0.121953383E+00-0.112428971E+00-0.101378828E+00-0.888355821E-01
-0.748491958E-01-0.594873428E-01-0.428355671E-01-0.249972288E-01-0.609346712E-02
 0.137365339E-01 0.343339629E-01 0.555149168E-01 0.770543292E-01 0.983312055E-01
 0.119389080E+00 0.140251249E+00 0.160924971E+00 0.181399539E+00 0.201639429E+00
 0.221572489E+00 0.241072088E+00 0.259933829E+00 0.277854264E+00 0.294434398E+00
 0.137148008E+00 0.136034578E+00 0.129812241E+00 0.121908545E+00 0.113874562E+00
 0.105681263E+00 0.972925574E-01 0.886741355E-01 0.797946826E-01 0.706257001E-01
 0.611408986E-01 0.513153970E-01 0.412533805E-01 0.309682973E-01 0.204792991E-01
 0.981123000E-02-0.100533071E-02-0.119340215E-01-0.229326449E-01-0.339531414E-01
-0.449415967E-01-0.558382943E-01-0.665778592E-01-0.770894662E-01-0.872971192E-01
-0.971201062E-01-0.106473461E+00-0.115268640E+00-0.123414263E+00-0.130816996E+00
-0.137382552E+00-0.143016830E+00-0.147627071E+00-0.151123315E+00-0.153419644E+00
-0.154435784E+00-0.154098511E+00-0.152343228E+00-0.149115488E+00-0.144372389E+00
-0.138084039E+00-0.130234808E+00-0.120824561E+00-0.109869607E+00-0.974035710E-01
-0.834780186E-01-0.681628734E-01-0.515466109E-01-0.337361693E-01-0.148566784E-01
 0.494908821E-02 0.255215615E-01 0.466857553E-01 0.682541803E-01 0.894562528E-01
 0.110300727E+00 0.130783245E+00 0.150886312E+00 0.170575932E+00 0.189796552E+00
 0.208464935E+00 0.226463988E+00 0.243638843E+00 0.259798765E+00 0.274729550E+00
 0.137880653E+00 0.136759028E+00 0.130433768E+00 0.122463509E+00 0.114350088E+00
 0.106062785E+00 0.975685790E-01 0.888355747E-01 0.798340812E-01 0.705365911E-01
 0.609172322E-01 0.509511828E-01 0.407431871E-01 0.303067192E-01 0.196609106E-01
 0.883059762E-02-0.215362199E-02-0.132553065E-01-0.244321078E-01-0.356357358E-01
-0.468119457E-01-0.579006188E-01-0.688358694E-01-0.795462802E-01-0.899551809E-01
-0.999810770E-01-0.109538175E+00-0.118537024E+00-0.126885265E+00-0.134488553E+00
-0.141251564E+00-0.147079095E+00-0.151877373E+00-0.155555338E+00-0.158026144E+00
-0.159208536E+00-0.159028500E+00-0.157420769E+00-0.154330343E+00-0.149714023E+00
-0.143541843E+00-0.135798424E+00-0.126484171E+00-0.115616344E+00-0.103229970E+00
-0.893785059E-01-0.741343275E-01-0.575889051E-01-0.398527160E-01-0.210547056E-01
-0.134112011E-02 0.191268623E-01 0.401779003E-01 0.616404563E-01 0.827084854E-01
 0.103326485E+00 0.123461723E+00 0.143082991E+00 0.162150502E+00 0.180610344E+00
 0.198391408E+00 0.215404272E+00 0.231542394E+00 0.246686727E+00 0.260714144E+00
 0.138203800E+00 0.137072384E+00 0.130627915E+00 0.122695081E+00 0.114627488E+00
 0.106370814E+00 0.978855789E-01 0.891403705E-01 0.801086649E-01 0.707665086E-01
 0.610910878E-01 0.510599241E-01 0.407792404E-01 0.302638449E-01 0.195338745E-01
 0.861492846E-02-0.246178987E-02-0.136593357E-01-0.249349214E-01-0.362398550E-01
-0.475195050E-01-0.587133653E-01-0.697551742E-01-0.805730969E-01-0.910900608E-01
-0.101224154E+00-0.110889137E+00-0.119995110E+00-0.128449291E+00-0.136156887E+00
-0.143022120E+00-0.148949429E+00-0.153844655E+00-0.157616436E+00-0.160177618E+00
-0.161446795E+00-0.161349878E+00-0.159821585E+00-0.156807095E+00-0.152263522E+00
-0.146161377E+00-0.138485998E+00-0.129238740E+00-0.118438095E+00-0.106120661E+00
-0.923418850E-01-0.771766305E-01-0.607195236E-01-0.430851802E-01-0.244082417E-01
-0.484346179E-02 0.154338377E-01 0.362259708E-01 0.573072694E-01 0.784080848E-01
 0.988842100E-01 0.118750408E+00 0.137997881E+00 0.156600490E+00 0.174517274E+00
 0.191694140E+00 0.208065704E+00 0.223558217E+00 0.238093674E+00 0.251595438E+00
 0.137583256E+00 0.136342466E+00 0.130271539E+00 0.122618154E+00 0.114782400E+00
 0.106692813E+00 0.983209759E-01 0.896501467E-01 0.806651860E-01 0.713502690E-01
 0.616883598E-01 0.516611412E-01 0.413766280E-01 0.308517870E-01 0.201083887E-01
 0.917330571E-02-0.192125468E-02-0.131375566E-01-0.244321767E-01-0.357559100E-01
-0.470537208E-01-0.582647808E-01-0.693225563E-01-0.801550373E-01-0.906850100E-01
-0.100830473E+00-0.110505171E+00-0.119619213E+00-0.128079906E+00-0.135792568E+00
-0.142661646E+00-0.148591816E+00-0.153489217E+00-0.157262892E+00-0.159826130E+00
-0.161098078E+00-0.161005214E+00-0.159482971E+00-0.156477273E+00-0.151946113E+00
-0.145860955E+00-0.138208196E+00-0.128990382E+00-0.118227310E+00-0.105957054E+00
-0.922366902E-01-0.771429613E-01-0.607726499E-01-0.432428792E-01-0.246912390E-01
-0.527579663E-02 0.148249837E-01 0.354127102E-01 0.562710278E-01 0.771730542E-01
 0.974186808E-01 0.117011800E+00 0.135943532E+00 0.154191852E+00 0.171722949E+00
 0.188493028E+00 0.204450697E+00 0.219539836E+00 0.233703181E+00 0.246886298E+00
 0.136158347E+00 0.134492487E+00 0.129411981E+00 0.122552715E+00 0.115090817E+00
 0.107228801E+00 0.990152061E-01 0.904632285E-01 0.815725029E-01 0.723358542E-01
 0.627419800E-01 0.527767129E-01 0.425489023E-01 0.320776962E-01 0.213866271E-01
 0.105039906E-01-0.536859443E-03-0.116972802E-01-0.229331497E-01-0.341947414E-01
-0.454266667E-01-0.565678701E-01-0.675517544E-01-0.783063322E-01-0.887545645E-01
-0.988147110E-01-0.108400904E+00-0.117423750E+00-0.125791147E+00-0.133409113E+00
-0.140182897E+00-0.146018058E+00-0.150821745E+00-0.154504031E+00-0.156979412E+00
-0.158168182E+00-0.157998115E+00-0.156405956E+00-0.153338984E+00-0.148756504E+00
-0.142631382E+00-0.134951338E+00-0.125720218E+00-0.114959091E+00-0.102707215E+00
-0.890227705E-01-0.739834458E-01-0.576868244E-01-0.402505659E-01-0.218124948E-01
-0.253058225E-02 0.174167920E-01 0.378296413E-01 0.584820211E-01 0.791081041E-01
 0.990724787E-01 0.118388154E+00 0.137046888E+00 0.155025989E+00 0.172291905E+00
 0.188802645E+00 0.204510286E+00 0.219363675E+00 0.233311564E+00 0.246306017E+00
 0.137411430E+00 0.136044949E+00 0.130435884E+00 0.123354472E+00 0.115948498E+00
 0.108197838E+00 0.100104041E+00 0.916691050E-01 0.828909725E-01 0.737635791E-01
 0.642775372E-01 0.544207841E-01 0.443008579E-01 0.339385085E-01 0.233588219E-01
 0.125914495E-01 0.167085964E-02-0.936342776E-02-0.204666499E-01-0.315886512E-01
-0.426738113E-01-0.536610447E-01-0.644838810E-01-0.750706717E-01-0.853448287E-01
-0.952252820E-01-0.104626961E+00-0.113461435E+00-0.121637702E+00-0.129063085E+00
-0.135644183E+00-0.141288117E+00-0.145903662E+00-0.149402633E+00-0.151701316E+00
-0.152721912E+00-0.152394101E+00-0.150656506E+00-0.147458315E+00-0.142760649E+00
-0.136538118E+00-0.128780022E+00-0.119491637E+00-0.108695246E+00-0.964310244E-01
-0.827577487E-01-0.677532628E-01-0.515147261E-01-0.341585986E-01-0.158202276E-01
 0.334710046E-02 0.231742412E-01 0.434810072E-01 0.640881956E-01 0.842211246E-01
 0.103821576E+00 0.122853696E+00 0.141285136E+00 0.159079671E+00 0.176194832E+00
 0.192581609E+00 0.208185688E+00 0.222949535E+00 0.236815527E+00 0.249729395E+00
 0.138554037E+00 0.137284666E+00 0.131739080E+00 0.124660455E+00 0.117289327E+00
 0.109612174E+00 0.101617359E+00 0.932967365E-01 0.846429691E-01 0.756478757E-01
 0.663015246E-01 0.565920062E-01 0.466228984E-01 0.364165604E-01 0.259997789E-01
 0.154036004E-01 0.466355169E-02-0.618009968E-02-0.170821063E-01-0.279920753E-01
-0.388543755E-01-0.496081188E-01-0.601872616E-01-0.705207586E-01-0.805328637E-01
-0.901435539E-01-0.992689729E-01-0.107822157E+00-0.115713723E+00-0.122852802E+00
-0.129148006E+00-0.134508580E+00-0.138845563E+00-0.142073184E+00-0.144110173E+00
-0.144881278E+00-0.144318685E+00-0.142363533E+00-0.138967410E+00-0.134093761E+00
-0.127719298E+00-0.119835205E+00-0.110448368E+00-0.995822847E-01-0.872779787E-01
-0.735945404E-01-0.586096160E-01-0.424195603E-01-0.251394305E-01-0.690287678E-02
 0.121377977E-01 0.318104066E-01 0.519178249E-01 0.722215474E-01 0.920362696E-01
 0.111367524E+00 0.130198151E+00 0.148497760E+00 0.166225418E+00 0.183330312E+00
 0.199752212E+00 0.215422601E+00 0.230266824E+00 0.244207710E+00 0.257170469E+00
 0.140094042E+00 0.138953313E+00 0.133264095E+00 0.126259670E+00 0.118976764E+00
 0.111399405E+00 0.103518412E+00 0.953258350E-01 0.868142173E-01 0.779755116E-01
 0.687999055E-01 0.592741482E-01 0.494898781E-01 0.394773036E-01 0.292663854E-01
 0.188896507E-01 0.838340446E-02-0.221166410E-02-0.128501458E-01-0.234817117E-01
-0.340510085E-01-0.444976613E-01-0.547563471E-01-0.647569969E-01-0.744250640E-01
-0.836819485E-01-0.924454927E-01-0.100630634E+00-0.108150139E+00-0.114915498E+00
-0.120837867E+00-0.125829235E+00-0.129803568E+00-0.132678092E+00-0.134374648E+00
-0.134821117E+00-0.133952856E+00-0.131714076E+00-0.128059343E+00-0.122954883E+00
-0.116379946E+00-0.108327962E+00-0.988076329E-01-0.878438652E-01-0.754785016E-01
-0.617709234E-01-0.467983074E-01-0.306557324E-01-0.134557988E-01 0.467234431E-02
 0.235852227E-01 0.431300290E-01 0.631562397E-01 0.829208195E-01 0.102366835E+00
 0.121459261E+00 0.140165552E+00 0.158447504E+00 0.176257029E+00 0.193533421E+00
 0.210201398E+00 0.226170450E+00 0.241336033E+00 0.255583674E+00 0.268796504E+00
 0.141415015E+00 0.140371740E+00 0.135015294E+00 0.128135934E+00 0.120971687E+00
 0.113517605E+00 0.105768271E+00 0.977196768E-01 0.893683061E-01 0.807104111E-01
 0.717419013E-01 0.624591708E-01 0.528621078E-01 0.430659279E-01 0.330943950E-01
 0.229778774E-01 0.127518997E-01 0.245677354E-02-0.786242727E-02-0.181558188E-01
-0.283686724E-01-0.384414494E-01-0.483098924E-01-0.579052530E-01-0.671545640E-01
-0.759810656E-01-0.843047202E-01-0.920428336E-01-0.991108045E-01-0.105423011E+00
-0.110893734E+00-0.115438268E+00-0.118974067E+00-0.121421993E+00-0.122707628E+00
-0.122762620E+00-0.121526055E+00-0.118945844E+00-0.114980072E+00-0.109598286E+00
-0.102782756E+00-0.945295319E-01-0.848494917E-01-0.737691671E-01-0.613314584E-01
-0.475961193E-01-0.326401554E-01-0.165580548E-01 0.538035354E-03 0.185180157E-01
 0.372330062E-01 0.565128475E-01 0.761591271E-01 0.955627933E-01 0.114738978E+00
 0.133681566E+00 0.152371392E+00 0.170777351E+00 0.188854128E+00 0.206538096E+00
 0.223742142E+00 0.240350291E+00 0.256214201E+00 0.271154940E+00 0.284973919E+00
 0.143156216E+00 0.142246366E+00 0.137033522E+00 0.130297288E+00 0.123270184E+00
 0.115948968E+00 0.108335480E+00 0.100433789E+00 0.922469571E-01 0.837759003E-01
 0.750190392E-01 0.659718439E-01 0.566251613E-01 0.470867939E-01 0.373915806E-01
 0.275736731E-01 0.176697187E-01 0.772013981E-02-0.223035645E-02-0.121325385E-01
-0.219325759E-01-0.315720662E-01-0.409881510E-01-0.501137413E-01-0.588778183E-01
-0.672058538E-01-0.750203282E-01-0.822413787E-01-0.887875184E-01-0.945764929E-01
-0.995262265E-01-0.103555880E+00-0.106586970E+00-0.108544573E+00-0.109358579E+00
-0.108965017E+00-0.107307330E+00-0.104337707E+00-0.100018337E+00-0.943226516E-01
-0.872364342E-01-0.787588656E-01-0.689033940E-01-0.576984957E-01-0.451882333E-01
-0.314326808E-01-0.165081751E-01-0.507465797E-03 0.164602119E-01 0.342691131E-01
 0.527770035E-01 0.718253180E-01 0.908445194E-01 0.109812297E+00 0.128718972E+00
 0.147557139E+00 0.166316703E+00 0.184980914E+00 0.203521147E+00 0.221889421E+00
 0.240007162E+00 0.257748991E+00 0.274921775E+00 0.291245729E+00 0.306357205E+00
 0.145315006E+00 0.144553900E+00 0.139335185E+00 0.132795528E+00 0.125907689E+00
 0.118694887E+00 0.111191005E+00 0.103417158E+00 0.953849778E-01 0.871002153E-01
 0.785649791E-01 0.697793439E-01 0.607431680E-01 0.514598675E-01 0.420594364E-01
 0.325687453E-01 0.230215024E-01 0.134566259E-01 0.391771924E-02-0.554708485E-02
-0.148851974E-01-0.240396708E-01-0.329493582E-01-0.415491611E-01-0.497703478E-01
-0.575409941E-01-0.647865012E-01-0.714302287E-01-0.773942471E-01-0.826001391E-01
-0.869699568E-01-0.904272273E-01-0.928980559E-01-0.943122804E-01-0.946046785E-01
-0.937162116E-01-0.915952772E-01-0.881989151E-01-0.834940523E-01-0.774585754E-01
-0.700824112E-01-0.613684244E-01-0.513332114E-01-0.400076956E-01-0.274375118E-01
-0.136832176E-01 0.117974624E-02 0.170611758E-01 0.338562056E-01 0.514455996E-01
 0.696963519E-01 0.880564526E-01 0.106515259E+00 0.125068024E+00 0.143717125E+00
 0.162470758E+00 0.181341395E+00 0.200343311E+00 0.219489142E+00 0.238783494E+00
 0.258211434E+00 0.277715743E+00 0.297149032E+00 0.316169083E+00 0.334065139E+00
 0.147918284E+00 0.147391304E+00 0.142525241E+00 0.135933205E+00 0.128972009E+00
 0.121738859E+00 0.114270478E+00 0.106582813E+00 0.986832976E-01 0.905750319E-01
 0.822584629E-01 0.737319216E-01 0.649913028E-01 0.560282469E-01 0.469624959E-01
 0.378322564E-01 0.286747050E-01 0.195293427E-01 0.104392460E-01 0.145148998E-02
-0.738272816E-02-0.160081461E-01-0.243655965E-01-0.323922597E-01-0.400220044E-01
-0.471858382E-01-0.538124330E-01-0.598287620E-01-0.651608258E-01-0.697344691E-01
-0.734763071E-01-0.763146803E-01-0.781807601E-01-0.790096447E-01-0.787414983E-01
-0.773227587E-01-0.747073218E-01-0.708576813E-01-0.657460615E-01-0.593554489E-01
-0.516805723E-01-0.427287109E-01-0.325203985E-01-0.210898947E-01-0.848542061E-02
 0.523099117E-02 0.199841354E-01 0.356865637E-01 0.522381067E-01 0.695259422E-01
 0.870255977E-01 0.104730219E+00 0.122640118E+00 0.140764028E+00 0.159120530E+00
 0.177739367E+00 0.196662873E+00 0.215947673E+00 0.235666662E+00 0.255911529E+00
 0.276795834E+00 0.298460066E+00 0.321084768E+00 0.344948739E+00 0.370041281E+00
 0.152144521E+00 0.152230844E+00 0.146727204E+00 0.139488533E+00 0.132232532E+00
 0.124882497E+00 0.117403068E+00 0.109778784E+00 0.102002278E+00 0.940694138E-01
 0.859773904E-01 0.777239874E-01 0.693075210E-01 0.607279465E-01 0.519903526E-01
 0.432349555E-01 0.344904326E-01 0.257925317E-01 0.171821248E-01 0.870451611E-02
 0.409112516E-03-0.765079539E-02-0.154182762E-01-0.228330549E-01-0.298318826E-01
-0.363489874E-01-0.423166230E-01-0.476656929E-01-0.523264743E-01-0.562294349E-01
-0.593061037E-01-0.614900589E-01-0.627179220E-01-0.629304647E-01-0.620737076E-01
-0.601000227E-01-0.569692962E-01-0.526499823E-01-0.471201800E-01-0.403685793E-01
-0.323953517E-01-0.232129283E-01-0.128466776E-01-0.133544963E-02 0.112680262E-01
 0.248972382E-01 0.394738950E-01 0.549156256E-01 0.711279884E-01 0.876249075E-01
 0.104398474E+00 0.121447369E+00 0.138778672E+00 0.156409994E+00 0.174371928E+00
 0.192711145E+00 0.211494446E+00 0.230814099E+00 0.250795454E+00 0.271607816E+00
 0.293480486E+00 0.316727310E+00 0.341785252E+00 0.369270951E+00 0.398727030E+00
 0.155056298E+00 0.155408755E+00 0.149772137E+00 0.142472327E+00 0.135157883E+00
 0.127790630E+00 0.120347157E+00 0.112811714E+00 0.105174460E+00 0.974293277E-01
 0.895723626E-01 0.816005543E-01 0.735109374E-01 0.652994514E-01 0.569585375E-01
 0.486167967E-01 0.403146483E-01 0.320911072E-01 0.239872430E-01 0.160473455E-01
 0.831920560E-02 0.854084850E-03-0.629347516E-02-0.130659426E-01-0.194031727E-01
-0.252428614E-01-0.305211004E-01-0.351729989E-01-0.391333923E-01-0.423376486E-01
-0.447225347E-01-0.462271459E-01-0.467938967E-01-0.463695712E-01-0.449063666E-01
-0.423629917E-01-0.387057140E-01-0.339094102E-01-0.279585198E-01-0.208479427E-01
-0.125838052E-01-0.318413321E-02 0.732054049E-02 0.188863762E-01 0.314546786E-01
 0.449469201E-01 0.592548139E-01 0.743302032E-01 0.897425339E-01 0.105481207E+00
 0.121538155E+00 0.137911499E+00 0.154608220E+00 0.171646670E+00 0.189059511E+00
 0.206897393E+00 0.225234017E+00 0.244172856E+00 0.263856828E+00 0.284481704E+00
 0.306315303E+00 0.329722643E+00 0.355195224E+00 0.383369386E+00 0.413571000E+00
 0.156737581E+00 0.157234266E+00 0.151984394E+00 0.144793838E+00 0.137553766E+00
 0.130265146E+00 0.122920692E+00 0.115514874E+00 0.108044192E+00 0.100506634E+00
 0.929011330E-01 0.852270424E-01 0.774839744E-01 0.696720630E-01 0.617932193E-01
 0.538550019E-01 0.460050330E-01 0.382729433E-01 0.306955744E-01 0.233146437E-01
 0.161757320E-01 0.932778232E-02 0.282272929E-02-0.328484178E-02-0.893809181E-02
-0.140783992E-01-0.186458994E-01-0.225801207E-01-0.258206781E-01-0.283080656E-01
-0.299844872E-01-0.307947863E-01-0.306873862E-01-0.296153016E-01-0.275371540E-01
-0.244182181E-01-0.202314518E-01-0.149584850E-01-0.859053899E-02-0.112923596E-02
 0.741280382E-02 0.170116518E-01 0.276324488E-01 0.392303616E-01 0.517574325E-01
 0.651577562E-01 0.789772123E-01 0.932421237E-01 0.107899368E+00 0.122915618E+00
 0.138269797E+00 0.153950676E+00 0.169956803E+00 0.186297759E+00 0.202996135E+00
 0.220090494E+00 0.237639263E+00 0.255726069E+00 0.274467051E+00 0.294021308E+00
 0.314606905E+00 0.336526752E+00 0.360218078E+00 0.386360854E+00 0.413684219E+00
 0.158116132E+00 0.158797383E+00 0.153588369E+00 0.146519259E+00 0.139400825E+00
 0.132233217E+00 0.125020429E+00 0.117767893E+00 0.110481113E+00 0.103164822E+00
 0.958226025E-01 0.884568766E-01 0.810688585E-01 0.736584812E-01 0.662237182E-01
 0.587583445E-01 0.513968989E-01 0.441797376E-01 0.371476151E-01 0.303427856E-01
 0.238096826E-01 0.175951757E-01 0.117485588E-01 0.632132962E-02 0.136685022E-02
-0.306010549E-02-0.690388959E-02-0.101086032E-01-0.126187894E-01-0.143802017E-01
-0.153406281E-01-0.154507747E-01-0.146651827E-01-0.129431887E-01-0.102499099E-01
-0.655724946E-02-0.184493465E-02 0.389846857E-02 0.106745893E-01 0.184743367E-01
 0.272771642E-01 0.370498076E-01 0.477481186E-01 0.593010373E-01 0.716877580E-01
 0.845147520E-01 0.977649167E-01 0.111419216E+00 0.125449196E+00 0.139826372E+00
 0.154525697E+00 0.169527337E+00 0.184817851E+00 0.200391382E+00 0.216251105E+00
 0.232410744E+00 0.248896316E+00 0.265747935E+00 0.283021599E+00 0.300790459E+00
 0.319145501E+00 0.338193715E+00 0.358049273E+00 0.378776401E+00 0.399338096E+00
 0.158918098E+00 0.159757107E+00 0.154624671E+00 0.147702157E+00 0.140715510E+00
 0.133667395E+00 0.126579523E+00 0.119473889E+00 0.112367913E+00 0.105273880E+00
 0.981999561E-01 0.911513045E-01 0.841311067E-01 0.771413594E-01 0.701836869E-01
 0.632605106E-01 0.563775301E-01 0.496757925E-01 0.431954376E-01 0.369761288E-01
 0.310593192E-01 0.254887920E-01 0.203106236E-01 0.155728906E-01 0.113252597E-01
 0.761849945E-02 0.450392161E-02 0.203275448E-02 0.255451305E-03-0.779066468E-03
-0.102421723E-02-0.436610600E-03 0.102307659E-02 0.338921510E-02 0.669032382E-02
 0.109481225E-01 0.161764398E-01 0.223800987E-01 0.295539610E-01 0.376815461E-01
 0.467366651E-01 0.566685833E-01 0.674790218E-01 0.787982568E-01 0.906491205E-01
 0.102976128E+00 0.115736172E+00 0.128891155E+00 0.142404109E+00 0.156238869E+00
 0.170360774E+00 0.184737369E+00 0.199339151E+00 0.214140326E+00 0.229119405E+00
 0.244259551E+00 0.259548306E+00 0.274976373E+00 0.290534616E+00 0.306207716E+00
 0.321962535E+00 0.337725520E+00 0.353339255E+00 0.368468970E+00 0.382405519E+00
 0.158887520E+00 0.159771085E+00 0.155135155E+00 0.148466259E+00 0.141563550E+00
 0.134554267E+00 0.127524301E+00 0.120521210E+00 0.113571361E+00 0.106689498E+00
 0.998837203E-01 0.931582823E-01 0.865153596E-01 0.799561888E-01 0.734821260E-01
 0.670956224E-01 0.608016849E-01 0.546100661E-01 0.486876182E-01 0.430626161E-01
 0.377705880E-01 0.328513011E-01 0.283473283E-01 0.243032146E-01 0.207648724E-01
 0.177790169E-01 0.153925968E-01 0.136521589E-01 0.126031628E-01 0.122892335E-01
 0.127513548E-01 0.140270181E-01 0.161493830E-01 0.191465244E-01 0.230407789E-01
 0.278482661E-01 0.335773453E-01 0.402268246E-01 0.477871560E-01 0.562265590E-01
 0.655636191E-01 0.754575282E-01 0.859385505E-01 0.969607309E-01 0.108488895E+00
 0.120482437E+00 0.132899150E+00 0.145695806E+00 0.158827960E+00 0.172249824E+00
 0.185914487E+00 0.199774235E+00 0.213781059E+00 0.227887064E+00 0.242044792E+00
 0.256207287E+00 0.270327270E+00 0.284355283E+00 0.298236042E+00 0.311901808E+00
 0.325262189E+00 0.338189185E+00 0.350497574E+00 0.361927480E+00 0.372149527E+00
 0.160522938E+00 0.162203431E+00 0.156782031E+00 0.149319470E+00 0.142002583E+00
 0.134783030E+00 0.127685517E+00 0.120724551E+00 0.113906644E+00 0.107233457E+00
 0.100703947E+00 0.943157375E-01 0.880659893E-01 0.819519386E-01 0.759711713E-01
 0.701213852E-01 0.643993989E-01 0.587982275E-01 0.534716919E-01 0.484601669E-01
 0.438032299E-01 0.395407490E-01 0.357134193E-01 0.323628671E-01 0.295314696E-01
 0.272619724E-01 0.255970042E-01 0.245784968E-01 0.242470335E-01 0.246411152E-01
 0.257963259E-01 0.277443379E-01 0.305119138E-01 0.341201685E-01 0.385841280E-01
 0.439169332E-01 0.501251295E-01 0.571948215E-01 0.651586950E-01 0.737120509E-01
 0.828913525E-01 0.926611573E-01 0.102995783E+00 0.113863230E+00 0.125228122E+00
 0.137051046E+00 0.149288654E+00 0.161893502E+00 0.174813986E+00 0.187994063E+00
 0.201373354E+00 0.214887246E+00 0.228467435E+00 0.242042527E+00 0.255538911E+00
 0.268881440E+00 0.281993926E+00 0.294798821E+00 0.307215780E+00 0.319158942E+00
 0.330532581E+00 0.341226399E+00 0.351111561E+00 0.360041589E+00 0.367861599E+00
 0.161178395E+00 0.163412884E+00 0.157562926E+00 0.149218559E+00 0.141357288E+00
 0.133869261E+00 0.126690328E+00 0.119783074E+00 0.113122836E+00 0.106691197E+00
 0.100473493E+00 0.944578126E-01 0.886345804E-01 0.829964057E-01 0.775379539E-01
 0.722558945E-01 0.671490580E-01 0.622191541E-01 0.574732088E-01 0.530688688E-01
 0.490447804E-01 0.454376601E-01 0.422845595E-01 0.396233089E-01 0.374923050E-01
 0.359301232E-01 0.349750146E-01 0.346643627E-01 0.350340605E-01 0.361178815E-01
 0.379468873E-01 0.405478142E-01 0.439408496E-01 0.481390841E-01 0.531328395E-01
 0.589465424E-01 0.656311661E-01 0.729216635E-01 0.808601454E-01 0.894223154E-01
 0.985929444E-01 0.108350888E+00 0.118671738E+00 0.129526854E+00 0.140882969E+00
 0.152701601E+00 0.164938375E+00 0.177542359E+00 0.190455258E+00 0.203610823E+00
 0.216934368E+00 0.230342731E+00 0.243744746E+00 0.257042438E+00 0.270132929E+00
 0.282911032E+00 0.295272142E+00 0.307115078E+00 0.318344325E+00 0.328871310E+00
 0.338614434E+00 0.347498447E+00 0.355453879E+00 0.362417489E+00 0.368335247E+00
 0.158634767E+00 0.160938352E+00 0.155143052E+00 0.146675691E+00 0.138699889E+00
 0.131186679E+00 0.124086209E+00 0.117353328E+00 0.110949740E+00 0.104843944E+00
 0.990105197E-01 0.934294015E-01 0.880851522E-01 0.829663575E-01 0.780651793E-01
 0.733770132E-01 0.689004362E-01 0.646374896E-01 0.605946481E-01 0.567847751E-01
 0.533912182E-01 0.504381731E-01 0.479560792E-01 0.459780842E-01 0.445383787E-01
 0.436712392E-01 0.434104316E-01 0.437888652E-01 0.448376760E-01 0.465856306E-01
 0.490625128E-01 0.522954352E-01 0.562973581E-01 0.611259714E-01 0.665441826E-01
 0.726137012E-01 0.793553889E-01 0.867441595E-01 0.947695524E-01 0.103418939E+00
 0.112678558E+00 0.122531980E+00 0.132959425E+00 0.143936858E+00 0.155435160E+00
 0.167418882E+00 0.179845095E+00 0.192661837E+00 0.205806464E+00 0.219203994E+00
 0.232765645E+00 0.246387884E+00 0.259952366E+00 0.273327529E+00 0.286371738E+00
 0.298938870E+00 0.310885310E+00 0.322078019E+00 0.332402110E+00 0.341766745E+00
 0.350108415E+00 0.357391208E+00 0.363604605E+00 0.368759245E+00 0.372882485E+00
 0.153728694E+00 0.156095162E+00 0.149901062E+00 0.141467378E+00 0.133638009E+00
 0.126347527E+00 0.119541861E+00 0.113166541E+00 0.107172795E+00 0.101519875E+00
 0.961752683E-01 0.911139250E-01 0.863172039E-01 0.817718357E-01 0.774689540E-01
 0.734032914E-01 0.695723817E-01 0.659755692E-01 0.626121983E-01 0.594779179E-01
 0.567470863E-01 0.544584356E-01 0.526472107E-01 0.513464361E-01 0.505878106E-01
 0.504016429E-01 0.508165397E-01 0.518621355E-01 0.535647310E-01 0.559340306E-01
 0.590093099E-01 0.628561303E-01 0.672703534E-01 0.723044723E-01 0.779574886E-01
 0.842391476E-01 0.911560282E-01 0.987074003E-01 0.106890351E+00 0.115699999E+00
 0.125129476E+00 0.135169491E+00 0.145807713E+00 0.157027856E+00 0.168808565E+00
 0.181121871E+00 0.193931341E+00 0.207189560E+00 0.220835328E+00 0.234790131E+00
 0.248954594E+00 0.263204962E+00 0.277390808E+00 0.291334897E+00 0.304837346E+00
 0.317684621E+00 0.329664439E+00 0.340583861E+00 0.350287408E+00 0.358671129E+00
 0.365690202E+00 0.371358722E+00 0.375742137E+00 0.378943682E+00 0.381087691E+00
 0.145187408E+00 0.147289455E+00 0.141493514E+00 0.133336753E+00 0.125907004E+00
 0.119115479E+00 0.112865612E+00 0.107075699E+00 0.101681843E+00 0.966361612E-01
 0.919036493E-01 0.874593258E-01 0.832859352E-01 0.793722048E-01 0.757115707E-01
 0.723012388E-01 0.691415220E-01 0.662353635E-01 0.635881722E-01 0.612082183E-01
 0.591090135E-01 0.574658699E-01 0.563128218E-01 0.556778498E-01 0.555887856E-01
 0.560711436E-01 0.571370795E-01 0.588263273E-01 0.612050146E-01 0.640988052E-01
 0.675675049E-01 0.716404468E-01 0.763101876E-01 0.815830976E-01 0.874654502E-01
 0.939644948E-01 0.101086944E+00 0.108837977E+00 0.117221504E+00 0.126240224E+00
 0.135895610E+00 0.146187648E+00 0.157114357E+00 0.168671027E+00 0.180849105E+00
 0.193634555E+00 0.207005545E+00 0.220929250E+00 0.235357583E+00 0.250221312E+00
 0.265422940E+00 0.280827701E+00 0.296254367E+00 0.311467350E+00 0.326175392E+00
 0.340042949E+00 0.352719724E+00 0.363884419E+00 0.373289406E+00 0.380792588E+00
 0.386371195E+00 0.390120059E+00 0.392234266E+00 0.392975748E+00 0.392627984E+00
 0.133155972E+00 0.134849533E+00 0.129274800E+00 0.121776715E+00 0.115224339E+00
 0.109365046E+00 0.104024157E+00 0.990946740E-01 0.945108980E-01 0.902318954E-01
 0.862319916E-01 0.824953839E-01 0.790129229E-01 0.757803023E-01 0.727968365E-01
 0.700648502E-01 0.675892755E-01 0.653775409E-01 0.634396896E-01 0.617887378E-01
 0.604413822E-01 0.594188645E-01 0.589175485E-01 0.589376763E-01 0.595093817E-01
 0.606903806E-01 0.623302795E-01 0.644828454E-01 0.671776012E-01 0.704131797E-01
 0.742022023E-01 0.785580352E-01 0.834902599E-01 0.890086144E-01 0.951229632E-01
 0.101843454E+00 0.109180354E+00 0.117143877E+00 0.125744298E+00 0.134992003E+00
 0.144897565E+00 0.155471802E+00 0.166725546E+00 0.178669423E+00 0.191313043E+00
 0.204663903E+00 0.218725428E+00 0.233493879E+00 0.248953611E+00 0.265069813E+00
 0.281777442E+00 0.298965275E+00 0.316452652E+00 0.333958477E+00 0.351066947E+00
 0.367211789E+00 0.381726980E+00 0.393983781E+00 0.403530598E+00 0.410148889E+00
 0.413850605E+00 0.414871663E+00 0.413662970E+00 0.410830289E+00 0.406991899E+00
 0.115747102E+00 0.116321653E+00 0.111587010E+00 0.106259570E+00 0.101624131E+00
 0.973341912E-01 0.932994783E-01 0.894871727E-01 0.858854577E-01 0.824916586E-01
 0.793075785E-01 0.763373896E-01 0.735867321E-01 0.710623264E-01 0.687719136E-01
 0.667243302E-01 0.649297237E-01 0.633997992E-01 0.621480681E-01 0.611900091E-01
 0.605427697E-01 0.602236614E-01 0.604557581E-01 0.611001924E-01 0.621979050E-01
 0.637729019E-01 0.658245385E-01 0.683656931E-01 0.714110136E-01 0.749726892E-01
 0.790636018E-01 0.836969018E-01 0.888854563E-01 0.946421698E-01 0.100980200E+00
 0.107913166E+00 0.115455329E+00 0.123621799E+00 0.132428825E+00 0.141894147E+00
 0.152037442E+00 0.162880704E+00 0.174448758E+00 0.186769649E+00 0.199875027E+00
 0.213800162E+00 0.228583679E+00 0.244266436E+00 0.260889024E+00 0.278486699E+00
 0.297080219E+00 0.316659272E+00 0.337152779E+00 0.358373404E+00 0.379904091E+00
 0.400849849E+00 0.419576108E+00 0.434461236E+00 0.444774449E+00 0.450332850E+00
 0.451212257E+00 0.447751135E+00 0.440770775E+00 0.431878656E+00 0.422767043E+00
 0.929764211E-01 0.908893943E-01 0.900197029E-01 0.886637792E-01 0.865322202E-01
 0.840554312E-01 0.814414322E-01 0.788045004E-01 0.762158707E-01 0.737241507E-01
 0.713647157E-01 0.691645592E-01 0.671452060E-01 0.653246492E-01 0.637186989E-01
 0.623421073E-01 0.612094179E-01 0.603358187E-01 0.597379319E-01 0.594348013E-01
 0.594493821E-01 0.598113164E-01 0.605630018E-01 0.617142282E-01 0.632815212E-01
 0.652810931E-01 0.677265301E-01 0.706320107E-01 0.740121678E-01 0.778815895E-01
 0.822549984E-01 0.871472806E-01 0.925734714E-01 0.985488668E-01 0.105089240E+00
 0.112211064E+00 0.119931884E+00 0.128270715E+00 0.137248620E+00 0.146889299E+00
 0.157219976E+00 0.168272316E+00 0.180083647E+00 0.192698345E+00 0.206169516E+00
 0.220561102E+00 0.235950246E+00 0.252430081E+00 0.270112753E+00 0.289132327E+00
 0.309646457E+00 0.331835926E+00 0.355899960E+00 0.382049680E+00 0.410519123E+00
 0.441720486E+00 0.469552845E+00 0.488321900E+00 0.499442309E+00 0.503654957E+00
 0.500331402E+00 0.490058094E+00 0.471899539E+00 0.451457053E+00 0.435724348E+00
 0.764157921E-01 0.734587684E-01 0.731161907E-01 0.729825348E-01 0.721707568E-01
 0.709034428E-01 0.693614930E-01 0.676797032E-01 0.659564212E-01 0.642636493E-01
 0.626546964E-01 0.611696281E-01 0.598391891E-01 0.586877093E-01 0.577352643E-01
 0.569993258E-01 0.564960726E-01 0.562413707E-01 0.562516227E-01 0.565444119E-01
 0.571390055E-01 0.580564439E-01 0.593185164E-01 0.609433539E-01 0.629481822E-01
 0.653496832E-01 0.681640506E-01 0.714074522E-01 0.750961602E-01 0.792466030E-01
 0.838753060E-01 0.889989287E-01 0.946342796E-01 0.100798398E+00 0.107508779E+00
 0.114783637E+00 0.122642361E+00 0.131106079E+00 0.140198410E+00 0.149946332E+00
 0.160381392E+00 0.171541020E+00 0.183470368E+00 0.196224481E+00 0.209871203E+00
 0.224494994E+00 0.240202054E+00 0.257127374E+00 0.275444359E+00 0.295378208E+00
 0.317224056E+00 0.341369867E+00 0.368322104E+00 0.398727208E+00 0.433383912E+00
 0.470447689E+00 0.498613656E+00 0.517651260E+00 0.528069854E+00 0.529503345E+00
 0.522218108E+00 0.504918039E+00 0.479286641E+00 0.457115769E+00 0.439153522E+00
 0.634852126E-01 0.599606484E-01 0.595445931E-01 0.596160814E-01 0.592326000E-01
 0.585117266E-01 0.575684272E-01 0.565053634E-01 0.554074720E-01 0.543417297E-01
 0.533594638E-01 0.524994582E-01 0.517911129E-01 0.512571670E-01 0.509159490E-01
 0.507830977E-01 0.508728288E-01 0.511988886E-01 0.517751910E-01 0.526162498E-01
 0.537374280E-01 0.551548786E-01 0.568852387E-01 0.589450598E-01 0.613509752E-01
 0.641198382E-01 0.672688484E-01 0.708155856E-01 0.747780353E-01 0.791744366E-01
 0.840231925E-01 0.893426761E-01 0.951511562E-01 0.101466775E+00 0.108307704E+00
 0.115692422E+00 0.123640224E+00 0.132171869E+00 0.141310424E+00 0.151082411E+00
 0.161519006E+00 0.172657683E+00 0.184544086E+00 0.197234496E+00 0.210799068E+00
 0.225326046E+00 0.240927845E+00 0.257749587E+00 0.275981933E+00 0.295880526E+00
 0.317797154E+00 0.342230499E+00 0.369908303E+00 0.401889414E+00 0.439293414E+00
 0.472265422E+00 0.496979713E+00 0.513482094E+00 0.521528363E+00 0.521075964E+00
 0.510649383E+00 0.489441991E+00 0.466557860E+00 0.447365433E+00 0.431151360E+00
 0.529836342E-01 0.489319339E-01 0.479978882E-01 0.478518866E-01 0.474231914E-01
 0.467992574E-01 0.460725650E-01 0.453249477E-01 0.446224771E-01 0.440149046E-01
 0.435378850E-01 0.432162732E-01 0.430674814E-01 0.431043133E-01 0.433370471E-01
 0.437749103E-01 0.444269367E-01 0.453025065E-01 0.464116111E-01 0.477650017E-01
 0.493742786E-01 0.512519255E-01 0.534113608E-01 0.558669679E-01 0.586342104E-01
 0.617297776E-01 0.651716068E-01 0.689788014E-01 0.731714368E-01 0.777701810E-01
 0.827958286E-01 0.882688835E-01 0.942090899E-01 0.100635260E+00 0.107565187E+00
 0.115015939E+00 0.123004347E+00 0.131547809E+00 0.140665263E+00 0.150378361E+00
 0.160712764E+00 0.171699569E+00 0.183376983E+00 0.195792168E+00 0.209003627E+00
 0.223084182E+00 0.238124907E+00 0.254240632E+00 0.271577626E+00 0.290325195E+00
 0.310733616E+00 0.333145410E+00 0.358058393E+00 0.386314720E+00 0.416455716E+00
 0.441692770E+00 0.460972637E+00 0.473947644E+00 0.480489403E+00 0.479581356E+00
 0.470868349E+00 0.455260247E+00 0.440275878E+00 0.426578194E+00 0.414215863E+00
 0.439444110E-01 0.392292440E-01 0.377692878E-01 0.370897092E-01 0.362435281E-01
 0.353622437E-01 0.345531292E-01 0.338911749E-01 0.334205441E-01 0.331618562E-01
 0.331205986E-01 0.332943201E-01 0.336777791E-01 0.342661589E-01 0.350567140E-01
 0.360492915E-01 0.372461714E-01 0.386516005E-01 0.402712785E-01 0.421119817E-01
 0.441814288E-01 0.464883484E-01 0.490427725E-01 0.518564507E-01 0.549432710E-01
 0.583196022E-01 0.620044507E-01 0.660193115E-01 0.703877062E-01 0.751343891E-01
 0.802843347E-01 0.858616233E-01 0.918884128E-01 0.983841866E-01 0.105365448E+00
 0.112845898E+00 0.120837092E+00 0.129349545E+00 0.138393968E+00 0.147982731E+00
 0.158131093E+00 0.168858439E+00 0.180189252E+00 0.192154020E+00 0.204789966E+00
 0.218141645E+00 0.232261330E+00 0.247208789E+00 0.263049811E+00 0.279852033E+00
 0.297673881E+00 0.316538155E+00 0.336367339E+00 0.356838793E+00 0.376972318E+00
 0.394717813E+00 0.408956289E+00 0.419123113E+00 0.424854547E+00 0.425963908E+00
 0.422605693E+00 0.416273415E+00 0.408606678E+00 0.400444418E+00 0.392287731E+00
 0.365690887E-01 0.310317222E-01 0.285628177E-01 0.268204380E-01 0.250574909E-01
 0.235336740E-01 0.223959759E-01 0.216939971E-01 0.214148778E-01 0.215156414E-01
 0.219446924E-01 0.226539951E-01 0.236049592E-01 0.247702710E-01 0.261332076E-01
 0.276855640E-01 0.294250976E-01 0.313531086E-01 0.334725305E-01 0.357867777E-01
 0.382993445E-01 0.410141312E-01 0.439362749E-01 0.470733047E-01 0.504362993E-01
 0.540408604E-01 0.579076335E-01 0.620622933E-01 0.665347651E-01 0.713577121E-01
 0.765644312E-01 0.821863711E-01 0.882507488E-01 0.947787911E-01 0.101784818E+00
 0.109276488E+00 0.117256008E+00 0.125722125E+00 0.134672329E+00 0.144105032E+00
 0.154021114E+00 0.164424837E+00 0.175324246E+00 0.186730742E+00 0.198658332E+00
 0.211122036E+00 0.224135458E+00 0.237706900E+00 0.251832992E+00 0.266488343E+00
 0.281608701E+00 0.297063917E+00 0.312618554E+00 0.327884614E+00 0.342300445E+00
 0.355208874E+00 0.366020143E+00 0.374314398E+00 0.379865825E+00 0.382661939E+00
 0.382937342E+00 0.381160945E+00 0.377903104E+00 0.373681515E+00 0.368899792E+00
 0.316272676E-01 0.252485219E-01 0.204461198E-01 0.162879117E-01 0.126797194E-01
 0.100653125E-01 0.852785446E-02 0.792082772E-02 0.805102661E-02 0.874008890E-02
 0.984142907E-02 0.112446900E-01 0.128747486E-01 0.146869719E-01 0.166601036E-01
 0.187884383E-01 0.210746974E-01 0.235243719E-01 0.261418689E-01 0.289284829E-01
 0.318821259E-01 0.349985585E-01 0.382737555E-01 0.417067371E-01 0.453023538E-01
 0.490735695E-01 0.530429929E-01 0.572433323E-01 0.617165677E-01 0.665113032E-01
 0.716784224E-01 0.772655085E-01 0.833113864E-01 0.898419023E-01 0.968679413E-01
 0.104385957E+00 0.112380974E+00 0.120831199E+00 0.129713088E+00 0.139005378E+00
 0.148691386E+00 0.158759609E+00 0.169202864E+00 0.180016682E+00 0.191196978E+00
 0.202737257E+00 0.214625001E+00 0.226837099E+00 0.239333823E+00 0.252050817E+00
 0.264889091E+00 0.277703553E+00 0.290292591E+00 0.302394837E+00 0.313701034E+00
 0.323886096E+00 0.332653999E+00 0.339779854E+00 0.345138550E+00 0.348719954E+00
 0.350628912E+00 0.351065904E+00 0.350288600E+00 0.348567873E+00 0.346154124E+00
 0.275666863E-01 0.199198071E-01 0.119593143E-01 0.359604717E-02-0.437268382E-02
-0.763362367E-02-0.874444842E-02-0.844157021E-02-0.719871186E-02-0.535885664E-02
-0.317015476E-02-0.796561537E-03 0.167245022E-02 0.420519523E-02 0.680720946E-02
 0.950246677E-02 0.123192882E-01 0.152809853E-01 0.184002463E-01 0.216766410E-01
 0.250972509E-01 0.286404938E-01 0.322823524E-01 0.360032544E-01 0.397939235E-01
 0.436596386E-01 0.476233177E-01 0.517277904E-01 0.560365617E-01 0.606307574E-01
 0.656001717E-01 0.710294172E-01 0.769841224E-01 0.835014060E-01 0.905857459E-01
 0.982101485E-01 0.106323510E+00 0.114863522E+00 0.123770282E+00 0.132995129E+00
 0.142502993E+00 0.152270302E+00 0.162281260E+00 0.172523707E+00 0.182985336E+00
 0.193650141E+00 0.204494849E+00 0.215485230E+00 0.226572096E+00 0.237687096E+00
 0.248738557E+00 0.259608388E+00 0.270151496E+00 0.280199379E+00 0.289569497E+00
 0.298080534E+00 0.305570841E+00 0.311916292E+00 0.317044437E+00 0.320941597E+00
 0.323652387E+00 0.325271219E+00 0.325927854E+00 0.325770020E+00 0.324947774E+00
 0.237055421E-01 0.145970676E-01 0.417053094E-02-0.813007448E-02-0.220806431E-01
-0.301006604E-01-0.307670906E-01-0.278810486E-01-0.242851228E-01-0.203903615E-01
-0.165314674E-01-0.128923841E-01-0.950322486E-02-0.629648939E-02-0.316788489E-02
-0.141887294E-04 0.324942963E-02 0.668216590E-02 0.103130359E-01 0.141370380E-01
 0.181150660E-01 0.221829526E-01 0.262698103E-01 0.303167105E-01 0.342870951E-01
 0.381696448E-01 0.419798568E-01 0.457658134E-01 0.496200658E-01 0.536898114E-01
 0.581616089E-01 0.632120147E-01 0.689652562E-01 0.754815564E-01 0.827549845E-01
 0.907080397E-01 0.991991982E-01 0.108067125E+00 0.117183551E+00 0.126469493E+00
 0.135883465E+00 0.145405829E+00 0.155027255E+00 0.164741382E+00 0.174539983E+00
 0.184409514E+00 0.194328487E+00 0.204265207E+00 0.214175880E+00 0.224002883E+00
 0.233673826E+00 0.243101642E+00 0.252186120E+00 0.260817736E+00 0.268883586E+00
 0.276275247E+00 0.282897770E+00 0.288677812E+00 0.293570399E+00 0.297562450E+00
 0.300672710E+00 0.302948445E+00 0.304459184E+00 0.305289119E+00 0.305529416E+00
 0.221872963E-01 0.126211252E-01 0.147048605E-02-0.119564636E-01-0.281859674E-01
-0.405645929E-01-0.471340343E-01-0.476162843E-01-0.419603214E-01-0.347041637E-01
-0.285593867E-01-0.236857869E-01-0.197322052E-01-0.162854847E-01-0.130213387E-01
-0.971541833E-02-0.621316349E-02-0.240831752E-02 0.176007953E-02 0.629023975E-02
 0.110857775E-01 0.159565043E-01 0.207031742E-01 0.251968130E-01 0.293761156E-01
 0.332167000E-01 0.367116183E-01 0.398692973E-01 0.427405462E-01 0.455455109E-01
 0.488553271E-01 0.531196967E-01 0.584989041E-01 0.650613308E-01 0.728287846E-01
 0.817109570E-01 0.912671015E-01 0.100933887E+00 0.110516720E+00 0.119987890E+00
 0.129361540E+00 0.138660938E+00 0.147907466E+00 0.157116234E+00 0.166294083E+00
 0.175438538E+00 0.184537321E+00 0.193567887E+00 0.202497303E+00 0.211282343E+00
 0.219869927E+00 0.228198290E+00 0.236198917E+00 0.243799403E+00 0.250927210E+00
 0.257514179E+00 0.263500988E+00 0.268841565E+00 0.273506373E+00 0.277484179E+00
 0.280782402E+00 0.283425689E+00 0.285453051E+00 0.286914349E+00 0.287866145E+00
 0.236616936E-01 0.148596354E-01 0.492635230E-02-0.630377978E-02-0.188203845E-01
-0.322945118E-01-0.442610197E-01-0.504002646E-01-0.500060469E-01-0.424869955E-01
-0.352051891E-01-0.308663249E-01-0.280604362E-01-0.255182814E-01-0.228663534E-01
-0.199194551E-01-0.165347531E-01-0.125748673E-01-0.789278466E-02-0.233653816E-02
 0.413128221E-02 0.106391376E-01 0.164360162E-01 0.215170551E-01 0.259391665E-01
 0.297316667E-01 0.328783542E-01 0.353019200E-01 0.368289389E-01 0.371583067E-01
 0.385730155E-01 0.418153554E-01 0.466703288E-01 0.532787368E-01 0.617114753E-01
 0.722337961E-01 0.840144455E-01 0.947332010E-01 0.104767613E+00 0.114331044E+00
 0.123559661E+00 0.132546112E+00 0.141353860E+00 0.150024623E+00 0.158582762E+00
 0.167038217E+00 0.175388634E+00 0.183620974E+00 0.191712722E+00 0.199633107E+00
 0.207344353E+00 0.214803025E+00 0.221961871E+00 0.228771940E+00 0.235184982E+00
 0.241156131E+00 0.246646479E+00 0.251625448E+00 0.256072611E+00 0.259978712E+00
 0.263346016E+00 0.266187578E+00 0.268526047E+00 0.270391881E+00 0.271821022E+00
 0.274925381E-01 0.201134160E-01 0.120499367E-01 0.330704707E-02-0.598734803E-02
-0.155704301E-01-0.250623636E-01-0.339987725E-01-0.390325710E-01-0.356707573E-01
-0.315376818E-01-0.302787460E-01-0.303282365E-01-0.294367522E-01-0.278424677E-01
-0.255962126E-01-0.226361956E-01-0.188443214E-01-0.140267992E-01-0.781953149E-02
 0.452989567E-03 0.857329741E-02 0.150620332E-01 0.204308219E-01 0.249331109E-01
 0.286766477E-01 0.316704735E-01 0.338303037E-01 0.349570177E-01 0.347893089E-01
 0.357090607E-01 0.385943986E-01 0.432417281E-01 0.497174934E-01 0.581371374E-01
 0.687900856E-01 0.806503743E-01 0.913027748E-01 0.101091444E+00 0.110274248E+00
 0.119026393E+00 0.127468392E+00 0.135682344E+00 0.143721566E+00 0.151617467E+00
 0.159384653E+00 0.167024881E+00 0.174529836E+00 0.181883171E+00 0.189062178E+00
 0.196039110E+00 0.202782586E+00 0.209258974E+00 0.215433925E+00 0.221274018E+00
 0.226748317E+00 0.231830001E+00 0.236497700E+00 0.240736589E+00 0.244538993E+00
 0.247904658E+00 0.250840455E+00 0.253359795E+00 0.255481631E+00 0.257229298E+00
 0.131082094E+01 0.133092344E+01 0.134444010E+01 0.136047602E+01 0.137738025E+01
 0.139480710E+01 0.141263759E+01 0.143240237E+01 0.145110595E+01 0.146973777E+01
 0.148926580E+01 0.150979769E+01 0.153040755E+01 0.155145431E+01 0.157364154E+01
 0.159647262E+01 0.161942351E+01 0.164324009E+01 0.166793990E+01 0.169327199E+01
 0.171927547E+01 0.174602175E+01 0.177364278E+01 0.180225372E+01 0.183167577E+01
 0.186193955E+01 0.189318299E+01 0.192557931E+01 0.195907104E+01 0.199362755E+01
 0.202933359E+01 0.206631041E+01 0.210471344E+01 0.214452434E+01 0.218574572E+01
 0.222852254E+01 0.227300501E+01 0.231929541E+01 0.236746001E+01 0.241763377E+01
 0.246992564E+01 0.252457857E+01 0.258164716E+01 0.264140511E+01 0.270415831E+01
 0.276989651E+01 0.283893180E+01 0.291159081E+01 0.298853183E+01 0.306970024E+01
 0.315555596E+01 0.324714899E+01 0.334492183E+01 0.344976115E+01 0.356201267E+01
 0.368429637E+01 0.381660461E+01 0.396159124E+01 0.412326193E+01 0.430431843E+01
 0.451437140E+01 0.476424313E+01 0.508358765E+01 0.555905008E+01 0.762287092E+01
   83   88
 0.110792255E+01-0.100000001E+00 0.111233819E+01 0.000000000E+00 0.112225294E+01
 0.100000001E+00 0.113218749E+01 0.164902240E+00 0.114852405E+01 0.250000000E+00
 0.116023719E+01 0.300000012E+00 0.118531251E+01 0.394632429E+00 0.120147765E+01
 0.449999988E+00 0.121712780E+01 0.500000000E+00 0.123843753E+01 0.566270888E+00
 0.126499999E+01 0.643464744E+00 0.128480375E+01 0.699999988E+00 0.130273235E+01
 0.750000000E+00 0.132071316E+01 0.800000012E+00 0.134468746E+01 0.871542811E+00
 0.137125003E+01 0.941820741E+00 0.139591706E+01 0.100719810E+01 0.145093751E+01
 0.979728162E+00 0.149356008E+01 0.949999988E+00 0.153062499E+01 0.929715276E+00
 0.157278872E+01 0.899999976E+00 0.161031246E+01 0.876267672E+00 0.164525855E+01
 0.850000024E+00 0.169000006E+01 0.817889690E+00 0.171656251E+01 0.796525180E+00
 0.176968753E+01 0.754671335E+00 0.179624999E+01 0.732562482E+00 0.183291399E+01
 0.699999988E+00 0.187593746E+01 0.661429107E+00 0.190250003E+01 0.635817707E+00
 0.193779719E+01 0.600000024E+00 0.198218751E+01 0.552365422E+00 0.200874996E+01
 0.521238983E+00 0.203531241E+01 0.487792879E+00 0.206358171E+01 0.449999988E+00
 0.209713387E+01 0.400000006E+00 0.212726927E+01 0.349999994E+00 0.215433788E+01
 0.300000012E+00 0.217850900E+01 0.250000000E+00 0.219970441E+01 0.200000003E+00
 0.222125006E+01 0.136951849E+00 0.224283075E+01 0.500000007E-01 0.225005507E+01
 0.000000000E+00 0.225148344E+01-0.100000001E+00 0.224605870E+01-0.150000006E+00
 0.222705650E+01-0.250000000E+00 0.221343231E+01-0.300000012E+00 0.219468760E+01
-0.359884590E+00 0.216812491E+01-0.430675149E+00 0.214156246E+01-0.490986496E+00
 0.211500001E+01-0.543111145E+00 0.208843756E+01-0.588767767E+00 0.206187510E+01
-0.629264712E+00 0.203531241E+01-0.665469646E+00 0.200667381E+01-0.699999988E+00
 0.196112871E+01-0.750000000E+00 0.192906249E+01-0.781343758E+00 0.190250003E+01
-0.804883122E+00 0.184937501E+01-0.846116543E+00 0.182281256E+01-0.865126491E+00
 0.176968753E+01-0.896570086E+00 0.174312496E+01-0.910864353E+00 0.169000006E+01
-0.933274448E+00 0.163687503E+01-0.949126244E+00 0.161031246E+01-0.955751419E+00
 0.155718756E+01-0.963055670E+00 0.150406253E+01-0.963076949E+00 0.145093751E+01
-0.955010831E+00 0.142437506E+01-0.947163999E+00 0.137125003E+01-0.924597502E+00
 0.133543444E+01-0.899999976E+00 0.129156256E+01-0.856788933E+00 0.126499999E+01
-0.820154250E+00 0.123843753E+01-0.773646772E+00 0.121187496E+01-0.716298580E+00
 0.118655527E+01-0.649999976E+00 0.116971457E+01-0.600000024E+00 0.115499103E+01
-0.550000012E+00 0.113218749E+01-0.450831950E+00 0.112365186E+01-0.400000006E+00
 0.111285830E+01-0.300000012E+00 0.110810530E+01-0.200000003E+00 0.110792255E+01
-0.100000001E+00
 0.101730001E+01 0.000000000E+00 0.101932001E+01 0.111591995E+01 0.101127005E+01
 0.116271996E+01 0.100224996E+01 0.121238995E+01 0.102639997E+01 0.121238995E+01
 0.103497005E+01 0.116392004E+01 0.103842998E+01 0.116235995E+01 0.106122005E+01
 0.116356003E+01 0.109895003E+01 0.116589999E+01 0.113813996E+01 0.116823995E+01
 0.116191995E+01 0.117446005E+01 0.119008005E+01 0.118699002E+01 0.121012998E+01
 0.120185006E+01 0.123081994E+01 0.122499001E+01 0.123939002E+01 0.123863995E+01
 0.126108003E+01 0.128634000E+01 0.128076005E+01 0.133403003E+01 0.128076005E+01
 0.134810996E+01 0.133062005E+01 0.134810996E+01 0.141947997E+01 0.134748995E+01
 0.141947997E+01 0.131036997E+01 0.137993002E+01 0.131093001E+01 0.137410998E+01
 0.130689001E+01 0.136740994E+01 0.126408994E+01 0.136789000E+01 0.122646999E+01
 0.137232995E+01 0.119475996E+01 0.138840997E+01 0.116448998E+01 0.140222001E+01
 0.115728998E+01 0.141559005E+01 0.115646994E+01 0.142587996E+01 0.116276002E+01
 0.144700003E+01 0.118200004E+01 0.148800004E+01 0.121899998E+01 0.149600005E+01
 0.122800004E+01 0.149109995E+01 0.121349001E+01 0.149501002E+01 0.116171002E+01
 0.147765005E+01 0.112226999E+01 0.148169005E+01 0.111591995E+01 0.149105000E+01
 0.111275005E+01 0.152942002E+01 0.110483003E+01 0.160203004E+01 0.109308004E+01
 0.164134002E+01 0.107020998E+01 0.164687002E+01 0.107845998E+01 0.178340006E+01
 0.107209003E+01 0.204518008E+01 0.103909004E+01 0.205605006E+01 0.104322004E+01
 0.210643005E+01 0.999729991E+00 0.208569002E+01 0.869265974E+00 0.222220993E+01
 0.519111991E+00 0.224294996E+01 0.448630989E+00 0.230183005E+01 0.280676991E+00
 0.231151009E+01 0.279680014E+00 0.233364010E+01 0.219329998E+00 0.234012008E+01
 0.219872996E+00 0.234645009E+01 0.198669001E+00 0.234827995E+01 0.632878989E-01
 0.235109997E+01 0.420836993E-01 0.234827995E+01-0.254776001E+00 0.234645009E+01
-0.272718012E+00 0.234461999E+01-0.410818011E+00 0.235109997E+01-0.420603991E+00
 0.223979998E+01-0.684297979E+00 0.222333002E+01-0.684297979E+00 0.221052003E+01
-0.714201987E+00 0.221318007E+01-0.732686996E+00 0.220670009E+01-0.753892004E+00
 0.220021009E+01-0.735949993E+00 0.218756008E+01-0.771290004E+00 0.219388008E+01
-0.789776027E+00 0.213232994E+01-0.945818007E+00 0.178394997E+01-0.115894997E+01
 0.174519002E+01-0.123995996E+01 0.174687004E+01-0.124047995E+01 0.174579000E+01
-0.124380004E+01 0.164520001E+01-0.124479997E+01 0.140117002E+01-0.124477005E+01
 0.138558996E+01-0.124820995E+01 0.137489998E+01-0.125832999E+01 0.136953998E+01
-0.126941001E+01 0.136824000E+01-0.127555001E+01 0.136860001E+01-0.132246995E+01
 0.137256002E+01-0.132470000E+01 0.142770004E+01-0.132470000E+01 0.142770004E+01
-0.135782003E+01 0.116450000E+01-0.135894001E+01 0.101627004E+01-0.121800005E+01
 0.101750004E+01-0.121700001E+01 0.101730001E+01-0.100000005E-02 0.101730001E+01
 0.000000000E+00
    0 0.170000005E+01    1
 0.000000000E+00 0.000000000E+00 0.000000000E+00 0.000000000E+00 0.000000000E+00
 0.000000000E+00 0.000000000E+00 0.000000000E+00 0.000000000E+00 0.000000000E+00
 0.000000000E+00 0.000000000E+00 0.000000000E+00 0.000000000E+00 0.000000000E+00
 0.000000000E+00 0.000000000E+00 0.000000000E+00 0.000000000E+00 0.000000000E+00
 0.000000000E+00 0.000000000E+00 0.000000000E+00 0.000000000E+00 0.000000000E+00
 0.000000000E+00 0.000000000E+00 0.000000000E+00 0.000000000E+00 0.000000000E+00
 0.000000000E+00 0.000000000E+00 0.000000000E+00 0.000000000E+00 0.000000000E+00
 0.000000000E+00 0.000000000E+00 0.000000000E+00 0.000000000E+00 0.000000000E+00
 0.000000000E+00 0.000000000E+00 0.000000000E+00 0.000000000E+00 0.000000000E+00
 0.000000000E+00 0.000000000E+00 0.000000000E+00 0.000000000E+00 0.000000000E+00
 0.000000000E+00 0.000000000E+00 0.000000000E+00 0.000000000E+00 0.000000000E+00
 0.000000000E+00 0.000000000E+00 0.000000000E+00 0.000000000E+00 0.000000000E+00
 0.000000000E+00 0.000000000E+00 0.000000000E+00 0.000000000E+00 0.000000000E+00
 0.000000000E+00 0.911846608E-01 0.129624292E+00 0.159339041E+00 0.184603348E+00
 0.207066193E+00 0.227584496E+00 0.245339721E+00 0.263390929E+00 0.280384541E+00
 0.296749592E+00 0.312404871E+00 0.327544123E+00 0.342157036E+00 0.356405973E+00
 0.370323360E+00 0.383887708E+00 0.397159368E+00 0.410227895E+00 0.423083186E+00
 0.435742140E+00 0.448226929E+00 0.460534573E+00 0.472754866E+00 0.484859407E+00
 0.496832579E+00 0.508714199E+00 0.520529389E+00 0.532295585E+00 0.544001579E+00
 0.555648386E+00 0.567254066E+00 0.578849852E+00 0.590436220E+00 0.602005720E+00
 0.613571525E+00 0.625139415E+00 0.636736751E+00 0.648354471E+00 0.660006702E+00
 0.671697557E+00 0.683439434E+00 0.695232630E+00 0.707091331E+00 0.719047189E+00
 0.731070995E+00 0.743184686E+00 0.755396664E+00 0.767751157E+00 0.780218422E+00
 0.792810202E+00 0.805583179E+00 0.818510413E+00 0.831634879E+00 0.844931483E+00
 0.858503222E+00 0.872283280E+00 0.886372209E+00 0.900783896E+00 0.915545404E+00
 0.930760503E+00 0.946505368E+00 0.962906182E+00 0.980291605E+00 0.100000000E+01
    1
 0.000000000E+00 0.000000000E+00 0.000000000E+00 0.000000000E+00 0.000000000E+00
 0.000000000E+00 0.000000000E+00 0.000000000E+00 0.000000000E+00 0.000000000E+00
 0.000000000E+00 0.000000000E+00 0.000000000E+00 0.000000000E+00 0.000000000E+00
 0.000000000E+00 0.000000000E+00 0.000000000E+00 0.000000000E+00 0.000000000E+00
 0.000000000E+00 0.000000000E+00 0.000000000E+00 0.000000000E+00 0.000000000E+00
 0.000000000E+00 0.000000000E+00 0.000000000E+00 0.000000000E+00 0.000000000E+00
 0.000000000E+00 0.000000000E+00 0.000000000E+00 0.000000000E+00 0.000000000E+00
 0.000000000E+00 0.000000000E+00 0.000000000E+00 0.000000000E+00 0.000000000E+00
 0.000000000E+00 0.000000000E+00 0.000000000E+00 0.000000000E+00 0.000000000E+00
 0.000000000E+00 0.000000000E+00 0.000000000E+00 0.000000000E+00 0.000000000E+00
 0.000000000E+00 0.000000000E+00 0.000000000E+00 0.000000000E+00 0.000000000E+00
 0.000000000E+00 0.000000000E+00 0.000000000E+00 0.000000000E+00 0.000000000E+00
 0.000000000E+00 0.000000000E+00 0.000000000E+00 0.000000000E+00 0.000000000E+00
&BASIS
 EE2BDRY= 32*0.00000000      ,
 EEBDRY= 32*0.00000000      ,
 EEKNT= 32*0.00000000      ,
 EETENS=  5.00000000    ,
 FF2BDRY= 64*0.00000000      ,
 FFBDRY=-0.185718402    ,-0.247306615    , 0.316299468    , 61*0.00000000      ,
 FFKNT= 64*0.00000000      ,
 FFTENS=  0.00000000    ,
 KEE2BDRY= 32*0          ,
 KEEBDRY= 32*0          ,
 KEEFNC=          0,
 KEEKNT=          0,
 KFF2BDRY= 64*0          ,
 KFFBDRY= 64*0          ,
 KFFFNC=          0,
 KFFKNT=          0,
 KPP2BDRY= 64*0          ,
 KPPBDRY= 64*0          ,
 KPPFNC=          0,
 KPPKNT=          0,
 KWW2BDRY= 64*0          ,
 KWWBDRY= 64*0          ,
 KWWFNC=          0,
 KWWKNT=          0,
 PP2BDRY= 64*0.00000000      ,
 PPBDRY=  806302.000    , -638614.312    , 62*0.00000000      ,
 PPKNT= 64*0.00000000      ,
 PPTENS=  0.00000000    ,
 WW2BDRY= 64*0.00000000      ,
 WWBDRY= -315.574097    , -100247.328    , 62*0.00000000      ,
 WWKNT= 64*0.00000000      ,
 WWTENS=  0.00000000    ,
 /
