  EFITD    01/21/2000    #192311  4659ms           7  65  65
 0.170000005E+01 0.320000005E+01 0.169550002E+01 0.839999974E+00 0.000000000E+00
 0.174919522E+01-0.853034854E-01-0.135729283E+00 0.108144738E+00 0.199506998E+01
 0.985621500E+06-0.135729283E+00 0.000000000E+00 0.174919522E+01 0.000000000E+00
-0.853034854E-01 0.000000000E+00 0.108144738E+00 0.000000000E+00 0.000000000E+00
 0.340715814E+01 0.340683341E+01 0.340649009E+01 0.340612888E+01 0.340575075E+01
 0.340535617E+01 0.340494633E+01 0.340452170E+01 0.340408325E+01 0.340363193E+01
 0.340316820E+01 0.340269327E+01 0.340220761E+01 0.340171242E+01 0.340120792E+01
 0.340069556E+01 0.340017581E+01 0.339964938E+01 0.339911747E+01 0.339858055E+01
 0.339803934E+01 0.339749527E+01 0.339694858E+01 0.339640021E+01 0.339585090E+01
 0.339530182E+01 0.339475346E+01 0.339420676E+01 0.339366245E+01 0.339312148E+01
 0.339258456E+01 0.339205265E+01 0.339152646E+01 0.339100671E+01 0.339049435E+01
 0.338999033E+01 0.338949513E+01 0.338900995E+01 0.338853526E+01 0.338807225E+01
 0.338762140E+01 0.338718390E+01 0.338676000E+01 0.338635111E+01 0.338595796E+01
 0.338558102E+01 0.338522148E+01 0.338488007E+01 0.338455749E+01 0.338425469E+01
 0.338397241E+01 0.338371134E+01 0.338347268E+01 0.338325715E+01 0.338306522E+01
 0.338289833E+01 0.338275671E+01 0.338264132E+01 0.338255334E+01 0.338249326E+01
 0.338246202E+01 0.338246036E+01 0.338248897E+01 0.338254905E+01 0.338264132E+01
 0.827897031E+05 0.800931484E+05 0.774411406E+05 0.748336641E+05 0.722707266E+05
 0.697523281E+05 0.672784688E+05 0.648491523E+05 0.624643711E+05 0.601241250E+05
 0.578284219E+05 0.555772539E+05 0.533706250E+05 0.512085391E+05 0.490909844E+05
 0.470179727E+05 0.449895000E+05 0.430055625E+05 0.410661680E+05 0.391713086E+05
 0.373209883E+05 0.355152070E+05 0.337539648E+05 0.320372578E+05 0.303650918E+05
 0.287374648E+05 0.271543750E+05 0.256158242E+05 0.241218125E+05 0.226723379E+05
 0.212674023E+05 0.199070059E+05 0.185911484E+05 0.173198281E+05 0.160930469E+05
 0.149108037E+05 0.137730996E+05 0.126799336E+05 0.116313066E+05 0.106272168E+05
 0.966766699E+04 0.875265430E+04 0.788218115E+04 0.705624609E+04 0.627484961E+04
 0.553799170E+04 0.484567188E+04 0.419789062E+04 0.359464819E+04 0.303594409E+04
 0.252177832E+04 0.205215137E+04 0.162706262E+04 0.124651233E+04 0.910500671E+03
 0.619027405E+03 0.372092651E+03 0.169696381E+03 0.118385963E+02-0.101480713E+03
-0.170261536E+03-0.194503876E+03-0.174207733E+03-0.109373108E+03 0.000000000E+00
-0.281746566E+00-0.298781484E+00-0.315088153E+00-0.330666542E+00-0.345516652E+00
-0.359638512E+00-0.373032093E+00-0.385697424E+00-0.397634476E+00-0.408843279E+00
-0.419323802E+00-0.429076076E+00-0.438100070E+00-0.446395814E+00-0.453963280E+00
-0.460802466E+00-0.466913402E+00-0.472296059E+00-0.476950467E+00-0.480876625E+00
-0.484074503E+00-0.486544102E+00-0.488285452E+00-0.489298522E+00-0.489583343E+00
-0.489139885E+00-0.487968147E+00-0.486068159E+00-0.483439922E+00-0.480083406E+00
-0.475998610E+00-0.471185565E+00-0.465644270E+00-0.459374696E+00-0.452376842E+00
-0.444650739E+00-0.436196357E+00-0.427013725E+00-0.417102814E+00-0.406463623E+00
-0.395096213E+00-0.383000493E+00-0.370176524E+00-0.356624305E+00-0.342343807E+00
-0.327335030E+00-0.311598003E+00-0.295132697E+00-0.277939141E+00-0.260017306E+00
-0.241367221E+00-0.221988857E+00-0.201882243E+00-0.181047350E+00-0.159484193E+00
-0.137192771E+00-0.114173092E+00-0.904251412E-01-0.659489259E-01-0.407444388E-01
-0.148116928E-01 0.118493205E-01 0.392385982E-01 0.673561469E-01 0.962019563E-01
-0.713501625E+06-0.701813375E+06-0.690125125E+06-0.678436875E+06-0.666748625E+06
-0.655060312E+06-0.643372062E+06-0.631683812E+06-0.619995562E+06-0.608307312E+06
-0.596619062E+06-0.584930750E+06-0.573242500E+06-0.561554250E+06-0.549866000E+06
-0.538177750E+06-0.526489500E+06-0.514801219E+06-0.503112969E+06-0.491424719E+06
-0.479736438E+06-0.468048188E+06-0.456359938E+06-0.444671656E+06-0.432983406E+06
-0.421295156E+06-0.409606875E+06-0.397918625E+06-0.386230375E+06-0.374542094E+06
-0.362853844E+06-0.351165594E+06-0.339477344E+06-0.327789062E+06-0.316100812E+06
-0.304412562E+06-0.292724281E+06-0.281036031E+06-0.269347781E+06-0.257659516E+06
-0.245971250E+06-0.234283000E+06-0.222594734E+06-0.210906469E+06-0.199218219E+06
-0.187529953E+06-0.175841688E+06-0.164153438E+06-0.152465172E+06-0.140776922E+06
-0.129088656E+06-0.117400398E+06-0.105712141E+06-0.940238750E+05-0.823356172E+05
-0.706473594E+05-0.589590977E+05-0.472708398E+05-0.355825820E+05-0.238943203E+05
-0.122060615E+05-0.517801636E+03 0.111704580E+05 0.228587168E+05 0.345469766E+05
 0.142393246E+00 0.142220125E+00 0.142063573E+00 0.141932160E+00 0.141924694E+00
 0.142231449E+00 0.143118963E+00 0.144913092E+00 0.149237454E+00 0.157875255E+00
 0.168346822E+00 0.180464968E+00 0.192722067E+00 0.201832518E+00 0.208523393E+00
 0.213101268E+00 0.215639278E+00 0.216069460E+00 0.214142203E+00 0.209312394E+00
 0.200519949E+00 0.191149712E+00 0.183775619E+00 0.177507281E+00 0.171834633E+00
 0.166420788E+00 0.160986856E+00 0.155239090E+00 0.148799032E+00 0.141201496E+00
 0.135390028E+00 0.132306919E+00 0.131599098E+00 0.133395076E+00 0.137747988E+00
 0.144943565E+00 0.153804988E+00 0.161249861E+00 0.167742178E+00 0.173587233E+00
 0.178993464E+00 0.184108257E+00 0.189035535E+00 0.193845585E+00 0.198582679E+00
 0.203271434E+00 0.207921937E+00 0.212533355E+00 0.217096582E+00 0.221596122E+00
 0.226011619E+00 0.230319008E+00 0.234491810E+00 0.238502309E+00 0.242322892E+00
 0.245927259E+00 0.249291793E+00 0.252396584E+00 0.255226463E+00 0.257771522E+00
 0.260027438E+00 0.261995405E+00 0.263681740E+00 0.265097201E+00 0.266256034E+00
 0.138584614E+00 0.137530521E+00 0.136387616E+00 0.135111943E+00 0.133745134E+00
 0.132464126E+00 0.132380083E+00 0.135084584E+00 0.141011909E+00 0.150403395E+00
 0.160554528E+00 0.170715585E+00 0.180246189E+00 0.188019559E+00 0.193966612E+00
 0.198144764E+00 0.200564623E+00 0.201170877E+00 0.199842677E+00 0.196417063E+00
 0.190887332E+00 0.184601396E+00 0.178777128E+00 0.173408449E+00 0.168327078E+00
 0.163344786E+00 0.158255711E+00 0.152808726E+00 0.146654531E+00 0.139368966E+00
 0.133775800E+00 0.130853727E+00 0.130307689E+00 0.132190496E+00 0.136627153E+00
 0.143962711E+00 0.152945444E+00 0.160657465E+00 0.167525634E+00 0.173834160E+00
 0.179767251E+00 0.185450509E+00 0.190971345E+00 0.196389854E+00 0.201745227E+00
 0.207060054E+00 0.212343484E+00 0.217593417E+00 0.222798407E+00 0.227938980E+00
 0.232988968E+00 0.237916738E+00 0.242686674E+00 0.247260764E+00 0.251600504E+00
 0.255669057E+00 0.259433180E+00 0.262865394E+00 0.265945345E+00 0.268661082E+00
 0.271009296E+00 0.272995144E+00 0.274631321E+00 0.275936782E+00 0.276935160E+00
 0.134733766E+00 0.133063599E+00 0.131151155E+00 0.128742427E+00 0.125741616E+00
 0.124702320E+00 0.126228735E+00 0.130431414E+00 0.137388587E+00 0.145178556E+00
 0.152838185E+00 0.160100624E+00 0.166724190E+00 0.172444552E+00 0.177066281E+00
 0.180478185E+00 0.182620600E+00 0.183465123E+00 0.183020249E+00 0.181366205E+00
 0.178709611E+00 0.175386399E+00 0.171732470E+00 0.167956635E+00 0.164140806E+00
 0.160288900E+00 0.156364158E+00 0.152314559E+00 0.148109362E+00 0.143926948E+00
 0.140720204E+00 0.139122367E+00 0.139248610E+00 0.141144767E+00 0.144840062E+00
 0.150271386E+00 0.156723142E+00 0.163195521E+00 0.169498533E+00 0.175640658E+00
 0.181661561E+00 0.187603712E+00 0.193503991E+00 0.199390829E+00 0.205283180E+00
 0.211190313E+00 0.217111945E+00 0.223038331E+00 0.228950471E+00 0.234820396E+00
 0.240611538E+00 0.246279627E+00 0.251773924E+00 0.257039338E+00 0.262019098E+00
 0.266658098E+00 0.270906687E+00 0.274724066E+00 0.278081268E+00 0.280963153E+00
 0.283368796E+00 0.285310894E+00 0.286813796E+00 0.287910700E+00 0.288640738E+00
 0.131010607E+00 0.129134864E+00 0.127190113E+00 0.124953710E+00 0.122583345E+00
 0.122906148E+00 0.126205221E+00 0.130968466E+00 0.136181638E+00 0.141617686E+00
 0.147048980E+00 0.152263075E+00 0.157069296E+00 0.161302075E+00 0.164828673E+00
 0.167554960E+00 0.169425905E+00 0.170424864E+00 0.170576021E+00 0.169948965E+00
 0.168659225E+00 0.166855320E+00 0.164691791E+00 0.162302673E+00 0.159789994E+00
 0.157228932E+00 0.154683560E+00 0.152230427E+00 0.149990723E+00 0.148161948E+00
 0.147005007E+00 0.146761596E+00 0.147588208E+00 0.149549216E+00 0.152619615E+00
 0.156671450E+00 0.161475882E+00 0.166776404E+00 0.172380850E+00 0.178179875E+00
 0.184120670E+00 0.190181240E+00 0.196354449E+00 0.202638656E+00 0.209032297E+00
 0.215530410E+00 0.222122192E+00 0.228789240E+00 0.235503897E+00 0.242227942E+00
 0.248911604E+00 0.255493104E+00 0.261899441E+00 0.268048406E+00 0.273852736E+00
 0.279225707E+00 0.284088284E+00 0.288375884E+00 0.292044461E+00 0.295074075E+00
 0.297469795E+00 0.299259692E+00 0.300490409E+00 0.301221102E+00 0.301517367E+00
 0.126878649E+00 0.125064015E+00 0.123863004E+00 0.123110123E+00 0.122976318E+00
 0.124818049E+00 0.127578631E+00 0.130939528E+00 0.134672508E+00 0.138589591E+00
 0.142524540E+00 0.146327853E+00 0.149867222E+00 0.153029844E+00 0.155725285E+00
 0.157888144E+00 0.159479737E+00 0.160489067E+00 0.160933003E+00 0.160855427E+00
 0.160323799E+00 0.159422755E+00 0.158245265E+00 0.156884566E+00 0.155429482E+00
 0.153964773E+00 0.152575865E+00 0.151356176E+00 0.150413811E+00 0.149872571E+00
 0.149862483E+00 0.150501296E+00 0.151875407E+00 0.154027656E+00 0.156952545E+00
 0.160598278E+00 0.164878041E+00 0.169690117E+00 0.174939439E+00 0.180550709E+00
 0.186470762E+00 0.192664862E+00 0.199111134E+00 0.205795214E+00 0.212705910E+00
 0.219831586E+00 0.227156922E+00 0.234659940E+00 0.242308855E+00 0.250058740E+00
 0.257848024E+00 0.265595406E+00 0.273197949E+00 0.280531973E+00 0.287458420E+00
 0.293833166E+00 0.299521685E+00 0.304414213E+00 0.308438540E+00 0.311567813E+00
 0.313822031E+00 0.315262675E+00 0.315981925E+00 0.316088557E+00 0.315694720E+00
 0.120560303E+00 0.118033491E+00 0.118904382E+00 0.120727152E+00 0.122587740E+00
 0.124744765E+00 0.127230242E+00 0.129976705E+00 0.132889971E+00 0.135871917E+00
 0.138827115E+00 0.141666099E+00 0.144308001E+00 0.146683276E+00 0.148736000E+00
 0.150426015E+00 0.151730388E+00 0.152644143E+00 0.153180271E+00 0.153368741E+00
 0.153254375E+00 0.152893826E+00 0.152351975E+00 0.151698709E+00 0.151006579E+00
 0.150350094E+00 0.149806082E+00 0.149454579E+00 0.149378911E+00 0.149663717E+00
 0.150390297E+00 0.151629999E+00 0.153437361E+00 0.155845076E+00 0.158861861E+00
 0.162473977E+00 0.166650161E+00 0.171349034E+00 0.176526934E+00 0.182144076E+00
 0.188167959E+00 0.194574282E+00 0.201345995E+00 0.208471522E+00 0.215942532E+00
 0.223751411E+00 0.231888533E+00 0.240338951E+00 0.249078199E+00 0.258066863E+00
 0.267243236E+00 0.276514322E+00 0.285745829E+00 0.294754565E+00 0.303310573E+00
 0.311156631E+00 0.318044066E+00 0.323771000E+00 0.328210056E+00 0.331323534E+00
 0.333167553E+00 0.333881587E+00 0.333659291E+00 0.332710117E+00 0.331228316E+00
 0.116074719E+00 0.113118634E+00 0.114901230E+00 0.118143074E+00 0.120996073E+00
 0.123640880E+00 0.126189515E+00 0.128687590E+00 0.131138533E+00 0.133521855E+00
 0.135804847E+00 0.137949824E+00 0.139919177E+00 0.141678974E+00 0.143201798E+00
 0.144468814E+00 0.145471305E+00 0.146211609E+00 0.146703288E+00 0.146970853E+00
 0.147048727E+00 0.146979824E+00 0.146813899E+00 0.146605849E+00 0.146414399E+00
 0.146300957E+00 0.146328852E+00 0.146562576E+00 0.147066593E+00 0.147903547E+00
 0.149131790E+00 0.150802419E+00 0.152956516E+00 0.155623153E+00 0.158818603E+00
 0.162547141E+00 0.166803181E+00 0.171574518E+00 0.176845789E+00 0.182601631E+00
 0.188829094E+00 0.195519075E+00 0.202666864E+00 0.210272089E+00 0.218338042E+00
 0.226870731E+00 0.235877261E+00 0.245363593E+00 0.255330950E+00 0.265769988E+00
 0.276650846E+00 0.287906766E+00 0.299406618E+00 0.310912937E+00 0.322036445E+00
 0.332252800E+00 0.341042221E+00 0.348019332E+00 0.352957487E+00 0.355789453E+00
 0.356637448E+00 0.355838299E+00 0.353856802E+00 0.351122200E+00 0.347956032E+00
 0.114577249E+00 0.111479409E+00 0.113606527E+00 0.117168017E+00 0.120278716E+00
 0.123034202E+00 0.125510260E+00 0.127763316E+00 0.129829332E+00 0.131727025E+00
 0.133462548E+00 0.135033846E+00 0.136434585E+00 0.137657404E+00 0.138696522E+00
 0.139549881E+00 0.140220657E+00 0.140718356E+00 0.141059265E+00 0.141266644E+00
 0.141370341E+00 0.141406193E+00 0.141415179E+00 0.141442478E+00 0.141536459E+00
 0.141747832E+00 0.142128602E+00 0.142731190E+00 0.143607274E+00 0.144806445E+00
 0.146374747E+00 0.148353234E+00 0.150776640E+00 0.153672576E+00 0.157061294E+00
 0.160956100E+00 0.165364549E+00 0.170289963E+00 0.175733402E+00 0.181695476E+00
 0.188178122E+00 0.195186004E+00 0.202727646E+00 0.210816294E+00 0.219470695E+00
 0.228715628E+00 0.238582447E+00 0.249109492E+00 0.260342062E+00 0.272331506E+00
 0.285131872E+00 0.298790634E+00 0.313325107E+00 0.328664273E+00 0.344459325E+00
 0.359041989E+00 0.371000767E+00 0.379933536E+00 0.385565072E+00 0.387681574E+00
 0.386167347E+00 0.381797820E+00 0.376455903E+00 0.370811760E+00 0.365198106E+00
 0.115712456E+00 0.112612016E+00 0.114612393E+00 0.118099600E+00 0.121086948E+00
 0.123635568E+00 0.125810996E+00 0.127674118E+00 0.129275501E+00 0.130653888E+00
 0.131837144E+00 0.132844523E+00 0.133689314E+00 0.134381443E+00 0.134929702E+00
 0.135343656E+00 0.135635152E+00 0.135819361E+00 0.135915503E+00 0.135947153E+00
 0.135942295E+00 0.135933071E+00 0.135955349E+00 0.136048079E+00 0.136252642E+00
 0.136612087E+00 0.137170404E+00 0.137971714E+00 0.139059380E+00 0.140475050E+00
 0.142257661E+00 0.144442573E+00 0.147061020E+00 0.150139630E+00 0.153700501E+00
 0.157761469E+00 0.162336841E+00 0.167438358E+00 0.173076481E+00 0.179261655E+00
 0.186005741E+00 0.193323463E+00 0.201233745E+00 0.209761396E+00 0.218938693E+00
 0.228807583E+00 0.239422336E+00 0.250853240E+00 0.263191789E+00 0.276558310E+00
 0.291113943E+00 0.307080418E+00 0.324777186E+00 0.344703823E+00 0.367253661E+00
 0.387678951E+00 0.403742194E+00 0.415341914E+00 0.422254324E+00 0.423917443E+00
 0.420115590E+00 0.410271227E+00 0.399629503E+00 0.389978141E+00 0.381345540E+00
 0.119267829E+00 0.116200797E+00 0.117968209E+00 0.121149048E+00 0.123724855E+00
 0.125773549E+00 0.127388105E+00 0.128650412E+00 0.129627123E+00 0.130370036E+00
 0.130918548E+00 0.131302506E+00 0.131544977E+00 0.131664723E+00 0.131678268E+00
 0.131601676E+00 0.131451800E+00 0.131247297E+00 0.131009370E+00 0.130762130E+00
 0.130532801E+00 0.130351633E+00 0.130251661E+00 0.130268186E+00 0.130438179E+00
 0.130799696E+00 0.131391332E+00 0.132251963E+00 0.133420020E+00 0.134932429E+00
 0.136823863E+00 0.139126182E+00 0.141868085E+00 0.145075142E+00 0.148769751E+00
 0.152971491E+00 0.157697603E+00 0.162963718E+00 0.168784797E+00 0.175176173E+00
 0.182154775E+00 0.189740494E+00 0.197957680E+00 0.206836984E+00 0.216417506E+00
 0.226749659E+00 0.237898842E+00 0.249950811E+00 0.263019055E+00 0.277256221E+00
 0.292871177E+00 0.310156375E+00 0.329530537E+00 0.351597816E+00 0.377169728E+00
 0.403287470E+00 0.423646241E+00 0.438109010E+00 0.446769357E+00 0.449536115E+00
 0.445623100E+00 0.434631318E+00 0.418642372E+00 0.405108362E+00 0.393774062E+00
 0.125461966E+00 0.122441009E+00 0.124145851E+00 0.126707062E+00 0.128449440E+00
 0.129601106E+00 0.130320281E+00 0.130715951E+00 0.130863309E+00 0.130815536E+00
 0.130611405E+00 0.130280331E+00 0.129845738E+00 0.129327461E+00 0.128743619E+00
 0.128111944E+00 0.127450824E+00 0.126780108E+00 0.126121655E+00 0.125499681E+00
 0.124940954E+00 0.124475040E+00 0.124133945E+00 0.123951465E+00 0.123962328E+00
 0.124201283E+00 0.124702699E+00 0.125502527E+00 0.126637802E+00 0.128143489E+00
 0.130051702E+00 0.132391617E+00 0.135189667E+00 0.138469726E+00 0.142253369E+00
 0.146559939E+00 0.151406899E+00 0.156810388E+00 0.162786037E+00 0.169349805E+00
 0.176519051E+00 0.184313700E+00 0.192757577E+00 0.201880023E+00 0.211717829E+00
 0.222317681E+00 0.233739331E+00 0.246059790E+00 0.259378970E+00 0.273827255E+00
 0.289575696E+00 0.306849211E+00 0.325941384E+00 0.347228914E+00 0.371181190E+00
 0.398207694E+00 0.421256185E+00 0.437923670E+00 0.448411554E+00 0.452786922E+00
 0.451217443E+00 0.442900002E+00 0.427703172E+00 0.412101567E+00 0.399607182E+00
 0.136330873E+00 0.133972257E+00 0.134472460E+00 0.135257125E+00 0.135306075E+00
 0.134974405E+00 0.134400308E+00 0.133652866E+00 0.132773176E+00 0.131789014E+00
 0.130721137E+00 0.129586533E+00 0.128400251E+00 0.127176732E+00 0.125930682E+00
 0.124677822E+00 0.123435423E+00 0.122222669E+00 0.121060878E+00 0.119973622E+00
 0.118986838E+00 0.118130527E+00 0.117438070E+00 0.116944857E+00 0.116686553E+00
 0.116695955E+00 0.116996154E+00 0.117621988E+00 0.118620247E+00 0.120026439E+00
 0.121870205E+00 0.124177352E+00 0.126970932E+00 0.130272239E+00 0.134101659E+00
 0.138476893E+00 0.143413380E+00 0.148925066E+00 0.155025095E+00 0.161726430E+00
 0.169042870E+00 0.176989794E+00 0.185585156E+00 0.194850579E+00 0.204812512E+00
 0.215503588E+00 0.226964191E+00 0.239244178E+00 0.252404690E+00 0.266519785E+00
 0.281677693E+00 0.297980487E+00 0.315541625E+00 0.334481239E+00 0.354925901E+00
 0.377057731E+00 0.399602145E+00 0.415987372E+00 0.427000701E+00 0.433058351E+00
 0.433975726E+00 0.430161774E+00 0.420946032E+00 0.407602489E+00 0.396912009E+00
 0.152177483E+00 0.151802152E+00 0.148798153E+00 0.145747408E+00 0.143291220E+00
 0.141085237E+00 0.138996795E+00 0.136965007E+00 0.134959027E+00 0.132962942E+00
 0.130969480E+00 0.128976926E+00 0.126987651E+00 0.125007480E+00 0.123045251E+00
 0.121112801E+00 0.119224980E+00 0.117399663E+00 0.115657285E+00 0.114020593E+00
 0.112508647E+00 0.111154616E+00 0.109998055E+00 0.109082304E+00 0.108454697E+00
 0.108170100E+00 0.108164079E+00 0.108470432E+00 0.109228007E+00 0.110453039E+00
 0.112165160E+00 0.114382811E+00 0.117121950E+00 0.120398335E+00 0.124237068E+00
 0.128652811E+00 0.133656040E+00 0.139256179E+00 0.145461142E+00 0.152278036E+00
 0.159713984E+00 0.167776585E+00 0.176474378E+00 0.185817227E+00 0.195816681E+00
 0.206486121E+00 0.217840791E+00 0.229897097E+00 0.242671296E+00 0.256176651E+00
 0.270418257E+00 0.285383940E+00 0.301027954E+00 0.317241728E+00 0.333796322E+00
 0.350217104E+00 0.365563035E+00 0.378601819E+00 0.388593376E+00 0.395299286E+00
 0.398705214E+00 0.398959368E+00 0.396464229E+00 0.392103314E+00 0.387121141E+00
 0.163393363E+00 0.163573548E+00 0.159336731E+00 0.154526144E+00 0.150366873E+00
 0.146651641E+00 0.143234789E+00 0.140019193E+00 0.136941388E+00 0.133960202E+00
 0.131049439E+00 0.128193423E+00 0.125384346E+00 0.122620471E+00 0.119905218E+00
 0.117246516E+00 0.114656918E+00 0.112154670E+00 0.109760344E+00 0.107517034E+00
 0.105374023E+00 0.103395760E+00 0.101637401E+00 0.100149497E+00 0.989790037E-01
 0.981675833E-01 0.977452695E-01 0.977520943E-01 0.982380435E-01 0.992391109E-01
 0.100781336E+00 0.102880165E+00 0.105536357E+00 0.108726516E+00 0.112550572E+00
 0.116997592E+00 0.122061670E+00 0.127749547E+00 0.134061292E+00 0.140994996E+00
 0.148549646E+00 0.156723529E+00 0.165514275E+00 0.174918786E+00 0.184932932E+00
 0.195551053E+00 0.206764832E+00 0.218561575E+00 0.230921328E+00 0.243812665E+00
 0.257186234E+00 0.270965219E+00 0.285031557E+00 0.299207091E+00 0.313230336E+00
 0.326738447E+00 0.339280784E+00 0.350392520E+00 0.359699428E+00 0.366979450E+00
 0.372170985E+00 0.375367105E+00 0.376812339E+00 0.376879901E+00 0.375994474E+00
 0.170259744E+00 0.170492873E+00 0.166141719E+00 0.160638824E+00 0.155578345E+00
 0.150890127E+00 0.146495998E+00 0.142327860E+00 0.138331294E+00 0.134465188E+00
 0.130699933E+00 0.127015576E+00 0.123400107E+00 0.119848147E+00 0.116359755E+00
 0.112939060E+00 0.109592594E+00 0.106351152E+00 0.103164829E+00 0.100091480E+00
 0.971729532E-01 0.944586620E-01 0.920001045E-01 0.898486599E-01 0.880543888E-01
 0.866651461E-01 0.857261792E-01 0.852820724E-01 0.853759348E-01 0.860457718E-01
 0.873230249E-01 0.892316326E-01 0.917876586E-01 0.950005352E-01 0.988797247E-01
 0.103408612E+00 0.108538516E+00 0.114341959E+00 0.120794564E+00 0.127875030E+00
 0.135579929E+00 0.143897980E+00 0.152816147E+00 0.162319079E+00 0.172388852E+00
 0.183004200E+00 0.194139034E+00 0.205760613E+00 0.217826799E+00 0.230282620E+00
 0.243055537E+00 0.256049812E+00 0.269140214E+00 0.282165885E+00 0.294927537E+00
 0.307191253E+00 0.318703890E+00 0.329220146E+00 0.338533998E+00 0.346504569E+00
 0.353070378E+00 0.358252168E+00 0.362145454E+00 0.364902437E+00 0.366703719E+00
 0.174992114E+00 0.175188720E+00 0.170514718E+00 0.164597839E+00 0.158995062E+00
 0.153669342E+00 0.148577154E+00 0.143675119E+00 0.138924569E+00 0.134293541E+00
 0.129757375E+00 0.125298545E+00 0.120906323E+00 0.116576396E+00 0.112310424E+00
 0.108115070E+00 0.103914060E+00 0.997607559E-01 0.956943110E-01 0.917614773E-01
 0.880114883E-01 0.844962746E-01 0.812694058E-01 0.783850104E-01 0.758969039E-01
 0.738577768E-01 0.723186955E-01 0.713286698E-01 0.709338337E-01 0.711762160E-01
 0.720925778E-01 0.737134665E-01 0.760624334E-01 0.791554153E-01 0.829998180E-01
 0.875913501E-01 0.929146037E-01 0.989498273E-01 0.105646558E+00 0.112912126E+00
 0.120832235E+00 0.129364088E+00 0.138486072E+00 0.148170888E+00 0.158389866E+00
 0.169110611E+00 0.180295676E+00 0.191901177E+00 0.203874812E+00 0.216153741E+00
 0.228661954E+00 0.241307721E+00 0.253981471E+00 0.266554981E+00 0.278882623E+00
 0.290806293E+00 0.302163750E+00 0.312800288E+00 0.322581440E+00 0.331403673E+00
 0.339201778E+00 0.345950812E+00 0.351663649E+00 0.356383741E+00 0.360175282E+00
 0.177914813E+00 0.177991569E+00 0.173031494E+00 0.166837558E+00 0.160881326E+00
 0.155122072E+00 0.149523884E+00 0.144054413E+00 0.138686001E+00 0.133395910E+00
 0.128166392E+00 0.122984722E+00 0.117843531E+00 0.112741701E+00 0.107686453E+00
 0.102588303E+00 0.974880978E-01 0.924331844E-01 0.874730870E-01 0.826600641E-01
 0.780485719E-01 0.736948252E-01 0.696562156E-01 0.659906566E-01 0.627559051E-01
 0.600089170E-01 0.578052066E-01 0.561981723E-01 0.552383251E-01 0.549723990E-01
 0.554423928E-01 0.566846095E-01 0.587286465E-01 0.615963414E-01 0.653005540E-01
 0.698436797E-01 0.752165094E-01 0.813968852E-01 0.883461162E-01 0.960090235E-01
 0.104321405E+00 0.113166690E+00 0.122610085E+00 0.132597193E+00 0.143096521E+00
 0.154069230E+00 0.165471420E+00 0.177254334E+00 0.189363316E+00 0.201736599E+00
 0.214303881E+00 0.226985320E+00 0.239690989E+00 0.252321124E+00 0.264767587E+00
 0.276916623E+00 0.288652956E+00 0.299864590E+00 0.310447991E+00 0.320312291E+00
 0.329382151E+00 0.337599218E+00 0.344921917E+00 0.351324439E+00 0.356795520E+00
 0.178976089E+00 0.178827465E+00 0.173921794E+00 0.167624563E+00 0.161491558E+00
 0.155462876E+00 0.149501860E+00 0.143586382E+00 0.137700498E+00 0.131831393E+00
 0.125968501E+00 0.120103441E+00 0.114229739E+00 0.108342536E+00 0.102437675E+00
 0.964623094E-01 0.904717594E-01 0.845214128E-01 0.786677748E-01 0.729688779E-01
 0.674842298E-01 0.622745343E-01 0.574013256E-01 0.529264808E-01 0.489116870E-01
 0.454178937E-01 0.425047055E-01 0.402297564E-01 0.386479683E-01 0.378107876E-01
 0.377652943E-01 0.385532603E-01 0.402101241E-01 0.427638404E-01 0.462336354E-01
 0.506286174E-01 0.559463538E-01 0.621713176E-01 0.692732409E-01 0.772059485E-01
 0.859065503E-01 0.952929184E-01 0.105270989E+00 0.115689956E+00 0.126622602E+00
 0.138015866E+00 0.149818346E+00 0.161979869E+00 0.174448103E+00 0.187166959E+00
 0.200075701E+00 0.213108510E+00 0.226194188E+00 0.239256427E+00 0.252214462E+00
 0.264983922E+00 0.277478129E+00 0.289609283E+00 0.301289171E+00 0.312429428E+00
 0.322941184E+00 0.332734585E+00 0.341718942E+00 0.349804938E+00 0.356909543E+00
 0.178492382E+00 0.177883804E+00 0.173186377E+00 0.167246789E+00 0.161170706E+00
 0.155001685E+00 0.148766801E+00 0.142476454E+00 0.136133254E+00 0.129736081E+00
 0.123282038E+00 0.116767593E+00 0.110188790E+00 0.103540242E+00 0.967664346E-01
 0.899168402E-01 0.830461457E-01 0.762123466E-01 0.694758222E-01 0.628988147E-01
 0.565450117E-01 0.504791513E-01 0.447666086E-01 0.394729897E-01 0.346636549E-01
 0.304032452E-01 0.267551485E-01 0.237809233E-01 0.215396602E-01 0.200872589E-01
 0.194756333E-01 0.197518114E-01 0.209569242E-01 0.231250916E-01 0.262821745E-01
 0.304444022E-01 0.356168970E-01 0.417920984E-01 0.489481427E-01 0.570472516E-01
 0.660340860E-01 0.758339912E-01 0.863513276E-01 0.974654034E-01 0.109034829E+00
 0.121043265E+00 0.133433610E+00 0.146166518E+00 0.159197569E+00 0.172479510E+00
 0.185963050E+00 0.199596956E+00 0.213328034E+00 0.227101147E+00 0.240859061E+00
 0.254542202E+00 0.268088073E+00 0.281429797E+00 0.294493824E+00 0.307196230E+00
 0.319437683E+00 0.331097752E+00 0.342030674E+00 0.352066338E+00 0.361020923E+00
 0.178311586E+00 0.177388966E+00 0.172672883E+00 0.166707993E+00 0.160524681E+00
 0.154153749E+00 0.147628888E+00 0.140969470E+00 0.134185389E+00 0.127280995E+00
 0.120257735E+00 0.113116197E+00 0.105858751E+00 0.984051302E-01 0.908055082E-01
 0.831152573E-01 0.753936991E-01 0.677030981E-01 0.601079613E-01 0.526745133E-01
 0.454702601E-01 0.385635719E-01 0.320233069E-01 0.259184279E-01 0.203175992E-01
 0.152887739E-01 0.108987261E-01 0.721255923E-02 0.429313863E-02 0.220045424E-02
 0.990895438E-03 0.716419483E-03 0.142360770E-02 0.315259164E-02 0.593584497E-02
 0.979684107E-02 0.147485780E-01 0.207919907E-01 0.279142782E-01 0.360871851E-01
 0.452652872E-01 0.553843752E-01 0.663601160E-01 0.780872554E-01 0.904406533E-01
 0.103277966E+00 0.116404496E+00 0.129873112E+00 0.143639088E+00 0.157661512E+00
 0.171901926E+00 0.186323732E+00 0.200891808E+00 0.215572268E+00 0.230332032E+00
 0.245138213E+00 0.259956568E+00 0.274749130E+00 0.289469779E+00 0.304057062E+00
 0.318423063E+00 0.332436472E+00 0.345899791E+00 0.358527005E+00 0.369946331E+00
 0.178731248E+00 0.177662134E+00 0.172695085E+00 0.166385800E+00 0.159889847E+00
 0.153205112E+00 0.146333650E+00 0.139279872E+00 0.132047236E+00 0.124637030E+00
 0.117048129E+00 0.109276325E+00 0.101312049E+00 0.931082964E-01 0.847298577E-01
 0.762413070E-01 0.677084252E-01 0.591985732E-01 0.507805794E-01 0.425245278E-01
 0.345014408E-01 0.267829578E-01 0.194410142E-01 0.125475116E-01 0.617399113E-02
 0.391272100E-03-0.473092729E-02-0.912441500E-02-0.127230072E-01-0.154630812E-01
-0.172842219E-01-0.181299709E-01-0.179486927E-01-0.166945904E-01-0.143288448E-01
-0.108209196E-01-0.615001051E-02-0.306631293E-03 0.670568179E-02 0.148685826E-01
 0.241470933E-01 0.344878137E-01 0.458172522E-01 0.580403544E-01 0.710392371E-01
 0.846717060E-01 0.987685248E-01 0.113138065E+00 0.127788723E+00 0.142690822E+00
 0.157819137E+00 0.173152953E+00 0.188676134E+00 0.204377234E+00 0.220249578E+00
 0.236291245E+00 0.252504408E+00 0.268893957E+00 0.285464376E+00 0.302213758E+00
 0.319122344E+00 0.336130470E+00 0.353093863E+00 0.369674951E+00 0.385078520E+00
 0.179255143E+00 0.178036526E+00 0.172663435E+00 0.166076481E+00 0.159279659E+00
 0.152263820E+00 0.145026281E+00 0.137565613E+00 0.129880682E+00 0.121969879E+00
 0.113831133E+00 0.105463184E+00 0.967858583E-01 0.878551379E-01 0.787338167E-01
 0.694884509E-01 0.601880997E-01 0.509036295E-01 0.417073034E-01 0.326724164E-01
 0.238729771E-01 0.153834000E-01 0.727822119E-02-0.368177716E-03-0.748185301E-02
-0.139895873E-01-0.198192000E-01-0.248999018E-01-0.291626863E-01-0.325408094E-01
-0.349703506E-01-0.363908671E-01-0.367461964E-01-0.359853692E-01-0.340637118E-01
-0.309440661E-01-0.265982188E-01-0.210084580E-01-0.141693056E-01-0.608934090E-02
 0.320686679E-02 0.136768110E-01 0.252581425E-01 0.378668755E-01 0.513958000E-01
 0.657132119E-01 0.806622207E-01 0.960613862E-01 0.111706115E+00 0.127580106E+00
 0.143671662E+00 0.159975842E+00 0.176495105E+00 0.193240151E+00 0.210230976E+00
 0.227498248E+00 0.245084926E+00 0.263048202E+00 0.281461567E+00 0.300417125E+00
 0.320027739E+00 0.340429306E+00 0.361781687E+00 0.384245455E+00 0.406811804E+00
 0.179523066E+00 0.178112626E+00 0.172673300E+00 0.165844932E+00 0.158761919E+00
 0.151420653E+00 0.143817723E+00 0.135950431E+00 0.127815723E+00 0.119408995E+00
 0.110722221E+00 0.101740420E+00 0.924110338E-01 0.828037411E-01 0.729883090E-01
 0.630358532E-01 0.530190542E-01 0.430119708E-01 0.330897607E-01 0.233283862E-01
 0.138043072E-01 0.459420402E-02-0.422527269E-02-0.125777451E-01-0.203873366E-01
-0.275789090E-01-0.340783000E-01-0.398126170E-01-0.447105467E-01-0.487027578E-01
-0.517223775E-01-0.537055619E-01-0.545922145E-01-0.543268397E-01-0.528595261E-01
-0.501471572E-01-0.461547561E-01-0.408570282E-01-0.342400782E-01-0.263032820E-01
-0.170612764E-01-0.654600980E-02 0.519117340E-02 0.180775598E-01 0.320172757E-01
 0.468898192E-01 0.625491515E-01 0.788234547E-01 0.955157354E-01 0.112405285E+00
 0.129479602E+00 0.146747589E+00 0.164227709E+00 0.181949407E+00 0.199954927E+00
 0.218302101E+00 0.237068325E+00 0.256356061E+00 0.276300371E+00 0.297079891E+00
 0.318933070E+00 0.342184186E+00 0.367290586E+00 0.394942045E+00 0.423791468E+00
 0.180020794E+00 0.178459391E+00 0.172858447E+00 0.165802255E+00 0.158444315E+00
 0.150783122E+00 0.142817616E+00 0.134547979E+00 0.125973731E+00 0.117093325E+00
 0.107905075E+00 0.983060226E-01 0.883534625E-01 0.781125948E-01 0.676531345E-01
 0.570477843E-01 0.463713296E-01 0.357000791E-01 0.251113754E-01 0.146832457E-01
 0.449406542E-02-0.537771359E-02-0.148537997E-01-0.238562729E-01-0.323077738E-01
-0.401316918E-01-0.472523421E-01-0.535952002E-01-0.590871498E-01-0.636567920E-01
-0.672348663E-01-0.697547346E-01-0.711530149E-01-0.713703707E-01-0.703524053E-01
-0.680508316E-01-0.644247457E-01-0.594421290E-01-0.530815870E-01-0.453341827E-01
-0.362055190E-01-0.257178508E-01-0.139123052E-01-0.851029123E-03 0.133807966E-01
 0.286732204E-01 0.448902249E-01 0.618690327E-01 0.794201791E-01 0.973284543E-01
 0.115354940E+00 0.133523151E+00 0.151863500E+00 0.170418218E+00 0.189242691E+00
 0.208409116E+00 0.228011608E+00 0.248173207E+00 0.269055694E+00 0.290873021E+00
 0.313910395E+00 0.338548928E+00 0.365293741E+00 0.394790530E+00 0.426332980E+00
 0.181038871E+00 0.179377705E+00 0.173353374E+00 0.166087940E+00 0.158459976E+00
 0.150468975E+00 0.142129064E+00 0.133449629E+00 0.124433488E+00 0.115077980E+00
 0.105376035E+00 0.952340215E-01 0.847202614E-01 0.739052668E-01 0.628620163E-01
 0.516656525E-01 0.403930880E-01 0.291225277E-01 0.179330874E-01 0.690440042E-02
-0.388368405E-02-0.143513726E-01-0.244191475E-01-0.340079479E-01-0.430393293E-01
-0.514356010E-01-0.591199808E-01-0.660167411E-01-0.720514059E-01-0.771510229E-01
-0.812444687E-01-0.842629075E-01-0.861403272E-01-0.868142545E-01-0.862266198E-01
-0.843248218E-01-0.810629651E-01-0.764033571E-01-0.703181773E-01-0.627913550E-01
-0.538206771E-01-0.434199721E-01-0.316214412E-01-0.184779800E-01-0.406540884E-02
 0.115155252E-01 0.281375106E-01 0.456456095E-01 0.638569221E-01 0.825612471E-01
 0.101522811E+00 0.120483287E+00 0.139536500E+00 0.158733353E+00 0.178130642E+00
 0.197798118E+00 0.217823684E+00 0.238319263E+00 0.259428531E+00 0.281337768E+00
 0.304292113E+00 0.328620136E+00 0.354773223E+00 0.383383423E+00 0.413978159E+00
 0.181880459E+00 0.179934800E+00 0.174358726E+00 0.166972622E+00 0.158986658E+00
 0.150590569E+00 0.141832516E+00 0.132725716E+00 0.123269454E+00 0.113455676E+00
 0.103271388E+00 0.926356912E-01 0.816181451E-01 0.702910349E-01 0.587291121E-01
 0.470091775E-01 0.352096856E-01 0.234102886E-01 0.116914148E-01 0.133910682E-03
-0.111812847E-01-0.221733972E-01-0.327620246E-01-0.428673029E-01-0.524100363E-01
-0.613117963E-01-0.694950297E-01-0.768831894E-01-0.834008455E-01-0.889739171E-01
-0.935299248E-01-0.969983786E-01-0.993112475E-01-0.100403644E+00-0.100214601E+00
-0.986880884E-01-0.957742184E-01-0.914307088E-01-0.856245086E-01-0.783337355E-01
-0.695497543E-01-0.592794754E-01-0.475477688E-01-0.343999527E-01-0.199042261E-01
-0.415394735E-02 0.127304057E-01 0.305997860E-01 0.492758714E-01 0.685513914E-01
 0.881919786E-01 0.107940257E+00 0.127524033E+00 0.147163033E+00 0.166891277E+00
 0.186758503E+00 0.206827343E+00 0.227173522E+00 0.247887433E+00 0.269076347E+00
 0.290867597E+00 0.313413590E+00 0.336905479E+00 0.361632884E+00 0.387587070E+00
 0.185540557E+00 0.184060320E+00 0.177213177E+00 0.168709353E+00 0.160047889E+00
 0.151129797E+00 0.141915351E+00 0.132380888E+00 0.122506283E+00 0.112271398E+00
 0.101654820E+00 0.905834511E-01 0.791259706E-01 0.673547238E-01 0.553450249E-01
 0.431745201E-01 0.309226066E-01 0.186699070E-01 0.649778079E-02-0.551206013E-02
-0.172778927E-01-0.287182461E-01-0.397521034E-01-0.502990559E-01-0.602794066E-01
-0.696142614E-01-0.782255754E-01-0.860362723E-01-0.929702967E-01-0.989528224E-01
-0.103910424E+00-0.107771456E+00-0.110466443E+00-0.111928724E+00-0.112095170E+00
-0.110907190E+00-0.108311869E+00-0.104263403E+00-0.987247527E-01-0.916695371E-01
-0.830841586E-01-0.729702041E-01-0.613468811E-01-0.482537150E-01-0.337531455E-01
-0.179330874E-01-0.909239112E-03 0.171729848E-01 0.361370370E-01 0.557744466E-01
 0.758445337E-01 0.960740671E-01 0.116155110E+00 0.136110753E+00 0.155990809E+00
 0.175835669E+00 0.195682421E+00 0.215565696E+00 0.235515207E+00 0.255549908E+00
 0.275666386E+00 0.295815617E+00 0.315854281E+00 0.335437447E+00 0.353840858E+00
 0.188159749E+00 0.186764404E+00 0.179333925E+00 0.170338422E+00 0.161202848E+00
 0.151857927E+00 0.142254174E+00 0.132352754E+00 0.122121274E+00 0.111530505E+00
 0.100552276E+00 0.891179219E-01 0.772951841E-01 0.651561990E-01 0.527765304E-01
 0.402343348E-01 0.276096705E-01 0.149838505E-01 0.243893033E-02-0.994273834E-02
-0.220788550E-01-0.338874459E-01-0.452870689E-01-0.561969429E-01-0.665370598E-01
-0.762282386E-01-0.851921588E-01-0.933514163E-01-0.100629620E+00-0.106951475E+00
-0.112242974E+00-0.116431721E+00-0.119447291E+00-0.121221818E+00-0.121690705E+00
-0.120793566E+00-0.118475363E+00-0.114687793E+00-0.109390967E+00-0.102555290E+00
-0.941636264E-01-0.842137113E-01-0.727207363E-01-0.597200915E-01-0.452701710E-01
-0.294550788E-01-0.123872058E-01 0.579060707E-02 0.249034576E-01 0.447436050E-01
 0.650709048E-01 0.856151059E-01 0.106081367E+00 0.126162499E+00 0.146038264E+00
 0.165717140E+00 0.185206771E+00 0.204507440E+00 0.223605797E+00 0.242466748E+00
 0.261021852E+00 0.279152900E+00 0.296670467E+00 0.313294709E+00 0.328658611E+00
 0.189447492E+00 0.187993422E+00 0.180756450E+00 0.171580076E+00 0.162206069E+00
 0.152605161E+00 0.142740712E+00 0.132577538E+00 0.122082599E+00 0.111224510E+00
 0.999726504E-01 0.882610679E-01 0.761577412E-01 0.637352541E-01 0.510697216E-01
 0.382399634E-01 0.253266916E-01 0.124118738E-01-0.421834004E-03-0.130915381E-01
-0.255144704E-01-0.376082659E-01-0.492911525E-01-0.604821071E-01-0.711009130E-01
-0.810682178E-01-0.903055593E-01-0.987353921E-01-0.106281132E+00-0.112867258E+00
-0.118419476E+00-0.122864962E+00-0.126132771E+00-0.128154308E+00-0.128864095E+00
-0.128200650E+00-0.126107603E+00-0.122535102E+00-0.117441446E+00-0.110794976E+00
-0.102576301E+00-0.927807242E-01-0.814208612E-01-0.685295090E-01-0.541625135E-01
-0.384016708E-01-0.213574320E-01-0.317131728E-02 0.159822050E-01 0.358945206E-01
 0.563225858E-01 0.769896209E-01 0.975867659E-01 0.117774852E+00 0.137595594E+00
 0.157060161E+00 0.176168814E+00 0.194908246E+00 0.213248387E+00 0.231138200E+00
 0.248500407E+00 0.265226364E+00 0.281172633E+00 0.296162963E+00 0.309999853E+00
 0.190604091E+00 0.189152271E+00 0.181802079E+00 0.172546253E+00 0.163072556E+00
 0.153350949E+00 0.143349245E+00 0.133035839E+00 0.122380212E+00 0.111352600E+00
 0.999232754E-01 0.880271271E-01 0.757336840E-01 0.631167889E-01 0.502536669E-01
 0.372240692E-01 0.241095200E-01 0.109926863E-01-0.204317272E-02-0.149146570E-01
-0.275385771E-01-0.398322269E-01-0.517135784E-01-0.631013960E-01-0.739153251E-01
-0.840759128E-01-0.935046375E-01-0.102123894E+00-0.109857060E+00-0.116628550E+00
-0.122363970E+00-0.126990363E+00-0.130436569E+00-0.132633716E+00-0.133515939E+00
-0.133021250E+00-0.131092653E+00-0.127679542E+00-0.122739352E+00-0.116239414E+00
-0.108159214E+00-0.984928533E-01-0.872516930E-01-0.744672567E-01-0.601942018E-01
-0.445132330E-01-0.275339596E-01-0.939736702E-02 0.972215366E-02 0.296154618E-01
 0.500381365E-01 0.707108229E-01 0.913201794E-01 0.111519836E+00 0.131218657E+00
 0.150440708E+00 0.169187218E+00 0.187442034E+00 0.205172881E+00 0.222330943E+00
 0.238850087E+00 0.254646778E+00 0.269621700E+00 0.283664137E+00 0.296659827E+00
 0.191481635E+00 0.190040335E+00 0.182554528E+00 0.173319802E+00 0.163864747E+00
 0.154139802E+00 0.144110590E+00 0.133749023E+00 0.123029590E+00 0.111927040E+00
 0.100415103E+00 0.884269476E-01 0.760345012E-01 0.633134469E-01 0.503424183E-01
 0.372022651E-01 0.239753891E-01 0.107451659E-01-0.240456942E-02-0.153899463E-01
-0.281273946E-01-0.405339040E-01-0.525272153E-01-0.640259311E-01-0.749495625E-01
-0.852186158E-01-0.947545245E-01-0.103479706E+00-0.111317568E+00-0.118192591E+00
-0.124030448E+00-0.128758252E+00-0.132304892E+00-0.134601578E+00-0.135582477E+00
-0.135185629E+00-0.133354023E+00-0.130037025E+00-0.125192001E+00-0.118786216E+00
-0.110799059E+00-0.101224519E+00-0.900738761E-01-0.773785934E-01-0.631932840E-01
-0.475986898E-01-0.307045039E-01-0.126518020E-01 0.638500648E-02 0.261971056E-01
 0.465412997E-01 0.671415851E-01 0.876928344E-01 0.107867531E+00 0.127327457E+00
 0.146271601E+00 0.164682463E+00 0.182535946E+00 0.199798778E+00 0.216427356E+00
 0.232367679E+00 0.247556478E+00 0.261923403E+00 0.275394738E+00 0.287898481E+00
 0.191570833E+00 0.190038830E+00 0.182945460E+00 0.173955381E+00 0.164677829E+00
 0.155062482E+00 0.145095035E+00 0.134765908E+00 0.124062128E+00 0.112966567E+00
 0.101458304E+00 0.894651338E-01 0.770614445E-01 0.643246397E-01 0.513345748E-01
 0.381730199E-01 0.249230806E-01 0.116686895E-01-0.150586548E-02-0.145163378E-01
-0.272788517E-01-0.397101529E-01-0.517277792E-01-0.632501915E-01-0.741968155E-01
-0.844880939E-01-0.940454826E-01-0.102791429E+00-0.110649452E+00-0.117544167E+00
-0.123401456E+00-0.128148675E+00-0.131715029E+00-0.134032071E+00-0.135034397E+00
-0.134660497E+00-0.132853955E+00-0.129564717E+00-0.124750838E+00-0.118380338E+00
-0.110433444E+00-0.100905038E+00-0.898073763E-01-0.771729723E-01-0.630575195E-01
-0.475428998E-01-0.307399258E-01-0.127907917E-01 0.612907112E-02 0.258099623E-01
 0.460080132E-01 0.664468035E-01 0.868209526E-01 0.106802426E+00 0.126050726E+00
 0.144747436E+00 0.162876338E+00 0.180414766E+00 0.197332382E+00 0.213590905E+00
 0.229144901E+00 0.243943214E+00 0.257931322E+00 0.271054178E+00 0.283259928E+00
 0.191218108E+00 0.189340070E+00 0.183178067E+00 0.174828053E+00 0.165780842E+00
 0.156285658E+00 0.146401063E+00 0.136141822E+00 0.125505567E+00 0.114480972E+00
 0.103050895E+00 0.911320895E-01 0.788001046E-01 0.661329925E-01 0.532110222E-01
 0.401162691E-01 0.269321017E-01 0.137426937E-01 0.632554351E-03-0.123138642E-01
-0.250124987E-01-0.373799317E-01-0.493335612E-01-0.607917421E-01-0.716738403E-01
-0.819002688E-01-0.913925022E-01-0.100073099E+00-0.107865706E+00-0.114695191E+00
-0.120487742E+00-0.125171140E+00-0.128675088E+00-0.130931824E+00-0.131876677E+00
-0.131449074E+00-0.129593641E+00-0.126261562E+00-0.121412247E+00-0.115015276E+00
-0.107052550E+00-0.975208133E-01-0.864342824E-01-0.738275200E-01-0.597583875E-01
-0.443109050E-01-0.275980234E-01-0.976402033E-02 0.901363976E-02 0.285231676E-01
 0.485182106E-01 0.687186345E-01 0.888121277E-01 0.108456187E+00 0.127507061E+00
 0.145981550E+00 0.163876653E+00 0.181175783E+00 0.197851896E+00 0.213869423E+00
 0.229186058E+00 0.243754730E+00 0.257525831E+00 0.270450175E+00 0.282481939E+00
 0.194015309E+00 0.192681655E+00 0.185572430E+00 0.176618993E+00 0.167418346E+00
 0.157907918E+00 0.148067474E+00 0.137885869E+00 0.127351418E+00 0.116449878E+00
 0.105164230E+00 0.933942720E-01 0.812140480E-01 0.687002763E-01 0.559323244E-01
 0.429917350E-01 0.299615934E-01 0.169259328E-01 0.396922091E-02-0.882407837E-02
-0.213698577E-01-0.335846394E-01-0.453857705E-01-0.566915572E-01-0.674213395E-01
-0.774955526E-01-0.868357494E-01-0.953646228E-01-0.103006057E+00-0.109685242E+00
-0.115328819E+00-0.119865164E+00-0.123224765E+00-0.125340745E+00-0.126149595E+00
-0.125592113E+00-0.123614460E+00-0.120169662E+00-0.115219198E+00-0.108734936E+00
-0.100701325E+00-0.911178514E-01-0.800016448E-01-0.673903003E-01-0.533447452E-01
-0.379520431E-01-0.213280376E-01-0.361961452E-02 0.149935624E-01 0.342981145E-01
 0.540469773E-01 0.739605799E-01 0.937292129E-01 0.113016225E+00 0.131776184E+00
 0.150006354E+00 0.167694405E+00 0.184818402E+00 0.201347366E+00 0.217242077E+00
 0.232456282E+00 0.246938437E+00 0.260633945E+00 0.273488164E+00 0.285449684E+00
 0.195793614E+00 0.194612190E+00 0.187549040E+00 0.178513587E+00 0.169264749E+00
 0.159769803E+00 0.149998561E+00 0.139927626E+00 0.129537508E+00 0.118810713E+00
 0.107731797E+00 0.961876214E-01 0.842415094E-01 0.719657764E-01 0.594378598E-01
 0.467383601E-01 0.339498259E-01 0.211559683E-01 0.844103936E-02-0.411064597E-02
-0.164150763E-01-0.283888355E-01-0.399493128E-01-0.510148592E-01-0.615048781E-01
-0.713398978E-01-0.804416314E-01-0.887329876E-01-0.961382017E-01-0.102582939E+00
-0.107994460E+00-0.112301961E+00-0.115436941E+00-0.117333815E+00-0.117930599E+00
-0.117169894E+00-0.115000032E+00-0.111376479E+00-0.106263481E+00-0.996360183E-01
-0.914819315E-01-0.818043500E-01-0.706242546E-01-0.579832084E-01-0.439461134E-01
-0.286038686E-01-0.120758675E-01 0.548794307E-02 0.239055809E-01 0.429623984E-01
 0.624116361E-01 0.819767043E-01 0.101356260E+00 0.120234534E+00 0.138681635E+00
 0.156680152E+00 0.174208134E+00 0.191236198E+00 0.207726315E+00 0.223631173E+00
 0.238894433E+00 0.253451824E+00 0.267233223E+00 0.280166149E+00 0.292180389E+00
 0.197464451E+00 0.196461424E+00 0.189175665E+00 0.180219561E+00 0.171067923E+00
 0.161690310E+00 0.152063400E+00 0.142164916E+00 0.131973758E+00 0.121468827E+00
 0.110627025E+00 0.994193330E-01 0.878008604E-01 0.758505911E-01 0.636483952E-01
 0.512755662E-01 0.388146490E-01 0.263491105E-01 0.139628947E-01 0.174002920E-02
-0.102357296E-01-0.218811817E-01-0.331139006E-01-0.438524149E-01-0.540163107E-01
-0.635263473E-01-0.723045021E-01-0.802740902E-01-0.873598382E-01-0.934880823E-01
-0.985869393E-01-0.102586694E+00-0.105420232E+00-0.107023612E+00-0.107336856E+00
-0.106304944E+00-0.103878953E+00-0.100017495E+00-0.946884006E-01-0.878705755E-01
-0.795561671E-01-0.697529167E-01-0.584866107E-01-0.458037443E-01-0.317740701E-01
-0.164931323E-01-0.845086470E-04 0.172983333E-01 0.354707241E-01 0.542161576E-01
 0.732862875E-01 0.924012363E-01 0.111248940E+00 0.129755870E+00 0.147923470E+00
 0.165739894E+00 0.183183163E+00 0.200221226E+00 0.216810778E+00 0.232895747E+00
 0.248405978E+00 0.263256848E+00 0.277350515E+00 0.290579915E+00 0.302835733E+00
 0.198200151E+00 0.197311223E+00 0.190489411E+00 0.181716681E+00 0.172752678E+00
 0.163579360E+00 0.154175356E+00 0.144521102E+00 0.134598672E+00 0.124390975E+00
 0.113880977E+00 0.103051275E+00 0.918224230E-01 0.802696794E-01 0.684705824E-01
 0.565048419E-01 0.444538780E-01 0.324002504E-01 0.204271916E-01 0.861812290E-02
-0.294370460E-02-0.141755249E-01-0.249953046E-01-0.353219360E-01-0.450753830E-01
-0.541768111E-01-0.625486895E-01-0.701149181E-01-0.768009797E-01-0.825341269E-01
-0.872436687E-01-0.908613503E-01-0.933218151E-01-0.945632830E-01-0.945283398E-01
-0.931649506E-01-0.904276595E-01-0.862790346E-01-0.806913003E-01-0.736482665E-01
-0.651473552E-01-0.552019291E-01-0.438436307E-01-0.311248582E-01-0.171211567E-01
-0.193346490E-02 0.143099558E-01 0.314520821E-01 0.493063778E-01 0.676570088E-01
 0.862603486E-01 0.104848370E+00 0.123135239E+00 0.141240776E+00 0.159146011E+00
 0.176832929E+00 0.194279030E+00 0.211453483E+00 0.228313118E+00 0.244797975E+00
 0.260826170E+00 0.276288927E+00 0.291047364E+00 0.304934233E+00 0.317764163E+00
 0.198868603E+00 0.198107928E+00 0.191489413E+00 0.182969004E+00 0.174280718E+00
 0.165392160E+00 0.156280890E+00 0.146932587E+00 0.137336239E+00 0.127481863E+00
 0.117360018E+00 0.106962837E+00 0.961903632E-01 0.851073787E-01 0.737866759E-01
 0.623054393E-01 0.507434197E-01 0.391819477E-01 0.277032107E-01 0.163897574E-01
 0.532406149E-02-0.541181210E-02-0.157364756E-01-0.255694408E-01-0.348313004E-01
-0.434438922E-01-0.513304435E-01-0.584157445E-01-0.646263435E-01-0.698907822E-01
-0.741399527E-01-0.773074999E-01-0.793303698E-01-0.801495016E-01-0.797106922E-01
-0.779656321E-01-0.748731196E-01-0.704005584E-01-0.645255446E-01-0.572377704E-01
-0.485410243E-01-0.384553596E-01-0.270193741E-01-0.142924376E-01-0.356895063E-03
 0.146799935E-01 0.306844581E-01 0.474951640E-01 0.649228916E-01 0.827510431E-01
 0.100737207E+00 0.118615724E+00 0.136430770E+00 0.154183343E+00 0.171870440E+00
 0.189486474E+00 0.207022026E+00 0.224460945E+00 0.241775721E+00 0.258920550E+00
 0.275820881E+00 0.292358398E+00 0.308351964E+00 0.323540002E+00 0.337583572E+00
 0.199235514E+00 0.198581830E+00 0.192016274E+00 0.183949053E+00 0.175667226E+00
 0.167134807E+00 0.158361599E+00 0.149355426E+00 0.140118629E+00 0.130649090E+00
 0.120940946E+00 0.110984229E+00 0.100762144E+00 0.902278349E-01 0.794600397E-01
 0.685372576E-01 0.575388782E-01 0.465452746E-01 0.356375463E-01 0.248971265E-01
 0.144054312E-01 0.424352335E-02-0.550816907E-02-0.147700999E-01-0.234638192E-01
-0.315121785E-01-0.388395153E-01-0.453718938E-01-0.510373339E-01-0.557661243E-01
-0.594912283E-01-0.621487349E-01-0.636784956E-01-0.640248582E-01-0.631375536E-01
-0.609728135E-01-0.574946031E-01-0.526760928E-01-0.465012826E-01-0.389668159E-01
-0.300839376E-01-0.198805314E-01-0.840322580E-02 0.428055972E-02 0.180807021E-01
 0.328827202E-01 0.485465452E-01 0.649058893E-01 0.817684606E-01 0.989170298E-01
 0.116111353E+00 0.133372426E+00 0.150699496E+00 0.168096647E+00 0.185571581E+00
 0.203135073E+00 0.220800102E+00 0.238580152E+00 0.256486177E+00 0.274520844E+00
 0.292667687E+00 0.310870379E+00 0.328988433E+00 0.346700758E+00 0.363345534E+00
 0.198774949E+00 0.198084772E+00 0.192566887E+00 0.185061112E+00 0.177115768E+00
 0.168884486E+00 0.160422742E+00 0.151753381E+00 0.142885894E+00 0.133823097E+00
 0.124564067E+00 0.115106076E+00 0.105446905E+00 0.955053270E-01 0.853475630E-01
 0.750465170E-01 0.646784827E-01 0.543216616E-01 0.440553613E-01 0.339594111E-01
 0.241137370E-01 0.145979961E-01 0.549125904E-02-0.312826876E-02-0.111835022E-01
-0.185987223E-01-0.252998304E-01-0.312146153E-01-0.362730734E-01-0.404077806E-01
-0.435543358E-01-0.456519276E-01-0.466439910E-01-0.464790240E-01-0.451115295E-01
-0.425031558E-01-0.386239626E-01-0.334538966E-01-0.269843917E-01-0.192201324E-01
-0.101808971E-01 0.965296567E-04 0.115564689E-01 0.241225436E-01 0.376960598E-01
 0.521546602E-01 0.673513412E-01 0.831141546E-01 0.992474481E-01 0.115533791E+00
 0.131999210E+00 0.148639470E+00 0.165458053E+00 0.182466552E+00 0.199685231E+00
 0.217143863E+00 0.234883055E+00 0.252955586E+00 0.271428257E+00 0.290383995E+00
 0.309924364E+00 0.330174237E+00 0.351293802E+00 0.373532504E+00 0.396871656E+00
 0.200619280E+00 0.200464979E+00 0.194478408E+00 0.186618537E+00 0.178677201E+00
 0.170608163E+00 0.162396967E+00 0.154040709E+00 0.145538852E+00 0.136890471E+00
 0.128093630E+00 0.119144872E+00 0.110038489E+00 0.100763857E+00 0.912784711E-01
 0.816590860E-01 0.719818845E-01 0.623236597E-01 0.527618863E-01 0.433744714E-01
 0.342394523E-01 0.254346374E-01 0.170372799E-01 0.912377704E-02 0.176937401E-02
-0.495214155E-02-0.109687392E-01-0.162104852E-01-0.206099227E-01-0.241025146E-01
-0.266271681E-01-0.281268582E-01-0.285493601E-01-0.278481226E-01-0.259832703E-01
-0.229227636E-01-0.186437108E-01-0.131338118E-01-0.639294181E-02 0.156517082E-02
 0.107112098E-01 0.209985450E-01 0.323615968E-01 0.447143726E-01 0.579492897E-01
 0.719362795E-01 0.865216404E-01 0.101525493E+00 0.116747506E+00 0.132240072E+00
 0.147991404E+00 0.163998514E+00 0.180268079E+00 0.196817607E+00 0.213677123E+00
 0.230891600E+00 0.248524338E+00 0.266661733E+00 0.285419762E+00 0.304953754E+00
 0.325472325E+00 0.347259223E+00 0.370708406E+00 0.396375775E+00 0.423821896E+00
 0.201496929E+00 0.201593012E+00 0.195535943E+00 0.187751994E+00 0.179935738E+00
 0.172058865E+00 0.164106712E+00 0.156069949E+00 0.147942901E+00 0.139722079E+00
 0.131405264E+00 0.122991033E+00 0.114479192E+00 0.105872191E+00 0.970897898E-01
 0.881949440E-01 0.792572722E-01 0.703495294E-01 0.615461133E-01 0.529222414E-01
 0.445534438E-01 0.365151353E-01 0.288822241E-01 0.217287708E-01 0.151276346E-01
 0.915012229E-02 0.386561523E-02-0.658827717E-03-0.435892818E-02-0.717370166E-02
-0.904605724E-02-0.992349163E-02-0.975889526E-02-0.851147436E-02-0.614781398E-02
-0.264305831E-02 0.201776763E-02 0.783832557E-02 0.148094306E-01 0.229074564E-01
 0.320927240E-01 0.423079543E-01 0.534768738E-01 0.655032247E-01 0.782704428E-01
 0.916433781E-01 0.105471991E+00 0.119552590E+00 0.133977100E+00 0.148722157E+00
 0.163774237E+00 0.179129317E+00 0.194793642E+00 0.210785285E+00 0.227136284E+00
 0.243895903E+00 0.261134982E+00 0.278951973E+00 0.297481656E+00 0.316906810E+00
 0.337474883E+00 0.359519094E+00 0.383482069E+00 0.409929067E+00 0.438202828E+00
 0.201193631E+00 0.201428160E+00 0.195810974E+00 0.188236371E+00 0.180638865E+00
 0.173019156E+00 0.165368736E+00 0.157680556E+00 0.149949729E+00 0.142173365E+00
 0.134350121E+00 0.126479581E+00 0.118561767E+00 0.110595852E+00 0.102577224E+00
 0.944539085E-01 0.862993747E-01 0.781856626E-01 0.701848418E-01 0.623693503E-01
 0.548118204E-01 0.475847721E-01 0.407602452E-01 0.344094075E-01 0.286021587E-01
 0.234067366E-01 0.188892651E-01 0.151132895E-01 0.121392542E-01 0.100239087E-01
 0.881963596E-02 0.857368577E-02 0.932730734E-02 0.111147687E-01 0.139622623E-01
 0.178867038E-01 0.228944179E-01 0.289797522E-01 0.361236073E-01 0.442919396E-01
 0.534342714E-01 0.634822175E-01 0.743479878E-01 0.859230831E-01 0.980746374E-01
 0.110650182E+00 0.123643100E+00 0.137007535E+00 0.150725141E+00 0.164777905E+00
 0.179152101E+00 0.193840533E+00 0.208844393E+00 0.224175125E+00 0.239856660E+00
 0.255928338E+00 0.272448689E+00 0.289500564E+00 0.307198077E+00 0.325696707E+00
 0.345207900E+00 0.366021901E+00 0.388547301E+00 0.413391352E+00 0.439299345E+00
 0.200484693E+00 0.200879693E+00 0.195342064E+00 0.187989771E+00 0.180664450E+00
 0.173352897E+00 0.166045889E+00 0.158737883E+00 0.151426524E+00 0.144111782E+00
 0.136795253E+00 0.129479855E+00 0.122169882E+00 0.114871733E+00 0.107595935E+00
 0.100254700E+00 0.929071456E-01 0.856169760E-01 0.784506872E-01 0.714764073E-01
 0.647630095E-01 0.583794788E-01 0.523944125E-01 0.468755141E-01 0.418891609E-01
 0.374999009E-01 0.337699838E-01 0.307588149E-01 0.285223462E-01 0.271124318E-01
 0.265760757E-01 0.269546043E-01 0.282827318E-01 0.305875409E-01 0.338873677E-01
 0.381905921E-01 0.434943773E-01 0.497833639E-01 0.570283122E-01 0.651848242E-01
 0.741920397E-01 0.839718953E-01 0.944271237E-01 0.105448589E+00 0.116871603E+00
 0.128771231E+00 0.141102046E+00 0.153824881E+00 0.166908219E+00 0.180325568E+00
 0.194055244E+00 0.208080947E+00 0.222392648E+00 0.236987844E+00 0.251873016E+00
 0.267065287E+00 0.282594293E+00 0.298504442E+00 0.314857394E+00 0.331734776E+00
 0.349241734E+00 0.367511988E+00 0.386716694E+00 0.407071143E+00 0.427707613E+00
 0.198846698E+00 0.199358299E+00 0.193956599E+00 0.186901495E+00 0.179918781E+00
 0.172969505E+00 0.166042924E+00 0.159139305E+00 0.152262956E+00 0.145419300E+00
 0.138614073E+00 0.131853223E+00 0.125142962E+00 0.118489921E+00 0.111900724E+00
 0.105380379E+00 0.988693684E-01 0.924274549E-01 0.861179754E-01 0.800057873E-01
 0.741562471E-01 0.686346665E-01 0.635057986E-01 0.588334166E-01 0.546797961E-01
 0.511052310E-01 0.481675044E-01 0.459212624E-01 0.444173738E-01 0.437021963E-01
 0.438167788E-01 0.447959565E-01 0.466673821E-01 0.494504608E-01 0.531552136E-01
 0.577810854E-01 0.633157790E-01 0.697340816E-01 0.769966245E-01 0.850489959E-01
 0.938193649E-01 0.103224695E+00 0.113131456E+00 0.123584509E+00 0.134526715E+00
 0.145925716E+00 0.157745272E+00 0.169948712E+00 0.182500616E+00 0.195367381E+00
 0.208517671E+00 0.221922949E+00 0.235558003E+00 0.249401674E+00 0.263437420E+00
 0.277653813E+00 0.292044491E+00 0.306607395E+00 0.321342409E+00 0.336246729E+00
 0.351304978E+00 0.366470367E+00 0.381623894E+00 0.396466017E+00 0.410228521E+00
 0.195668027E+00 0.196105108E+00 0.191369176E+00 0.184910446E+00 0.178393811E+00
 0.171847045E+00 0.165310860E+00 0.158812419E+00 0.152369544E+00 0.145994753E+00
 0.139697790E+00 0.133487031E+00 0.127370477E+00 0.121356197E+00 0.115452565E+00
 0.109668009E+00 0.104010239E+00 0.984252542E-01 0.929788277E-01 0.877339840E-01
 0.827526301E-01 0.780959725E-01 0.738243982E-01 0.699971318E-01 0.666717961E-01
 0.639038756E-01 0.617460981E-01 0.602478310E-01 0.594543256E-01 0.594059676E-01
 0.601374097E-01 0.616766289E-01 0.640439093E-01 0.672507510E-01 0.712986812E-01
 0.761779472E-01 0.818666294E-01 0.883300453E-01 0.955182612E-01 0.103372470E+00
 0.111785837E+00 0.120808423E+00 0.130389109E+00 0.140494332E+00 0.151086032E+00
 0.162126392E+00 0.173576474E+00 0.185396075E+00 0.197543949E+00 0.209978029E+00
 0.222655714E+00 0.235534191E+00 0.248570845E+00 0.261723697E+00 0.274951607E+00
 0.288214326E+00 0.301471710E+00 0.314682037E+00 0.327798277E+00 0.340761840E+00
 0.353491962E+00 0.365869373E+00 0.377713084E+00 0.388756186E+00 0.398645490E+00
 0.192740753E+00 0.193366587E+00 0.188798487E+00 0.182568133E+00 0.176298410E+00
 0.170031309E+00 0.163817912E+00 0.157687336E+00 0.151657179E+00 0.145739168E+00
 0.139942169E+00 0.134274021E+00 0.128742710E+00 0.123357296E+00 0.118128888E+00
 0.113072015E+00 0.108207256E+00 0.103449851E+00 0.988494456E-01 0.944593325E-01
 0.903343409E-01 0.865297690E-01 0.831005573E-01 0.801006928E-01 0.775825456E-01
 0.755962506E-01 0.741890222E-01 0.734044984E-01 0.732819140E-01 0.738553628E-01
 0.751528591E-01 0.771954358E-01 0.799959376E-01 0.835582316E-01 0.878761336E-01
 0.929298997E-01 0.986866951E-01 0.105108149E+00 0.112108789E+00 0.119761802E+00
 0.128023341E+00 0.136866704E+00 0.146259934E+00 0.156169668E+00 0.166560113E+00
 0.177393019E+00 0.188627213E+00 0.200218320E+00 0.212118447E+00 0.224276155E+00
 0.236636385E+00 0.249140650E+00 0.261727422E+00 0.274332672E+00 0.286890537E+00
 0.299333870E+00 0.311594367E+00 0.323602021E+00 0.335283488E+00 0.346558690E+00
 0.357336074E+00 0.367506683E+00 0.376939088E+00 0.385479450E+00 0.392960727E+00
 0.190096781E+00 0.191020533E+00 0.186331585E+00 0.179814994E+00 0.173514068E+00
 0.167391837E+00 0.161434859E+00 0.155640349E+00 0.150008753E+00 0.144541547E+00
 0.139240980E+00 0.134110451E+00 0.129154891E+00 0.124381222E+00 0.119798705E+00
 0.115419045E+00 0.111256249E+00 0.107325062E+00 0.103557996E+00 0.100003928E+00
 0.967125371E-01 0.937337503E-01 0.911171213E-01 0.889112279E-01 0.871629342E-01
 0.859167278E-01 0.852139890E-01 0.850922987E-01 0.855846703E-01 0.867186263E-01
 0.885155797E-01 0.909900814E-01 0.941470638E-01 0.979828537E-01 0.102492601E+00
 0.107641697E+00 0.113357462E+00 0.119742118E+00 0.126759052E+00 0.134392306E+00
 0.142620102E+00 0.151418850E+00 0.160762012E+00 0.170619994E+00 0.180959612E+00
 0.191743523E+00 0.202929527E+00 0.214469910E+00 0.226310655E+00 0.238390878E+00
 0.250642389E+00 0.262989610E+00 0.275350034E+00 0.287635088E+00 0.299751848E+00
 0.311605185E+00 0.323100060E+00 0.334143877E+00 0.344648004E+00 0.354528576E+00
 0.363705903E+00 0.372103542E+00 0.379647493E+00 0.386267036E+00 0.391898334E+00
 0.185796723E+00 0.186748728E+00 0.182161450E+00 0.175700992E+00 0.169513062E+00
 0.163593858E+00 0.157925621E+00 0.152492583E+00 0.147282049E+00 0.142284676E+00
 0.137494534E+00 0.132909030E+00 0.128528848E+00 0.124357872E+00 0.120403051E+00
 0.116674349E+00 0.113184638E+00 0.109949671E+00 0.106988586E+00 0.104238808E+00
 0.101744920E+00 0.995515659E-01 0.977029800E-01 0.962424129E-01 0.952112824E-01
 0.946482569E-01 0.945885405E-01 0.950635374E-01 0.961002782E-01 0.977187678E-01
 0.999331698E-01 0.102758326E+00 0.106184162E+00 0.110170692E+00 0.114812009E+00
 0.120085225E+00 0.125974059E+00 0.132480353E+00 0.139596447E+00 0.147311702E+00
 0.155612200E+00 0.164480969E+00 0.173897654E+00 0.183838129E+00 0.194273680E+00
 0.205170199E+00 0.216486990E+00 0.228175402E+00 0.240177453E+00 0.252424240E+00
 0.264834702E+00 0.277314752E+00 0.289757162E+00 0.302042991E+00 0.314044267E+00
 0.325628936E+00 0.336666793E+00 0.347036451E+00 0.356632054E+00 0.365367979E+00
 0.373181820E+00 0.380034477E+00 0.385908186E+00 0.390803397E+00 0.394735098E+00
 0.180131570E+00 0.181099504E+00 0.176274523E+00 0.169920638E+00 0.163959146E+00
 0.158351064E+00 0.153065875E+00 0.148073554E+00 0.143348500E+00 0.138871089E+00
 0.134627834E+00 0.130610839E+00 0.126817256E+00 0.123248518E+00 0.119909965E+00
 0.116810367E+00 0.113961771E+00 0.111379415E+00 0.109081894E+00 0.107091479E+00
 0.105345704E+00 0.103883587E+00 0.102744035E+00 0.101965532E+00 0.101585120E+00
 0.101635367E+00 0.102143973E+00 0.103135437E+00 0.104637243E+00 0.106654949E+00
 0.109169580E+00 0.112283625E+00 0.115986437E+00 0.120274737E+00 0.125159591E+00
 0.130643591E+00 0.136726543E+00 0.143408224E+00 0.150686443E+00 0.158556774E+00
 0.167012349E+00 0.176043674E+00 0.185638115E+00 0.195779309E+00 0.206446186E+00
 0.217611700E+00 0.229241148E+00 0.241290063E+00 0.253701568E+00 0.266403496E+00
 0.279304981E+00 0.292293608E+00 0.305233240E+00 0.317964077E+00 0.330306202E+00
 0.342067569E+00 0.353057146E+00 0.363100797E+00 0.372057229E+00 0.379830331E+00
 0.386375725E+00 0.391700774E+00 0.395857871E+00 0.398932755E+00 0.401030064E+00
 0.172029302E+00 0.172788531E+00 0.168252900E+00 0.162155032E+00 0.156572878E+00
 0.151441902E+00 0.146693617E+00 0.142271966E+00 0.138135493E+00 0.134255663E+00
 0.130614415E+00 0.127201781E+00 0.124014124E+00 0.121052720E+00 0.118322857E+00
 0.115833171E+00 0.113595277E+00 0.111623555E+00 0.109935194E+00 0.108550318E+00
 0.107492469E+00 0.106695049E+00 0.106190778E+00 0.106014743E+00 0.106207997E+00
 0.106795885E+00 0.107790396E+00 0.109184675E+00 0.111092031E+00 0.113509662E+00
 0.116444141E+00 0.119915806E+00 0.123936772E+00 0.128516451E+00 0.133664012E+00
 0.139386952E+00 0.145691261E+00 0.152581856E+00 0.160062492E+00 0.168135598E+00
 0.176802173E+00 0.186061546E+00 0.195910960E+00 0.206344903E+00 0.217354178E+00
 0.228924483E+00 0.241034299E+00 0.253652126E+00 0.266732603E+00 0.280211478E+00
 0.293999135E+00 0.307972848E+00 0.321968675E+00 0.335774601E+00 0.349129528E+00
 0.361733407E+00 0.373273402E+00 0.383462399E+00 0.392078608E+00 0.398993313E+00
 0.404183328E+00 0.407729179E+00 0.409800023E+00 0.410624087E+00 0.410448968E+00
 0.161403924E+00 0.161845863E+00 0.157488182E+00 0.151925981E+00 0.147069141E+00
 0.142723829E+00 0.138756648E+00 0.135087594E+00 0.131670177E+00 0.128478423E+00
 0.125499159E+00 0.122727491E+00 0.120164193E+00 0.117814012E+00 0.115684666E+00
 0.113786206E+00 0.112130642E+00 0.110731684E+00 0.109604552E+00 0.108765900E+00
 0.108233742E+00 0.108027510E+00 0.108067818E+00 0.108371928E+00 0.109058931E+00
 0.110135704E+00 0.111615457E+00 0.113516279E+00 0.115867771E+00 0.118689977E+00
 0.121999890E+00 0.125814065E+00 0.130147308E+00 0.135012984E+00 0.140423477E+00
 0.146390289E+00 0.152924240E+00 0.160035640E+00 0.167734474E+00 0.176030472E+00
 0.184933245E+00 0.194452241E+00 0.204596624E+00 0.215374976E+00 0.226794720E+00
 0.238860935E+00 0.251574785E+00 0.264930546E+00 0.278911501E+00 0.293483406E+00
 0.308584780E+00 0.324112803E+00 0.339902937E+00 0.355701864E+00 0.371137500E+00
 0.385705709E+00 0.398815036E+00 0.409907609E+00 0.418582588E+00 0.424645185E+00
 0.428104490E+00 0.429167658E+00 0.428231478E+00 0.425829500E+00 0.422506452E+00
 0.146750048E+00 0.146323144E+00 0.142632082E+00 0.138748854E+00 0.135414526E+00
 0.132341459E+00 0.129450515E+00 0.126714766E+00 0.124127276E+00 0.121690296E+00
 0.119410723E+00 0.117297970E+00 0.115362905E+00 0.113617316E+00 0.112073645E+00
 0.110744834E+00 0.109644219E+00 0.108785465E+00 0.108182333E+00 0.107848257E+00
 0.107795514E+00 0.108033411E+00 0.108564556E+00 0.109405234E+00 0.110585660E+00
 0.112128280E+00 0.114053145E+00 0.116380177E+00 0.119130008E+00 0.122322030E+00
 0.125974372E+00 0.130104288E+00 0.134728119E+00 0.139861524E+00 0.145519644E+00
 0.151717350E+00 0.158469498E+00 0.165791214E+00 0.173698291E+00 0.182207480E+00
 0.191336900E+00 0.201106474E+00 0.211538270E+00 0.222656935E+00 0.234489888E+00
 0.247067347E+00 0.260422021E+00 0.274587989E+00 0.289598197E+00 0.305480093E+00
 0.322247207E+00 0.339884430E+00 0.358321965E+00 0.377386659E+00 0.396702766E+00
 0.415474325E+00 0.432255864E+00 0.445615023E+00 0.454905421E+00 0.459964991E+00
 0.460861683E+00 0.457896203E+00 0.451794922E+00 0.443976015E+00 0.435932040E+00
 0.127722591E+00 0.125157207E+00 0.124604605E+00 0.123963468E+00 0.122672118E+00
 0.121079884E+00 0.119352646E+00 0.117583185E+00 0.115831651E+00 0.114141285E+00
 0.112545416E+00 0.111071050E+00 0.109740876E+00 0.108574592E+00 0.107589796E+00
 0.106802598E+00 0.106228054E+00 0.105880491E+00 0.105773628E+00 0.105920665E+00
 0.106334276E+00 0.107026711E+00 0.108010471E+00 0.109300934E+00 0.110916436E+00
 0.112875670E+00 0.115197323E+00 0.117900111E+00 0.121002778E+00 0.124523804E+00
 0.128481284E+00 0.132892936E+00 0.137776077E+00 0.143147856E+00 0.149025336E+00
 0.155425802E+00 0.162367076E+00 0.169868007E+00 0.177948862E+00 0.186632097E+00
 0.195942968E+00 0.205910474E+00 0.216568366E+00 0.227956399E+00 0.240121767E+00
 0.253120869E+00 0.267021298E+00 0.281904131E+00 0.297866315E+00 0.315022767E+00
 0.333507508E+00 0.353472590E+00 0.375083596E+00 0.398513854E+00 0.423954934E+00
 0.451754689E+00 0.476534069E+00 0.493275464E+00 0.503218770E+00 0.507016838E+00
 0.504122972E+00 0.495062381E+00 0.479023010E+00 0.460941583E+00 0.446977705E+00
 0.113758519E+00 0.110458910E+00 0.110407241E+00 0.110826395E+00 0.110643275E+00
 0.110048950E+00 0.109197177E+00 0.108202763E+00 0.107150562E+00 0.106104121E+00
 0.105111890E+00 0.104211539E+00 0.103433020E+00 0.102800734E+00 0.102335118E+00
 0.102053821E+00 0.101972543E+00 0.102105640E+00 0.102466583E+00 0.103068277E+00
 0.103923388E+00 0.105044656E+00 0.106445380E+00 0.108139925E+00 0.110143870E+00
 0.112473644E+00 0.115146317E+00 0.118179418E+00 0.121590801E+00 0.125398472E+00
 0.129620478E+00 0.134274825E+00 0.139379397E+00 0.144952148E+00 0.151011139E+00
 0.157574892E+00 0.164662763E+00 0.172295466E+00 0.180495754E+00 0.189289227E+00
 0.198705390E+00 0.208778873E+00 0.219551012E+00 0.231071785E+00 0.243402436E+00
 0.256618708E+00 0.270815372E+00 0.286112219E+00 0.302662283E+00 0.320663154E+00
 0.340371788E+00 0.362123400E+00 0.386351883E+00 0.413607001E+00 0.444565445E+00
 0.477575898E+00 0.502669394E+00 0.519625843E+00 0.528886914E+00 0.530136466E+00
 0.523625553E+00 0.508238316E+00 0.485480815E+00 0.465744793E+00 0.449701726E+00
 0.103077859E+00 0.992972106E-01 0.992070064E-01 0.997945964E-01 0.999562889E-01
 0.997957066E-01 0.994135141E-01 0.989002883E-01 0.983318761E-01 0.977692083E-01
 0.972601026E-01 0.968417972E-01 0.965434387E-01 0.963882431E-01 0.963952094E-01
 0.965804160E-01 0.969579667E-01 0.975406617E-01 0.983404815E-01 0.993689597E-01
 0.100637540E+00 0.102157876E+00 0.103942171E+00 0.106003448E+00 0.108355753E+00
 0.111014120E+00 0.113994583E+00 0.117314011E+00 0.120989971E+00 0.125040472E+00
 0.129483819E+00 0.134338319E+00 0.139622256E+00 0.145353764E+00 0.151550964E+00
 0.158232272E+00 0.165416718E+00 0.173124641E+00 0.181378439E+00 0.190203458E+00
 0.199629262E+00 0.209690973E+00 0.220431000E+00 0.231901318E+00 0.244166255E+00
 0.257306397E+00 0.271423995E+00 0.286650509E+00 0.303158015E+00 0.321176171E+00
 0.341019064E+00 0.363127828E+00 0.388137758E+00 0.416957140E+00 0.450517803E+00
 0.480079532E+00 0.502217889E+00 0.516941309E+00 0.524025321E+00 0.523443341E+00
 0.513937831E+00 0.494867414E+00 0.474304795E+00 0.457008153E+00 0.442361683E+00
 0.947205052E-01 0.905066952E-01 0.899315625E-01 0.903119594E-01 0.904014483E-01
 0.902774930E-01 0.900244862E-01 0.897181556E-01 0.894208550E-01 0.891809091E-01
 0.890344158E-01 0.890080184E-01 0.891216397E-01 0.893907622E-01 0.898281336E-01
 0.904448181E-01 0.912509337E-01 0.922559947E-01 0.934691504E-01 0.948994085E-01
 0.965558439E-01 0.984478742E-01 0.100585617E+00 0.102980196E+00 0.105644040E+00
 0.108591057E+00 0.111836672E+00 0.115397751E+00 0.119292356E+00 0.123539351E+00
 0.128158003E+00 0.133167475E+00 0.138586491E+00 0.144433096E+00 0.150724560E+00
 0.157477647E+00 0.164709002E+00 0.172435924E+00 0.180677146E+00 0.189453900E+00
 0.198791116E+00 0.208718657E+00 0.219272867E+00 0.230498299E+00 0.242449909E+00
 0.255195856E+00 0.268821239E+00 0.283433378E+00 0.299169213E+00 0.316206664E+00
 0.334782213E+00 0.355221868E+00 0.378002107E+00 0.403914422E+00 0.431603730E+00
 0.454728574E+00 0.472253680E+00 0.483894289E+00 0.489534587E+00 0.488244504E+00
 0.479704231E+00 0.465033382E+00 0.451090872E+00 0.438427269E+00 0.427039117E+00
 0.877875313E-01 0.830298066E-01 0.820254907E-01 0.819175318E-01 0.815938413E-01
 0.811783671E-01 0.807734802E-01 0.804529339E-01 0.802632272E-01 0.802300870E-01
 0.803657621E-01 0.806751847E-01 0.811603069E-01 0.818227604E-01 0.826651007E-01
 0.836911425E-01 0.849057734E-01 0.863144770E-01 0.879229531E-01 0.897368789E-01
 0.917619541E-01 0.940041989E-01 0.964704305E-01 0.991688818E-01 0.102109760E+00
 0.105305694E+00 0.108771943E+00 0.112526298E+00 0.116588712E+00 0.120980568E+00
 0.125723779E+00 0.130839825E+00 0.136348739E+00 0.142268553E+00 0.148614928E+00
 0.155401304E+00 0.162639514E+00 0.170340642E+00 0.178516224E+00 0.187179357E+00
 0.196345955E+00 0.206035733E+00 0.216273189E+00 0.227088407E+00 0.238517910E+00
 0.250605255E+00 0.263401747E+00 0.276966631E+00 0.291366667E+00 0.306673437E+00
 0.322956234E+00 0.340263009E+00 0.358572960E+00 0.377684861E+00 0.396708071E+00
 0.413296163E+00 0.426388621E+00 0.435540855E+00 0.440433294E+00 0.440848619E+00
 0.436849356E+00 0.430191457E+00 0.422621518E+00 0.414788455E+00 0.407071590E+00
 0.826598853E-01 0.772395134E-01 0.753457546E-01 0.742479637E-01 0.730342641E-01
 0.719534606E-01 0.711474419E-01 0.706706271E-01 0.705225319E-01 0.706762895E-01
 0.710971877E-01 0.717530325E-01 0.726190284E-01 0.736791268E-01 0.749252290E-01
 0.763552561E-01 0.779707879E-01 0.797749981E-01 0.817709863E-01 0.839609876E-01
 0.863461867E-01 0.889273435E-01 0.917057917E-01 0.946847871E-01 0.978707671E-01
 0.101274408E+00 0.104911186E+00 0.108801410E+00 0.112969585E+00 0.117443047E+00
 0.122250110E+00 0.127417892E+00 0.132970244E+00 0.138926119E+00 0.145298883E+00
 0.152096391E+00 0.159322098E+00 0.166976750E+00 0.175060228E+00 0.183573470E+00
 0.192519769E+00 0.201905593E+00 0.211740896E+00 0.222038850E+00 0.232815191E+00
 0.244086877E+00 0.255870104E+00 0.268177003E+00 0.281010240E+00 0.294353783E+00
 0.308157921E+00 0.322313726E+00 0.336612940E+00 0.350693315E+00 0.364002317E+00
 0.375876665E+00 0.385730475E+00 0.393161923E+00 0.397962838E+00 0.400133073E+00
 0.399923712E+00 0.397828758E+00 0.394426912E+00 0.390212029E+00 0.385548383E+00
 0.802228153E-01 0.742455795E-01 0.701274499E-01 0.667068884E-01 0.637208447E-01
 0.615361258E-01 0.602234975E-01 0.596656054E-01 0.597078279E-01 0.602090135E-01
 0.610553138E-01 0.621636212E-01 0.634802952E-01 0.649767146E-01 0.666427612E-01
 0.684798062E-01 0.704943612E-01 0.726931393E-01 0.750797391E-01 0.776531100E-01
 0.804076418E-01 0.833347365E-01 0.864253715E-01 0.896731243E-01 0.930770189E-01
 0.966437683E-01 0.100389212E+00 0.104338720E+00 0.108526364E+00 0.112992555E+00
 0.117780179E+00 0.122929752E+00 0.128474608E+00 0.134437308E+00 0.140827835E+00
 0.147644103E+00 0.154874504E+00 0.162501872E+00 0.170507804E+00 0.178876117E+00
 0.187594771E+00 0.196656346E+00 0.206057295E+00 0.215796471E+00 0.225873068E+00
 0.236284092E+00 0.247021198E+00 0.258066505E+00 0.269387007E+00 0.280927062E+00
 0.292598546E+00 0.304269254E+00 0.315751195E+00 0.326795429E+00 0.337102443E+00
 0.346354663E+00 0.354263753E+00 0.360613555E+00 0.365288377E+00 0.368286818E+00
 0.369721293E+00 0.369796813E+00 0.368769437E+00 0.366900682E+00 0.364425510E+00
 0.785473660E-01 0.716716722E-01 0.646742582E-01 0.574529134E-01 0.506168678E-01
 0.476847626E-01 0.465333648E-01 0.465488695E-01 0.473399460E-01 0.486273952E-01
 0.502137467E-01 0.519737154E-01 0.538452342E-01 0.558143258E-01 0.578967407E-01
 0.601212494E-01 0.625171959E-01 0.651062876E-01 0.678977147E-01 0.708861575E-01
 0.740528330E-01 0.773696378E-01 0.808057785E-01 0.843348429E-01 0.879406929E-01
 0.916214585E-01 0.953920931E-01 0.992860645E-01 0.103355676E+00 0.107669093E+00
 0.112302467E+00 0.117327876E+00 0.122801393E+00 0.128754899E+00 0.135192543E+00
 0.142091781E+00 0.149409696E+00 0.157094151E+00 0.165095344E+00 0.173373491E+00
 0.181900620E+00 0.190658867E+00 0.199636966E+00 0.208826721E+00 0.218219548E+00
 0.227803260E+00 0.237558857E+00 0.247456983E+00 0.257454276E+00 0.267489105E+00
 0.277477533E+00 0.287309825E+00 0.296849519E+00 0.305936486E+00 0.314395845E+00
 0.322053343E+00 0.328753799E+00 0.334379315E+00 0.338862985E+00 0.342195779E+00
 0.344425380E+00 0.345647067E+00 0.345988363E+00 0.345591724E+00 0.344599247E+00
 0.765119419E-01 0.684558451E-01 0.593687631E-01 0.487843752E-01 0.368726030E-01
 0.298602972E-01 0.289074872E-01 0.308772065E-01 0.334267206E-01 0.362207964E-01
 0.389930233E-01 0.416073240E-01 0.440590978E-01 0.464256033E-01 0.488120802E-01
 0.513181575E-01 0.540228337E-01 0.569782965E-01 0.602057353E-01 0.636914447E-01
 0.673867315E-01 0.712173954E-01 0.751029775E-01 0.789762661E-01 0.827938393E-01
 0.865382329E-01 0.902182311E-01 0.938726738E-01 0.975797027E-01 0.101464957E+00
 0.105688021E+00 0.110399947E+00 0.115706928E+00 0.121660270E+00 0.128254712E+00
 0.135423928E+00 0.143047079E+00 0.150986850E+00 0.159134820E+00 0.167425275E+00
 0.175825030E+00 0.184319735E+00 0.192903921E+00 0.201574385E+00 0.210325897E+00
 0.219147995E+00 0.228022620E+00 0.236921951E+00 0.245806530E+00 0.254623681E+00
 0.263306439E+00 0.271773368E+00 0.279930204E+00 0.287673205E+00 0.294894964E+00
 0.301492363E+00 0.307375073E+00 0.312474042E+00 0.316747695E+00 0.320185572E+00
 0.322807729E+00 0.324661314E+00 0.325814188E+00 0.326347142E+00 0.326346576E+00
 0.761406720E-01 0.677310526E-01 0.580329038E-01 0.464669093E-01 0.325899720E-01
 0.218716003E-01 0.159166958E-01 0.149483150E-01 0.190049000E-01 0.243503768E-01
 0.287612379E-01 0.321310163E-01 0.347925052E-01 0.371340998E-01 0.394580737E-01
 0.419696495E-01 0.448073782E-01 0.480643064E-01 0.517899133E-01 0.559706651E-01
 0.604955591E-01 0.651565343E-01 0.697381422E-01 0.741014853E-01 0.781812295E-01
 0.819525868E-01 0.854097754E-01 0.885617211E-01 0.914538652E-01 0.942764357E-01
 0.975198746E-01 0.101569727E+00 0.106562711E+00 0.112556338E+00 0.119568110E+00
 0.127519727E+00 0.136033073E+00 0.144625887E+00 0.153132990E+00 0.161533266E+00
 0.169842064E+00 0.178082883E+00 0.186277509E+00 0.194441870E+00 0.202584147E+00
 0.210703596E+00 0.218790069E+00 0.226823583E+00 0.234774128E+00 0.242601752E+00
 0.250256985E+00 0.257681876E+00 0.264811844E+00 0.271578342E+00 0.277912736E+00
 0.283750296E+00 0.289034992E+00 0.293723434E+00 0.297788292E+00 0.301219732E+00
 0.304025859E+00 0.306230903E+00 0.307872593E+00 0.308998495E+00 0.309662133E+00
 0.780843198E-01 0.703619346E-01 0.616892651E-01 0.519159250E-01 0.410410017E-01
 0.293302573E-01 0.188101120E-01 0.130323665E-01 0.125690121E-01 0.178914592E-01
 0.229172111E-01 0.254095197E-01 0.266719293E-01 0.279384647E-01 0.295341909E-01
 0.316079520E-01 0.342780501E-01 0.376663804E-01 0.419116281E-01 0.471626595E-01
 0.534507036E-01 0.598455556E-01 0.655482188E-01 0.705550984E-01 0.749318525E-01
 0.787193999E-01 0.819164664E-01 0.844663382E-01 0.862271488E-01 0.869450644E-01
 0.885795131E-01 0.917667523E-01 0.963203982E-01 0.102357857E+00 0.109936230E+00
 0.119279772E+00 0.129673973E+00 0.139129609E+00 0.147972688E+00 0.156390339E+00
 0.164504856E+00 0.172401667E+00 0.180140853E+00 0.187762812E+00 0.195291772E+00
 0.202738166E+00 0.210100532E+00 0.217367098E+00 0.224516898E+00 0.231521025E+00
 0.238343805E+00 0.244944111E+00 0.251277149E+00 0.257296383E+00 0.262956023E+00
 0.268213421E+00 0.273031771E+00 0.277382135E+00 0.281245410E+00 0.284613103E+00
 0.287487656E+00 0.289881825E+00 0.291817188E+00 0.293322504E+00 0.294431657E+00
 0.819216818E-01 0.754938498E-01 0.684367567E-01 0.607250594E-01 0.524588227E-01
 0.438656956E-01 0.352728367E-01 0.270684101E-01 0.219987929E-01 0.237330943E-01
 0.259307679E-01 0.254703406E-01 0.239064023E-01 0.235584211E-01 0.241269413E-01
 0.255246069E-01 0.277922973E-01 0.310368035E-01 0.354499817E-01 0.414084345E-01
 0.496229082E-01 0.577365085E-01 0.641793311E-01 0.694986954E-01 0.739720762E-01
 0.777276084E-01 0.807962716E-01 0.831216797E-01 0.845438913E-01 0.848455280E-01
 0.860714912E-01 0.889731944E-01 0.933704972E-01 0.993116274E-01 0.106885664E+00
 0.116332158E+00 0.126766071E+00 0.136115566E+00 0.144679546E+00 0.152687237E+00
 0.160300002E+00 0.167632937E+00 0.174766645E+00 0.181754217E+00 0.188626945E+00
 0.195399284E+00 0.202072844E+00 0.208639324E+00 0.215082645E+00 0.221380666E+00
 0.227506489E+00 0.233429790E+00 0.239118189E+00 0.244538695E+00 0.249659225E+00
 0.254450172E+00 0.258885860E+00 0.262945920E+00 0.266616166E+00 0.269889295E+00
 0.272765040E+00 0.275249839E+00 0.277356267E+00 0.279102057E+00 0.280508935E+00
 0.135164726E+01 0.136887121E+01 0.137843871E+01 0.139065278E+01 0.140358627E+01
 0.141674042E+01 0.143037105E+01 0.144576311E+01 0.145984173E+01 0.147438920E+01
 0.148937261E+01 0.150504124E+01 0.152063000E+01 0.153722060E+01 0.155398107E+01
 0.157134521E+01 0.158904815E+01 0.160767674E+01 0.162657535E+01 0.164617467E+01
 0.166638291E+01 0.168714345E+01 0.170874929E+01 0.173093069E+01 0.175398827E+01
 0.177773559E+01 0.180238986E+01 0.182795572E+01 0.185442388E+01 0.188190293E+01
 0.191043091E+01 0.194014442E+01 0.197103786E+01 0.200319862E+01 0.203671360E+01
 0.207174563E+01 0.210835814E+01 0.214659619E+01 0.218671679E+01 0.222880101E+01
 0.227299619E+01 0.231954145E+01 0.236849761E+01 0.242030263E+01 0.247511864E+01
 0.253315139E+01 0.259492993E+01 0.266051698E+01 0.273095202E+01 0.280632305E+01
 0.288736582E+01 0.297475410E+01 0.306964684E+01 0.317363763E+01 0.328677082E+01
 0.341164160E+01 0.355175185E+01 0.370950723E+01 0.388715386E+01 0.409667158E+01
 0.434511232E+01 0.465193987E+01 0.506248093E+01 0.570020676E+01 0.939562321E+01
   85   88
 0.108805442E+01-0.100000001E+00 0.109405398E+01 0.000000000E+00 0.110491002E+01
 0.100000001E+00 0.111177993E+01 0.150000006E+00 0.112946105E+01 0.250000000E+00
 0.113986409E+01 0.300000012E+00 0.115875006E+01 0.378128797E+00 0.117865312E+01
 0.449999988E+00 0.119381201E+01 0.500000000E+00 0.121187496E+01 0.555041909E+00
 0.123843753E+01 0.630898654E+00 0.126499999E+01 0.697888553E+00 0.128679919E+01
 0.750000000E+00 0.130878282E+01 0.800000012E+00 0.133216250E+01 0.850000024E+00
 0.135775220E+01 0.899999976E+00 0.137957871E+01 0.951827109E+00 0.138790739E+01
 0.967395484E+00 0.142437506E+01 0.948993087E+00 0.147749996E+01 0.931954801E+00
 0.153062499E+01 0.903132319E+00 0.155718756E+01 0.890456200E+00 0.161031246E+01
 0.860030115E+00 0.163687503E+01 0.843831182E+00 0.169000006E+01 0.809415460E+00
 0.171656251E+01 0.791217983E+00 0.176968753E+01 0.751560330E+00 0.179624999E+01
 0.731843352E+00 0.183389890E+01 0.699999988E+00 0.187593746E+01 0.664209068E+00
 0.190250003E+01 0.639547706E+00 0.194194674E+01 0.600000024E+00 0.198218751E+01
 0.557116926E+00 0.200874996E+01 0.526481330E+00 0.203531241E+01 0.493107319E+00
 0.206670070E+01 0.449999988E+00 0.209978795E+01 0.400000006E+00 0.212932420E+01
 0.349999994E+00 0.215564060E+01 0.300000012E+00 0.217896008E+01 0.250000000E+00
 0.219930887E+01 0.200000003E+00 0.222125006E+01 0.133730799E+00 0.224094534E+01
 0.500000007E-01 0.224781251E+01-0.128847985E-01 0.224803424E+01-0.100000001E+00
 0.224322343E+01-0.150000006E+00 0.222382760E+01-0.250000000E+00 0.221050239E+01
-0.300000012E+00 0.219468760E+01-0.350357831E+00 0.216812491E+01-0.423522085E+00
 0.214156246E+01-0.485490113E+00 0.211500001E+01-0.538647294E+00 0.208843756E+01
-0.585043788E+00 0.206187510E+01-0.626257420E+00 0.203531241E+01-0.663374543E+00
 0.200644302E+01-0.699999988E+00 0.196265900E+01-0.750000000E+00 0.192906249E+01
-0.785630703E+00 0.190250003E+01-0.811230838E+00 0.185808873E+01-0.850000024E+00
 0.182281256E+01-0.879496217E+00 0.179361701E+01-0.899999976E+00 0.174312496E+01
-0.933466434E+00 0.171076322E+01-0.949999988E+00 0.166343749E+01-0.972385526E+00
 0.161031246E+01-0.989196360E+00 0.155718756E+01-0.997945487E+00 0.150406253E+01
-0.999299765E+00 0.145093751E+01-0.994110048E+00 0.139781249E+01-0.979864359E+00
 0.134468746E+01-0.953943908E+00 0.131812501E+01-0.936882555E+00 0.127780473E+01
-0.899999976E+00 0.123897529E+01-0.850000024E+00 0.121187496E+01-0.803715050E+00
 0.118671834E+01-0.750000000E+00 0.116737485E+01-0.699999988E+00 0.115080309E+01
-0.649999976E+00 0.113218749E+01-0.583657801E+00 0.111358678E+01-0.500000000E+00
 0.110526383E+01-0.449999988E+00 0.109321368E+01-0.349999994E+00 0.108753216E+01
-0.250000000E+00 0.108678436E+01-0.150000006E+00 0.108805442E+01-0.100000001E+00
 0.101730001E+01 0.000000000E+00 0.101932001E+01 0.111591995E+01 0.101127005E+01
 0.116271996E+01 0.100224996E+01 0.121238995E+01 0.102639997E+01 0.121238995E+01
 0.103497005E+01 0.116392004E+01 0.103842998E+01 0.116235995E+01 0.106122005E+01
 0.116356003E+01 0.109895003E+01 0.116589999E+01 0.113813996E+01 0.116823995E+01
 0.116191995E+01 0.117446005E+01 0.119008005E+01 0.118699002E+01 0.121012998E+01
 0.120185006E+01 0.123081994E+01 0.122499001E+01 0.123939002E+01 0.123863995E+01
 0.126108003E+01 0.128634000E+01 0.128076005E+01 0.133403003E+01 0.128076005E+01
 0.134810996E+01 0.133062005E+01 0.134810996E+01 0.141947997E+01 0.134748995E+01
 0.141947997E+01 0.131036997E+01 0.137993002E+01 0.131093001E+01 0.137410998E+01
 0.130689001E+01 0.136740994E+01 0.126408994E+01 0.136789000E+01 0.122646999E+01
 0.137232995E+01 0.119475996E+01 0.138840997E+01 0.116448998E+01 0.140222001E+01
 0.115728998E+01 0.141559005E+01 0.115646994E+01 0.142587996E+01 0.116276002E+01
 0.144700003E+01 0.118200004E+01 0.148800004E+01 0.121899998E+01 0.149600005E+01
 0.122800004E+01 0.149109995E+01 0.121349001E+01 0.149501002E+01 0.116171002E+01
 0.147765005E+01 0.112226999E+01 0.148169005E+01 0.111591995E+01 0.149105000E+01
 0.111275005E+01 0.152942002E+01 0.110483003E+01 0.160203004E+01 0.109308004E+01
 0.164134002E+01 0.107020998E+01 0.164687002E+01 0.107845998E+01 0.178340006E+01
 0.107209003E+01 0.204518008E+01 0.103909004E+01 0.205605006E+01 0.104322004E+01
 0.210643005E+01 0.999729991E+00 0.208569002E+01 0.869265974E+00 0.222220993E+01
 0.519111991E+00 0.224294996E+01 0.448630989E+00 0.230183005E+01 0.280676991E+00
 0.231151009E+01 0.279680014E+00 0.233364010E+01 0.219329998E+00 0.234012008E+01
 0.219872996E+00 0.234645009E+01 0.198669001E+00 0.234827995E+01 0.632878989E-01
 0.235109997E+01 0.420836993E-01 0.234827995E+01-0.254776001E+00 0.234645009E+01
-0.272718012E+00 0.234461999E+01-0.410818011E+00 0.235109997E+01-0.420603991E+00
 0.223979998E+01-0.684297979E+00 0.222333002E+01-0.684297979E+00 0.221052003E+01
-0.714201987E+00 0.221318007E+01-0.732686996E+00 0.220670009E+01-0.753892004E+00
 0.220021009E+01-0.735949993E+00 0.218756008E+01-0.771290004E+00 0.219388008E+01
-0.789776027E+00 0.213232994E+01-0.945818007E+00 0.178394997E+01-0.115894997E+01
 0.174519002E+01-0.123995996E+01 0.174687004E+01-0.124047995E+01 0.174579000E+01
-0.124380004E+01 0.164520001E+01-0.124479997E+01 0.140117002E+01-0.124477005E+01
 0.138558996E+01-0.124820995E+01 0.137489998E+01-0.125832999E+01 0.136953998E+01
-0.126941001E+01 0.136824000E+01-0.127555001E+01 0.136860001E+01-0.132246995E+01
 0.137256002E+01-0.132470000E+01 0.142770004E+01-0.132470000E+01 0.142770004E+01
-0.135782003E+01 0.116450000E+01-0.135894001E+01 0.101627004E+01-0.121800005E+01
 0.101750004E+01-0.121700001E+01 0.101730001E+01-0.100000005E-02 0.101730001E+01
 0.000000000E+00
    0 0.170000005E+01    1
 0.000000000E+00 0.000000000E+00 0.000000000E+00 0.000000000E+00 0.000000000E+00
 0.000000000E+00 0.000000000E+00 0.000000000E+00 0.000000000E+00 0.000000000E+00
 0.000000000E+00 0.000000000E+00 0.000000000E+00 0.000000000E+00 0.000000000E+00
 0.000000000E+00 0.000000000E+00 0.000000000E+00 0.000000000E+00 0.000000000E+00
 0.000000000E+00 0.000000000E+00 0.000000000E+00 0.000000000E+00 0.000000000E+00
 0.000000000E+00 0.000000000E+00 0.000000000E+00 0.000000000E+00 0.000000000E+00
 0.000000000E+00 0.000000000E+00 0.000000000E+00 0.000000000E+00 0.000000000E+00
 0.000000000E+00 0.000000000E+00 0.000000000E+00 0.000000000E+00 0.000000000E+00
 0.000000000E+00 0.000000000E+00 0.000000000E+00 0.000000000E+00 0.000000000E+00
 0.000000000E+00 0.000000000E+00 0.000000000E+00 0.000000000E+00 0.000000000E+00
 0.000000000E+00 0.000000000E+00 0.000000000E+00 0.000000000E+00 0.000000000E+00
 0.000000000E+00 0.000000000E+00 0.000000000E+00 0.000000000E+00 0.000000000E+00
 0.000000000E+00 0.000000000E+00 0.000000000E+00 0.000000000E+00 0.000000000E+00
 0.000000000E+00 0.947917625E-01 0.134655729E+00 0.165379792E+00 0.191446707E+00
 0.214606658E+00 0.235678762E+00 0.253975540E+00 0.272331417E+00 0.289781213E+00
 0.306356370E+00 0.322276473E+00 0.337569475E+00 0.352372408E+00 0.366726905E+00
 0.380687982E+00 0.394323915E+00 0.407626063E+00 0.420659155E+00 0.433491886E+00
 0.446054459E+00 0.458437413E+00 0.470648915E+00 0.482728928E+00 0.494627416E+00
 0.506415606E+00 0.518104553E+00 0.529667020E+00 0.541188717E+00 0.552586138E+00
 0.563938558E+00 0.575249553E+00 0.586494327E+00 0.597728550E+00 0.608907580E+00
 0.620085835E+00 0.631263494E+00 0.642412543E+00 0.653608859E+00 0.664803207E+00
 0.676022947E+00 0.687297821E+00 0.698588729E+00 0.709973216E+00 0.721410275E+00
 0.732917726E+00 0.744532287E+00 0.756222129E+00 0.768070519E+00 0.780024290E+00
 0.792139113E+00 0.804410458E+00 0.816863418E+00 0.829582632E+00 0.842478037E+00
 0.855652153E+00 0.869167626E+00 0.883055687E+00 0.897256911E+00 0.912050724E+00
 0.927395403E+00 0.943427861E+00 0.960466564E+00 0.978931248E+00 0.100000000E+01
    1
 0.000000000E+00 0.000000000E+00 0.000000000E+00 0.000000000E+00 0.000000000E+00
 0.000000000E+00 0.000000000E+00 0.000000000E+00 0.000000000E+00 0.000000000E+00
 0.000000000E+00 0.000000000E+00 0.000000000E+00 0.000000000E+00 0.000000000E+00
 0.000000000E+00 0.000000000E+00 0.000000000E+00 0.000000000E+00 0.000000000E+00
 0.000000000E+00 0.000000000E+00 0.000000000E+00 0.000000000E+00 0.000000000E+00
 0.000000000E+00 0.000000000E+00 0.000000000E+00 0.000000000E+00 0.000000000E+00
 0.000000000E+00 0.000000000E+00 0.000000000E+00 0.000000000E+00 0.000000000E+00
 0.000000000E+00 0.000000000E+00 0.000000000E+00 0.000000000E+00 0.000000000E+00
 0.000000000E+00 0.000000000E+00 0.000000000E+00 0.000000000E+00 0.000000000E+00
 0.000000000E+00 0.000000000E+00 0.000000000E+00 0.000000000E+00 0.000000000E+00
 0.000000000E+00 0.000000000E+00 0.000000000E+00 0.000000000E+00 0.000000000E+00
 0.000000000E+00 0.000000000E+00 0.000000000E+00 0.000000000E+00 0.000000000E+00
 0.000000000E+00 0.000000000E+00 0.000000000E+00 0.000000000E+00 0.000000000E+00
&BASIS
 EE2BDRY= 32*0.00000000      ,
 EEBDRY= 32*0.00000000      ,
 EEKNT= 32*0.00000000      ,
 EETENS=  5.00000000    ,
 FF2BDRY= 64*0.00000000      ,
 FFBDRY= 0.281746566    ,  1.11353934    , -1.49148786    , 61*0.00000000      ,
 FFKNT= 64*0.00000000      ,
 FFTENS=  0.00000000    ,
 KEE2BDRY= 32*0          ,
 KEEBDRY= 32*0          ,
 KEEFNC=          0,
 KEEKNT=          0,
 KFF2BDRY= 64*0          ,
 KFFBDRY= 64*0          ,
 KFFFNC=          0,
 KFFKNT=          0,
 KPP2BDRY= 64*0          ,
 KPPBDRY= 64*0          ,
 KPPFNC=          0,
 KPPKNT=          0,
 KWW2BDRY= 64*0          ,
 KWWBDRY= 64*0          ,
 KWWFNC=          0,
 KWWKNT=          0,
 PP2BDRY= 64*0.00000000      ,
 PPBDRY=  713501.625    , -748048.625    , 62*0.00000000      ,
 PPKNT= 64*0.00000000      ,
 PPTENS=  0.00000000    ,
 WW2BDRY= 64*0.00000000      ,
 WWBDRY= -356.228027    , -142162.656    , 62*0.00000000      ,
 WWKNT= 64*0.00000000      ,
 WWTENS=  0.00000000    ,
 /
