  EFITD    01/21/2000    #193778  4405ms           7  65  65
 0.170000005E+01 0.320000005E+01 0.169550002E+01 0.839999974E+00 0.000000000E+00
 0.185994291E+01-0.110633243E-01-0.133056283E+00 0.117221095E+00-0.202462316E+01
 0.983532562E+06-0.133056283E+00 0.000000000E+00 0.185994291E+01 0.000000000E+00
-0.110633243E-01 0.000000000E+00 0.117221095E+00 0.000000000E+00 0.000000000E+00
-0.343465590E+01-0.343516183E+01-0.343563271E+01-0.343606997E+01-0.343647408E+01
-0.343684602E+01-0.343718696E+01-0.343749738E+01-0.343777823E+01-0.343803048E+01
-0.343825507E+01-0.343845248E+01-0.343862391E+01-0.343877006E+01-0.343889189E+01
-0.343899012E+01-0.343906593E+01-0.343911958E+01-0.343915248E+01-0.343916512E+01
-0.343915868E+01-0.343913364E+01-0.343909121E+01-0.343903208E+01-0.343895698E+01
-0.343886709E+01-0.343876290E+01-0.343864536E+01-0.343851566E+01-0.343837404E+01
-0.343822193E+01-0.343805981E+01-0.343788862E+01-0.343770933E+01-0.343752265E+01
-0.343732953E+01-0.343713069E+01-0.343692708E+01-0.343671966E+01-0.343650913E+01
-0.343629646E+01-0.343608236E+01-0.343586779E+01-0.343565345E+01-0.343544054E+01
-0.343522954E+01-0.343502140E+01-0.343481708E+01-0.343461728E+01-0.343442297E+01
-0.343423510E+01-0.343405437E+01-0.343388176E+01-0.343371797E+01-0.343356395E+01
-0.343342066E+01-0.343328857E+01-0.343316913E+01-0.343306255E+01-0.343297029E+01
-0.343289280E+01-0.343283105E+01-0.343278575E+01-0.343275809E+01-0.343274879E+01
 0.119554719E+06 0.115842836E+06 0.112189641E+06 0.108595125E+06 0.105059289E+06
 0.101582117E+06 0.981636094E+05 0.948037578E+05 0.915025469E+05 0.882599688E+05
 0.850760312E+05 0.819507109E+05 0.788840078E+05 0.758759062E+05 0.729264141E+05
 0.700355078E+05 0.672031875E+05 0.644294453E+05 0.617142734E+05 0.590576680E+05
 0.564596133E+05 0.539201055E+05 0.514391367E+05 0.490167031E+05 0.466527930E+05
 0.443473984E+05 0.421005156E+05 0.399121328E+05 0.377822461E+05 0.357108438E+05
 0.336979258E+05 0.317434746E+05 0.298474902E+05 0.280099629E+05 0.262308848E+05
 0.245102480E+05 0.228480449E+05 0.212442676E+05 0.196989102E+05 0.182119648E+05
 0.167834238E+05 0.154132783E+05 0.141015225E+05 0.128481475E+05 0.116531455E+05
 0.105165107E+05 0.943823438E+04 0.841830957E+04 0.745672803E+04 0.655348242E+04
 0.570856543E+04 0.492196973E+04 0.419368701E+04 0.352371045E+04 0.291203223E+04
 0.235864478E+04 0.186354077E+04 0.142671228E+04 0.104815210E+04 0.727852478E+03
 0.465805969E+03 0.262005005E+03 0.116442062E+03 0.291095734E+02 0.000000000E+00
 0.459585637E+00 0.428786218E+00 0.398736030E+00 0.369435132E+00 0.340883523E+00
 0.313081205E+00 0.286028266E+00 0.259724677E+00 0.234170482E+00 0.209365726E+00
 0.185310423E+00 0.162004590E+00 0.139448270E+00 0.117641471E+00 0.965842456E-01
 0.762765929E-01 0.567185618E-01 0.379101634E-01 0.198514331E-01 0.254239561E-02
-0.140169235E-01-0.298264977E-01-0.448862985E-01-0.591963008E-01-0.727564767E-01
-0.855668038E-01-0.976272449E-01-0.108937785E+00-0.119498394E+00-0.129309043E+00
-0.138369694E+00-0.146680355E+00-0.154240966E+00-0.161051497E+00-0.167111948E+00
-0.172422290E+00-0.176982477E+00-0.180792481E+00-0.183852300E+00-0.186161891E+00
-0.187721223E+00-0.188530281E+00-0.188589022E+00-0.187897444E+00-0.186455503E+00
-0.184263170E+00-0.181320429E+00-0.177627236E+00-0.173183590E+00-0.167989448E+00
-0.162044793E+00-0.155349582E+00-0.147903800E+00-0.139707416E+00-0.130760416E+00
-0.121062748E+00-0.110614412E+00-0.994153619E-01-0.874655768E-01-0.747650415E-01
-0.613137111E-01-0.471115708E-01-0.321585909E-01-0.164547414E-01 0.000000000E+00
-0.956694375E+06-0.941685250E+06-0.926678062E+06-0.911672812E+06-0.896669500E+06
-0.881668125E+06-0.866668625E+06-0.851671062E+06-0.836675500E+06-0.821681812E+06
-0.806690062E+06-0.791700188E+06-0.776712312E+06-0.761726375E+06-0.746742312E+06
-0.731760188E+06-0.716780000E+06-0.701801750E+06-0.686825438E+06-0.671851062E+06
-0.656878625E+06-0.641908062E+06-0.626939438E+06-0.611972750E+06-0.597008062E+06
-0.582045188E+06-0.567084312E+06-0.552125375E+06-0.537168312E+06-0.522213250E+06
-0.507260062E+06-0.492308812E+06-0.477359500E+06-0.462412125E+06-0.447466656E+06
-0.432523125E+06-0.417581531E+06-0.402641875E+06-0.387704125E+06-0.372768312E+06
-0.357834438E+06-0.342902469E+06-0.327972469E+06-0.313044375E+06-0.298118188E+06
-0.283193969E+06-0.268271656E+06-0.253351281E+06-0.238432828E+06-0.223516312E+06
-0.208601719E+06-0.193689062E+06-0.178778328E+06-0.163869516E+06-0.148962641E+06
-0.134057703E+06-0.119154688E+06-0.104253594E+06-0.893544375E+05-0.744572109E+05
-0.595619102E+05-0.446685391E+05-0.297770957E+05-0.148875840E+05 0.000000000E+00
 0.442696095E+00 0.444722384E+00 0.446611792E+00 0.448256165E+00 0.449708104E+00
 0.451149374E+00 0.452828199E+00 0.455013901E+00 0.458007246E+00 0.462185949E+00
 0.468094826E+00 0.476724654E+00 0.486015111E+00 0.491765380E+00 0.494801551E+00
 0.495450556E+00 0.493765235E+00 0.489635646E+00 0.482737631E+00 0.472391695E+00
 0.457291812E+00 0.441673070E+00 0.428780496E+00 0.417573899E+00 0.407512784E+00
 0.398308605E+00 0.389799386E+00 0.381891459E+00 0.374531150E+00 0.367684454E+00
 0.361075997E+00 0.354559630E+00 0.348062724E+00 0.341463864E+00 0.334645092E+00
 0.327488154E+00 0.320009112E+00 0.312398314E+00 0.304638565E+00 0.296763599E+00
 0.288842529E+00 0.280959040E+00 0.273191631E+00 0.265602201E+00 0.258234352E+00
 0.251116902E+00 0.244268924E+00 0.237703919E+00 0.231432781E+00 0.225465432E+00
 0.219811738E+00 0.214481831E+00 0.209486037E+00 0.204834506E+00 0.200536743E+00
 0.196601093E+00 0.193034142E+00 0.189840093E+00 0.187020287E+00 0.184572756E+00
 0.182491884E+00 0.180768222E+00 0.179388553E+00 0.178335980E+00 0.177590385E+00
 0.442377716E+00 0.443525583E+00 0.444692999E+00 0.445841640E+00 0.446996123E+00
 0.448240310E+00 0.449708641E+00 0.451569140E+00 0.454004765E+00 0.457218170E+00
 0.461400300E+00 0.466628104E+00 0.471766502E+00 0.475220352E+00 0.476784319E+00
 0.476452738E+00 0.474188030E+00 0.469888896E+00 0.463386685E+00 0.454473317E+00
 0.443147451E+00 0.431105465E+00 0.419897676E+00 0.409571916E+00 0.399999082E+00
 0.391059697E+00 0.382663786E+00 0.374748021E+00 0.367270887E+00 0.360203326E+00
 0.353288561E+00 0.346397251E+00 0.339486241E+00 0.332486153E+00 0.325325817E+00
 0.317928165E+00 0.310344309E+00 0.302762717E+00 0.295156986E+00 0.287530124E+00
 0.279906899E+00 0.272324324E+00 0.264823735E+00 0.257444829E+00 0.250222862E+00
 0.243188009E+00 0.236366183E+00 0.229780316E+00 0.223451704E+00 0.217400998E+00
 0.211648718E+00 0.206215426E+00 0.201121554E+00 0.196386933E+00 0.192030177E+00
 0.188067958E+00 0.184514225E+00 0.181379393E+00 0.178669587E+00 0.176386043E+00
 0.174524501E+00 0.173074916E+00 0.172021478E+00 0.171342880E+00 0.171012938E+00
 0.441845238E+00 0.442464709E+00 0.443053186E+00 0.443603218E+00 0.444140941E+00
 0.444737703E+00 0.445468634E+00 0.446409166E+00 0.447621912E+00 0.449119270E+00
 0.450841457E+00 0.452593982E+00 0.454020828E+00 0.454716772E+00 0.454374582E+00
 0.452806085E+00 0.449899912E+00 0.445594043E+00 0.439881742E+00 0.432853907E+00
 0.424767137E+00 0.416047394E+00 0.407129765E+00 0.398301154E+00 0.389701128E+00
 0.381382644E+00 0.373356462E+00 0.365613252E+00 0.358131975E+00 0.350870967E+00
 0.343729973E+00 0.336628109E+00 0.329519123E+00 0.322361678E+00 0.315118223E+00
 0.307763308E+00 0.300325602E+00 0.292864084E+00 0.285391361E+00 0.277916461E+00
 0.270454645E+00 0.263027132E+00 0.255658865E+00 0.248376742E+00 0.241207987E+00
 0.234179750E+00 0.227319032E+00 0.220653161E+00 0.214210272E+00 0.208019748E+00
 0.202112302E+00 0.196519673E+00 0.191274092E+00 0.186407328E+00 0.181949705E+00
 0.177928954E+00 0.174369082E+00 0.171289280E+00 0.168702751E+00 0.166615650E+00
 0.165026054E+00 0.163923293E+00 0.163287714E+00 0.163091063E+00 0.163297594E+00
 0.441389561E+00 0.441620708E+00 0.441654295E+00 0.441504508E+00 0.441231102E+00
 0.440924346E+00 0.440647930E+00 0.440433353E+00 0.440287590E+00 0.440186054E+00
 0.440057367E+00 0.439778298E+00 0.439183205E+00 0.438090593E+00 0.436334997E+00
 0.433787882E+00 0.430365652E+00 0.426032335E+00 0.420804471E+00 0.414757758E+00
 0.408027858E+00 0.400794238E+00 0.393245846E+00 0.385546416E+00 0.377817124E+00
 0.370136827E+00 0.362550467E+00 0.355077595E+00 0.347717792E+00 0.340454131E+00
 0.333257437E+00 0.326094717E+00 0.318935990E+00 0.311756521E+00 0.304538667E+00
 0.297274351E+00 0.289966762E+00 0.282626003E+00 0.275263309E+00 0.267889708E+00
 0.260517389E+00 0.253160655E+00 0.245836198E+00 0.238562942E+00 0.231361970E+00
 0.224256769E+00 0.217273518E+00 0.210441753E+00 0.203794912E+00 0.197370663E+00
 0.191210866E+00 0.185360715E+00 0.179867521E+00 0.174778804E+00 0.170140460E+00
 0.165995061E+00 0.162380487E+00 0.159328520E+00 0.156863227E+00 0.154999077E+00
 0.153738916E+00 0.153072163E+00 0.152973682E+00 0.153404087E+00 0.154311597E+00
 0.441578478E+00 0.441585094E+00 0.440956116E+00 0.439838409E+00 0.438476741E+00
 0.437037468E+00 0.435587972E+00 0.434152573E+00 0.432724476E+00 0.431270689E+00
 0.429733634E+00 0.428034008E+00 0.426077217E+00 0.423763454E+00 0.420999467E+00
 0.417708874E+00 0.413839668E+00 0.409369171E+00 0.404306442E+00 0.398692489E+00
 0.392596513E+00 0.386107475E+00 0.379322290E+00 0.372333646E+00 0.365221053E+00
 0.358046561E+00 0.350854129E+00 0.343671173E+00 0.336511105E+00 0.329375923E+00
 0.322259486E+00 0.315150797E+00 0.308037251E+00 0.300906956E+00 0.293750614E+00
 0.286562353E+00 0.279340208E+00 0.272085309E+00 0.264800936E+00 0.257491767E+00
 0.250163823E+00 0.242824644E+00 0.235483542E+00 0.228152126E+00 0.220844850E+00
 0.213579997E+00 0.206380740E+00 0.199276581E+00 0.192304894E+00 0.185511932E+00
 0.178953364E+00 0.172693044E+00 0.166800231E+00 0.161345303E+00 0.156395540E+00
 0.152012795E+00 0.148252934E+00 0.145165607E+00 0.142792389E+00 0.141163379E+00
 0.140292779E+00 0.140174180E+00 0.140776217E+00 0.142040968E+00 0.143887401E+00
 0.443804324E+00 0.444342792E+00 0.441890508E+00 0.438716799E+00 0.435786784E+00
 0.432994395E+00 0.430303365E+00 0.427681744E+00 0.425093204E+00 0.422493905E+00
 0.419831753E+00 0.417047501E+00 0.414077520E+00 0.410858363E+00 0.407331645E+00
 0.403449208E+00 0.399177253E+00 0.394499034E+00 0.389416248E+00 0.383948594E+00
 0.378131270E+00 0.372011036E+00 0.365640849E+00 0.359074563E+00 0.352362156E+00
 0.345546722E+00 0.338662595E+00 0.331735075E+00 0.324780911E+00 0.317809463E+00
 0.310824126E+00 0.303824037E+00 0.296805650E+00 0.289764136E+00 0.282694489E+00
 0.275592178E+00 0.268453628E+00 0.261275947E+00 0.254057080E+00 0.246795490E+00
 0.239490107E+00 0.232140571E+00 0.224747494E+00 0.217313170E+00 0.209842518E+00
 0.202344552E+00 0.194834456E+00 0.187336400E+00 0.179887071E+00 0.172539607E+00
 0.165366873E+00 0.158462256E+00 0.151934385E+00 0.145894140E+00 0.140438989E+00
 0.135648027E+00 0.131592736E+00 0.128347248E+00 0.125984088E+00 0.124563918E+00
 0.124129236E+00 0.124696083E+00 0.126235351E+00 0.128656790E+00 0.131816402E+00
 0.444317460E+00 0.444988430E+00 0.441461325E+00 0.436688095E+00 0.432354420E+00
 0.428330332E+00 0.424517989E+00 0.420846939E+00 0.417259634E+00 0.413703680E+00
 0.410128325E+00 0.406483442E+00 0.402720034E+00 0.398791969E+00 0.394658089E+00
 0.390284538E+00 0.385646641E+00 0.380730361E+00 0.375532836E+00 0.370061964E+00
 0.364335269E+00 0.358377576E+00 0.352218658E+00 0.345890313E+00 0.339423805E+00
 0.332848042E+00 0.326187849E+00 0.319463521E+00 0.312690347E+00 0.305879056E+00
 0.299036145E+00 0.292164743E+00 0.285265148E+00 0.278335780E+00 0.271373421E+00
 0.264373928E+00 0.257332176E+00 0.250242323E+00 0.243097633E+00 0.235890508E+00
 0.228612393E+00 0.221253842E+00 0.213804767E+00 0.206254870E+00 0.198594630E+00
 0.190816864E+00 0.182919145E+00 0.174907982E+00 0.166804969E+00 0.158656195E+00
 0.150545537E+00 0.142610297E+00 0.135049418E+00 0.128094032E+00 0.121905819E+00
 0.116504908E+00 0.111913465E+00 0.108269632E+00 0.105734095E+00 0.104406327E+00
 0.104359590E+00 0.105721362E+00 0.108567446E+00 0.112731874E+00 0.117872797E+00
 0.442021459E+00 0.442492306E+00 0.438252807E+00 0.432685971E+00 0.427484483E+00
 0.422576904E+00 0.417899311E+00 0.413392007E+00 0.409000516E+00 0.404674858E+00
 0.400368452E+00 0.396037847E+00 0.391642720E+00 0.387146562E+00 0.382517546E+00
 0.377729416E+00 0.372762501E+00 0.367604136E+00 0.362249017E+00 0.356698841E+00
 0.350961596E+00 0.345050335E+00 0.338981926E+00 0.332775474E+00 0.326450735E+00
 0.320026934E+00 0.313521773E+00 0.306950510E+00 0.300325751E+00 0.293657243E+00
 0.286951810E+00 0.280213535E+00 0.273444057E+00 0.266642779E+00 0.259806991E+00
 0.252931952E+00 0.246010989E+00 0.239035368E+00 0.231994078E+00 0.224873662E+00
 0.217657894E+00 0.210327581E+00 0.202860296E+00 0.195230260E+00 0.187408552E+00
 0.179363519E+00 0.171062201E+00 0.162473023E+00 0.153571278E+00 0.144350037E+00
 0.134842172E+00 0.125166923E+00 0.115633570E+00 0.106966391E+00 0.100392327E+00
 0.945523232E-01 0.887047425E-01 0.840099007E-01 0.810531527E-01 0.798297152E-01
 0.796753764E-01 0.810467303E-01 0.861351639E-01 0.935550481E-01 0.102049418E+00
 0.437423706E+00 0.437535882E+00 0.432939380E+00 0.426858932E+00 0.421077043E+00
 0.415557534E+00 0.410256743E+00 0.405128270E+00 0.400126487E+00 0.395208299E+00
 0.390333593E+00 0.385465473E+00 0.380570531E+00 0.375618935E+00 0.370585024E+00
 0.365447581E+00 0.360190153E+00 0.354801446E+00 0.349275172E+00 0.343609959E+00
 0.337808818E+00 0.331878543E+00 0.325828880E+00 0.319671571E+00 0.313419580E+00
 0.307086021E+00 0.300683647E+00 0.294224083E+00 0.287717491E+00 0.281172156E+00
 0.274594367E+00 0.267988294E+00 0.261355817E+00 0.254696608E+00 0.248007834E+00
 0.241284236E+00 0.234517783E+00 0.227697372E+00 0.220808461E+00 0.213832647E+00
 0.206746921E+00 0.199523047E+00 0.192126676E+00 0.184516236E+00 0.176641762E+00
 0.168443307E+00 0.159849063E+00 0.150773212E+00 0.141113132E+00 0.130746305E+00
 0.119526647E+00 0.107279986E+00 0.937921554E-01 0.787256584E-01 0.615696572E-01
 0.467446521E-01 0.353225507E-01 0.275060479E-01 0.236938950E-01 0.244846679E-01
 0.297991540E-01 0.421198122E-01 0.568870567E-01 0.715906546E-01 0.856785178E-01
 0.431053907E+00 0.430732816E+00 0.425814688E+00 0.419352293E+00 0.413170934E+00
 0.407241315E+00 0.401518226E+00 0.395957917E+00 0.390519977E+00 0.385167658E+00
 0.379867494E+00 0.374589354E+00 0.369306117E+00 0.363993853E+00 0.358631939E+00
 0.353203237E+00 0.347694218E+00 0.342095137E+00 0.336399913E+00 0.330606073E+00
 0.324714422E+00 0.318728626E+00 0.312654704E+00 0.306500584E+00 0.300275326E+00
 0.293988645E+00 0.287650406E+00 0.281269968E+00 0.274856001E+00 0.268415928E+00
 0.261955738E+00 0.255479664E+00 0.248989999E+00 0.242486805E+00 0.235967591E+00
 0.229427114E+00 0.222856849E+00 0.216244653E+00 0.209574029E+00 0.202823490E+00
 0.195965677E+00 0.188966125E+00 0.181781948E+00 0.174359918E+00 0.166634008E+00
 0.158521995E+00 0.149920732E+00 0.140699059E+00 0.130687058E+00 0.119658574E+00
 0.107301541E+00 0.931640640E-01 0.765537918E-01 0.563651957E-01 0.309215952E-01
 0.407193135E-02-0.151947923E-01-0.271120574E-01-0.320299119E-01-0.298251808E-01
-0.190634001E-01 0.139872625E-02 0.290059410E-01 0.527461208E-01 0.731660202E-01
 0.423076391E+00 0.422332168E+00 0.416861951E+00 0.410146147E+00 0.403771460E+00
 0.397636771E+00 0.391680092E+00 0.385857463E+00 0.380134940E+00 0.374483943E+00
 0.368879229E+00 0.363298059E+00 0.357719958E+00 0.352126598E+00 0.346502185E+00
 0.340833366E+00 0.335109532E+00 0.329322845E+00 0.323468268E+00 0.317543536E+00
 0.311548889E+00 0.305486858E+00 0.299362034E+00 0.293180585E+00 0.286949933E+00
 0.280678302E+00 0.274374276E+00 0.268046498E+00 0.261703253E+00 0.255352020E+00
 0.248999298E+00 0.242650181E+00 0.236308023E+00 0.229974121E+00 0.223647311E+00
 0.217323557E+00 0.210995421E+00 0.204651520E+00 0.198275745E+00 0.191846475E+00
 0.185335562E+00 0.178706989E+00 0.171915278E+00 0.164903447E+00 0.157600254E+00
 0.149916470E+00 0.141739741E+00 0.132927299E+00 0.123295300E+00 0.112603329E+00
 0.100531638E+00 0.866492093E-01 0.703730881E-01 0.509276651E-01 0.273225866E-01
-0.138963375E-02-0.246965233E-01-0.391583666E-01-0.452339165E-01-0.430623442E-01
-0.328248292E-01-0.131232236E-01 0.164460670E-01 0.461212434E-01 0.706288144E-01
 0.412399381E+00 0.410853028E+00 0.405567080E+00 0.399156272E+00 0.392945975E+00
 0.386843860E+00 0.380827129E+00 0.374881625E+00 0.368993998E+00 0.363150150E+00
 0.357335746E+00 0.351536363E+00 0.345738173E+00 0.339928329E+00 0.334095389E+00
 0.328229606E+00 0.322323233E+00 0.316370547E+00 0.310368061E+00 0.304314494E+00
 0.298210591E+00 0.292059153E+00 0.285864621E+00 0.279633075E+00 0.273371786E+00
 0.267088890E+00 0.260793269E+00 0.254494041E+00 0.248200238E+00 0.241920620E+00
 0.235663235E+00 0.229435027E+00 0.223241568E+00 0.217086628E+00 0.210971713E+00
 0.204895616E+00 0.198853850E+00 0.192838043E+00 0.186835200E+00 0.180826902E+00
 0.174788311E+00 0.168687016E+00 0.162481695E+00 0.156120449E+00 0.149538696E+00
 0.142656773E+00 0.135376632E+00 0.127577975E+00 0.119113408E+00 0.109802783E+00
 0.994273350E-01 0.877251029E-01 0.743902475E-01 0.590784289E-01 0.414113067E-01
 0.209136531E-01-0.646353350E-03-0.133413980E-01-0.184969436E-01-0.168169923E-01
-0.803277735E-02 0.725376699E-02 0.301204473E-01 0.586645640E-01 0.825203806E-01
 0.400314510E+00 0.397635370E+00 0.392801493E+00 0.387079567E+00 0.381161422E+00
 0.375168443E+00 0.369159162E+00 0.363158226E+00 0.357173651E+00 0.351204753E+00
 0.345246285E+00 0.339290500E+00 0.333328754E+00 0.327352434E+00 0.321353614E+00
 0.315325469E+00 0.309262753E+00 0.303161860E+00 0.297021091E+00 0.290840536E+00
 0.284622222E+00 0.278369933E+00 0.272089094E+00 0.265786648E+00 0.259470910E+00
 0.253151149E+00 0.246837631E+00 0.240541041E+00 0.234272495E+00 0.228043020E+00
 0.221863374E+00 0.215743616E+00 0.209692836E+00 0.203718632E+00 0.197826773E+00
 0.192020625E+00 0.186300665E+00 0.180663854E+00 0.175102979E+00 0.169605941E+00
 0.164154917E+00 0.158725575E+00 0.153286085E+00 0.147796214E+00 0.142206326E+00
 0.136456624E+00 0.130476475E+00 0.124184370E+00 0.117488854E+00 0.110291347E+00
 0.102492549E+00 0.940052494E-01 0.847787559E-01 0.748451427E-01 0.644112155E-01
 0.540573001E-01 0.450838730E-01 0.392512381E-01 0.375838205E-01 0.403594300E-01
 0.475361347E-01 0.588432811E-01 0.736356154E-01 0.905390084E-01 0.107629843E+00
 0.389328778E+00 0.386129230E+00 0.380848646E+00 0.374941766E+00 0.368959248E+00
 0.362928748E+00 0.356875867E+00 0.350816518E+00 0.344757646E+00 0.338699788E+00
 0.332639426E+00 0.326570839E+00 0.320487469E+00 0.314382702E+00 0.308250695E+00
 0.302086651E+00 0.295887262E+00 0.289650768E+00 0.283377200E+00 0.277068406E+00
 0.270727962E+00 0.264361262E+00 0.257975399E+00 0.251579016E+00 0.245182216E+00
 0.238796413E+00 0.232434124E+00 0.226108745E+00 0.219834358E+00 0.213625431E+00
 0.207496598E+00 0.201462284E+00 0.195536345E+00 0.189731762E+00 0.184060127E+00
 0.178531185E+00 0.173152328E+00 0.167928010E+00 0.162859142E+00 0.157942459E+00
 0.153169990E+00 0.148528427E+00 0.143998533E+00 0.139554799E+00 0.135165274E+00
 0.130792096E+00 0.126392573E+00 0.121921465E+00 0.117334940E+00 0.112596802E+00
 0.107688293E+00 0.102622867E+00 0.974677652E-01 0.923742950E-01 0.876153633E-01
 0.836161599E-01 0.809369907E-01 0.801637024E-01 0.817503929E-01 0.859269127E-01
 0.926874354E-01 0.101799577E+00 0.112808727E+00 0.125072658E+00 0.137879908E+00
 0.377926230E+00 0.374227464E+00 0.368655443E+00 0.362481654E+00 0.356317222E+00
 0.350167334E+00 0.344032109E+00 0.337908596E+00 0.331791222E+00 0.325672626E+00
 0.319544584E+00 0.313398868E+00 0.307227939E+00 0.301025212E+00 0.294785529E+00
 0.288505226E+00 0.282182455E+00 0.275817066E+00 0.269410789E+00 0.262967288E+00
 0.256492049E+00 0.249992460E+00 0.243477672E+00 0.236958653E+00 0.230447993E+00
 0.223959863E+00 0.217509881E+00 0.211114928E+00 0.204793021E+00 0.198563054E+00
 0.192444608E+00 0.186457634E+00 0.180622160E+00 0.174957931E+00 0.169483960E+00
 0.164218143E+00 0.159176663E+00 0.154373437E+00 0.149819434E+00 0.145522207E+00
 0.141485497E+00 0.137708873E+00 0.134187028E+00 0.130909324E+00 0.127860099E+00
 0.125019506E+00 0.122365281E+00 0.119875729E+00 0.117534101E+00 0.115334578E+00
 0.113290444E+00 0.111444004E+00 0.109876506E+00 0.108717404E+00 0.108149417E+00
 0.108403161E+00 0.109734602E+00 0.112384886E+00 0.116533116E+00 0.122258104E+00
 0.129518032E+00 0.138147891E+00 0.147873104E+00 0.158340514E+00 0.169165358E+00
 0.365960807E+00 0.361775100E+00 0.355791599E+00 0.349346042E+00 0.343007475E+00
 0.336755484E+00 0.330566138E+00 0.324415416E+00 0.318281412E+00 0.312145174E+00
 0.305990934E+00 0.299805969E+00 0.293580323E+00 0.287306666E+00 0.280979931E+00
 0.274597377E+00 0.268158436E+00 0.261664510E+00 0.255119145E+00 0.248527944E+00
 0.241898492E+00 0.235240400E+00 0.228565320E+00 0.221886829E+00 0.215220496E+00
 0.208583787E+00 0.201995969E+00 0.195478126E+00 0.189052895E+00 0.182744488E+00
 0.176578403E+00 0.170581236E+00 0.164780423E+00 0.159203887E+00 0.153879568E+00
 0.148835197E+00 0.144097924E+00 0.139693215E+00 0.135643765E+00 0.131968945E+00
 0.128685564E+00 0.125808537E+00 0.123347528E+00 0.121306106E+00 0.119681656E+00
 0.118466258E+00 0.117648117E+00 0.117213912E+00 0.117153622E+00 0.117463775E+00
 0.118155122E+00 0.119263299E+00 0.120847762E+00 0.122991301E+00 0.125796467E+00
 0.129377097E+00 0.133844227E+00 0.139287353E+00 0.145754650E+00 0.153236255E+00
 0.161654517E+00 0.170863017E+00 0.180655286E+00 0.190781996E+00 0.200974509E+00
 0.352879882E+00 0.348172069E+00 0.341805637E+00 0.335168213E+00 0.328762233E+00
 0.322522312E+00 0.316387117E+00 0.310305119E+00 0.304236203E+00 0.298150241E+00
 0.292025059E+00 0.285844803E+00 0.279598325E+00 0.273278385E+00 0.266880840E+00
 0.260404289E+00 0.253849804E+00 0.247220650E+00 0.240522400E+00 0.233762726E+00
 0.226951495E+00 0.220100731E+00 0.213224679E+00 0.206339836E+00 0.199464977E+00
 0.192621127E+00 0.185831666E+00 0.179122210E+00 0.172520667E+00 0.166057169E+00
 0.159763977E+00 0.153675288E+00 0.147827148E+00 0.142257109E+00 0.137003213E+00
 0.132103935E+00 0.127601236E+00 0.123536028E+00 0.119944394E+00 0.116854750E+00
 0.114294589E+00 0.112305544E+00 0.110915706E+00 0.110142313E+00 0.109992944E+00
 0.110466279E+00 0.111552730E+00 0.113235176E+00 0.115489759E+00 0.118286185E+00
 0.121606797E+00 0.125478163E+00 0.129938468E+00 0.135035008E+00 0.140819445E+00
 0.147340581E+00 0.154635012E+00 0.162716195E+00 0.171563461E+00 0.181112945E+00
 0.191252023E+00 0.201819032E+00 0.212609142E+00 0.223386437E+00 0.233901396E+00
 0.337918520E+00 0.332595766E+00 0.326066941E+00 0.319498420E+00 0.313311458E+00
 0.307339340E+00 0.301463515E+00 0.295606971E+00 0.289720058E+00 0.283770561E+00
 0.277737319E+00 0.271606654E+00 0.265370131E+00 0.259023130E+00 0.252564132E+00
 0.245994240E+00 0.239316836E+00 0.232537538E+00 0.225664079E+00 0.218706414E+00
 0.211676672E+00 0.204589352E+00 0.197461307E+00 0.190311909E+00 0.183163151E+00
 0.176039770E+00 0.168969244E+00 0.161982030E+00 0.155111447E+00 0.148393959E+00
 0.141869247E+00 0.135579541E+00 0.129570782E+00 0.123893805E+00 0.118596613E+00
 0.113717958E+00 0.109330595E+00 0.105504006E+00 0.102297500E+00 0.997626930E-01
 0.979455635E-01 0.968874544E-01 0.966214985E-01 0.971709341E-01 0.985479802E-01
 0.100752980E+00 0.103773579E+00 0.107583888E+00 0.112143539E+00 0.117396630E+00
 0.123273060E+00 0.129791722E+00 0.136978239E+00 0.144860998E+00 0.153466299E+00
 0.162812084E+00 0.172900409E+00 0.183708817E+00 0.195181325E+00 0.207219824E+00
 0.219677299E+00 0.232354566E+00 0.245002732E+00 0.257333905E+00 0.269041061E+00
 0.319924504E+00 0.313641071E+00 0.307491302E+00 0.301894099E+00 0.296584457E+00
 0.291304290E+00 0.285958171E+00 0.280501902E+00 0.274911940E+00 0.269175053E+00
 0.263283759E+00 0.257234335E+00 0.251025647E+00 0.244658723E+00 0.238136381E+00
 0.231463239E+00 0.224645600E+00 0.217691615E+00 0.210611299E+00 0.203416735E+00
 0.196122214E+00 0.188744381E+00 0.181302488E+00 0.173818529E+00 0.166317463E+00
 0.158827439E+00 0.151379988E+00 0.144010186E+00 0.136756554E+00 0.129661188E+00
 0.122773871E+00 0.116140932E+00 0.109814048E+00 0.103884637E+00 0.984331369E-01
 0.935347751E-01 0.892654732E-01 0.856990069E-01 0.829044729E-01 0.809451640E-01
 0.798777118E-01 0.797510967E-01 0.806049109E-01 0.824675709E-01 0.853545070E-01
 0.892663375E-01 0.941869989E-01 0.100081719E+00 0.106894866E+00 0.114547528E+00
 0.122934908E+00 0.132031068E+00 0.141862869E+00 0.152457014E+00 0.163836405E+00
 0.176014856E+00 0.188990384E+00 0.202736780E+00 0.217193335E+00 0.232252374E+00
 0.247745290E+00 0.263428032E+00 0.278970808E+00 0.293960333E+00 0.307926536E+00
 0.298199862E+00 0.290009677E+00 0.286372870E+00 0.283247024E+00 0.279377460E+00
 0.275044382E+00 0.270359486E+00 0.265376478E+00 0.260125071E+00 0.254623711E+00
 0.248885036E+00 0.242918581E+00 0.236732453E+00 0.230334178E+00 0.223731384E+00
 0.216932222E+00 0.209945798E+00 0.202782467E+00 0.195454180E+00 0.187974676E+00
 0.180359840E+00 0.172627971E+00 0.164800093E+00 0.156900182E+00 0.148955613E+00
 0.140997410E+00 0.133060500E+00 0.125185341E+00 0.117415041E+00 0.109783165E+00
 0.102389127E+00 0.953193381E-01 0.886583924E-01 0.824946165E-01 0.769160837E-01
 0.720094815E-01 0.678598210E-01 0.645493045E-01 0.621559881E-01 0.607523508E-01
 0.604038946E-01 0.611674897E-01 0.630895272E-01 0.662038252E-01 0.705293417E-01
 0.760677531E-01 0.828008577E-01 0.906878486E-01 0.996624455E-01 0.109630004E+00
 0.120464474E+00 0.132065862E+00 0.144470170E+00 0.157715440E+00 0.171839014E+00
 0.186873704E+00 0.202842399E+00 0.219750375E+00 0.237574473E+00 0.256246924E+00
 0.275630981E+00 0.295483470E+00 0.315400779E+00 0.334758401E+00 0.352706224E+00
 0.281221718E+00 0.272211134E+00 0.268706679E+00 0.266339391E+00 0.263234109E+00
 0.259528697E+00 0.255331635E+00 0.250716925E+00 0.245734319E+00 0.240417868E+00
 0.234791756E+00 0.228873909E+00 0.222678438E+00 0.216217250E+00 0.209501117E+00
 0.202540502E+00 0.195346192E+00 0.187929809E+00 0.180304229E+00 0.172483981E+00
 0.164485633E+00 0.156328216E+00 0.148033515E+00 0.139626563E+00 0.131135896E+00
 0.122594990E+00 0.114036590E+00 0.105516613E+00 0.971259996E-01 0.889503583E-01
 0.810814649E-01 0.736127719E-01 0.666387603E-01 0.602549426E-01 0.545569696E-01
 0.496396981E-01 0.455963090E-01 0.425171815E-01 0.404886119E-01 0.395913534E-01
 0.398989432E-01 0.414758325E-01 0.443752334E-01 0.486367419E-01 0.542836711E-01
 0.613202080E-01 0.697283447E-01 0.794647336E-01 0.904575139E-01 0.102603324E+00
 0.115764782E+00 0.129769072E+00 0.144636452E+00 0.160425276E+00 0.177200466E+00
 0.195031941E+00 0.213992447E+00 0.234154329E+00 0.255583823E+00 0.278331280E+00
 0.302412987E+00 0.327775270E+00 0.354211628E+00 0.381109774E+00 0.406698734E+00
 0.267110407E+00 0.257505476E+00 0.254077733E+00 0.251747221E+00 0.248807237E+00
 0.245317698E+00 0.241332024E+00 0.236896992E+00 0.232050404E+00 0.226821750E+00
 0.221233845E+00 0.215304628E+00 0.209048629E+00 0.202478185E+00 0.195604354E+00
 0.188437760E+00 0.180989102E+00 0.173269764E+00 0.165292233E+00 0.157070518E+00
 0.148620635E+00 0.139960974E+00 0.131112978E+00 0.122101724E+00 0.112952046E+00
 0.103719875E+00 0.944918022E-01 0.853535831E-01 0.763961077E-01 0.677132607E-01
 0.594020039E-01 0.515616164E-01 0.442930236E-01 0.376981683E-01 0.318793058E-01
 0.269381348E-01 0.229748581E-01 0.200870391E-01 0.183682926E-01 0.179067440E-01
 0.187832508E-01 0.210693441E-01 0.248248875E-01 0.300954357E-01 0.369093046E-01
 0.452743769E-01 0.551747195E-01 0.665670410E-01 0.793771669E-01 0.934965983E-01
 0.108779192E+00 0.125037894E+00 0.142190993E+00 0.160324067E+00 0.179535076E+00
 0.199937925E+00 0.221665919E+00 0.244875833E+00 0.269753277E+00 0.296520144E+00
 0.325446010E+00 0.356868893E+00 0.391241401E+00 0.429240733E+00 0.469236910E+00
 0.255597442E+00 0.245558321E+00 0.241563335E+00 0.239031628E+00 0.236001119E+00
 0.232487023E+00 0.228510991E+00 0.224094778E+00 0.219258100E+00 0.214017898E+00
 0.208388478E+00 0.202381879E+00 0.196008489E+00 0.189277589E+00 0.182197779E+00
 0.174777582E+00 0.167025775E+00 0.158951849E+00 0.150566459E+00 0.141881719E+00
 0.132911518E+00 0.123671524E+00 0.114180833E+00 0.104478471E+00 0.946467966E-01
 0.847682208E-01 0.749305487E-01 0.652256086E-01 0.557490289E-01 0.465997793E-01
 0.378797017E-01 0.296930019E-01 0.221456755E-01 0.153449010E-01 0.939832628E-02
 0.441326667E-02 0.495742715E-03-0.225064671E-02-0.372606609E-02-0.383603061E-02
-0.249326741E-02 0.380112382E-03 0.485011842E-02 0.109680528E-01 0.187673606E-01
 0.282601956E-01 0.394337811E-01 0.522466637E-01 0.666250587E-01 0.824594945E-01
 0.996022299E-01 0.117866032E+00 0.137034714E+00 0.157201976E+00 0.178486645E+00
 0.201035336E+00 0.225028515E+00 0.250690281E+00 0.278302193E+00 0.308223635E+00
 0.340921044E+00 0.377012432E+00 0.417337775E+00 0.463089794E+00 0.511589050E+00
 0.245430276E+00 0.235000312E+00 0.230623096E+00 0.227817878E+00 0.224585295E+00
 0.220927343E+00 0.216848567E+00 0.212351710E+00 0.207439274E+00 0.202114254E+00
 0.196380153E+00 0.190240830E+00 0.183700308E+00 0.176762760E+00 0.169432566E+00
 0.161714524E+00 0.153613940E+00 0.145137042E+00 0.136291340E+00 0.127086073E+00
 0.117533013E+00 0.107639626E+00 0.974839404E-01 0.871418267E-01 0.766956657E-01
 0.662326440E-01 0.558445305E-01 0.456271991E-01 0.356801972E-01 0.261063688E-01
 0.170113873E-01 0.850331504E-02 0.692074245E-03-0.631111581E-02-0.123944050E-01
-0.174460914E-01-0.213555582E-01-0.240143910E-01-0.253177285E-01-0.251658838E-01
-0.234662611E-01-0.201356150E-01-0.151026575E-01-0.831105001E-02 0.277268409E-03
 0.106784273E-01 0.228827316E-01 0.368506424E-01 0.525087975E-01 0.697462484E-01
 0.884111673E-01 0.108308144E+00 0.129195824E+00 0.151016831E+00 0.173903614E+00
 0.198015586E+00 0.223549202E+00 0.250750482E+00 0.279931784E+00 0.311494827E+00
 0.345962167E+00 0.384016842E+00 0.426544666E+00 0.474655658E+00 0.526959896E+00
 0.236092389E+00 0.225256354E+00 0.220965892E+00 0.217824787E+00 0.214326888E+00
 0.210481092E+00 0.206262872E+00 0.201649293E+00 0.196624130E+00 0.191176951E+00
 0.185301244E+00 0.178993121E+00 0.172250271E+00 0.165071473E+00 0.157456264E+00
 0.149404809E+00 0.140917927E+00 0.131997198E+00 0.122645237E+00 0.112865843E+00
 0.102692671E+00 0.921953842E-01 0.814501867E-01 0.705381557E-01 0.595453233E-01
 0.485623628E-01 0.376842767E-01 0.270100068E-01 0.166420620E-01 0.668614730E-02
-0.274923909E-02-0.115532270E-01-0.196130369E-01-0.268145148E-01-0.330427475E-01
-0.381828211E-01-0.421207100E-01-0.447444096E-01-0.459452681E-01-0.456196368E-01
-0.436708257E-01-0.400114357E-01-0.345660634E-01-0.272744279E-01-0.180948731E-01
-0.700821262E-02 0.597812096E-02 0.208257977E-01 0.374613255E-01 0.557720587E-01
 0.756028295E-01 0.967537090E-01 0.118979648E+00 0.142023697E+00 0.165994719E+00
 0.191031188E+00 0.217304707E+00 0.245028108E+00 0.274467826E+00 0.305962265E+00
 0.339949101E+00 0.377008170E+00 0.417930990E+00 0.463825762E+00 0.513775945E+00
 0.228949443E+00 0.218146905E+00 0.212365806E+00 0.208611801E+00 0.204920173E+00
 0.200973913E+00 0.196673080E+00 0.191970900E+00 0.186841056E+00 0.181266993E+00
 0.175237343E+00 0.168743715E+00 0.161779419E+00 0.154338822E+00 0.146416858E+00
 0.138008952E+00 0.129110932E+00 0.119719058E+00 0.109830134E+00 0.994923860E-01
 0.887718201E-01 0.777408481E-01 0.664778054E-01 0.550663769E-01 0.435951687E-01
 0.321573429E-01 0.208502207E-01 0.977493264E-02-0.963937433E-03-0.112587148E-01
-0.209989902E-01-0.300720073E-01-0.383630916E-01-0.457561389E-01-0.521342047E-01
-0.573802181E-01-0.613778755E-01-0.640127212E-01-0.651735067E-01-0.647538528E-01
-0.626542419E-01-0.587843992E-01-0.530661084E-01-0.454364419E-01-0.358514264E-01
-0.242900997E-01-0.107589047E-01 0.470373640E-02 0.220227763E-01 0.410820879E-01
 0.617204420E-01 0.837282017E-01 0.106844872E+00 0.130757317E+00 0.155359834E+00
 0.180759281E+00 0.207076520E+00 0.234451085E+00 0.263044894E+00 0.293046296E+00
 0.324674875E+00 0.358190417E+00 0.393917143E+00 0.432353735E+00 0.473450810E+00
 0.218673825E+00 0.206857383E+00 0.202334985E+00 0.199545264E+00 0.196196660E+00
 0.192379445E+00 0.188105732E+00 0.183369145E+00 0.178160071E+00 0.172468856E+00
 0.166286305E+00 0.159603491E+00 0.152411595E+00 0.144701734E+00 0.136464849E+00
 0.127691716E+00 0.118372962E+00 0.108499169E+00 0.981214046E-01 0.873020291E-01
 0.761098042E-01 0.646195486E-01 0.529117323E-01 0.410720408E-01 0.291909613E-01
 0.173633769E-01 0.568820164E-02-0.573198777E-02-0.167912822E-01-0.273807794E-01
-0.373889208E-01-0.467018448E-01-0.552037805E-01-0.627775118E-01-0.693049282E-01
-0.746677369E-01-0.787483081E-01-0.814307630E-01-0.826023296E-01-0.821550190E-01
-0.799876601E-01-0.760083273E-01-0.701372251E-01-0.623100661E-01-0.524818264E-01
-0.406310409E-01-0.267643742E-01-0.109215090E-01 0.681991270E-02 0.263394639E-01
 0.474695601E-01 0.699919239E-01 0.936354473E-01 0.118076295E+00 0.142953515E+00
 0.168314204E+00 0.194212601E+00 0.220702246E+00 0.247827947E+00 0.275613368E+00
 0.304038912E+00 0.332999170E+00 0.362213820E+00 0.391032636E+00 0.418111950E+00
 0.210719869E+00 0.198445827E+00 0.194381937E+00 0.191855356E+00 0.188707873E+00
 0.184997499E+00 0.180752635E+00 0.175986081E+00 0.170700923E+00 0.164894477E+00
 0.158560500E+00 0.151690364E+00 0.144273669E+00 0.136298582E+00 0.127752006E+00
 0.118619867E+00 0.108887285E+00 0.985972434E-01 0.878079683E-01 0.765841603E-01
 0.649966896E-01 0.531222746E-01 0.410430431E-01 0.288461670E-01 0.166234411E-01
 0.447090855E-02-0.751151657E-02-0.192203894E-01-0.305490587E-01-0.413879827E-01
-0.516250506E-01-0.611458980E-01-0.698342919E-01-0.775725618E-01-0.842421353E-01
-0.897242129E-01-0.939006284E-01-0.966549143E-01-0.978736654E-01-0.974482223E-01
-0.952767357E-01-0.912666544E-01-0.853376910E-01-0.774252191E-01-0.674842596E-01
-0.554938242E-01-0.414617248E-01-0.254296828E-01-0.747854309E-02 0.122665539E-01
 0.336313508E-01 0.563882776E-01 0.802531019E-01 0.104882538E+00 0.129872188E+00
 0.155006692E+00 0.180299670E+00 0.205744386E+00 0.231306568E+00 0.256910801E+00
 0.282419771E+00 0.307604015E+00 0.332103163E+00 0.355390877E+00 0.376781374E+00
 0.205750078E+00 0.193278745E+00 0.188614935E+00 0.186010614E+00 0.182838961E+00
 0.179101914E+00 0.174810603E+00 0.169972181E+00 0.164588675E+00 0.158657178E+00
 0.152170673E+00 0.145118773E+00 0.137488306E+00 0.129263610E+00 0.120426856E+00
 0.110958211E+00 0.100882366E+00 0.902526602E-01 0.791290402E-01 0.675778016E-01
 0.556712858E-01 0.434875116E-01 0.311097670E-01 0.186262149E-01 0.612949440E-02
-0.628366088E-02-0.185127798E-01-0.304539893E-01-0.420003273E-01-0.530420467E-01
-0.634668991E-01-0.731604695E-01-0.820065066E-01-0.898873657E-01-0.966845080E-01
-0.102279179E+00-0.106553234E+00-0.109390236E+00-0.110676810E+00-0.110304318E+00
-0.108170994E+00-0.104184426E+00-0.982645750E-01-0.903472900E-01-0.803883001E-01
-0.683677122E-01-0.542949513E-01-0.382139683E-01-0.202086437E-01-0.408065214E-03
 0.210085120E-01 0.438075028E-01 0.676980391E-01 0.923309028E-01 0.117300369E+00
 0.142147258E+00 0.166841790E+00 0.191339791E+00 0.215571478E+00 0.239431038E+00
 0.262765825E+00 0.285366118E+00 0.306958467E+00 0.327209383E+00 0.345746279E+00
 0.202012852E+00 0.189360008E+00 0.184651032E+00 0.181921318E+00 0.178627238E+00
 0.174774408E+00 0.170369193E+00 0.165414199E+00 0.159907177E+00 0.153841197E+00
 0.147205338E+00 0.139985174E+00 0.132163182E+00 0.123718955E+00 0.114629149E+00
 0.104889244E+00 0.945461094E-01 0.836538002E-01 0.722731426E-01 0.604713447E-01
 0.483216196E-01 0.359027721E-01 0.232987851E-01 0.105983987E-01-0.210528821E-02
-0.147152003E-01-0.271306392E-01-0.392476134E-01-0.509591475E-01-0.621555597E-01
-0.727247596E-01-0.825525448E-01-0.915229470E-01-0.995186269E-01-0.106421411E+00
-0.112112917E+00-0.116475403E+00-0.119392864E+00-0.120752364E+00-0.120445780E+00
-0.118371867E+00-0.114438854E+00-0.108567432E+00-0.100694329E+00-0.907763690E-01
-0.787950084E-01-0.647613183E-01-0.487213023E-01-0.307612848E-01-0.110133188E-01
 0.103398785E-01 0.330606773E-01 0.568534434E-01 0.813629478E-01 0.106174469E+00
 0.130815268E+00 0.155040801E+00 0.178808123E+00 0.202047989E+00 0.224662513E+00
 0.246522874E+00 0.267468601E+00 0.287310243E+00 0.305837363E+00 0.322832763E+00
 0.199848026E+00 0.187081754E+00 0.182447433E+00 0.179533660E+00 0.176037624E+00
 0.171998188E+00 0.167428121E+00 0.162326545E+00 0.156684354E+00 0.150487453E+00
 0.143718451E+00 0.136357248E+00 0.128381178E+00 0.119764790E+00 0.110479474E+00
 0.100547098E+00 0.900154188E-01 0.789390951E-01 0.673794597E-01 0.554042049E-01
 0.430869907E-01 0.305070095E-01 0.177485775E-01 0.490068831E-02-0.794338342E-02
-0.206864718E-01-0.332278758E-01-0.454636849E-01-0.572870746E-01-0.685885996E-01
-0.792564675E-01-0.891768485E-01-0.982341692E-01-0.106311575E+00-0.113291383E+00
-0.119055763E+00-0.123487577E+00-0.126471430E+00-0.127895087E+00-0.127651110E+00
-0.125639066E+00-0.121768028E+00-0.115959629E+00-0.108151659E+00-0.983020961E-01
-0.863936990E-01-0.724389777E-01-0.564855076E-01-0.386213027E-01-0.189801417E-01
 0.225359108E-02 0.248408597E-01 0.484852232E-01 0.728318542E-01 0.974688902E-01
 0.121931687E+00 0.145806849E+00 0.169053823E+00 0.191611871E+00 0.213399634E+00
 0.234315783E+00 0.254241228E+00 0.273043305E+00 0.290582716E+00 0.306722522E+00
 0.200113311E+00 0.187456608E+00 0.182184428E+00 0.178825393E+00 0.174969941E+00
 0.170667455E+00 0.165905297E+00 0.160656974E+00 0.154895291E+00 0.148594081E+00
 0.141727701E+00 0.134270042E+00 0.126193807E+00 0.117469825E+00 0.108066425E+00
 0.980211496E-01 0.873810202E-01 0.762004405E-01 0.645406991E-01 0.524695367E-01
 0.400606990E-01 0.273934640E-01 0.145522011E-01 0.162592519E-02-0.112921149E-01
-0.241048317E-01-0.367116556E-01-0.490088612E-01-0.608898737E-01-0.722455382E-01
-0.829644054E-01-0.929330438E-01-0.102036342E+00-0.110157914E+00-0.117180631E+00
-0.122987255E+00-0.127461269E+00-0.130487949E+00-0.131955802E+00-0.131758168E+00
-0.129795462E+00-0.125977650E+00-0.120227307E+00-0.112483233E+00-0.102704473E+00
-0.908748731E-01-0.770080462E-01-0.611526109E-01-0.433975607E-01-0.238774195E-01
-0.277697016E-02 0.196649339E-01 0.431529470E-01 0.673347339E-01 0.918030590E-01
 0.116101146E+00 0.139732197E+00 0.162636250E+00 0.184762239E+00 0.206043124E+00
 0.226397470E+00 0.245732397E+00 0.263947845E+00 0.280941993E+00 0.296617776E+00
 0.202361077E+00 0.190347835E+00 0.183655411E+00 0.179268613E+00 0.175023362E+00
 0.170521721E+00 0.165637657E+00 0.160305649E+00 0.154481769E+00 0.148131371E+00
 0.141223833E+00 0.133729890E+00 0.125619948E+00 0.116862901E+00 0.107427984E+00
 0.973543078E-01 0.866887271E-01 0.754854530E-01 0.638055950E-01 0.517167784E-01
 0.392926000E-01 0.266122203E-01 0.137598757E-01 0.824435032E-03-0.121010160E-01
-0.249195751E-01-0.375308841E-01-0.498314500E-01-0.617149621E-01-0.730725676E-01
-0.837931558E-01-0.937636569E-01-0.102869354E+00-0.110994324E+00-0.118021928E+00
-0.123835452E+00-0.128318965E+00-0.131358385E+00-0.132842898E+00-0.132666588E+00
-0.130730629E+00-0.126945809E+00-0.121235579E+00-0.113539569E+00-0.103817686E+00
-0.920545906E-01-0.782646388E-01-0.624970570E-01-0.448412336E-01-0.254318267E-01
-0.445336662E-02 0.178560298E-01 0.412023216E-01 0.652350783E-01 0.895493478E-01
 0.113690257E+00 0.137160271E+00 0.159862384E+00 0.181753859E+00 0.202775806E+00
 0.222856104E+00 0.241912857E+00 0.259858698E+00 0.276605755E+00 0.292071223E+00
 0.201141194E+00 0.188572556E+00 0.183249578E+00 0.179721504E+00 0.175739691E+00
 0.171340168E+00 0.166503564E+00 0.161199331E+00 0.155397326E+00 0.149069205E+00
 0.142187715E+00 0.134725675E+00 0.126655057E+00 0.117946200E+00 0.108567201E+00
 0.985509455E-01 0.879440904E-01 0.768006146E-01 0.651813895E-01 0.531537384E-01
 0.407909788E-01 0.281719770E-01 0.153806806E-01 0.250568078E-02-0.103602102E-01
-0.231203567E-01-0.356746577E-01-0.479198880E-01-0.597500056E-01-0.710564256E-01
-0.817283392E-01-0.916529745E-01-0.100715965E+00-0.108801767E+00-0.115794145E+00
-0.121576846E+00-0.126034439E+00-0.129053414E+00-0.130523518E+00-0.130339533E+00
-0.128403276E+00-0.124626249E+00-0.118932605E+00-0.111262687E+00-0.101577014E+00
-0.898607969E-01-0.761287808E-01-0.604304038E-01-0.428549945E-01-0.235368628E-01
-0.265982654E-02 0.195391066E-01 0.427674390E-01 0.666767508E-01 0.908647031E-01
 0.114880003E+00 0.138230801E+00 0.160841495E+00 0.182666361E+00 0.203643739E+00
 0.223698154E+00 0.242743403E+00 0.260686725E+00 0.277433872E+00 0.292895377E+00
 0.202156618E+00 0.189596832E+00 0.184414178E+00 0.181191653E+00 0.177470744E+00
 0.173257664E+00 0.168554410E+00 0.163352862E+00 0.157638833E+00 0.151394606E+00
 0.144600183E+00 0.137233630E+00 0.129271075E+00 0.120686471E+00 0.111451000E+00
 0.101577684E+00 0.911135450E-01 0.801123977E-01 0.686347336E-01 0.567473955E-01
 0.445232317E-01 0.320406146E-01 0.193830356E-01 0.663866336E-02-0.610008137E-02
-0.187369194E-01-0.311720800E-01-0.433026403E-01-0.550228320E-01-0.662243515E-01
-0.767966509E-01-0.866272449E-01-0.956020579E-01-0.103605874E+00-0.110522807E+00
-0.116237015E+00-0.120633520E+00-0.123599306E+00-0.125024691E+00-0.124805026E+00
-0.122842781E+00-0.119050078E+00-0.113351688E+00-0.105688505E+00-0.960215107E-01
-0.843362287E-01-0.706474930E-01-0.550045669E-01-0.374962911E-01-0.182561148E-01
 0.253336038E-02 0.246366672E-01 0.477630608E-01 0.715659186E-01 0.956444964E-01
 0.119548745E+00 0.142840073E+00 0.165481254E+00 0.187417910E+00 0.208577573E+00
 0.228870317E+00 0.248190701E+00 0.266421765E+00 0.283441097E+00 0.299128860E+00
 0.204201758E+00 0.191703513E+00 0.187124297E+00 0.184086561E+00 0.180530533E+00
 0.176467583E+00 0.171898022E+00 0.166818947E+00 0.161223426E+00 0.155100778E+00
 0.148437247E+00 0.141216367E+00 0.133419439E+00 0.125025600E+00 0.116012067E+00
 0.106363080E+00 0.961237177E-01 0.853465497E-01 0.740910694E-01 0.624232702E-01
 0.504151732E-01 0.381444283E-01 0.256938506E-01 0.131509854E-01 0.607699796E-03
-0.118402224E-01-0.240934473E-01-0.360494405E-01-0.476027913E-01-0.586455092E-01
-0.690673515E-01-0.787561461E-01-0.875981301E-01-0.954784155E-01-0.102281518E+00
-0.107892022E+00-0.112195425E+00-0.115079269E+00-0.116434470E+00-0.116157025E+00
-0.114150085E+00-0.110326454E+00-0.104611546E+00-0.969467908E-01-0.872935802E-01
-0.756375939E-01-0.619935356E-01-0.464101173E-01-0.289751794E-01-0.982062239E-02
 0.108730327E-01 0.328728743E-01 0.558909699E-01 0.795832425E-01 0.103550151E+00
 0.127338946E+00 0.150664940E+00 0.173491359E+00 0.195758045E+00 0.217379808E+00
 0.238244966E+00 0.258214980E+00 0.277126998E+00 0.294800967E+00 0.311051637E+00
 0.208502024E+00 0.196222648E+00 0.191372275E+00 0.188447759E+00 0.185005695E+00
 0.181049794E+00 0.176587358E+00 0.171621099E+00 0.166148782E+00 0.160163969E+00
 0.153656915E+00 0.146615312E+00 0.139024764E+00 0.130869135E+00 0.122130632E+00
 0.112789720E+00 0.102857471E+00 0.923856571E-01 0.814327374E-01 0.700636134E-01
 0.583492555E-01 0.463662744E-01 0.341965407E-01 0.219267327E-01 0.964793283E-02
-0.254478003E-02-0.145527013E-01-0.262738541E-01-0.376033299E-01-0.484336019E-01
-0.586548671E-01-0.681553781E-01-0.768218189E-01-0.845397785E-01-0.911942869E-01
-0.966705158E-01-0.100854635E+00-0.103634901E+00-0.104903042E+00-0.104555920E+00
-0.102497607E+00-0.986418054E-01-0.929147750E-01-0.852587000E-01-0.756354704E-01
-0.640309751E-01-0.504596531E-01-0.349693969E-01-0.176464692E-01 0.137966510E-02
 0.219319370E-01 0.437819995E-01 0.666477382E-01 0.901924670E-01 0.114026584E+00
 0.137713253E+00 0.161170244E+00 0.184360012E+00 0.207221866E+00 0.229663894E+00
 0.251554519E+00 0.272714257E+00 0.292910635E+00 0.311861515E+00 0.329252750E+00
 0.213956743E+00 0.201923341E+00 0.197206125E+00 0.194339812E+00 0.190928921E+00
 0.187011883E+00 0.182610750E+00 0.177732095E+00 0.172374070E+00 0.166530401E+00
 0.160192430E+00 0.153350085E+00 0.145992205E+00 0.138106823E+00 0.129681244E+00
 0.120702162E+00 0.111155815E+00 0.101068623E+00 0.904973969E-01 0.795054510E-01
 0.681622326E-01 0.565429777E-01 0.447282493E-01 0.328035243E-01 0.208587702E-01
 0.898806192E-02-0.271081808E-02-0.141367316E-01-0.251855403E-01-0.357504413E-01
-0.457223244E-01-0.549901314E-01-0.634412542E-01-0.709620416E-01-0.774383396E-01
-0.827562138E-01-0.868028402E-01-0.894675776E-01-0.906433761E-01-0.902283937E-01
-0.881280378E-01-0.842574015E-01-0.785440654E-01-0.709313527E-01-0.613820851E-01
-0.498826094E-01-0.364472717E-01-0.211230405E-01-0.399423018E-02 0.148129230E-01
 0.351260751E-01 0.567232557E-01 0.793302283E-01 0.102618873E+00 0.126206085E+00
 0.149843812E+00 0.173536703E+00 0.197273701E+00 0.221020892E+00 0.244709879E+00
 0.268220425E+00 0.291355491E+00 0.313809305E+00 0.335138530E+00 0.354768127E+00
 0.220944226E+00 0.209284276E+00 0.204927534E+00 0.201823503E+00 0.198244765E+00
 0.194265768E+00 0.189878538E+00 0.185066968E+00 0.179816678E+00 0.174115598E+00
 0.167953372E+00 0.161320791E+00 0.154209286E+00 0.146610677E+00 0.138516977E+00
 0.129920304E+00 0.120813005E+00 0.111187607E+00 0.101075567E+00 0.905380473E-01
 0.796425492E-01 0.684625134E-01 0.570767894E-01 0.455692187E-01 0.340282358E-01
 0.225464739E-01 0.112203863E-01 0.149861080E-03-0.105621358E-01-0.208099280E-01
-0.304855034E-01-0.394789055E-01-0.476786681E-01-0.549723320E-01-0.612470359E-01
-0.663902536E-01-0.702906922E-01-0.728394166E-01-0.739311725E-01-0.734660923E-01
-0.713516325E-01-0.675049573E-01-0.618557036E-01-0.543490946E-01-0.449495241E-01
-0.336444415E-01-0.204485655E-01-0.540822698E-02 0.113942400E-01 0.298363436E-01
 0.497517511E-01 0.709274709E-01 0.931023732E-01 0.115967758E+00 0.139171302E+00
 0.162728220E+00 0.186677814E+00 0.211058363E+00 0.235900342E+00 0.261216104E+00
 0.286981434E+00 0.313100219E+00 0.339330822E+00 0.365124553E+00 0.389358044E+00
 0.230552167E+00 0.219674006E+00 0.214050785E+00 0.210314482E+00 0.206562236E+00
 0.202561125E+00 0.198221043E+00 0.193498582E+00 0.188369513E+00 0.182818964E+00
 0.176837251E+00 0.170417607E+00 0.163555056E+00 0.156245708E+00 0.148486450E+00
 0.140274763E+00 0.131608725E+00 0.122487098E+00 0.112909496E+00 0.102901496E+00
 0.925283507E-01 0.818616226E-01 0.709779561E-01 0.599589944E-01 0.488910601E-01
 0.378647856E-01 0.269747358E-01 0.163190067E-01 0.599883683E-02-0.388177554E-02
-0.132164797E-01-0.218970012E-01-0.298136082E-01-0.368556641E-01-0.429122522E-01
-0.478729457E-01-0.516287200E-01-0.540730916E-01-0.551034696E-01-0.546227992E-01
-0.525415055E-01-0.487797968E-01-0.432703160E-01-0.359611735E-01-0.268193334E-01
-0.158342868E-01-0.302200159E-02 0.115710516E-01 0.278638862E-01 0.457372516E-01
 0.650303662E-01 0.855384395E-01 0.107011132E+00 0.129152089E+00 0.151850253E+00
 0.175187483E+00 0.199257344E+00 0.224168658E+00 0.250048250E+00 0.277043968E+00
 0.305328339E+00 0.335105687E+00 0.366632223E+00 0.400307596E+00 0.436076552E+00
 0.237607017E+00 0.226706639E+00 0.221989259E+00 0.218947276E+00 0.215513319E+00
 0.211704984E+00 0.207514733E+00 0.202930853E+00 0.197944537E+00 0.192550644E+00
 0.186746806E+00 0.180532530E+00 0.173908591E+00 0.166876525E+00 0.159438506E+00
 0.151597336E+00 0.143356502E+00 0.134720460E+00 0.125694871E+00 0.116287254E+00
 0.106506370E+00 0.964244083E-01 0.861139819E-01 0.756535977E-01 0.651267245E-01
 0.546212979E-01 0.442293175E-01 0.340464041E-01 0.241713841E-01 0.147058666E-01
 0.575381983E-02-0.257889950E-02-0.101850601E-01-0.169566330E-01-0.227854699E-01
-0.275641009E-01-0.311866757E-01-0.335501172E-01-0.345554762E-01-0.341095440E-01
-0.321267918E-01-0.285315719E-01-0.232606847E-01-0.162662771E-01-0.751903513E-02
 0.298835407E-02 0.152375568E-01 0.291808918E-01 0.447377414E-01 0.617912933E-01
 0.801858753E-01 0.997252464E-01 0.120172039E+00 0.141312614E+00 0.163231477E+00
 0.186037108E+00 0.209865436E+00 0.234886408E+00 0.261313975E+00 0.289420664E+00
 0.319559336E+00 0.352197737E+00 0.387975097E+00 0.427789003E+00 0.470854819E+00
 0.245964974E+00 0.235353604E+00 0.231220052E+00 0.228545785E+00 0.225402862E+00
 0.221815214E+00 0.217795610E+00 0.213354900E+00 0.208502740E+00 0.203248113E+00
 0.197599605E+00 0.191565350E+00 0.185153142E+00 0.178370506E+00 0.171224937E+00
 0.163724110E+00 0.155876115E+00 0.147689819E+00 0.139175206E+00 0.130343601E+00
 0.121207803E+00 0.111782260E+00 0.102114111E+00 0.922798663E-01 0.823597237E-01
 0.724382848E-01 0.626042411E-01 0.529499650E-01 0.435710475E-01 0.345658697E-01
 0.260351542E-01 0.180814508E-01 0.108085955E-01 0.432107132E-02-0.127670146E-02
-0.588119915E-02-0.939077698E-02-0.117068188E-01-0.127351042E-01-0.123874079E-01
-0.105833644E-01-0.725262426E-02-0.233730627E-02 0.420526089E-02 0.123995226E-01
 0.222484674E-01 0.337302610E-01 0.467948616E-01 0.613607951E-01 0.773123354E-01
 0.944973379E-01 0.112726279E+00 0.131773099E+00 0.151639223E+00 0.172424808E+00
 0.194254622E+00 0.217285588E+00 0.241716668E+00 0.267802328E+00 0.295870960E+00
 0.326349378E+00 0.359793186E+00 0.396917433E+00 0.438609719E+00 0.483670503E+00
 0.256176889E+00 0.246003091E+00 0.241903901E+00 0.239472568E+00 0.236527875E+00
 0.233083203E+00 0.229167104E+00 0.224808261E+00 0.220032871E+00 0.214863628E+00
 0.209319860E+00 0.203418031E+00 0.197172433E+00 0.190595821E+00 0.183699995E+00
 0.176496446E+00 0.168996766E+00 0.161213115E+00 0.153158724E+00 0.144848272E+00
 0.136298433E+00 0.127528399E+00 0.118560933E+00 0.109415218E+00 0.100163266E+00
 0.908851624E-01 0.816654786E-01 0.725924596E-01 0.637574568E-01 0.552546717E-01
 0.471805669E-01 0.396334007E-01 0.327126123E-01 0.265181139E-01 0.211495496E-01
 0.167054161E-01 0.132820690E-01 0.109725539E-01 0.986524951E-02 0.100423032E-01
 0.115778241E-01 0.145358127E-01 0.189678352E-01 0.249104369E-01 0.323823243E-01
 0.413813666E-01 0.518814810E-01 0.638295338E-01 0.771423429E-01 0.917040110E-01
 0.107363671E+00 0.123933733E+00 0.141316488E+00 0.159586176E+00 0.178835750E+00
 0.199181378E+00 0.220768660E+00 0.243781209E+00 0.268452734E+00 0.295084089E+00
 0.324067861E+00 0.355923533E+00 0.391348273E+00 0.431300044E+00 0.473452032E+00
 0.267670989E+00 0.257920891E+00 0.254245758E+00 0.251992106E+00 0.249109566E+00
 0.245661542E+00 0.241710499E+00 0.237310857E+00 0.232506707E+00 0.227332830E+00
 0.221816555E+00 0.215979785E+00 0.209840611E+00 0.203414574E+00 0.196715802E+00
 0.189757690E+00 0.182553634E+00 0.175117552E+00 0.167464361E+00 0.159610510E+00
 0.151574314E+00 0.143376514E+00 0.135040626E+00 0.126593232E+00 0.118066072E+00
 0.109485239E+00 0.100931346E+00 0.924881101E-01 0.842409059E-01 0.762788504E-01
 0.686929971E-01 0.615763068E-01 0.550228246E-01 0.491268374E-01 0.439821035E-01
 0.396810099E-01 0.363135375E-01 0.339660756E-01 0.327201150E-01 0.326507241E-01
 0.338248238E-01 0.362992510E-01 0.401185639E-01 0.453126356E-01 0.518940687E-01
 0.598554611E-01 0.691665709E-01 0.797715411E-01 0.915862396E-01 0.104495972E+00
 0.118353739E+00 0.133004695E+00 0.148491636E+00 0.164871141E+00 0.182214364E+00
 0.200608745E+00 0.220160604E+00 0.240998983E+00 0.263281077E+00 0.287200332E+00
 0.312999666E+00 0.340997040E+00 0.371645182E+00 0.405698061E+00 0.441914737E+00
 0.281399310E+00 0.272196829E+00 0.268817395E+00 0.266486853E+00 0.263371289E+00
 0.259645551E+00 0.255430698E+00 0.250807881E+00 0.245831445E+00 0.240539119E+00
 0.234958261E+00 0.229109794E+00 0.223010689E+00 0.216675550E+00 0.210117802E+00
 0.203350440E+00 0.196386635E+00 0.189240336E+00 0.181926608E+00 0.174462050E+00
 0.166865230E+00 0.159156978E+00 0.151360780E+00 0.143503174E+00 0.135614142E+00
 0.127727225E+00 0.119882151E+00 0.112114534E+00 0.104493514E+00 0.971067622E-01
 0.900367275E-01 0.833708271E-01 0.771970898E-01 0.716029927E-01 0.666752309E-01
 0.624990687E-01 0.591571145E-01 0.567281246E-01 0.552857295E-01 0.548970588E-01
 0.556211770E-01 0.575072467E-01 0.605925173E-01 0.649001300E-01 0.704368204E-01
 0.771904513E-01 0.851275772E-01 0.941908807E-01 0.104296856E+00 0.115333945E+00
 0.127160996E+00 0.139770284E+00 0.153191730E+00 0.167462483E+00 0.182626650E+00
 0.198734447E+00 0.215840802E+00 0.234003037E+00 0.253276855E+00 0.273709446E+00
 0.295326054E+00 0.318102300E+00 0.341894925E+00 0.366204411E+00 0.389416397E+00
 0.298909038E+00 0.290696263E+00 0.286710620E+00 0.283391774E+00 0.279368371E+00
 0.274916112E+00 0.270140648E+00 0.265092373E+00 0.259800136E+00 0.254282832E+00
 0.248554379E+00 0.242626205E+00 0.236508429E+00 0.230210811E+00 0.223743185E+00
 0.217115939E+00 0.210340321E+00 0.203428730E+00 0.196395040E+00 0.189254761E+00
 0.182025462E+00 0.174726859E+00 0.167381242E+00 0.160013705E+00 0.152652383E+00
 0.145328909E+00 0.138078719E+00 0.130941123E+00 0.123961665E+00 0.117187724E+00
 0.110653982E+00 0.104454271E+00 0.986711904E-01 0.933822468E-01 0.886652842E-01
 0.845980719E-01 0.812552795E-01 0.787070692E-01 0.770182088E-01 0.762471333E-01
 0.764446855E-01 0.776522309E-01 0.798998401E-01 0.832043067E-01 0.875672102E-01
 0.929729566E-01 0.993867666E-01 0.106752150E+00 0.114988483E+00 0.123990543E+00
 0.133731529E+00 0.144220650E+00 0.155472964E+00 0.167507321E+00 0.180343762E+00
 0.194000050E+00 0.208487153E+00 0.223802939E+00 0.239922911E+00 0.256786525E+00
 0.274275750E+00 0.292181164E+00 0.310150325E+00 0.327627659E+00 0.343844056E+00
 0.320351362E+00 0.314195216E+00 0.307798177E+00 0.301857263E+00 0.296296984E+00
 0.290824682E+00 0.285327494E+00 0.279753208E+00 0.274075180E+00 0.268279403E+00
 0.262358993E+00 0.256311566E+00 0.250137746E+00 0.243840560E+00 0.237424880E+00
 0.230897307E+00 0.224266171E+00 0.217541426E+00 0.210734829E+00 0.203860000E+00
 0.196932569E+00 0.189970329E+00 0.182993442E+00 0.176024556E+00 0.169089034E+00
 0.162215173E+00 0.155434325E+00 0.148781061E+00 0.142293379E+00 0.136012241E+00
 0.129981697E+00 0.124253571E+00 0.118879110E+00 0.113902882E+00 0.109391414E+00
 0.105421394E+00 0.102059782E+00 0.993663892E-01 0.973950177E-01 0.961945355E-01
 0.958079547E-01 0.962694362E-01 0.976023152E-01 0.998175815E-01 0.102912411E+00
 0.106869102E+00 0.111655213E+00 0.117219746E+00 0.123484105E+00 0.130443007E+00
 0.138091341E+00 0.146431968E+00 0.155472755E+00 0.165223345E+00 0.175691232E+00
 0.186877057E+00 0.198768765E+00 0.211334363E+00 0.224513024E+00 0.238204345E+00
 0.252255738E+00 0.266449004E+00 0.280489951E+00 0.294009268E+00 0.306585699E+00
 0.337661266E+00 0.332413703E+00 0.325769156E+00 0.318959504E+00 0.312541366E+00
 0.306358546E+00 0.300296992E+00 0.294281393E+00 0.288263261E+00 0.282211751E+00
 0.276107460E+00 0.269938707E+00 0.263699144E+00 0.257386357E+00 0.251000971E+00
 0.244546130E+00 0.238027170E+00 0.231451422E+00 0.224828213E+00 0.218168855E+00
 0.211486578E+00 0.204796731E+00 0.198116794E+00 0.191466436E+00 0.184867695E+00
 0.178344950E+00 0.171925113E+00 0.165637568E+00 0.159514233E+00 0.153589517E+00
 0.147900328E+00 0.142486230E+00 0.137388408E+00 0.132649451E+00 0.128315613E+00
 0.124434762E+00 0.121052407E+00 0.118209548E+00 0.115940638E+00 0.114283539E+00
 0.113279283E+00 0.112956442E+00 0.113332145E+00 0.114411734E+00 0.116187192E+00
 0.118633993E+00 0.121732280E+00 0.125465646E+00 0.129815683E+00 0.134775087E+00
 0.140344530E+00 0.146531403E+00 0.153347880E+00 0.160807818E+00 0.168922648E+00
 0.177696034E+00 0.187117547E+00 0.197155505E+00 0.207749471E+00 0.218803227E+00
 0.230179161E+00 0.241695598E+00 0.253128886E+00 0.264222711E+00 0.274705559E+00
 0.352001399E+00 0.347321004E+00 0.340923458E+00 0.334052294E+00 0.327404439E+00
 0.320929706E+00 0.314573973E+00 0.308291227E+00 0.302045822E+00 0.295811266E+00
 0.289568841E+00 0.283305645E+00 0.277013421E+00 0.270687521E+00 0.264326274E+00
 0.257930487E+00 0.251503199E+00 0.245049447E+00 0.238576248E+00 0.232092515E+00
 0.225609019E+00 0.219138429E+00 0.212695301E+00 0.206296161E+00 0.199959457E+00
 0.193705574E+00 0.187556848E+00 0.181537524E+00 0.175673708E+00 0.169993192E+00
 0.164525449E+00 0.159301311E+00 0.154352725E+00 0.149712428E+00 0.145413697E+00
 0.141489506E+00 0.137971357E+00 0.134888276E+00 0.132266417E+00 0.130129620E+00
 0.128498584E+00 0.127388328E+00 0.126807228E+00 0.126756787E+00 0.127232030E+00
 0.128223181E+00 0.129719839E+00 0.131713524E+00 0.134199575E+00 0.137180254E+00
 0.140666097E+00 0.144676328E+00 0.149238065E+00 0.154383987E+00 0.160148174E+00
 0.166559860E+00 0.173635617E+00 0.181370482E+00 0.189729452E+00 0.198640883E+00
 0.207992867E+00 0.217634156E+00 0.227379933E+00 0.237022668E+00 0.246347055E+00
 0.364720225E+00 0.360545695E+00 0.354363412E+00 0.347633034E+00 0.341009706E+00
 0.334475756E+00 0.328014582E+00 0.321609050E+00 0.315243185E+00 0.308903158E+00
 0.302577764E+00 0.296258181E+00 0.289938003E+00 0.283612907E+00 0.277280658E+00
 0.270940900E+00 0.264595091E+00 0.258246481E+00 0.251900017E+00 0.245562375E+00
 0.239241898E+00 0.232948631E+00 0.226694256E+00 0.220492125E+00 0.214357182E+00
 0.208305910E+00 0.202356309E+00 0.196527749E+00 0.190840900E+00 0.185317501E+00
 0.179980263E+00 0.174852535E+00 0.169958010E+00 0.165320426E+00 0.160963029E+00
 0.156908140E+00 0.153176397E+00 0.149786249E+00 0.146753401E+00 0.144090489E+00
 0.141806528E+00 0.139906242E+00 0.138389796E+00 0.137252957E+00 0.136487857E+00
 0.136084452E+00 0.136032790E+00 0.136325568E+00 0.136960983E+00 0.137946010E+00
 0.139299482E+00 0.141054958E+00 0.143262476E+00 0.145988286E+00 0.149311274E+00
 0.153314993E+00 0.158075288E+00 0.163644984E+00 0.170038864E+00 0.177222192E+00
 0.185105324E+00 0.193545580E+00 0.202356428E+00 0.211323127E+00 0.220222324E+00
 0.376209021E+00 0.372458518E+00 0.366679639E+00 0.360160142E+00 0.353640765E+00
 0.347136110E+00 0.340655655E+00 0.334204763E+00 0.327784926E+00 0.321394742E+00
 0.315031171E+00 0.308690459E+00 0.302368850E+00 0.296063244E+00 0.289771408E+00
 0.283492267E+00 0.277226120E+00 0.270974606E+00 0.264740825E+00 0.258529365E+00
 0.252346337E+00 0.246199310E+00 0.240097225E+00 0.234050483E+00 0.228070751E+00
 0.222170949E+00 0.216365084E+00 0.210668162E+00 0.205095977E+00 0.199664980E+00
 0.194391981E+00 0.189293921E+00 0.184387520E+00 0.179688960E+00 0.175213426E+00
 0.170974702E+00 0.166984603E+00 0.163252532E+00 0.159784988E+00 0.156585157E+00
 0.153652459E+00 0.150982261E+00 0.148565769E+00 0.146390215E+00 0.144439548E+00
 0.142695576E+00 0.141139865E+00 0.139756337E+00 0.138534769E+00 0.137475550E+00
 0.136595681E+00 0.135935992E+00 0.135569215E+00 0.135606647E+00 0.136200204E+00
 0.137533858E+00 0.139800757E+00 0.143168509E+00 0.147743687E+00 0.153546810E+00
 0.160501972E+00 0.168439314E+00 0.177110627E+00 0.186218649E+00 0.195456624E+00
 0.387151688E+00 0.383833557E+00 0.378357589E+00 0.372010648E+00 0.365566611E+00
 0.359076023E+00 0.352577478E+00 0.346096277E+00 0.339646697E+00 0.333235115E+00
 0.326863110E+00 0.320529431E+00 0.314231396E+00 0.307965964E+00 0.301730335E+00
 0.295522362E+00 0.289340973E+00 0.283186167E+00 0.277059287E+00 0.270962954E+00
 0.264901131E+00 0.258879125E+00 0.252903491E+00 0.246981934E+00 0.241123274E+00
 0.235337257E+00 0.229634479E+00 0.224026144E+00 0.218523949E+00 0.213139802E+00
 0.207885593E+00 0.202772930E+00 0.197812825E+00 0.193015292E+00 0.188389018E+00
 0.183940887E+00 0.179675564E+00 0.175594926E+00 0.171697706E+00 0.167978883E+00
 0.164429322E+00 0.161035284E+00 0.157778203E+00 0.154634491E+00 0.151575759E+00
 0.148569345E+00 0.145579502E+00 0.142569333E+00 0.139504313E+00 0.136357591E+00
 0.133118704E+00 0.129806653E+00 0.126489252E+00 0.123309672E+00 0.120516382E+00
 0.118478537E+00 0.117647700E+00 0.118448928E+00 0.121168889E+00 0.125911772E+00
 0.132601634E+00 0.140987441E+00 0.150649592E+00 0.161048383E+00 0.171639740E+00
 0.398122579E+00 0.395259619E+00 0.389894783E+00 0.383542240E+00 0.376993865E+00
 0.370394051E+00 0.363810211E+00 0.357272118E+00 0.350792199E+00 0.344374180E+00
 0.338016868E+00 0.331716627E+00 0.325468600E+00 0.319267690E+00 0.313109130E+00
 0.306988925E+00 0.300904036E+00 0.294852734E+00 0.288834423E+00 0.282849878E+00
 0.276901215E+00 0.270991713E+00 0.265125841E+00 0.259309113E+00 0.253547966E+00
 0.247849554E+00 0.242221653E+00 0.236672416E+00 0.231210127E+00 0.225843087E+00
 0.220579252E+00 0.215425953E+00 0.210389674E+00 0.205475628E+00 0.200687379E+00
 0.196026474E+00 0.191491947E+00 0.187079817E+00 0.182782516E+00 0.178588405E+00
 0.174481019E+00 0.170438454E+00 0.166432634E+00 0.162428617E+00 0.158383802E+00
 0.154247284E+00 0.149959326E+00 0.145451337E+00 0.140646696E+00 0.135463387E+00
 0.129820272E+00 0.123649478E+00 0.116920739E+00 0.109688170E+00 0.102186516E+00
 0.950389951E-01 0.894773975E-01 0.867348984E-01 0.873351619E-01 0.913740098E-01
 0.987539589E-01 0.109177820E+00 0.121964335E+00 0.135796070E+00 0.149287716E+00
 0.410379052E+00 0.408465624E+00 0.402212411E+00 0.394887775E+00 0.387845010E+00
 0.380973905E+00 0.374242127E+00 0.367633581E+00 0.361136019E+00 0.354738027E+00
 0.348428667E+00 0.342197329E+00 0.336034089E+00 0.329929858E+00 0.323876709E+00
 0.317867994E+00 0.311898381E+00 0.305964082E+00 0.300062776E+00 0.294193476E+00
 0.288356751E+00 0.282554269E+00 0.276788890E+00 0.271064550E+00 0.265385807E+00
 0.259757966E+00 0.254186660E+00 0.248677686E+00 0.243236870E+00 0.237869695E+00
 0.232581139E+00 0.227375358E+00 0.222255424E+00 0.217222989E+00 0.212277934E+00
 0.207417950E+00 0.202638075E+00 0.197930202E+00 0.193282455E+00 0.188678533E+00
 0.184096828E+00 0.179509580E+00 0.174881607E+00 0.170168966E+00 0.165317103E+00
 0.160258636E+00 0.154910445E+00 0.149170011E+00 0.142910928E+00 0.135977700E+00
 0.128180563E+00 0.119291946E+00 0.109046891E+00 0.971486345E-01 0.832652077E-01
 0.669150352E-01 0.529372133E-01 0.458663665E-01 0.444802940E-01 0.481471531E-01
 0.573885255E-01 0.717621893E-01 0.920780674E-01 0.113815404E+00 0.131307110E+00
 0.420276403E+00 0.418967694E+00 0.412505925E+00 0.404789090E+00 0.397454619E+00
 0.390416652E+00 0.383613646E+00 0.377002627E+00 0.370551616E+00 0.364235103E+00
 0.358031809E+00 0.351923466E+00 0.345894247E+00 0.339930534E+00 0.334020764E+00
 0.328155428E+00 0.322326869E+00 0.316529393E+00 0.310759068E+00 0.305013746E+00
 0.299292773E+00 0.293596894E+00 0.287928045E+00 0.282289088E+00 0.276683688E+00
 0.271115899E+00 0.265590042E+00 0.260110468E+00 0.254681200E+00 0.249305844E+00
 0.243987292E+00 0.238727510E+00 0.233527243E+00 0.228385761E+00 0.223300561E+00
 0.218266979E+00 0.213277757E+00 0.208322600E+00 0.203387514E+00 0.198454171E+00
 0.193498954E+00 0.188491926E+00 0.183395460E+00 0.178162381E+00 0.172733575E+00
 0.167034701E+00 0.160971388E+00 0.154422477E+00 0.147229984E+00 0.139184162E+00
 0.130001724E+00 0.119295835E+00 0.106540002E+00 0.910372138E-01 0.719120130E-01
 0.504185036E-01 0.355449654E-01 0.273168925E-01 0.252411552E-01 0.296292119E-01
 0.403615572E-01 0.586493276E-01 0.832836479E-01 0.104782000E+00 0.122612439E+00
 0.427515149E+00 0.426587105E+00 0.420221001E+00 0.412606895E+00 0.405343443E+00
 0.398385495E+00 0.391690016E+00 0.385216057E+00 0.378926903E+00 0.372790486E+00
 0.366779059E+00 0.360868692E+00 0.355038822E+00 0.349271953E+00 0.343553364E+00
 0.337871045E+00 0.332215399E+00 0.326579332E+00 0.320957929E+00 0.315348357E+00
 0.309749663E+00 0.304162383E+00 0.298588485E+00 0.293030769E+00 0.287492752E+00
 0.281978220E+00 0.276491076E+00 0.271034926E+00 0.265612930E+00 0.260227501E+00
 0.254880309E+00 0.249571860E+00 0.244301543E+00 0.239067242E+00 0.233865261E+00
 0.228689924E+00 0.223533332E+00 0.218384862E+00 0.213230774E+00 0.208053485E+00
 0.202830866E+00 0.197535291E+00 0.192132458E+00 0.186579779E+00 0.180824295E+00
 0.174799815E+00 0.168422639E+00 0.161585242E+00 0.154146284E+00 0.145913780E+00
 0.136615276E+00 0.125841603E+00 0.112940259E+00 0.968493670E-01 0.762306452E-01
 0.585408881E-01 0.464202873E-01 0.395639166E-01 0.380708538E-01 0.420334153E-01
 0.529347435E-01 0.719253644E-01 0.920574889E-01 0.109210111E+00 0.124032885E+00
 0.432310849E+00 0.431630433E+00 0.425753683E+00 0.418428659E+00 0.411443561E+00
 0.404771805E+00 0.398371190E+00 0.392198592E+00 0.386213660E+00 0.380380332E+00
 0.374666989E+00 0.369046152E+00 0.363494128E+00 0.357990682E+00 0.352518916E+00
 0.347064912E+00 0.341617972E+00 0.336170197E+00 0.330716521E+00 0.325254470E+00
 0.319783807E+00 0.314306170E+00 0.308824629E+00 0.303343236E+00 0.297866553E+00
 0.292399198E+00 0.286945462E+00 0.281509161E+00 0.276093125E+00 0.270699352E+00
 0.265328705E+00 0.259980917E+00 0.254654497E+00 0.249346808E+00 0.244053721E+00
 0.238769725E+00 0.233487561E+00 0.228197962E+00 0.222889364E+00 0.217547461E+00
 0.212154642E+00 0.206689492E+00 0.201126039E+00 0.195433021E+00 0.189572990E+00
 0.183501184E+00 0.177164420E+00 0.170499742E+00 0.163433149E+00 0.155878544E+00
 0.147737429E+00 0.138899356E+00 0.129232034E+00 0.118414275E+00 0.107066095E+00
 0.978831500E-01 0.908745453E-01 0.864617825E-01 0.847057849E-01 0.861403793E-01
 0.909777284E-01 0.100882314E+00 0.111574247E+00 0.122247450E+00 0.132493958E+00
 0.435333908E+00 0.434888989E+00 0.429190844E+00 0.422265828E+00 0.415749162E+00
 0.409569234E+00 0.403660744E+00 0.397967756E+00 0.392443657E+00 0.387049437E+00
 0.381751686E+00 0.376521558E+00 0.371333867E+00 0.366166800E+00 0.361001939E+00
 0.355824262E+00 0.350622356E+00 0.345388412E+00 0.340118289E+00 0.334811062E+00
 0.329468846E+00 0.324096024E+00 0.318698674E+00 0.313283741E+00 0.307858407E+00
 0.302429408E+00 0.297002554E+00 0.291582495E+00 0.286172330E+00 0.280773789E+00
 0.275387108E+00 0.270011306E+00 0.264644295E+00 0.259282976E+00 0.253923416E+00
 0.248560801E+00 0.243189439E+00 0.237802610E+00 0.232392341E+00 0.226949215E+00
 0.221462071E+00 0.215917900E+00 0.210301697E+00 0.204596490E+00 0.198783711E+00
 0.192844093E+00 0.186759338E+00 0.180515677E+00 0.174110338E+00 0.167564496E+00
 0.160949349E+00 0.154441625E+00 0.148447514E+00 0.143839598E+00 0.141182154E+00
 0.137999341E+00 0.134604886E+00 0.131836087E+00 0.129973635E+00 0.128747880E+00
 0.127457947E+00 0.128231078E+00 0.132027879E+00 0.137473315E+00 0.143677533E+00
 0.435788363E+00 0.435432613E+00 0.430185258E+00 0.423971355E+00 0.418245345E+00
 0.412839949E+00 0.407657653E+00 0.402637333E+00 0.397735745E+00 0.392918468E+00
 0.388155550E+00 0.383419722E+00 0.378685743E+00 0.373930663E+00 0.369134396E+00
 0.364280611E+00 0.359357208E+00 0.354357004E+00 0.349277794E+00 0.344122112E+00
 0.338896662E+00 0.333611310E+00 0.328277856E+00 0.322908819E+00 0.317516208E+00
 0.312110603E+00 0.306700438E+00 0.301291704E+00 0.295887798E+00 0.290489763E+00
 0.285096705E+00 0.279706210E+00 0.274314880E+00 0.268918872E+00 0.263514251E+00
 0.258097082E+00 0.252663821E+00 0.247210830E+00 0.241734624E+00 0.236231461E+00
 0.230697349E+00 0.225128084E+00 0.219519481E+00 0.213867813E+00 0.208170876E+00
 0.202429473E+00 0.196649939E+00 0.190848082E+00 0.185055077E+00 0.179325983E+00
 0.173750624E+00 0.168462694E+00 0.163631141E+00 0.159397393E+00 0.155759484E+00
 0.152590141E+00 0.149843976E+00 0.147600248E+00 0.145955190E+00 0.144985974E+00
 0.144826755E+00 0.145700276E+00 0.147713825E+00 0.150724694E+00 0.154461622E+00
 0.432358295E+00 0.431529135E+00 0.427938402E+00 0.423509210E+00 0.419149905E+00
 0.414857239E+00 0.410625130E+00 0.406444430E+00 0.402302355E+00 0.398182273E+00
 0.394063592E+00 0.389922291E+00 0.385732263E+00 0.381467193E+00 0.377102882E+00
 0.372619241E+00 0.368002146E+00 0.363244832E+00 0.358348250E+00 0.353320986E+00
 0.348178238E+00 0.342939883E+00 0.337628335E+00 0.332265973E+00 0.326873034E+00
 0.321466118E+00 0.316057384E+00 0.310654104E+00 0.305259138E+00 0.299871355E+00
 0.294486642E+00 0.289099157E+00 0.283702374E+00 0.278290361E+00 0.272858292E+00
 0.267403126E+00 0.261923552E+00 0.256419867E+00 0.250893563E+00 0.245347008E+00
 0.239783347E+00 0.234206498E+00 0.228621393E+00 0.223034635E+00 0.217455208E+00
 0.211895883E+00 0.206374869E+00 0.200918078E+00 0.195561618E+00 0.190354109E+00
 0.185357362E+00 0.180642992E+00 0.176282659E+00 0.172332659E+00 0.168823421E+00
 0.165767193E+00 0.163179457E+00 0.161091849E+00 0.159549713E+00 0.158606127E+00
 0.158316463E+00 0.158722907E+00 0.159827337E+00 0.161574453E+00 0.163861662E+00
 0.428295612E+00 0.426995963E+00 0.424966127E+00 0.422351271E+00 0.419385135E+00
 0.416244328E+00 0.413010687E+00 0.409728646E+00 0.406417549E+00 0.403078735E+00
 0.399698913E+00 0.396252543E+00 0.392705530E+00 0.389020026E+00 0.385159880E+00
 0.381095260E+00 0.376806110E+00 0.372284532E+00 0.367535859E+00 0.362578899E+00
 0.357444406E+00 0.352171510E+00 0.346802324E+00 0.341376841E+00 0.335928679E+00
 0.330483079E+00 0.325056285E+00 0.319655836E+00 0.314281255E+00 0.308925480E+00
 0.303576797E+00 0.298221320E+00 0.292845577E+00 0.287438631E+00 0.281993449E+00
 0.276507616E+00 0.270983279E+00 0.265426069E+00 0.259843886E+00 0.254245967E+00
 0.248642370E+00 0.243044257E+00 0.237463951E+00 0.231915399E+00 0.226414606E+00
 0.220980361E+00 0.215634987E+00 0.210405216E+00 0.205322906E+00 0.200425118E+00
 0.195753321E+00 0.191351056E+00 0.187260449E+00 0.183518618E+00 0.180155933E+00
 0.177197352E+00 0.174665853E+00 0.172585145E+00 0.170979887E+00 0.169873312E+00
 0.169282734E+00 0.169213235E+00 0.169651404E+00 0.170562103E+00 0.171890736E+00
 0.426583052E+00 0.425374091E+00 0.423840940E+00 0.421992481E+00 0.419883013E+00
 0.417605370E+00 0.415228188E+00 0.412789881E+00 0.410314381E+00 0.407812268E+00
 0.405269444E+00 0.402645886E+00 0.399880469E+00 0.396903038E+00 0.393648535E+00
 0.390066385E+00 0.386124164E+00 0.381808996E+00 0.377130210E+00 0.372122407E+00
 0.366846025E+00 0.361380309E+00 0.355808407E+00 0.350202292E+00 0.344615161E+00
 0.339081198E+00 0.333618522E+00 0.328231573E+00 0.322912186E+00 0.317639917E+00
 0.312385172E+00 0.307116181E+00 0.301805407E+00 0.296432137E+00 0.290984392E+00
 0.285461038E+00 0.279872149E+00 0.274234802E+00 0.268566906E+00 0.262885332E+00
 0.257206708E+00 0.251548439E+00 0.245929003E+00 0.240368128E+00 0.234886602E+00
 0.229506344E+00 0.224250600E+00 0.219144240E+00 0.214213789E+00 0.209487453E+00
 0.204994515E+00 0.200764388E+00 0.196825460E+00 0.193203896E+00 0.189923078E+00
 0.187003568E+00 0.184463412E+00 0.182318434E+00 0.180581748E+00 0.179262549E+00
 0.178364098E+00 0.177881584E+00 0.177800253E+00 0.178094789E+00 0.178730130E+00
 0.425797075E+00 0.424844056E+00 0.423711002E+00 0.422376007E+00 0.420849711E+00
 0.419192582E+00 0.417466640E+00 0.415733963E+00 0.414049596E+00 0.412434846E+00
 0.410877883E+00 0.409309387E+00 0.407586962E+00 0.405545205E+00 0.403059512E+00
 0.400054395E+00 0.396485239E+00 0.392327309E+00 0.387579292E+00 0.382282376E+00
 0.376550406E+00 0.370571285E+00 0.364535540E+00 0.358569443E+00 0.352736771E+00
 0.347064912E+00 0.341562718E+00 0.336228251E+00 0.331048399E+00 0.325984448E+00
 0.320950449E+00 0.315870702E+00 0.310701430E+00 0.305408478E+00 0.299964786E+00
 0.294361085E+00 0.288637370E+00 0.282857269E+00 0.277049243E+00 0.271230459E+00
 0.265420139E+00 0.259641171E+00 0.253918737E+00 0.248278797E+00 0.242746785E+00
 0.237346977E+00 0.232102528E+00 0.227035582E+00 0.222167686E+00 0.217519954E+00
 0.213113114E+00 0.208967209E+00 0.205101296E+00 0.201533020E+00 0.198278248E+00
 0.195350885E+00 0.192762524E+00 0.190522268E+00 0.188636214E+00 0.187106758E+00
 0.185931697E+00 0.185103551E+00 0.184608877E+00 0.184428245E+00 0.184536770E+00
 0.425398976E+00 0.424881667E+00 0.424211025E+00 0.423329234E+00 0.422237217E+00
 0.420989811E+00 0.419684976E+00 0.418445140E+00 0.417388082E+00 0.416633546E+00
 0.416272491E+00 0.416350752E+00 0.416370213E+00 0.415655941E+00 0.414137334E+00
 0.411814839E+00 0.408671588E+00 0.404662102E+00 0.399712086E+00 0.393729955E+00
 0.386713415E+00 0.379427433E+00 0.372529417E+00 0.366035730E+00 0.359900475E+00
 0.354085803E+00 0.348568350E+00 0.343337655E+00 0.338395923E+00 0.333757758E+00
 0.329119086E+00 0.324354172E+00 0.319445431E+00 0.314327776E+00 0.308945417E+00
 0.303226680E+00 0.297245920E+00 0.291275144E+00 0.285278976E+00 0.279258966E+00
 0.273238659E+00 0.267253220E+00 0.261341333E+00 0.255539715E+00 0.249880299E+00
 0.244389504E+00 0.239089042E+00 0.233996987E+00 0.229128942E+00 0.224498942E+00
 0.220119923E+00 0.216003984E+00 0.212162420E+00 0.208605528E+00 0.205342427E+00
 0.202380806E+00 0.199726611E+00 0.197383776E+00 0.195353791E+00 0.193635315E+00
 0.192223758E+00 0.191110998E+00 0.190285131E+00 0.189730600E+00 0.189428478E+00
 0.425159693E+00 0.425472587E+00 0.425464243E+00 0.425000370E+00 0.424106002E+00
 0.422929287E+00 0.421671808E+00 0.420533329E+00 0.419707835E+00 0.419402421E+00
 0.419853657E+00 0.421485960E+00 0.423341781E+00 0.423731238E+00 0.422995180E+00
 0.421264350E+00 0.418541640E+00 0.414761961E+00 0.409784228E+00 0.403317422E+00
 0.394805044E+00 0.386152208E+00 0.378637612E+00 0.371845156E+00 0.365570575E+00
 0.359717160E+00 0.354243100E+00 0.349137008E+00 0.344407260E+00 0.340065658E+00
 0.335791945E+00 0.331428379E+00 0.326925576E+00 0.322183788E+00 0.317093521E+00
 0.311538190E+00 0.305588692E+00 0.299520642E+00 0.293315291E+00 0.287000567E+00
 0.280639619E+00 0.274309754E+00 0.268083245E+00 0.262016416E+00 0.256148130E+00
 0.250503123E+00 0.245096609E+00 0.239938080E+00 0.235034063E+00 0.230389565E+00
 0.226009056E+00 0.221896723E+00 0.218056589E+00 0.214492410E+00 0.211207360E+00
 0.208203897E+00 0.205483377E+00 0.203045785E+00 0.200889438E+00 0.199010670E+00
 0.197403684E+00 0.196060270E+00 0.194969848E+00 0.194119424E+00 0.193493873E+00
 0.104794288E+01 0.106097662E+01 0.106755841E+01 0.107595575E+01 0.108528161E+01
 0.109455597E+01 0.110412836E+01 0.111402655E+01 0.112524652E+01 0.113572109E+01
 0.114592218E+01 0.115671790E+01 0.116767907E+01 0.117906117E+01 0.119065571E+01
 0.120254242E+01 0.121488357E+01 0.122742224E+01 0.124044287E+01 0.125359762E+01
 0.126734495E+01 0.128139055E+01 0.129588556E+01 0.131073081E+01 0.132604218E+01
 0.134190059E+01 0.135818160E+01 0.137501550E+01 0.139234805E+01 0.141024387E+01
 0.142878032E+01 0.144793880E+01 0.146777773E+01 0.148831129E+01 0.150959969E+01
 0.153166938E+01 0.155459499E+01 0.157844973E+01 0.160324144E+01 0.162904763E+01
 0.165594745E+01 0.168403089E+01 0.171338773E+01 0.174407053E+01 0.177620506E+01
 0.180994141E+01 0.184544134E+01 0.188277531E+01 0.192203796E+01 0.196368003E+01
 0.200771308E+01 0.205450416E+01 0.210450029E+01 0.215780711E+01 0.221455717E+01
 0.227607942E+01 0.234292245E+01 0.241525340E+01 0.249480891E+01 0.258285284E+01
 0.268294787E+01 0.279952693E+01 0.293975759E+01 0.312797070E+01 0.383034229E+01
   77   87
 0.118609524E+01-0.500000007E-01 0.118431199E+01 0.000000000E+00 0.118744636E+01
 0.500000007E-01 0.120839560E+01 0.150000006E+00 0.122591674E+01 0.200000003E+00
 0.124820244E+01 0.250000000E+00 0.127499056E+01 0.300000012E+00 0.130624592E+01
 0.349999994E+00 0.134213090E+01 0.400000006E+00 0.137125003E+01 0.436344624E+00
 0.139781249E+01 0.467180341E+00 0.142834878E+01 0.500000000E+00 0.147749996E+01
 0.547560871E+00 0.150406253E+01 0.571125686E+00 0.153982186E+01 0.600000024E+00
 0.158375001E+01 0.632615387E+00 0.161031246E+01 0.650013328E+00 0.166343749E+01
 0.682168961E+00 0.169900167E+01 0.699999988E+00 0.174312496E+01 0.720612049E+00
 0.179624999E+01 0.739839017E+00 0.183471656E+01 0.750000000E+00 0.187593746E+01
 0.759179533E+00 0.192906249E+01 0.764676869E+00 0.198218751E+01 0.761263609E+00
 0.201966619E+01 0.750000000E+00 0.206187510E+01 0.727475822E+00 0.208843756E+01
 0.699870944E+00 0.212150407E+01 0.649999976E+00 0.214573717E+01 0.600000024E+00
 0.216812491E+01 0.544717908E+00 0.219468760E+01 0.469926268E+00 0.221737957E+01
 0.400000006E+00 0.223346496E+01 0.349999994E+00 0.224921489E+01 0.300000012E+00
 0.227437496E+01 0.212997854E+00 0.228960824E+01 0.150000006E+00 0.230093741E+01
 0.747682080E-01 0.230490136E+01 0.000000000E+00 0.230093741E+01-0.593609698E-01
 0.228625250E+01-0.150000006E+00 0.227426052E+01-0.200000003E+00 0.224781251E+01
-0.296651602E+00 0.223274469E+01-0.349999994E+00 0.221911454E+01-0.400000006E+00
 0.219468760E+01-0.496477783E+00 0.218187046E+01-0.550000012E+00 0.216812491E+01
-0.615191936E+00 0.214993978E+01-0.699999988E+00 0.214053154E+01-0.750000000E+00
 0.212374115E+01-0.854997098E+00 0.209776807E+01-0.850000024E+00 0.206187510E+01
-0.846264482E+00 0.200874996E+01-0.837155581E+00 0.195562506E+01-0.825245798E+00
 0.190250003E+01-0.810069323E+00 0.187303174E+01-0.800000012E+00 0.182281256E+01
-0.782411039E+00 0.176968753E+01-0.759449542E+00 0.174312496E+01-0.746518731E+00
 0.169000006E+01-0.718673825E+00 0.165922546E+01-0.699999988E+00 0.161031246E+01
-0.668637574E+00 0.158375001E+01-0.649452150E+00 0.153062499E+01-0.608295202E+00
 0.150406253E+01-0.585689485E+00 0.146518886E+01-0.550000012E+00 0.142437506E+01
-0.508894026E+00 0.139781249E+01-0.479794055E+00 0.137125003E+01-0.448853523E+00
 0.133293498E+01-0.400000006E+00 0.129834843E+01-0.349999994E+00 0.126817501E+01
-0.300000012E+00 0.124233246E+01-0.250000000E+00 0.122094774E+01-0.200000003E+00
 0.120438361E+01-0.150000006E+00 0.118609524E+01-0.500000007E-01
 0.101730001E+01 0.000000000E+00 0.101932001E+01 0.111591995E+01 0.101127005E+01
 0.116271996E+01 0.100224996E+01 0.121238995E+01 0.102639997E+01 0.121238995E+01
 0.103497005E+01 0.116392004E+01 0.103842998E+01 0.116235995E+01 0.106122005E+01
 0.116356003E+01 0.109895003E+01 0.116589999E+01 0.113813996E+01 0.116823995E+01
 0.116191995E+01 0.117446005E+01 0.119008005E+01 0.118699002E+01 0.121012998E+01
 0.120185006E+01 0.123081994E+01 0.122499001E+01 0.123939002E+01 0.123863995E+01
 0.126108003E+01 0.128634000E+01 0.128076005E+01 0.133403003E+01 0.128076005E+01
 0.134810996E+01 0.133062005E+01 0.134810996E+01 0.141947997E+01 0.134748995E+01
 0.141947997E+01 0.131036997E+01 0.137993002E+01 0.131093001E+01 0.137410998E+01
 0.130689001E+01 0.136740994E+01 0.126408994E+01 0.136789000E+01 0.122646999E+01
 0.137232995E+01 0.119475996E+01 0.138840997E+01 0.116448998E+01 0.140222001E+01
 0.115728998E+01 0.141559005E+01 0.115646994E+01 0.142587996E+01 0.116276002E+01
 0.144700003E+01 0.118200004E+01 0.148800004E+01 0.121899998E+01 0.149600005E+01
 0.122800004E+01 0.149109995E+01 0.121349001E+01 0.149501002E+01 0.116171002E+01
 0.147765005E+01 0.112226999E+01 0.148169005E+01 0.111591995E+01 0.149105000E+01
 0.111275005E+01 0.152942002E+01 0.110483003E+01 0.160203004E+01 0.109308004E+01
 0.164134002E+01 0.107020998E+01 0.164687002E+01 0.107845998E+01 0.178340006E+01
 0.107209003E+01 0.204518008E+01 0.103909004E+01 0.205605006E+01 0.104322004E+01
 0.210643005E+01 0.999729991E+00 0.208569002E+01 0.869270027E+00 0.222220993E+01
 0.519110024E+00 0.224294996E+01 0.448630005E+00 0.230183005E+01 0.280680001E+00
 0.231151009E+01 0.279680014E+00 0.233364010E+01 0.219329998E+00 0.234012008E+01
 0.219870001E+00 0.234645009E+01 0.198670000E+00 0.234827995E+01 0.632900000E-01
 0.235109997E+01 0.420800000E-01 0.234827995E+01-0.254779994E+00 0.234645009E+01
-0.272720009E+00 0.234461999E+01-0.410820007E+00 0.235109997E+01-0.420599997E+00
 0.227828002E+01-0.593429983E+00 0.223841000E+01-0.688269973E+00 0.223594999E+01
-0.694119990E+00 0.219540000E+01-0.790600002E+00 0.219392991E+01-0.794110000E+00
 0.215665007E+01-0.882770002E+00 0.215165997E+01-0.884549975E+00 0.192442000E+01
-0.101282001E+01 0.191968000E+01-0.101691997E+01 0.178656006E+01-0.116066003E+01
 0.177983999E+01-0.116922998E+01 0.174579000E+01-0.124380004E+01 0.164520001E+01
-0.124479997E+01 0.140117002E+01-0.124477005E+01 0.138558996E+01-0.124820995E+01
 0.137489998E+01-0.125832999E+01 0.136953998E+01-0.126941001E+01 0.136824000E+01
-0.127555001E+01 0.136860001E+01-0.132246995E+01 0.137256002E+01-0.132470000E+01
 0.142770004E+01-0.132470000E+01 0.142770004E+01-0.135782003E+01 0.116450000E+01
-0.135894001E+01 0.101627004E+01-0.121800005E+01 0.101750004E+01-0.121700001E+01
 0.101730001E+01-0.100000005E-02 0.101730001E+01 0.000000000E+00
    0 0.170000005E+01    1
 0.000000000E+00 0.000000000E+00 0.000000000E+00 0.000000000E+00 0.000000000E+00
 0.000000000E+00 0.000000000E+00 0.000000000E+00 0.000000000E+00 0.000000000E+00
 0.000000000E+00 0.000000000E+00 0.000000000E+00 0.000000000E+00 0.000000000E+00
 0.000000000E+00 0.000000000E+00 0.000000000E+00 0.000000000E+00 0.000000000E+00
 0.000000000E+00 0.000000000E+00 0.000000000E+00 0.000000000E+00 0.000000000E+00
 0.000000000E+00 0.000000000E+00 0.000000000E+00 0.000000000E+00 0.000000000E+00
 0.000000000E+00 0.000000000E+00 0.000000000E+00 0.000000000E+00 0.000000000E+00
 0.000000000E+00 0.000000000E+00 0.000000000E+00 0.000000000E+00 0.000000000E+00
 0.000000000E+00 0.000000000E+00 0.000000000E+00 0.000000000E+00 0.000000000E+00
 0.000000000E+00 0.000000000E+00 0.000000000E+00 0.000000000E+00 0.000000000E+00
 0.000000000E+00 0.000000000E+00 0.000000000E+00 0.000000000E+00 0.000000000E+00
 0.000000000E+00 0.000000000E+00 0.000000000E+00 0.000000000E+00 0.000000000E+00
 0.000000000E+00 0.000000000E+00 0.000000000E+00 0.000000000E+00 0.000000000E+00
 0.000000000E+00 0.996687189E-01 0.141573563E+00 0.173895076E+00 0.201235294E+00
 0.225542665E+00 0.247666940E+00 0.268128395E+00 0.285884738E+00 0.304087490E+00
 0.321458310E+00 0.338148177E+00 0.354093760E+00 0.369572371E+00 0.384550542E+00
 0.399123132E+00 0.413301557E+00 0.427146107E+00 0.440732181E+00 0.454021752E+00
 0.467073500E+00 0.479906201E+00 0.492557883E+00 0.505038500E+00 0.517327249E+00
 0.529490530E+00 0.541518450E+00 0.553431094E+00 0.565256238E+00 0.576952577E+00
 0.588569045E+00 0.600122869E+00 0.611612201E+00 0.623045564E+00 0.634425938E+00
 0.645762026E+00 0.657062590E+00 0.668349147E+00 0.679621041E+00 0.690882564E+00
 0.702140689E+00 0.713402390E+00 0.724678993E+00 0.735977888E+00 0.747309208E+00
 0.758680642E+00 0.770104051E+00 0.781579494E+00 0.793094397E+00 0.804716110E+00
 0.816409826E+00 0.828199446E+00 0.840124011E+00 0.852154016E+00 0.864272654E+00
 0.876601338E+00 0.889124632E+00 0.901794553E+00 0.914701283E+00 0.927830875E+00
 0.941301942E+00 0.955142081E+00 0.969336092E+00 0.984119415E+00 0.100000000E+01
    1
 0.000000000E+00 0.000000000E+00 0.000000000E+00 0.000000000E+00 0.000000000E+00
 0.000000000E+00 0.000000000E+00 0.000000000E+00 0.000000000E+00 0.000000000E+00
 0.000000000E+00 0.000000000E+00 0.000000000E+00 0.000000000E+00 0.000000000E+00
 0.000000000E+00 0.000000000E+00 0.000000000E+00 0.000000000E+00 0.000000000E+00
 0.000000000E+00 0.000000000E+00 0.000000000E+00 0.000000000E+00 0.000000000E+00
 0.000000000E+00 0.000000000E+00 0.000000000E+00 0.000000000E+00 0.000000000E+00
 0.000000000E+00 0.000000000E+00 0.000000000E+00 0.000000000E+00 0.000000000E+00
 0.000000000E+00 0.000000000E+00 0.000000000E+00 0.000000000E+00 0.000000000E+00
 0.000000000E+00 0.000000000E+00 0.000000000E+00 0.000000000E+00 0.000000000E+00
 0.000000000E+00 0.000000000E+00 0.000000000E+00 0.000000000E+00 0.000000000E+00
 0.000000000E+00 0.000000000E+00 0.000000000E+00 0.000000000E+00 0.000000000E+00
 0.000000000E+00 0.000000000E+00 0.000000000E+00 0.000000000E+00 0.000000000E+00
 0.000000000E+00 0.000000000E+00 0.000000000E+00 0.000000000E+00 0.000000000E+00
&BASIS
 EE2BDRY= 32*0.00000000      ,
 EEBDRY= 32*0.00000000      ,
 EEKNT= 32*0.00000000      ,
 EETENS=  5.00000000    ,
 FF2BDRY= 64*0.00000000      ,
 FFBDRY=-0.459585637    ,  1.99513757    , -1.53438568    , 61*0.00000000      ,
 FFKNT= 64*0.00000000      ,
 FFTENS=  0.00000000    ,
 KEE2BDRY= 32*0          ,
 KEEBDRY= 32*0          ,
 KEEFNC=          0,
 KEEKNT=          0,
 KFF2BDRY= 64*0          ,
 KFFBDRY= 64*0          ,
 KFFFNC=          0,
 KFFKNT=          0,
 KPP2BDRY= 64*0          ,
 KPPBDRY= 64*0          ,
 KPPFNC=          0,
 KPPKNT=          0,
 KWW2BDRY= 64*0          ,
 KWWBDRY= 64*0          ,
 KWWFNC=          0,
 KWWKNT=          0,
 PP2BDRY= 64*0.00000000      ,
 PPBDRY=  956694.375    , -960645.125    , 62*0.00000000      ,
 PPKNT= 64*0.00000000      ,
 PPTENS=  0.00000000    ,
 WW2BDRY= 64*0.00000000      ,
 WWBDRY=  833.323853    , -139765.797    , 62*0.00000000      ,
 WWKNT= 64*0.00000000      ,
 WWTENS=  0.00000000    ,
 /
