  EFITD    01/21/2000    #193739  3760ms           7  65  65
 0.170000005E+01 0.320000005E+01 0.169550002E+01 0.839999974E+00 0.000000000E+00
 0.190037489E+01-0.313532948E-01-0.159531027E+00-0.285542421E-01-0.202625036E+01
 0.400196250E+06-0.159531027E+00 0.000000000E+00 0.190037489E+01 0.000000000E+00
-0.313532948E-01 0.000000000E+00-0.285542421E-01 0.000000000E+00 0.000000000E+00
-0.341700530E+01-0.341774368E+01-0.341839099E+01-0.341895914E+01-0.341945815E+01
-0.341989636E+01-0.342028141E+01-0.342061996E+01-0.342091727E+01-0.342117858E+01
-0.342140818E+01-0.342160988E+01-0.342178726E+01-0.342194366E+01-0.342208195E+01
-0.342220521E+01-0.342231607E+01-0.342241788E+01-0.342251301E+01-0.342260480E+01
-0.342269659E+01-0.342279148E+01-0.342289257E+01-0.342300224E+01-0.342312241E+01
-0.342325497E+01-0.342340112E+01-0.342356277E+01-0.342374015E+01-0.342393470E+01
-0.342414689E+01-0.342437744E+01-0.342462635E+01-0.342489433E+01-0.342518139E+01
-0.342548776E+01-0.342581320E+01-0.342615747E+01-0.342652059E+01-0.342690229E+01
-0.342730165E+01-0.342771840E+01-0.342815161E+01-0.342860031E+01-0.342906356E+01
-0.342953968E+01-0.343002701E+01-0.343052411E+01-0.343102813E+01-0.343153691E+01
-0.343204713E+01-0.343255496E+01-0.343305612E+01-0.343354607E+01-0.343401837E+01
-0.343446660E+01-0.343488240E+01-0.343525648E+01-0.343557787E+01-0.343583393E+01
-0.343600941E+01-0.343608689E+01-0.343604565E+01-0.343586183E+01-0.343550730E+01
 0.509501289E+05 0.486380820E+05 0.464980195E+05 0.445150039E+05 0.426752188E+05
 0.409658984E+05 0.393752617E+05 0.378924180E+05 0.365073164E+05 0.352106719E+05
 0.339939258E+05 0.328491797E+05 0.317691426E+05 0.307471094E+05 0.297768945E+05
 0.288528066E+05 0.279696191E+05 0.271225234E+05 0.263071094E+05 0.255193398E+05
 0.247555176E+05 0.240122715E+05 0.232865312E+05 0.225755117E+05 0.218766875E+05
 0.211877891E+05 0.205067852E+05 0.198318633E+05 0.191614297E+05 0.184940879E+05
 0.178286445E+05 0.171640859E+05 0.164995859E+05 0.158344932E+05 0.151683262E+05
 0.145007773E+05 0.138317031E+05 0.131611289E+05 0.124892471E+05 0.118164160E+05
 0.111431680E+05 0.104702061E+05 0.979841211E+04 0.912885059E+04 0.846277734E+04
 0.780164502E+04 0.714711182E+04 0.650105225E+04 0.586557031E+04 0.524300977E+04
 0.463596875E+04 0.404731787E+04 0.348021484E+04 0.293812573E+04 0.242484570E+04
 0.194452136E+04 0.150167737E+04 0.110124280E+04 0.748582458E+03 0.449528687E+03
 0.210417404E+03 0.381267242E+02-0.598810005E+02-0.755136719E+02 0.000000000E+00
 0.131399369E+01 0.115189564E+01 0.101067388E+01 0.887394369E+00 0.779562116E+00
 0.685059905E+00 0.602096617E+00 0.529163480E+00 0.464997083E+00 0.408548474E+00
 0.358957440E+00 0.315531671E+00 0.277729541E+00 0.245147109E+00 0.217508078E+00
 0.194657058E+00 0.176555857E+00 0.163282424E+00 0.155032858E+00 0.152126119E+00
 0.154885292E+00 0.162834793E+00 0.175206259E+00 0.191337481E+00 0.210658267E+00
 0.232676432E+00 0.256965786E+00 0.283155739E+00 0.310922116E+00 0.339979351E+00
 0.370073467E+00 0.400975853E+00 0.432477653E+00 0.464384705E+00 0.496512711E+00
 0.528682828E+00 0.560717165E+00 0.592434645E+00 0.623646319E+00 0.654150903E+00
 0.683729827E+00 0.712141931E+00 0.739117324E+00 0.764351130E+00 0.787495911E+00
 0.808152914E+00 0.825862765E+00 0.840093791E+00 0.850229323E+00 0.855552495E+00
 0.855228662E+00 0.848285139E+00 0.833587170E+00 0.809810340E+00 0.775408149E+00
 0.728574216E+00 0.667197883E+00 0.588812828E+00 0.490536660E+00 0.369000345E+00
 0.220265761E+00 0.397294946E-01-0.177989900E+00-0.439183474E+00-0.751205921E+00
-0.117366912E+07-0.108583288E+07-0.100558850E+07-0.932359750E+06-0.865613438E+06
-0.804855812E+06-0.749629875E+06-0.699512250E+06-0.654110812E+06-0.613062312E+06
-0.576029875E+06-0.542701438E+06-0.512787250E+06-0.486018656E+06-0.462146094E+06
-0.440937688E+06-0.422177875E+06-0.405666000E+06-0.391215188E+06-0.378651094E+06
-0.367810938E+06-0.358542406E+06-0.350702875E+06-0.344158375E+06-0.338782875E+06
-0.334457438E+06-0.331069625E+06-0.328512656E+06-0.326684812E+06-0.325488875E+06
-0.324831500E+06-0.324622562E+06-0.324774688E+06-0.325202781E+06-0.325823375E+06
-0.326554156E+06-0.327313531E+06-0.328020031E+06-0.328591938E+06-0.328946656E+06
-0.329000281E+06-0.328667062E+06-0.327858875E+06-0.326484719E+06-0.324450125E+06
-0.321656594E+06-0.318000969E+06-0.313374906E+06-0.307664062E+06-0.300747469E+06
-0.292496812E+06-0.282775625E+06-0.271438531E+06-0.258330141E+06-0.243284391E+06
-0.226123312E+06-0.206656016E+06-0.184677562E+06-0.159967672E+06-0.132289359E+06
-0.101387523E+06-0.669874062E+05-0.287928457E+05 0.135154658E+05 0.602819648E+05
 0.135228947E+00 0.133922949E+00 0.132445678E+00 0.130755618E+00 0.128872722E+00
 0.126866996E+00 0.124835879E+00 0.122888342E+00 0.121163353E+00 0.119839102E+00
 0.119130887E+00 0.119480714E+00 0.119911984E+00 0.118443459E+00 0.115442768E+00
 0.111039653E+00 0.105230182E+00 0.979274586E-01 0.889356434E-01 0.778813139E-01
 0.640829653E-01 0.494324788E-01 0.353317708E-01 0.211402830E-01 0.639797188E-02
-0.931708142E-02-0.264922641E-01-0.457864143E-01-0.681816414E-01-0.949573144E-01
-0.117214642E+00-0.132043436E+00-0.140402347E+00-0.141803682E+00-0.135986537E+00
-0.122007057E+00-0.103318274E+00-0.891002119E-01-0.779547170E-01-0.689840391E-01
-0.615970194E-01-0.553877428E-01-0.500690527E-01-0.454344563E-01-0.413337275E-01
-0.376561619E-01-0.343188867E-01-0.312588103E-01-0.284271333E-01-0.257855598E-01
-0.233037025E-01-0.209572185E-01-0.187264774E-01-0.165955443E-01-0.145514151E-01
-0.125833936E-01-0.106826061E-01-0.884161517E-02-0.705412263E-02-0.531476550E-02
-0.361898611E-02-0.196295977E-02-0.343570486E-03 0.124159828E-02 0.279427227E-02
 0.135535866E+00 0.133906335E+00 0.132143483E+00 0.130231038E+00 0.128179491E+00
 0.126024798E+00 0.123832837E+00 0.121688075E+00 0.119669944E+00 0.117864370E+00
 0.116322674E+00 0.115060866E+00 0.113536090E+00 0.110986337E+00 0.107296117E+00
 0.102438793E+00 0.963673890E-01 0.889983401E-01 0.802081525E-01 0.698439479E-01
 0.578355007E-01 0.448883213E-01 0.316141956E-01 0.178864133E-01 0.344467605E-02
-0.120425206E-01-0.290105715E-01-0.480751358E-01-0.701776221E-01-0.965040326E-01
-0.118537806E+00-0.133286476E+00-0.141569510E+00-0.143167838E+00-0.137650460E+00
-0.123935662E+00-0.105727941E+00-0.917279273E-01-0.806450173E-01-0.716256574E-01
-0.641215891E-01-0.577601269E-01-0.522771850E-01-0.474801324E-01-0.432255305E-01
-0.394048467E-01-0.359348953E-01-0.327511318E-01-0.298029799E-01-0.270504449E-01
-0.244617071E-01-0.220113490E-01-0.196790192E-01-0.174483936E-01-0.153063219E-01
-0.132421078E-01-0.112469103E-01-0.931324158E-02-0.743460003E-02-0.560524361E-02
-0.382008799E-02-0.207472034E-02-0.365479151E-03 0.131044642E-02 0.295494474E-02
 0.136024326E+00 0.134210944E+00 0.132215589E+00 0.130031139E+00 0.127670899E+00
 0.125195265E+00 0.122646555E+00 0.120060220E+00 0.117462911E+00 0.114836514E+00
 0.112136394E+00 0.109260187E+00 0.106028937E+00 0.102238119E+00 0.977258533E-01
 0.923823640E-01 0.861294195E-01 0.789067745E-01 0.706737563E-01 0.614278615E-01
 0.512347743E-01 0.402280986E-01 0.285317171E-01 0.161832962E-01 0.313174026E-02
-0.107359942E-01-0.255708601E-01-0.415315181E-01-0.586963631E-01-0.765110254E-01
-0.921010301E-01-0.103546046E+00-0.110474057E+00-0.112720527E+00-0.110172160E+00
-0.102994658E+00-0.933097154E-01-0.840940028E-01-0.759069845E-01-0.687177554E-01
-0.624033473E-01-0.568304732E-01-0.518772677E-01-0.474387929E-01-0.434270538E-01
-0.397691838E-01-0.364052020E-01-0.332858562E-01-0.303707719E-01-0.276269224E-01
-0.250274315E-01-0.225506146E-01-0.201791860E-01-0.178995449E-01-0.157010499E-01
-0.135752745E-01-0.115152560E-01-0.951483659E-02-0.756816985E-02-0.566947972E-02
-0.381308864E-02-0.199367222E-02-0.206643788E-03 0.155146024E-02 0.328271138E-02
 0.136896789E+00 0.134979218E+00 0.132760093E+00 0.130247846E+00 0.127488121E+00
 0.124567851E+00 0.121532939E+00 0.118391044E+00 0.115137883E+00 0.111757889E+00
 0.108210579E+00 0.104429014E+00 0.100324504E+00 0.957990363E-01 0.907599777E-01
 0.851296410E-01 0.788487643E-01 0.718775615E-01 0.641977638E-01 0.558156036E-01
 0.467623062E-01 0.370870978E-01 0.268426817E-01 0.160722863E-01 0.480818236E-02
-0.691507384E-02-0.190315787E-01-0.313931592E-01-0.436883233E-01-0.553575978E-01
-0.656391978E-01-0.738201588E-01-0.794369429E-01-0.822979286E-01-0.824773237E-01
-0.803567171E-01-0.766200572E-01-0.720349774E-01-0.671774969E-01-0.623759367E-01
-0.577882715E-01-0.534769073E-01-0.494543016E-01-0.457080975E-01-0.422146060E-01
-0.389459915E-01-0.358739831E-01-0.329717956E-01-0.302150249E-01-0.275821481E-01
-0.250547808E-01-0.226178952E-01-0.202599261E-01-0.179726686E-01-0.157508124E-01
-0.135910474E-01-0.114908479E-01-0.944725703E-02-0.745597901E-02-0.551105337E-02
-0.360517646E-02-0.173059199E-02 0.119702738E-03 0.195081765E-02 0.376524427E-02
 0.138562605E+00 0.136663392E+00 0.134134993E+00 0.131093860E+00 0.127738431E+00
 0.124211930E+00 0.120560385E+00 0.116801940E+00 0.112933479E+00 0.108935677E+00
 0.104775175E+00 0.100406699E+00 0.957764685E-01 0.908271521E-01 0.855034515E-01
 0.797570348E-01 0.735502020E-01 0.668583736E-01 0.596717037E-01 0.519958511E-01
 0.438513905E-01 0.352718271E-01 0.263010990E-01 0.169926602E-01 0.741259800E-02
-0.235171476E-02-0.121773304E-01-0.218879636E-01-0.312395450E-01-0.399225764E-01
-0.475948937E-01-0.539408065E-01-0.587307438E-01-0.618600845E-01-0.633651912E-01
-0.634183660E-01-0.622954182E-01-0.603156798E-01-0.577777289E-01-0.549200177E-01
-0.519126430E-01-0.488673486E-01-0.458524823E-01-0.429064482E-01-0.400478728E-01
-0.372826792E-01-0.346088484E-01-0.320195407E-01-0.295052044E-01-0.270551350E-01
-0.246588737E-01-0.223076530E-01-0.199959204E-01-0.177225582E-01-0.154910535E-01
-0.133080138E-01-0.111802090E-01-0.911137275E-02-0.709997350E-02-0.513854204E-02
-0.321459561E-02-0.131313375E-02 0.579774904E-03 0.247358344E-02 0.437145634E-02
 0.142068982E+00 0.140800193E+00 0.137027621E+00 0.132581040E+00 0.128239587E+00
 0.123918913E+00 0.119591095E+00 0.115232661E+00 0.110818543E+00 0.106320105E+00
 0.101704702E+00 0.969361588E-01 0.919761956E-01 0.867865682E-01 0.813316107E-01
 0.755807534E-01 0.695107877E-01 0.631076619E-01 0.563677438E-01 0.492985919E-01
 0.419192575E-01 0.342603140E-01 0.263641011E-01 0.182856955E-01 0.100951968E-01
 0.188135309E-02-0.624420960E-02-0.141438870E-01-0.216549486E-01-0.285973325E-01
-0.347896554E-01-0.400711298E-01-0.443239398E-01-0.474901386E-01-0.495793037E-01
-0.506652743E-01-0.508722514E-01-0.503534004E-01-0.492678396E-01-0.477623232E-01
-0.459607579E-01-0.439610407E-01-0.418366157E-01-0.396402292E-01-0.374081060E-01
-0.351637229E-01-0.329207666E-01-0.306853708E-01-0.284577329E-01-0.262334216E-01
-0.240048859E-01-0.217638705E-01-0.195055678E-01-0.172343776E-01-0.149683096E-01
-0.127364332E-01-0.105681503E-01-0.848209392E-02-0.648148218E-02-0.455392338E-02
-0.267237867E-02-0.799869595E-03 0.109883060E-02 0.304427720E-02 0.503790006E-02
 0.144321635E+00 0.143367872E+00 0.138954252E+00 0.133464262E+00 0.128259480E+00
 0.123236910E+00 0.118319996E+00 0.113455124E+00 0.108600236E+00 0.103718735E+00
 0.987766683E-01 0.937416777E-01 0.885830149E-01 0.832722634E-01 0.777844265E-01
 0.720991865E-01 0.662022009E-01 0.600861795E-01 0.537518412E-01 0.472086072E-01
 0.404751599E-01 0.335798897E-01 0.265613906E-01 0.194691531E-01 0.123643950E-01
 0.532089872E-02-0.157467136E-02-0.822367985E-02-0.145185115E-01-0.203482211E-01
-0.256067272E-01-0.302025396E-01-0.340682045E-01-0.371674821E-01-0.394987017E-01
-0.410935357E-01-0.420114398E-01-0.423311032E-01-0.421407335E-01-0.415292569E-01
-0.405797139E-01-0.393652990E-01-0.379477218E-01-0.363771580E-01-0.346930772E-01
-0.329253972E-01-0.310954768E-01-0.292167868E-01-0.272949990E-01-0.253274553E-01
-0.233021546E-01-0.211973358E-01-0.189854167E-01-0.166509934E-01-0.142307021E-01
-0.118309855E-01-0.955629256E-02-0.744795706E-02-0.550650619E-02-0.371616869E-02
-0.202821707E-02-0.332021795E-03 0.149532116E-02 0.349817867E-02 0.564630795E-02
 0.144409090E+00 0.143490791E+00 0.138720796E+00 0.132830188E+00 0.127186164E+00
 0.121732876E+00 0.116421074E+00 0.111205600E+00 0.106046326E+00 0.100907549E+00
 0.957572237E-01 0.905665085E-01 0.853096470E-01 0.799642354E-01 0.745116770E-01
 0.689378083E-01 0.632336289E-01 0.573959202E-01 0.514278673E-01 0.453395918E-01
 0.391485617E-01 0.328799151E-01 0.265667513E-01 0.202502888E-01 0.139798895E-01
 0.781278592E-02 0.181327586E-02-0.394884497E-02-0.940083619E-02-0.144706024E-01
-0.190911144E-01-0.232051872E-01-0.267698821E-01-0.297598280E-01-0.321688280E-01
-0.340094715E-01-0.353108682E-01-0.361149646E-01-0.364721678E-01-0.364369750E-01
-0.360642746E-01-0.354065709E-01-0.345122144E-01-0.334243812E-01-0.321806893E-01
-0.308130234E-01-0.293474868E-01-0.278040208E-01-0.261953846E-01-0.245247502E-01
-0.227804594E-01-0.209247973E-01-0.188690741E-01-0.164203830E-01-0.132967057E-01
-0.102562932E-01-0.782059785E-02-0.573653122E-02-0.389212207E-02-0.233505853E-02
-0.128525775E-02-0.442875171E-03 0.123808649E-02 0.349477236E-02 0.602995604E-02
 0.142683581E+00 0.141665503E+00 0.136820272E+00 0.130749211E+00 0.124891035E+00
 0.119217724E+00 0.113695718E+00 0.108289950E+00 0.102966674E+00 0.976948589E-01
 0.924466327E-01 0.871973708E-01 0.819257870E-01 0.766140521E-01 0.712480471E-01
 0.658177063E-01 0.603173710E-01 0.547461919E-01 0.491084941E-01 0.434140898E-01
 0.376785100E-01 0.319231600E-01 0.261753462E-01 0.204681661E-01 0.148401968E-01
 0.933490694E-02 0.399971893E-02-0.111536204E-02-0.595957506E-02-0.104836421E-01
-0.146422749E-01-0.183967184E-01-0.217170045E-01-0.245836508E-01-0.269885287E-01
-0.289348029E-01-0.304360110E-01-0.315144286E-01-0.321990512E-01-0.325234942E-01
-0.325241201E-01-0.322385244E-01-0.317044295E-01-0.309587903E-01-0.300370511E-01
-0.289726723E-01-0.277968943E-01-0.265386254E-01-0.252243187E-01-0.238775220E-01
-0.225177053E-01-0.211576726E-01-0.197994001E-01-0.184411388E-01-0.171535928E-01
-0.156600755E-01-0.141283236E-01-0.125233205E-01-0.107781747E-01-0.883937348E-02
-0.677778013E-02-0.398983434E-02-0.691599329E-03 0.276240148E-02 0.621578284E-02
 0.139501974E+00 0.138330385E+00 0.133439288E+00 0.127292335E+00 0.121362604E+00
 0.115626819E+00 0.110049352E+00 0.104596384E+00 0.992375463E-01 0.939461514E-01
 0.886989534E-01 0.834759697E-01 0.782603398E-01 0.730383471E-01 0.677995309E-01
 0.625368804E-01 0.572470762E-01 0.519306995E-01 0.465924628E-01 0.412413813E-01
 0.358908623E-01 0.305587500E-01 0.252672024E-01 0.200424884E-01 0.149145843E-01
 0.991659984E-02 0.508397119E-02 0.453429238E-03-0.393824838E-02-0.805565156E-02
-0.118662277E-01-0.153417243E-01-0.184594523E-01-0.212032162E-01-0.235638395E-01
-0.255392175E-01-0.271339305E-01-0.283585191E-01-0.292285793E-01-0.297638755E-01
-0.299876779E-01-0.299265310E-01-0.296104997E-01-0.290726162E-01-0.283475462E-01
-0.274708085E-01-0.264787581E-01-0.254093055E-01-0.243034847E-01-0.232083071E-01
-0.221820250E-01-0.213043392E-01-0.206970014E-01-0.205620714E-01-0.212237500E-01
-0.221911557E-01-0.221807882E-01-0.212942325E-01-0.196174253E-01-0.171365719E-01
-0.136015173E-01-0.876436196E-02-0.293107703E-02 0.226092478E-02 0.691616256E-02
 0.134963080E+00 0.133643419E+00 0.128520191E+00 0.122402288E+00 0.116568193E+00
 0.110934474E+00 0.105450310E+00 0.100080743E+00 0.947999135E-01 0.895871744E-01
 0.844253525E-01 0.792999044E-01 0.741987303E-01 0.691121146E-01 0.640329048E-01
 0.589566343E-01 0.538817681E-01 0.488098450E-01 0.437456369E-01 0.386972651E-01
 0.336762071E-01 0.286972746E-01 0.237784795E-01 0.189407803E-01 0.142077338E-01
 0.960500725E-02 0.515975757E-02 0.899888400E-03-0.314679742E-02-0.695350906E-02
-0.104953926E-01-0.137504004E-01-0.167000331E-01-0.193298869E-01-0.216299687E-01
-0.235947240E-01-0.252228305E-01-0.265167598E-01-0.274822377E-01-0.281277541E-01
-0.284645669E-01-0.285074357E-01-0.282808095E-01-0.278186016E-01-0.271574482E-01
-0.263350662E-01-0.253906175E-01-0.243660398E-01-0.233082119E-01-0.222721640E-01
-0.213258304E-01-0.205568708E-01-0.200815890E-01-0.200540368E-01-0.206705723E-01
-0.221270788E-01-0.228536278E-01-0.223597959E-01-0.207410753E-01-0.180275701E-01
-0.142398328E-01-0.914249290E-02-0.264792121E-02 0.376330176E-02 0.929365214E-02
 0.128143162E+00 0.126353815E+00 0.121597514E+00 0.115972400E+00 0.110533051E+00
 0.105198190E+00 0.999476388E-01 0.947705135E-01 0.896576270E-01 0.846000686E-01
 0.795891732E-01 0.746168047E-01 0.696757585E-01 0.647601113E-01 0.598655939E-01
 0.549898595E-01 0.501327366E-01 0.452964380E-01 0.404856727E-01 0.357077420E-01
 0.309725385E-01 0.262924992E-01 0.216824748E-01 0.171595104E-01 0.127425604E-01
 0.845210534E-02 0.430969335E-02 0.337410311E-03-0.344270025E-02-0.700924592E-02
-0.103420839E-01-0.134228747E-01-0.162355434E-01-0.187666174E-01-0.210054014E-01
-0.229439512E-01-0.245768409E-01-0.259006415E-01-0.269131996E-01-0.276118796E-01
-0.279935542E-01-0.280395951E-01-0.277700871E-01-0.272440128E-01-0.265058801E-01
-0.255944729E-01-0.245472919E-01-0.234031826E-01-0.222043544E-01-0.209982079E-01
-0.198391713E-01-0.187903456E-01-0.179244429E-01-0.173233543E-01-0.170770027E-01
-0.172913931E-01-0.177257322E-01-0.168788265E-01-0.149756065E-01-0.121378256E-01
-0.833014958E-02-0.364541239E-02 0.208566617E-02 0.857439358E-02 0.142280981E-01
 0.119986840E+00 0.117425740E+00 0.113319553E+00 0.108550116E+00 0.103627406E+00
 0.986587703E-01 0.936958715E-01 0.887617245E-01 0.838656574E-01 0.790099949E-01
 0.741934329E-01 0.694129691E-01 0.646650866E-01 0.599466376E-01 0.552553833E-01
 0.505904257E-01 0.459524952E-01 0.413441807E-01 0.367700420E-01 0.322366878E-01
 0.277527850E-01 0.233289953E-01 0.189778768E-01 0.147137046E-01 0.105522461E-01
 0.651047518E-02 0.260623358E-02-0.114214479E-02-0.471624639E-02-0.809799973E-02
-0.112700928E-01-0.142163523E-01-0.169220697E-01-0.193742383E-01-0.215616990E-01
-0.234751385E-01-0.251069963E-01-0.264507532E-01-0.275024474E-01-0.282484945E-01
-0.287241060E-01-0.286859442E-01-0.281509031E-01-0.273926724E-01-0.264320616E-01
-0.252930429E-01-0.240020305E-01-0.225877613E-01-0.210812688E-01-0.195157006E-01
-0.179256275E-01-0.163453724E-01-0.148053905E-01-0.133250672E-01-0.118981088E-01
-0.104611143E-01-0.883911084E-02-0.678447913E-02-0.416008011E-02-0.940335565E-03
 0.285458751E-02 0.717241643E-02 0.119056264E-01 0.168361291E-01 0.216622762E-01
 0.112738505E+00 0.109920859E+00 0.105689697E+00 0.101027548E+00 0.963155851E-01
 0.915841386E-01 0.868594944E-01 0.821585730E-01 0.774902552E-01 0.728578269E-01
 0.682611838E-01 0.636984557E-01 0.591672063E-01 0.546651855E-01 0.501909219E-01
 0.457440950E-01 0.413257852E-01 0.369386524E-01 0.325870290E-01 0.282769520E-01
 0.240161773E-01 0.198141113E-01 0.156817194E-01 0.116313985E-01 0.767680351E-02
 0.383263524E-02 0.114401322E-03-0.346186082E-02-0.687988242E-02-0.101234810E-01
-0.131768771E-01-0.160249975E-01-0.186537374E-01-0.210501757E-01-0.232028272E-01
-0.251013320E-01-0.267387107E-01-0.280999728E-01-0.292225927E-01-0.298760030E-01
-0.301127154E-01-0.299210381E-01-0.292929560E-01-0.282191932E-01-0.269429106E-01
-0.254758522E-01-0.238337349E-01-0.220351275E-01-0.201002583E-01-0.180498231E-01
-0.159034245E-01-0.136773158E-01-0.113810413E-01-0.901263393E-02-0.655255560E-02
-0.395855866E-02-0.116781704E-02 0.188674300E-02 0.525271799E-02 0.894436147E-02
 0.129410764E-01 0.171889365E-01 0.216014106E-01 0.260647573E-01 0.304563604E-01
 0.105207361E+00 0.102154680E+00 0.978709906E-01 0.932114869E-01 0.885896236E-01
 0.840126202E-01 0.794835761E-01 0.750026703E-01 0.705676079E-01 0.661744326E-01
 0.618184581E-01 0.574950464E-01 0.532001406E-01 0.489306450E-01 0.446846969E-01
 0.404618233E-01 0.362630226E-01 0.320908390E-01 0.279493611E-01 0.238442160E-01
 0.197825432E-01 0.157729127E-01 0.118252682E-01 0.795080233E-02 0.416185055E-02
 0.471744919E-03-0.310534798E-02-0.655461429E-02-0.986081455E-02-0.130085610E-01
-0.159825869E-01-0.187680069E-01-0.213506557E-01-0.237168670E-01-0.258560497E-01
-0.277489163E-01-0.294292606E-01-0.306602288E-01-0.315054134E-01-0.319586247E-01
-0.320159271E-01-0.316676274E-01-0.309025832E-01-0.297081117E-01-0.280665290E-01
-0.262075532E-01-0.241413880E-01-0.218802635E-01-0.194375943E-01-0.168267265E-01
-0.140596954E-01-0.111458460E-01-0.809030607E-02-0.489249965E-02-0.154524064E-02
 0.196459121E-02 0.565279042E-02 0.953186769E-02 0.136040309E-01 0.178555809E-01
 0.222541075E-01 0.267484989E-01 0.312715471E-01 0.357453674E-01 0.400893576E-01
 0.971534550E-01 0.938735530E-01 0.894497558E-01 0.847793892E-01 0.802435726E-01
 0.758266225E-01 0.715096518E-01 0.672736540E-01 0.631013885E-01 0.589781851E-01
 0.548921525E-01 0.508340411E-01 0.467970334E-01 0.427764952E-01 0.387697853E-01
 0.347760990E-01 0.307963267E-01 0.268329661E-01 0.228900313E-01 0.189729743E-01
 0.150886243E-01 0.112451008E-01 0.745174661E-02 0.371904927E-02 0.585721318E-04
-0.351711153E-02-0.699447840E-02-0.103591299E-01-0.135959191E-01-0.166892465E-01
-0.196234882E-01-0.223828051E-01-0.249538217E-01-0.273132008E-01-0.294924304E-01
-0.312428866E-01-0.326381251E-01-0.336725637E-01-0.343405381E-01-0.346289538E-01
-0.345230214E-01-0.340080932E-01-0.330708064E-01-0.316985846E-01-0.298768282E-01
-0.275824573E-01-0.250404011E-01-0.222611111E-01-0.192557666E-01-0.160346031E-01
-0.126068676E-01-0.898051448E-02-0.516203046E-02-0.115649414E-02 0.303184218E-02
 0.739820208E-02 0.119350450E-01 0.166291483E-01 0.214585513E-01 0.263900980E-01
 0.313782282E-01 0.363654010E-01 0.412842929E-01 0.460617281E-01 0.506238230E-01
 0.880919620E-01 0.845527574E-01 0.800091326E-01 0.753915384E-01 0.710289180E-01
 0.668660402E-01 0.628504381E-01 0.589381754E-01 0.550952703E-01 0.512965880E-01
 0.475240648E-01 0.437650792E-01 0.400111713E-01 0.362571031E-01 0.325002186E-01
 0.287399814E-01 0.249776598E-01 0.212161187E-01 0.174596608E-01 0.137139140E-01
 0.998573471E-02 0.628312398E-02 0.261515565E-02-0.100808532E-02-0.457553472E-02
-0.807511900E-02-0.114936689E-01-0.148167005E-01-0.180281047E-01-0.211105421E-01
-0.240487922E-01-0.268163886E-01-0.294443462E-01-0.316702724E-01-0.335807465E-01
-0.351713784E-01-0.364341550E-01-0.373503268E-01-0.378972739E-01-0.380513817E-01
-0.377905406E-01-0.370958410E-01-0.359523930E-01-0.343490690E-01-0.322764143E-01
-0.297215208E-01-0.266572610E-01-0.233117305E-01-0.196985565E-01-0.158263352E-01
-0.117024211E-01-0.733415782E-02-0.272941031E-02 0.210283976E-02 0.715154409E-02
 0.124021750E-01 0.178348720E-01 0.234223120E-01 0.291275680E-01 0.349023789E-01
 0.406862646E-01 0.464069173E-01 0.519822538E-01 0.573242828E-01 0.623446181E-01
 0.773640871E-01 0.734764338E-01 0.689781010E-01 0.646346807E-01 0.606925674E-01
 0.570054539E-01 0.534689501E-01 0.500154197E-01 0.466017239E-01 0.432003029E-01
 0.397935547E-01 0.363704599E-01 0.329244658E-01 0.294522382E-01 0.259528309E-01
 0.224271864E-01 0.188778099E-01 0.153085627E-01 0.117245223E-01 0.813189056E-02
 0.453790836E-02 0.950773247E-03-0.262044952E-02-0.616592309E-02-0.967511535E-02
-0.131368143E-01-0.165388975E-01-0.198675804E-01-0.231047049E-01-0.262189638E-01
-0.292425137E-01-0.318949595E-01-0.342810191E-01-0.364007466E-01-0.382465273E-01
-0.397957414E-01-0.410186574E-01-0.418819301E-01-0.423517227E-01-0.423960872E-01
-0.419868603E-01-0.411010906E-01-0.397220217E-01-0.378393047E-01-0.354480110E-01
-0.325453505E-01-0.291232206E-01-0.251530390E-01-0.208922159E-01-0.163339879E-01
-0.114797298E-01-0.633447478E-02-0.905488792E-03 0.479759369E-02 0.107618757E-01
 0.169696920E-01 0.233965982E-01 0.300089456E-01 0.367612168E-01 0.435933731E-01
 0.504286811E-01 0.571727045E-01 0.637144670E-01 0.699307621E-01 0.756942034E-01
 0.638851970E-01 0.593489558E-01 0.553759299E-01 0.520914197E-01 0.491517708E-01
 0.463172980E-01 0.434995964E-01 0.406586416E-01 0.377740972E-01 0.348352119E-01
 0.318365134E-01 0.287757553E-01 0.256528277E-01 0.224691462E-01 0.192273203E-01
 0.159309655E-01 0.125846043E-01 0.919362810E-02 0.576428650E-02 0.230368902E-02
-0.118020724E-02-0.467865076E-02-0.818222202E-02-0.116810296E-01-0.151650300E-01
-0.186246112E-01-0.220512617E-01-0.254415404E-01-0.288046040E-01-0.318251960E-01
-0.346315801E-01-0.372328982E-01-0.396266729E-01-0.417906418E-01-0.436915495E-01
-0.452892594E-01-0.465403944E-01-0.474011265E-01-0.478293709E-01-0.477865748E-01
-0.472392030E-01-0.461600125E-01-0.445290878E-01-0.423344262E-01-0.395715348E-01
-0.362406224E-01-0.323384367E-01-0.278381202E-01-0.229429733E-01-0.176840927E-01
-0.120725594E-01-0.611603539E-02 0.178814575E-03 0.680471491E-02 0.137521103E-01
 0.210071858E-01 0.285493676E-01 0.363481119E-01 0.443587974E-01 0.525176860E-01
 0.607360378E-01 0.688941702E-01 0.768374428E-01 0.843779743E-01 0.913067386E-01
 0.468560420E-01 0.407836325E-01 0.393164828E-01 0.385023840E-01 0.370941907E-01
 0.353493765E-01 0.333699994E-01 0.312058795E-01 0.288855005E-01 0.264272150E-01
 0.238440502E-01 0.211460479E-01 0.183415283E-01 0.154378274E-01 0.124417720E-01
 0.936000608E-02 0.619923417E-02 0.296643772E-02-0.330939656E-03-0.368480827E-02
-0.708627468E-02-0.105255665E-01-0.139921941E-01-0.174751766E-01-0.209626816E-01
-0.244446266E-01-0.279020425E-01-0.313123502E-01-0.345029347E-01-0.375275947E-01
-0.404074490E-01-0.431313291E-01-0.456696525E-01-0.479808263E-01-0.500162952E-01
-0.517241359E-01-0.530517884E-01-0.539481305E-01-0.543650836E-01-0.542589463E-01
-0.535915531E-01-0.523314290E-01-0.504549406E-01-0.479475111E-01-0.448046625E-01
-0.410322212E-01-0.366441421E-01-0.316543430E-01-0.260552242E-01-0.200455226E-01
-0.136380857E-01-0.683623506E-02 0.359648810E-03 0.795040093E-02 0.159365442E-01
 0.243166070E-01 0.330847912E-01 0.422275886E-01 0.517187119E-01 0.615115538E-01
 0.715278015E-01 0.816407204E-01 0.916523039E-01 0.101270206E+00 0.110109687E+00
 0.340754613E-01 0.274399426E-01 0.263010506E-01 0.264037251E-01 0.259179678E-01
 0.249736235E-01 0.236732643E-01 0.220874008E-01 0.202641673E-01 0.182371810E-01
 0.160307381E-01 0.136630842E-01 0.111484854E-01 0.849857181E-02 0.572324125E-02
 0.283128629E-02-0.169139254E-03-0.327013293E-02-0.646368181E-02-0.974125136E-02
-0.130932480E-01-0.165084116E-01-0.199739933E-01-0.234795120E-01-0.270018354E-01
-0.305680186E-01-0.339481421E-01-0.372547805E-01-0.405004099E-01-0.436767265E-01
-0.467580855E-01-0.497044660E-01-0.524658002E-01-0.549857467E-01-0.572048426E-01
-0.590629429E-01-0.605011024E-01-0.614630356E-01-0.618962497E-01-0.617530234E-01
-0.609913096E-01-0.595756583E-01-0.574783124E-01-0.546806045E-01-0.511746891E-01
-0.469654799E-01-0.420718826E-01-0.365244932E-01-0.303525310E-01-0.235427618E-01
-0.163142458E-01-0.865332317E-02-0.547487696E-03 0.801723357E-02 0.170570966E-01
 0.265906546E-01 0.366380140E-01 0.472191460E-01 0.583507121E-01 0.700402707E-01
 0.822756514E-01 0.950047448E-01 0.108093135E+00 0.121215358E+00 0.133572891E+00
 0.238566697E-01 0.168635324E-01 0.160103757E-01 0.163523611E-01 0.162290521E-01
 0.157000627E-01 0.148186823E-01 0.136319650E-01 0.121785104E-01 0.104889832E-01
 0.858755689E-02 0.649341056E-02 0.422199816E-02 0.178602664E-02-0.803806528E-03
-0.353825884E-02-0.640911656E-02-0.940885581E-02-0.125303511E-01-0.157664847E-01
-0.191090852E-01-0.225446075E-01-0.260448717E-01-0.296514127E-01-0.330899507E-01
-0.365123935E-01-0.399494246E-01-0.434109643E-01-0.468799733E-01-0.503207743E-01
-0.536845587E-01-0.569135249E-01-0.599442720E-01-0.627105385E-01-0.651453882E-01
-0.671828464E-01-0.687592030E-01-0.698141158E-01-0.702914596E-01-0.701401979E-01
-0.693150759E-01-0.677773580E-01-0.654956400E-01-0.624469109E-01-0.586180277E-01
-0.540079437E-01-0.486302599E-01-0.425145924E-01-0.357010812E-01-0.282134190E-01
-0.201968104E-01-0.117065338E-01-0.272540795E-02 0.677048042E-02 0.168129224E-01
 0.274427757E-01 0.387113392E-01 0.506819375E-01 0.634318590E-01 0.770546645E-01
 0.916630551E-01 0.107392915E+00 0.124409676E+00 0.142905056E+00 0.161946028E+00
 0.159980617E-01 0.879623368E-02 0.759793771E-02 0.794746261E-02 0.793893263E-02
 0.759204710E-02 0.693270704E-02 0.598676642E-02 0.477786083E-02 0.332666631E-02
 0.165091432E-02-0.234295279E-03-0.231610704E-02-0.458355062E-02-0.702723395E-02
-0.963907875E-02-0.124120889E-01-0.153402174E-01-0.184186343E-01-0.216454100E-01
-0.250288434E-01-0.285850726E-01-0.319704451E-01-0.353713520E-01-0.388392918E-01
-0.424065255E-01-0.460743830E-01-0.498212241E-01-0.536070801E-01-0.573784634E-01
-0.610726438E-01-0.646210983E-01-0.679522157E-01-0.709932446E-01-0.736718550E-01
-0.759173259E-01-0.776615366E-01-0.788400322E-01-0.793929398E-01-0.792659298E-01
-0.784110129E-01-0.767872334E-01-0.743611455E-01-0.711073279E-01-0.670091733E-01
-0.620603934E-01-0.562679693E-01-0.496562645E-01-0.422703736E-01-0.341705158E-01
-0.253936350E-01-0.161181893E-01-0.632867264E-02 0.400475459E-02 0.149253951E-01
 0.264919922E-01 0.387817882E-01 0.518951751E-01 0.659625605E-01 0.811544359E-01
 0.976965353E-01 0.115893893E+00 0.136173308E+00 0.159171075E+00 0.183583558E+00
 0.933518726E-02 0.194988516E-02 0.573306112E-03 0.847094750E-03 0.832028512E-03
 0.538894732E-03-0.192530515E-04-0.831787300E-03-0.188897981E-02-0.318127614E-02
-0.469921576E-02-0.643361732E-02-0.837582350E-02-0.105179260E-01-0.128529584E-01
-0.153749697E-01-0.180787742E-01-0.209590960E-01-0.240072235E-01-0.272013210E-01
-0.305741038E-01-0.338934660E-01-0.372723266E-01-0.407847501E-01-0.444628373E-01
-0.483091176E-01-0.523020141E-01-0.564010888E-01-0.605517626E-01-0.646895096E-01
-0.687433034E-01-0.726382807E-01-0.762975737E-01-0.796436816E-01-0.825994611E-01
-0.850891173E-01-0.870392099E-01-0.883799121E-01-0.890463740E-01-0.889801458E-01
-0.881303847E-01-0.864547566E-01-0.839198604E-01-0.805011317E-01-0.761825442E-01
-0.709568039E-01-0.648269057E-01-0.578101911E-01-0.499450006E-01-0.412966423E-01
-0.319483802E-01-0.219335482E-01-0.114213685E-01-0.381930236E-03 0.112335142E-01
 0.234919153E-01 0.364815108E-01 0.503176935E-01 0.651517138E-01 0.811831132E-01
 0.986770168E-01 0.117986739E+00 0.139579013E+00 0.164048627E+00 0.190711394E+00
 0.339248567E-02-0.419500982E-02-0.531162182E-02-0.520122750E-02-0.531282136E-02
-0.562110962E-02-0.613653427E-02-0.687041739E-02-0.782894809E-02-0.901353080E-02
-0.104222018E-01-0.120509192E-01-0.138945710E-01-0.159478243E-01-0.182060506E-01
-0.206664503E-01-0.233288724E-01-0.262003206E-01-0.293008983E-01-0.323319696E-01
-0.354646184E-01-0.387596674E-01-0.422628112E-01-0.459987000E-01-0.499685369E-01
-0.541518703E-01-0.585098788E-01-0.629893541E-01-0.675265491E-01-0.720505044E-01
-0.764855593E-01-0.807530209E-01-0.847722441E-01-0.884613171E-01-0.917377323E-01
-0.945192054E-01-0.967249870E-01-0.982775167E-01-0.991045982E-01-0.991416499E-01
-0.983338282E-01-0.966375545E-01-0.940211862E-01-0.904645249E-01-0.859573632E-01
-0.804977193E-01-0.740910098E-01-0.667517483E-01-0.585093722E-01-0.494183600E-01
-0.395670235E-01-0.290618017E-01-0.179124717E-01-0.631815987E-02 0.578006078E-02
 0.184477009E-01 0.317651071E-01 0.458342507E-01 0.607863665E-01 0.767922029E-01
 0.940769389E-01 0.112943135E+00 0.133807391E+00 0.157254711E+00 0.182827652E+00
-0.417725329E-03-0.776468171E-02-0.102139581E-01-0.106095793E-01-0.108031053E-01
-0.110816555E-01-0.115303434E-01-0.121844951E-01-0.130599160E-01-0.141627816E-01
-0.154938977E-01-0.170508604E-01-0.188292433E-01-0.208232440E-01-0.230267681E-01
-0.254376289E-01-0.280449931E-01-0.308433715E-01-0.336650610E-01-0.366166048E-01
-0.397812985E-01-0.432107449E-01-0.469316505E-01-0.509480648E-01-0.552431904E-01
-0.597820692E-01-0.645150691E-01-0.693814829E-01-0.743127614E-01-0.792349502E-01
-0.840702057E-01-0.887375399E-01-0.931531265E-01-0.972303525E-01-0.100880161E+00
-0.104011878E+00-0.106534757E+00-0.108360305E+00-0.109405465E+00-0.109596193E+00
-0.108871058E+00-0.107184082E+00-0.104506180E+00-0.100824594E+00-0.961403400E-01
-0.904641747E-01-0.838126466E-01-0.762061030E-01-0.676710308E-01-0.582483746E-01
-0.480070896E-01-0.370524563E-01-0.254874025E-01-0.135292755E-01-0.115957449E-02
 0.116576999E-01 0.249723811E-01 0.388480537E-01 0.533629619E-01 0.686116442E-01
 0.847074315E-01 0.101786993E+00 0.120022833E+00 0.139679670E+00 0.160740376E+00
-0.728315627E-02-0.153834093E-01-0.166111272E-01-0.160693564E-01-0.158667844E-01
-0.159233585E-01-0.162255745E-01-0.167734157E-01-0.175673906E-01-0.186061952E-01
-0.198866613E-01-0.214042272E-01-0.231530722E-01-0.251232050E-01-0.272925086E-01
-0.297025405E-01-0.320929103E-01-0.346121192E-01-0.373288877E-01-0.403053835E-01
-0.435904488E-01-0.472143218E-01-0.511869192E-01-0.554980785E-01-0.601193793E-01
-0.650071502E-01-0.701059029E-01-0.753516480E-01-0.806743875E-01-0.859997347E-01
-0.912494659E-01-0.963414460E-01-0.101189055E+00-0.105700739E+00-0.109779947E+00
-0.113325842E+00-0.116234973E+00-0.118404210E+00-0.119734883E+00-0.120138466E+00
-0.119542561E+00-0.117896095E+00-0.115172312E+00-0.111368395E+00-0.106501646E+00
-0.100603133E+00-0.937102288E-01-0.858603865E-01-0.770892352E-01-0.674356520E-01
-0.569556914E-01-0.457432941E-01-0.339413844E-01-0.216809809E-01-0.915389322E-02
 0.365176471E-02 0.167560428E-01 0.301814750E-01 0.439482182E-01 0.580673851E-01
 0.725294724E-01 0.872822180E-01 0.102184400E+00 0.116904631E+00 0.130753785E+00
-0.123466747E-01-0.207327027E-01-0.214271061E-01-0.205449704E-01-0.200619996E-01
-0.199209396E-01-0.200901311E-01-0.205500945E-01-0.212879833E-01-0.222937185E-01
-0.235581361E-01-0.250739455E-01-0.268441793E-01-0.288823415E-01-0.308594704E-01
-0.329257175E-01-0.351460204E-01-0.375922732E-01-0.403258093E-01-0.433964096E-01
-0.468392521E-01-0.506720431E-01-0.548936725E-01-0.594848394E-01-0.644101873E-01
-0.696215481E-01-0.750612766E-01-0.806651413E-01-0.863641649E-01-0.920854658E-01
-0.977519676E-01-0.103281498E+00-0.108585589E+00-0.113568380E+00-0.118126191E+00
-0.122147724E+00-0.125515416E+00-0.128107339E+00-0.129801646E+00-0.130486056E+00
-0.130069524E+00-0.128492400E+00-0.125731587E+00-0.121798605E+00-0.116732106E+00
-0.110589713E+00-0.103437558E+00-0.953396186E-01-0.863510817E-01-0.765190870E-01
-0.658934787E-01-0.545485504E-01-0.426098816E-01-0.302582011E-01-0.176110025E-01
-0.488429610E-02 0.793240126E-02 0.208363403E-01 0.338102393E-01 0.468162037E-01
 0.597851910E-01 0.726014152E-01 0.850821510E-01 0.969593972E-01 0.107882902E+00
-0.149156144E-01-0.233641453E-01-0.245026164E-01-0.235951636E-01-0.230439063E-01
-0.228398740E-01-0.229648426E-01-0.234029591E-01-0.241409969E-01-0.251659341E-01
-0.264587887E-01-0.279799923E-01-0.297371484E-01-0.314705446E-01-0.332693309E-01
-0.352183059E-01-0.373896733E-01-0.398482494E-01-0.426495187E-01-0.458367728E-01
-0.494380444E-01-0.534638651E-01-0.579066426E-01-0.627418905E-01-0.679308474E-01
-0.734238476E-01-0.791636035E-01-0.850876197E-01-0.911296085E-01-0.972195938E-01
-0.103283018E+00-0.109239250E+00-0.114999928E+00-0.120467752E+00-0.125536069E+00
-0.130087554E+00-0.133988500E+00-0.137089342E+00-0.139233261E+00-0.140271947E+00
-0.140084997E+00-0.138597772E+00-0.135791525E+00-0.131701306E+00-0.126401782E+00
-0.119986713E+00-0.112552583E+00-0.104192756E+00-0.949872211E-01-0.849980116E-01
-0.742755309E-01-0.628770143E-01-0.508951060E-01-0.384837016E-01-0.258313604E-01
-0.132273333E-01-0.696666539E-03 0.117354384E-01 0.240336414E-01 0.361455753E-01
 0.479956456E-01 0.594793707E-01 0.704597607E-01 0.807689130E-01 0.902185962E-01
-0.165333617E-01-0.250519961E-01-0.261434130E-01-0.252712760E-01-0.247601401E-01
-0.245958548E-01-0.247636400E-01-0.252531469E-01-0.260609668E-01-0.271934140E-01
-0.286717173E-01-0.300970133E-01-0.315684862E-01-0.331254639E-01-0.348240808E-01
-0.367272124E-01-0.388978831E-01-0.413951799E-01-0.442702472E-01-0.475623049E-01
-0.512952469E-01-0.554756075E-01-0.600923635E-01-0.651186034E-01-0.705144629E-01
-0.762306303E-01-0.822114795E-01-0.883972868E-01-0.947251990E-01-0.101128951E+00
-0.107537642E+00-0.113873959E+00-0.120052800E+00-0.125981063E+00-0.131556213E+00
-0.136654601E+00-0.141123101E+00-0.144780412E+00-0.147428751E+00-0.148875713E+00
-0.148962587E+00-0.147591934E+00-0.144745260E+00-0.140482977E+00-0.134924471E+00
-0.128215253E+00-0.120494887E+00-0.111881234E+00-0.102474988E+00-0.923542529E-01
-0.815752298E-01-0.701871142E-01-0.582598820E-01-0.459193848E-01-0.333672315E-01
-0.208090246E-01-0.848884042E-02 0.358070713E-02 0.153702451E-01 0.268349852E-01
 0.379142053E-01 0.485309511E-01 0.585932881E-01 0.679982081E-01 0.766388848E-01
-0.168556366E-01-0.253926218E-01-0.263459496E-01-0.255873278E-01-0.252159070E-01
-0.251819696E-01-0.254605953E-01-0.260410756E-01-0.269221570E-01-0.281084925E-01
-0.295829084E-01-0.309865605E-01-0.324098207E-01-0.339254551E-01-0.356006697E-01
-0.375006832E-01-0.396884456E-01-0.422221795E-01-0.451518260E-01-0.485151298E-01
-0.523343757E-01-0.566145480E-01-0.613434352E-01-0.664935261E-01-0.720251873E-01
-0.778902546E-01-0.840350613E-01-0.904026106E-01-0.969333127E-01-0.103564538E+00
-0.110229284E+00-0.116854601E+00-0.123361044E+00-0.129664034E+00-0.135665536E+00
-0.141236916E+00-0.146209359E+00-0.150374427E+00-0.153497711E+00-0.155345455E+00
-0.155720398E+00-0.154498592E+00-0.151655510E+00-0.147270367E+00-0.141502947E+00
-0.134549811E+00-0.126598045E+00-0.117796049E+00-0.108255245E+00-0.980640799E-01
-0.872844234E-01-0.759614632E-01-0.641480014E-01-0.519384854E-01-0.394995436E-01
-0.270496085E-01-0.149132265E-01-0.312067778E-02 0.829967018E-02 0.193126388E-01
 0.298740622E-01 0.399308614E-01 0.494227707E-01 0.582855567E-01 0.664555579E-01
-0.150334602E-01-0.233853087E-01-0.248836782E-01-0.245240740E-01-0.244841818E-01
-0.246919282E-01-0.251395684E-01-0.258370843E-01-0.267977137E-01-0.280343033E-01
-0.295538865E-01-0.309859775E-01-0.324289538E-01-0.339600444E-01-0.356490500E-01
-0.375629626E-01-0.397660248E-01-0.423174873E-01-0.452681072E-01-0.486563146E-01
-0.525049679E-01-0.568195805E-01-0.615885034E-01-0.667849034E-01-0.723700449E-01
-0.782968923E-01-0.845132843E-01-0.909640118E-01-0.975916162E-01-0.104335919E+00
-0.111132719E+00-0.117912449E+00-0.124600194E+00-0.131117523E+00-0.137370035E+00
-0.143228397E+00-0.148517132E+00-0.153014258E+00-0.156465143E+00-0.158611357E+00
-0.159230664E+00-0.158178851E+00-0.155421853E+00-0.151044741E+00-0.145228729E+00
-0.138201639E+00-0.130182490E+00-0.121343799E+00-0.111805841E+00-0.101660624E+00
-0.909740925E-01-0.797910988E-01-0.681565925E-01-0.561484098E-01-0.439132750E-01
-0.316769071E-01-0.196449496E-01-0.804916024E-02 0.310621760E-02 0.138034141E-01
 0.240146238E-01 0.337045863E-01 0.428331532E-01 0.513582081E-01 0.592389777E-01
-0.113060279E-01-0.189543013E-01-0.218337588E-01-0.225414056E-01-0.229478162E-01
-0.233953092E-01-0.239875112E-01-0.247752815E-01-0.257922020E-01-0.270684399E-01
-0.286427755E-01-0.301338416E-01-0.316529721E-01-0.332480036E-01-0.349815153E-01
-0.369208418E-01-0.391323790E-01-0.416779444E-01-0.446110182E-01-0.479728281E-01
-0.517889708E-01-0.560675152E-01-0.607990138E-01-0.659584105E-01-0.715082586E-01
-0.774023980E-01-0.835892260E-01-0.900139362E-01-0.966194496E-01-0.103346080E+00
-0.110130228E+00-0.116902962E+00-0.123589650E+00-0.130111843E+00-0.136377126E+00
-0.142260015E+00-0.147589952E+00-0.152150065E+00-0.155689672E+00-0.157952055E+00
-0.158713579E+00-0.157825589E+00-0.155247226E+00-0.151056081E+00-0.145427406E+00
-0.138586357E+00-0.130753130E+00-0.122103930E+00-0.112762317E+00-0.102822229E+00
-0.923524946E-01-0.813996792E-01-0.700067729E-01-0.582435243E-01-0.462409556E-01
-0.342076868E-01-0.223601460E-01-0.109686637E-01-0.372530158E-04 0.104210591E-01
 0.203854851E-01 0.298292544E-01 0.387217477E-01 0.470309593E-01 0.547261760E-01
-0.108685037E-01-0.188841932E-01-0.207152292E-01-0.208467189E-01-0.211415216E-01
-0.215806998E-01-0.221834704E-01-0.229721926E-01-0.239636526E-01-0.251666997E-01
-0.265776776E-01-0.281668622E-01-0.299689379E-01-0.317389406E-01-0.335747227E-01
-0.355658494E-01-0.377886072E-01-0.403111801E-01-0.431926250E-01-0.464795753E-01
-0.502028950E-01-0.543755181E-01-0.589921437E-01-0.640308335E-01-0.694560930E-01
-0.752225593E-01-0.812784508E-01-0.875680745E-01-0.940330401E-01-0.100612178E+00
-0.107240386E+00-0.113846913E+00-0.120354064E+00-0.126677528E+00-0.132723704E+00
-0.138373762E+00-0.143471897E+00-0.147823274E+00-0.151204377E+00-0.153386354E+00
-0.154168814E+00-0.153416261E+00-0.151086450E+00-0.147239193E+00-0.142018870E+00
-0.135615200E+00-0.128217980E+00-0.119984329E+00-0.111032195E+00-0.101456583E+00
-0.913277641E-01-0.806952193E-01-0.696054399E-01-0.581302382E-01-0.463991687E-01
-0.346155092E-01-0.229947902E-01-0.118164513E-01-0.108524365E-02 0.918583758E-02
 0.189765152E-01 0.282606855E-01 0.370083302E-01 0.451878421E-01 0.527686737E-01
-0.912891794E-02-0.171044525E-01-0.188306700E-01-0.187529828E-01-0.188892540E-01
-0.192324948E-01-0.197777301E-01-0.205256473E-01-0.214787722E-01-0.226390027E-01
-0.240067076E-01-0.255823359E-01-0.273755211E-01-0.294010192E-01-0.313866325E-01
-0.334739238E-01-0.357313603E-01-0.382314175E-01-0.410412811E-01-0.442161486E-01
-0.477952324E-01-0.517991744E-01-0.562293157E-01-0.610688552E-01-0.662856251E-01
-0.718357489E-01-0.776672587E-01-0.837230086E-01-0.899423286E-01-0.962614343E-01
-0.102612600E+00-0.108922556E+00-0.115110576E+00-0.121087097E+00-0.126753330E+00
-0.131996885E+00-0.136681214E+00-0.140642941E+00-0.143699110E+00-0.145664707E+00
-0.146377876E+00-0.145727158E+00-0.143672019E+00-0.140248761E+00-0.135557696E+00
-0.129735574E+00-0.122924216E+00-0.115248814E+00-0.106816515E+00-0.977170169E-01
-0.880178288E-01-0.777707249E-01-0.670294091E-01-0.558762662E-01-0.444515459E-01
-0.329622962E-01-0.216061510E-01-0.106466599E-01-0.915267519E-04 0.100426348E-01
 0.197307300E-01 0.289403461E-01 0.376335979E-01 0.457696877E-01 0.533081815E-01
-0.691758608E-02-0.148410723E-01-0.160884913E-01-0.158937424E-01-0.159429051E-01
-0.162200928E-01-0.167179480E-01-0.174306519E-01-0.183541682E-01-0.194857959E-01
-0.208236706E-01-0.223664902E-01-0.241130944E-01-0.260590781E-01-0.281895772E-01
-0.305461176E-01-0.329266898E-01-0.354423225E-01-0.381881557E-01-0.412357524E-01
-0.446373820E-01-0.484249704E-01-0.526097007E-01-0.571827963E-01-0.621178895E-01
-0.673744678E-01-0.729016513E-01-0.786414668E-01-0.845312029E-01-0.905044153E-01
-0.964908749E-01-0.102415435E+00-0.108196452E+00-0.113744110E+00-0.118959136E+00
-0.123732179E+00-0.127943635E+00-0.131461024E+00-0.134142488E+00-0.135847911E+00
-0.136455208E+00-0.135877714E+00-0.134077042E+00-0.131066531E+00-0.126903459E+00
-0.121672742E+00-0.115469337E+00-0.108388990E+00-0.100520909E+00-0.919399783E-01
-0.827058926E-01-0.728712529E-01-0.624991097E-01-0.516878851E-01-0.405957326E-01
-0.294356924E-01-0.183671266E-01-0.762032624E-02 0.279689906E-02 0.128626740E-01
 0.225428902E-01 0.317922235E-01 0.405556522E-01 0.487713143E-01 0.563751496E-01
-0.316549418E-02-0.109280376E-01-0.124312947E-01-0.121908123E-01-0.122066978E-01
-0.124673322E-01-0.129578551E-01-0.136667499E-01-0.145860771E-01-0.157107618E-01
-0.170378014E-01-0.185657311E-01-0.202944186E-01-0.222253464E-01-0.243635122E-01
-0.267241616E-01-0.293293465E-01-0.319144689E-01-0.346409492E-01-0.375819206E-01
-0.408048369E-01-0.443552993E-01-0.482578762E-01-0.525156409E-01-0.571118072E-01
-0.620127358E-01-0.671715587E-01-0.725317895E-01-0.780302808E-01-0.835991502E-01
-0.891666114E-01-0.946568102E-01-0.999890119E-01-0.105076559E+00-0.109825991E+00
-0.114136860E+00-0.117902428E+00-0.121011667E+00-0.123353571E+00-0.124823011E+00
-0.125328928E+00-0.124803767E+00-0.123210564E+00-0.120545119E+00-0.116832480E+00
-0.112120621E+00-0.106471680E+00-0.999524146E-01-0.926263779E-01-0.845496580E-01
-0.757724941E-01-0.663485602E-01-0.563515015E-01-0.458958298E-01-0.351469629E-01
-0.242761914E-01-0.135551980E-01-0.301257055E-02 0.732522178E-02 0.174244735E-01
 0.272386633E-01 0.367045812E-01 0.457401797E-01 0.542456955E-01 0.621099733E-01
 0.126474374E-02-0.632677227E-02-0.777074508E-02-0.754963513E-02-0.762139028E-02
-0.794334617E-02-0.848687347E-02-0.923670828E-02-0.101850135E-01-0.113277761E-01
-0.126629919E-01-0.141898328E-01-0.159083158E-01-0.178192295E-01-0.199240986E-01
-0.222246200E-01-0.247193109E-01-0.273964927E-01-0.303023346E-01-0.332349725E-01
-0.363414995E-01-0.396822877E-01-0.433038399E-01-0.472268835E-01-0.514499098E-01
-0.559518449E-01-0.606950335E-01-0.656287819E-01-0.706928745E-01-0.758204609E-01
-0.809400231E-01-0.859763101E-01-0.908505917E-01-0.954804644E-01-0.997796431E-01
-0.103658184E+00-0.107023440E+00-0.109782033E+00-0.111843094E+00-0.113122448E+00
-0.113547623E+00-0.113062717E+00-0.111632153E+00-0.109242126E+00-0.105899245E+00
-0.101626791E+00-0.964591578E-01-0.904359967E-01-0.835978016E-01-0.759848878E-01
-0.676416233E-01-0.586268231E-01-0.490297303E-01-0.389843769E-01-0.286578871E-01
-0.181522872E-01-0.769167487E-02 0.272500003E-02 0.130857546E-01 0.233649164E-01
 0.335180908E-01 0.434736498E-01 0.531214587E-01 0.623026788E-01 0.708118156E-01
 0.675184885E-02-0.579029671E-03-0.180335890E-02-0.187781558E-02-0.220101932E-02
-0.269544520E-02-0.335595245E-02-0.418657437E-02-0.519121066E-02-0.637248205E-02
-0.773192430E-02-0.927035511E-02-0.109881833E-01-0.128856273E-01-0.149627868E-01
-0.172195416E-01-0.196553040E-01-0.222693998E-01-0.250642337E-01-0.280336328E-01
-0.312160831E-01-0.344472453E-01-0.378513150E-01-0.414678007E-01-0.453181453E-01
-0.494031645E-01-0.537028462E-01-0.581789725E-01-0.627794862E-01-0.674425364E-01
-0.720997006E-01-0.766782090E-01-0.811022893E-01-0.852939412E-01-0.891733840E-01
-0.926596671E-01-0.956715941E-01-0.981292352E-01-0.999561399E-01-0.101082020E+00
-0.101445757E+00-0.100998186E+00-0.997041017E-01-0.975430012E-01-0.945082754E-01
-0.906050056E-01-0.858470351E-01-0.802540928E-01-0.738506913E-01-0.666679814E-01
-0.587499030E-01-0.501637571E-01-0.410110503E-01-0.314233452E-01-0.215020329E-01
-0.114469295E-01-0.126039784E-02 0.906103291E-02 0.195208490E-01 0.301176086E-01
 0.408378839E-01 0.516434461E-01 0.624448955E-01 0.730441064E-01 0.830389187E-01
 0.142833842E-01 0.757005950E-02 0.514389528E-02 0.436975667E-02 0.374487694E-02
 0.308113126E-02 0.230909954E-02 0.139785057E-02 0.332107127E-03-0.895811128E-03
-0.228951965E-02-0.385036808E-02-0.557844480E-02-0.747316564E-02-0.953361578E-02
-0.117587512E-01-0.141475536E-01-0.166992620E-01-0.194136743E-01-0.222907271E-01
-0.253323764E-01-0.285325013E-01-0.319184214E-01-0.353384204E-01-0.388692580E-01
-0.425575487E-01-0.464153104E-01-0.504244380E-01-0.545474626E-01-0.587328933E-01
-0.629197508E-01-0.670408383E-01-0.710250884E-01-0.747993290E-01-0.782895014E-01
-0.814216360E-01-0.841228962E-01-0.863227472E-01-0.879543945E-01-0.889564976E-01
-0.892748609E-01-0.888639465E-01-0.876879916E-01-0.857213661E-01-0.829482302E-01
-0.793615505E-01-0.749621019E-01-0.697580948E-01-0.637664199E-01-0.570166446E-01
-0.495575517E-01-0.414642058E-01-0.328348838E-01-0.237510372E-01-0.144076375E-01
-0.479525607E-02 0.510327704E-02 0.153138256E-01 0.258711930E-01 0.368195064E-01
 0.482131094E-01 0.601187125E-01 0.726223439E-01 0.858617872E-01 0.998135284E-01
 0.194033720E-01 0.126307579E-01 0.107914172E-01 0.104070203E-01 0.987780280E-02
 0.921357889E-02 0.840683188E-02 0.744843250E-02 0.633255206E-02 0.505670253E-02
 0.362076773E-02 0.202609110E-02 0.274807302E-03-0.163060147E-02-0.368758361E-02
-0.589369563E-02-0.824673288E-02-0.107448641E-01-0.133868074E-01-0.161720794E-01
-0.191016421E-01-0.221788418E-01-0.254142676E-01-0.288259722E-01-0.321434401E-01
-0.355122387E-01-0.389903262E-01-0.425689891E-01-0.462322235E-01-0.499457233E-01
-0.536631048E-01-0.573285148E-01-0.608793199E-01-0.642491356E-01-0.673700348E-01
-0.701739937E-01-0.725942627E-01-0.745666102E-01-0.760304108E-01-0.769298002E-01
-0.772146061E-01-0.768412203E-01-0.757732615E-01-0.739818886E-01-0.714459643E-01
-0.681521967E-01-0.640955493E-01-0.592806935E-01-0.537245348E-01-0.474602990E-01
-0.405404419E-01-0.330330841E-01-0.249924920E-01-0.166085083E-01-0.786918495E-02
 0.124741462E-02 0.107749160E-01 0.207610577E-01 0.312710628E-01 0.423925407E-01
 0.542429797E-01 0.669817328E-01 0.808299407E-01 0.961013287E-01 0.112511493E+00
 0.251604542E-01 0.185386837E-01 0.170560703E-01 0.168426447E-01 0.164118465E-01
 0.157825332E-01 0.149646029E-01 0.139664719E-01 0.127957752E-01 0.114597268E-01
 0.996515620E-02 0.831842981E-02 0.652537448E-02 0.459125033E-02 0.252077170E-02
 0.318157487E-03-0.201280438E-02-0.446867896E-02-0.704628788E-02-0.974256452E-02
-0.125542749E-01-0.154773584E-01-0.185053684E-01-0.216248501E-01-0.248050485E-01
-0.280600190E-01-0.314170681E-01-0.347038247E-01-0.379983597E-01-0.412909836E-01
-0.445664153E-01-0.477919206E-01-0.509190224E-01-0.538927279E-01-0.566542521E-01
-0.591427088E-01-0.612969212E-01-0.630575344E-01-0.643684044E-01-0.651774555E-01
-0.654373541E-01-0.651060566E-01-0.641473383E-01-0.625313371E-01-0.602353290E-01
-0.572447442E-01-0.535547212E-01-0.491722561E-01-0.441178232E-01-0.384258665E-01
-0.321349800E-01-0.252684169E-01-0.180127732E-01-0.103587182E-01-0.228789495E-02
 0.622882973E-02 0.152337970E-01 0.247859117E-01 0.349652842E-01 0.458795987E-01
 0.576726235E-01 0.705347508E-01 0.847136006E-01 0.100518331E+00 0.117515430E+00
 0.320445895E-01 0.256738178E-01 0.241209064E-01 0.239875093E-01 0.235921815E-01
 0.229466371E-01 0.220735241E-01 0.209951550E-01 0.197315142E-01 0.182996131E-01
 0.167135522E-01 0.149848936E-01 0.131231211E-01 0.111360783E-01 0.903035421E-02
 0.681161275E-02 0.448488072E-02 0.205479865E-02-0.474125613E-03-0.309724826E-02
-0.580945704E-02-0.860474445E-02-0.114756962E-01-0.144131035E-01-0.174068063E-01
-0.204511750E-01-0.235406421E-01-0.266618300E-01-0.298387744E-01-0.328408442E-01
-0.357623510E-01-0.386171341E-01-0.413627326E-01-0.439652838E-01-0.463842824E-01
-0.485707484E-01-0.504695848E-01-0.520272106E-01-0.531930178E-01-0.539197102E-01
-0.541636385E-01-0.538853183E-01-0.530500785E-01-0.516289361E-01-0.495999120E-01
-0.469495058E-01-0.436750129E-01-0.397862978E-01-0.353023335E-01-0.302547961E-01
-0.246158391E-01-0.185738131E-01-0.121214706E-01-0.524681946E-02 0.206934987E-02
 0.985556003E-02 0.181519929E-01 0.270135589E-01 0.365141332E-01 0.467525944E-01
 0.578614324E-01 0.700191334E-01 0.834678113E-01 0.985416695E-01 0.114403293E+00
 0.396338142E-01 0.334982052E-01 0.321729928E-01 0.320699811E-01 0.316089801E-01
 0.308401883E-01 0.298122559E-01 0.285669435E-01 0.271375142E-01 0.255495254E-01
 0.238223635E-01 0.219707545E-01 0.200060196E-01 0.179370288E-01 0.157709476E-01
 0.135137923E-01 0.111708585E-01 0.874707103E-02 0.624728482E-02 0.367654976E-02
 0.104036904E-02-0.165505987E-02-0.440265611E-02-0.719438866E-02-0.100214416E-01
-0.128744952E-01-0.157427620E-01-0.186125748E-01-0.214670822E-01-0.242740829E-01
-0.270380434E-01-0.297810808E-01-0.322726928E-01-0.345838852E-01-0.367230363E-01
-0.386627205E-01-0.403413512E-01-0.417171493E-01-0.427523777E-01-0.434098244E-01
-0.436530598E-01-0.434475504E-01-0.427617840E-01-0.415681861E-01-0.398439914E-01
-0.375723802E-01-0.347451270E-01-0.313723348E-01-0.274182614E-01-0.230574068E-01
-0.182670578E-01-0.130598489E-01-0.743742939E-02-0.139356439E-02 0.508496072E-02
 0.120184561E-01 0.194350444E-01 0.273719076E-01 0.358771607E-01 0.450127386E-01
 0.548592284E-01 0.655252263E-01 0.771695152E-01 0.900635198E-01 0.103765562E+00
 0.486847013E-01 0.428688116E-01 0.416673571E-01 0.413983576E-01 0.406475477E-01
 0.395500436E-01 0.381988548E-01 0.366554894E-01 0.349603407E-01 0.331404023E-01
 0.312141776E-01 0.291947015E-01 0.270914547E-01 0.249115992E-01 0.226608124E-01
 0.203438681E-01 0.179650672E-01 0.155285476E-01 0.130385514E-01 0.104996413E-01
 0.791688822E-02 0.529603660E-02 0.264364202E-02-0.328234237E-04-0.272488105E-02
-0.542289857E-02-0.811575633E-02-0.107904477E-01-0.134318210E-01-0.160224512E-01
-0.185460001E-01-0.209812317E-01-0.232887100E-01-0.254593939E-01-0.274949651E-01
-0.294119790E-01-0.309742577E-01-0.322271623E-01-0.331730358E-01-0.337951481E-01
-0.340689905E-01-0.339676775E-01-0.334644057E-01-0.325327180E-01-0.311441235E-01
-0.292610265E-01-0.268179290E-01-0.240040477E-01-0.207880978E-01-0.171780046E-01
-0.131751662E-01-0.878117606E-02-0.399511866E-02 0.118707877E-02 0.677260850E-02
 0.127714453E-01 0.191958006E-01 0.260592569E-01 0.333753563E-01 0.411550999E-01
 0.494022630E-01 0.581035912E-01 0.672041029E-01 0.765214041E-01 0.854699984E-01
 0.603844188E-01 0.552183986E-01 0.534429960E-01 0.523092113E-01 0.507553332E-01
 0.489920452E-01 0.470991917E-01 0.451137796E-01 0.430556089E-01 0.409362540E-01
 0.387629233E-01 0.365403332E-01 0.342717841E-01 0.319597758E-01 0.296064373E-01
 0.272138063E-01 0.247840360E-01 0.223195814E-01 0.198233146E-01 0.172986668E-01
 0.147497235E-01 0.121813295E-01 0.959917996E-02 0.700991275E-02 0.442119595E-02
 0.184184895E-02-0.718019553E-03-0.324686966E-02-0.573164178E-02-0.815775059E-02
-0.105092032E-01-0.127679482E-01-0.149137927E-01-0.169285890E-01-0.187932476E-01
-0.204814877E-01-0.219458323E-01-0.231637843E-01-0.241180435E-01-0.247909520E-01
-0.251637325E-01-0.252170730E-01-0.249319300E-01-0.242901780E-01-0.232753512E-01
-0.218743533E-01-0.200828910E-01-0.179228112E-01-0.154008772E-01-0.125211803E-01
-0.928531867E-02-0.569332857E-02-0.174395379E-02 0.256497785E-02 0.723586138E-02
 0.122702355E-01 0.176672190E-01 0.234212652E-01 0.295189079E-01 0.359338373E-01
 0.426192321E-01 0.494955331E-01 0.564318746E-01 0.632242039E-01 0.695914403E-01
 0.748090371E-01 0.711013749E-01 0.673801452E-01 0.641417280E-01 0.613126084E-01
 0.586692430E-01 0.561237484E-01 0.536335595E-01 0.511747822E-01 0.487325378E-01
 0.462968536E-01 0.438607410E-01 0.414191894E-01 0.389686450E-01 0.365067050E-01
 0.340319388E-01 0.315438099E-01 0.290426146E-01 0.265294760E-01 0.240063407E-01
 0.214759987E-01 0.189421158E-01 0.164092537E-01 0.138829295E-01 0.113696503E-01
 0.887697190E-02 0.641355617E-02 0.398922199E-02 0.161498156E-02-0.696952280E-03
-0.293316436E-02-0.507901283E-02-0.711873407E-02-0.903574470E-02-0.108121047E-01
-0.124276606E-01-0.138601474E-01-0.150901685E-01-0.161006059E-01-0.168755725E-01
-0.173998978E-01-0.176590718E-01-0.176394954E-01-0.173288863E-01-0.167168789E-01
-0.157959014E-01-0.145622948E-01-0.130168088E-01-0.111598866E-01-0.899105519E-02
-0.650873221E-02-0.371043617E-02-0.593225705E-03 0.284556299E-02 0.660720561E-02
 0.106900521E-01 0.150875039E-01 0.197854564E-01 0.247591231E-01 0.299691707E-01
 0.353571922E-01 0.408409014E-01 0.463104025E-01 0.516285412E-01 0.566393211E-01
 0.857970342E-01 0.826625749E-01 0.786458999E-01 0.746483877E-01 0.710730329E-01
 0.677996725E-01 0.647382885E-01 0.618268736E-01 0.590229928E-01 0.562970154E-01
 0.536277331E-01 0.509996451E-01 0.484012589E-01 0.458240286E-01 0.432616547E-01
 0.407096297E-01 0.381649397E-01 0.356258489E-01 0.330917649E-01 0.305631440E-01
 0.280414410E-01 0.255290624E-01 0.230293516E-01 0.205465816E-01 0.180859547E-01
 0.156536140E-01 0.132566383E-01 0.109030595E-01 0.860184431E-02 0.636288943E-02
 0.419698143E-02 0.211576466E-02 0.131668494E-03-0.174216542E-02-0.349190086E-02
-0.510309078E-02-0.656107301E-02-0.785181858E-02-0.896221399E-02-0.988005102E-02
-0.105939778E-01-0.110935010E-01-0.113690756E-01-0.114122359E-01-0.112157529E-01
-0.107737649E-01-0.100817559E-01-0.913614873E-02-0.793329347E-02-0.646879757E-02
-0.473718997E-02-0.273194048E-02-0.445862359E-03 0.212804135E-02 0.499523990E-02
 0.815782975E-02 0.116122365E-01 0.153465839E-01 0.193379484E-01 0.235497672E-01
 0.279298164E-01 0.324092619E-01 0.369035490E-01 0.413158610E-01 0.455436073E-01
 0.942151994E-01 0.913858339E-01 0.874474347E-01 0.833102763E-01 0.794809610E-01
 0.759166405E-01 0.725693479E-01 0.693959445E-01 0.663604289E-01 0.634338260E-01
 0.605931766E-01 0.578204282E-01 0.551014394E-01 0.524252206E-01 0.497832857E-01
 0.471692309E-01 0.445783846E-01 0.420075506E-01 0.394548178E-01 0.369194411E-01
 0.344017223E-01 0.319029354E-01 0.294252895E-01 0.269718580E-01 0.245465711E-01
 0.221541766E-01 0.198002066E-01 0.174909607E-01 0.152334655E-01 0.130354296E-01
 0.109051950E-01 0.885166507E-02 0.688422797E-02 0.501265749E-02 0.324699609E-02
 0.159739295E-02 0.738711897E-04-0.131395448E-02-0.255707745E-02-0.364721054E-02
-0.457683997E-02-0.533925183E-02-0.592853455E-02-0.633954490E-02-0.656781439E-02
-0.660935324E-02-0.646031089E-02-0.611644564E-02-0.557244197E-02-0.482122926E-02
-0.385344098E-02-0.265714177E-02-0.121797679E-02 0.480071205E-03 0.245317025E-02
 0.471530529E-02 0.727523305E-02 0.101330541E-01 0.132769002E-01 0.166803319E-01
 0.203009974E-01 0.240809806E-01 0.279490910E-01 0.318250731E-01 0.356253423E-01
 0.101006523E+00 0.984291956E-01 0.945539102E-01 0.904487148E-01 0.865863413E-01
 0.829424635E-01 0.794908032E-01 0.762037933E-01 0.730554163E-01 0.700225383E-01
 0.670853630E-01 0.642273426E-01 0.614348501E-01 0.586968437E-01 0.560044833E-01
 0.533508174E-01 0.507305413E-01 0.481397659E-01 0.455758497E-01 0.430372804E-01
 0.405235440E-01 0.380350538E-01 0.355730765E-01 0.331396684E-01 0.307376292E-01
 0.283704456E-01 0.260422491E-01 0.237577669E-01 0.215222593E-01 0.193414688E-01
 0.172215439E-01 0.151689528E-01 0.131903980E-01 0.112927025E-01 0.948268455E-02
 0.776701141E-02 0.615204033E-02 0.464364607E-02 0.324708177E-02 0.196686992E-02
 0.806737167E-03-0.230407226E-03-0.114243582E-02-0.192789442E-02-0.258579012E-02
-0.311524095E-02-0.351494923E-02-0.378246675E-02-0.391325029E-02-0.389954029E-02
-0.372915599E-02-0.338436477E-02-0.284111663E-02-0.206908421E-02-0.103304128E-02
 0.303961860E-03 0.197559455E-02 0.400606217E-02 0.640400359E-02 0.915784296E-02
 0.122335982E-01 0.155756203E-01 0.191103090E-01 0.227523949E-01 0.264127795E-01
 0.106367670E+00 0.103963643E+00 0.100301690E+00 0.963195935E-01 0.925396159E-01
 0.889455229E-01 0.855164751E-01 0.822315291E-01 0.790710971E-01 0.760175586E-01
 0.730554536E-01 0.701714307E-01 0.673541427E-01 0.645940825E-01 0.618834011E-01
 0.592157207E-01 0.565860048E-01 0.539903939E-01 0.514261052E-01 0.488913171E-01
 0.463850871E-01 0.439072885E-01 0.414585099E-01 0.390400253E-01 0.366537161E-01
 0.343020260E-01 0.319878906E-01 0.297146868E-01 0.274861529E-01 0.253063310E-01
 0.231794752E-01 0.211099647E-01 0.191022027E-01 0.171604995E-01 0.152889555E-01
 0.134913167E-01 0.117708398E-01 0.101301409E-01 0.857106969E-02 0.709458720E-02
 0.570067810E-02 0.438830722E-02 0.315542030E-02 0.199903781E-02 0.915457669E-03
-0.993719150E-04-0.104925060E-02-0.193681277E-02-0.276221079E-02-0.352129759E-02
-0.420323387E-02-0.478753867E-02-0.524084270E-02-0.551409880E-02-0.554179540E-02
-0.524542062E-02-0.454288162E-02-0.336275226E-02-0.165884465E-02 0.579553656E-03
 0.332337036E-02 0.650482159E-02 0.100237504E-01 0.137596503E-01 0.175877959E-01
 0.110593468E+00 0.108329765E+00 0.104849912E+00 0.101063304E+00 0.974663049E-01
 0.940265507E-01 0.907193795E-01 0.875267908E-01 0.844344646E-01 0.814302862E-01
 0.785036534E-01 0.756452531E-01 0.728469118E-01 0.701015592E-01 0.674031451E-01
 0.647465885E-01 0.621277466E-01 0.595433377E-01 0.569908880E-01 0.544686764E-01
 0.519756787E-01 0.495115109E-01 0.470763743E-01 0.446710140E-01 0.422966368E-01
 0.399548784E-01 0.376477316E-01 0.353774689E-01 0.331465974E-01 0.309577435E-01
 0.288136043E-01 0.267168228E-01 0.246698968E-01 0.226750616E-01 0.207341556E-01
 0.188484900E-01 0.170187019E-01 0.152445957E-01 0.135249924E-01 0.118575729E-01
 0.102387303E-01 0.866343826E-02 0.712515041E-02 0.561574986E-02 0.412558252E-02
 0.264363736E-02 0.115794886E-02-0.343636289E-03-0.187213300E-02-0.343522755E-02
-0.503379432E-02-0.665653497E-02-0.827206485E-02-0.981807802E-02-0.111891031E-01
-0.122302836E-01-0.127531849E-01-0.125805987E-01-0.115925595E-01-0.974447094E-02
-0.706610968E-02-0.365955173E-02 0.303607347E-03 0.460217241E-02 0.901293289E-02
 0.113608092E+00 0.111381382E+00 0.108153313E+00 0.104769491E+00 0.101503506E+00
 0.983215496E-01 0.952160731E-01 0.921823382E-01 0.892158821E-01 0.863120556E-01
 0.834660679E-01 0.806731358E-01 0.779286399E-01 0.752282664E-01 0.725681037E-01
 0.699446946E-01 0.673551038E-01 0.647969246E-01 0.622682832E-01 0.597678237E-01
 0.572946928E-01 0.548485108E-01 0.524293333E-01 0.500376001E-01 0.476741008E-01
 0.453399085E-01 0.430363193E-01 0.407647900E-01 0.385268629E-01 0.363240838E-01
 0.341579169E-01 0.320296474E-01 0.299402587E-01 0.278903432E-01 0.258799437E-01
 0.239084251E-01 0.219743121E-01 0.200751107E-01 0.182071198E-01 0.163652170E-01
 0.145426253E-01 0.127306571E-01 0.109184328E-01 0.909257773E-02 0.723691517E-02
 0.533217005E-02 0.335574709E-02 0.128168915E-02-0.918975857E-03-0.327712460E-02
-0.582299381E-02-0.858102366E-02-0.115599325E-01-0.147335548E-01-0.180014540E-01
-0.211037956E-01-0.235312022E-01-0.247743372E-01-0.246160254E-01-0.230156500E-01
-0.200127494E-01-0.157295130E-01-0.104462802E-01-0.470486842E-02 0.924962107E-03
 0.115657032E+00 0.113301016E+00 0.110643283E+00 0.107816413E+00 0.104934022E+00
 0.102043822E+00 0.991699621E-01 0.963244662E-01 0.935131907E-01 0.907386020E-01
 0.880011246E-01 0.852999985E-01 0.826337561E-01 0.800005794E-01 0.773985386E-01
 0.748257414E-01 0.722804740E-01 0.697612762E-01 0.672669634E-01 0.647966936E-01
 0.623499416E-01 0.599265099E-01 0.575264879E-01 0.551502444E-01 0.527983531E-01
 0.504715666E-01 0.481707454E-01 0.458967946E-01 0.436505899E-01 0.414329022E-01
 0.392443091E-01 0.370850898E-01 0.349551365E-01 0.328538232E-01 0.307798795E-01
 0.287312511E-01 0.267049242E-01 0.246967338E-01 0.227011498E-01 0.207110066E-01
 0.187171940E-01 0.167082753E-01 0.146700246E-01 0.125848427E-01 0.104310233E-01
 0.818183087E-02 0.580431847E-02 0.325784856E-02 0.492295309E-03-0.255400571E-02
-0.595626840E-02-0.980458781E-02-0.142036201E-01-0.192703437E-01-0.251356605E-01
-0.319918580E-01-0.378467105E-01-0.408341996E-01-0.414540768E-01-0.399653614E-01
-0.361548960E-01-0.302064549E-01-0.217900630E-01-0.127648870E-01-0.546044856E-02
 0.118045196E+00 0.115774103E+00 0.113293603E+00 0.110706702E+00 0.108073480E+00
 0.105414376E+00 0.102746315E+00 0.100081556E+00 0.974283293E-01 0.947918519E-01
 0.921751857E-01 0.895798877E-01 0.870065242E-01 0.844549760E-01 0.819247589E-01
 0.794152021E-01 0.769255832E-01 0.744552463E-01 0.720036924E-01 0.695705861E-01
 0.671558231E-01 0.647594929E-01 0.623818897E-01 0.600234605E-01 0.576847866E-01
 0.553665198E-01 0.530693233E-01 0.507938191E-01 0.485404953E-01 0.463096574E-01
 0.441013128E-01 0.419151075E-01 0.397502184E-01 0.376052409E-01 0.354780778E-01
 0.333657898E-01 0.312644541E-01 0.291689560E-01 0.270727910E-01 0.249677636E-01
 0.228436645E-01 0.206878260E-01 0.184845682E-01 0.162144490E-01 0.138532864E-01
 0.113707678E-01 0.872853212E-02 0.587738119E-02 0.275322678E-02-0.728898507E-03
-0.468352297E-02-0.926666614E-02-0.146900676E-01-0.212333426E-01-0.292473510E-01
-0.382074714E-01-0.444138013E-01-0.478498489E-01-0.487154871E-01-0.468837880E-01
-0.424081758E-01-0.347978920E-01-0.245564096E-01-0.155837024E-01-0.810194574E-02
 0.120428100E+00 0.118265115E+00 0.115918525E+00 0.113492653E+00 0.111033864E+00
 0.108551227E+00 0.106053822E+00 0.103549525E+00 0.101044625E+00 0.985438153E-01
 0.960503742E-01 0.935664698E-01 0.910934135E-01 0.886318758E-01 0.861821324E-01
 0.837442204E-01 0.813180804E-01 0.789036453E-01 0.765009448E-01 0.741101429E-01
 0.717315525E-01 0.693656504E-01 0.670130476E-01 0.646744594E-01 0.623506419E-01
 0.600423813E-01 0.577503815E-01 0.554752201E-01 0.532172807E-01 0.509766713E-01
 0.487531498E-01 0.465460457E-01 0.443541780E-01 0.421757549E-01 0.400082953E-01
 0.378484949E-01 0.356921218E-01 0.335338488E-01 0.313670710E-01 0.291836802E-01
 0.269737672E-01 0.247252490E-01 0.224233791E-01 0.200500991E-01 0.175831653E-01
 0.149949118E-01 0.122504951E-01 0.930524431E-02 0.610051816E-02 0.255682389E-02
-0.143829139E-02-0.605277065E-02-0.115522705E-01-0.183651708E-01-0.270245094E-01
-0.344455391E-01-0.395254716E-01-0.423793085E-01-0.429627597E-01-0.412405096E-01
-0.366148353E-01-0.286329724E-01-0.201672185E-01-0.129204579E-01-0.662908610E-02
 0.122713149E+00 0.120657668E+00 0.118438102E+00 0.116147138E+00 0.113831893E+00
 0.111497127E+00 0.109147489E+00 0.106787361E+00 0.104420573E+00 0.102050230E+00
 0.996787325E-01 0.973077863E-01 0.949385464E-01 0.925717130E-01 0.902077034E-01
 0.878467858E-01 0.854891688E-01 0.831351504E-01 0.807851404E-01 0.784397349E-01
 0.760997087E-01 0.737659931E-01 0.714396685E-01 0.691218898E-01 0.668138266E-01
 0.645165890E-01 0.622311756E-01 0.599583685E-01 0.576986894E-01 0.554523095E-01
 0.532190017E-01 0.509980507E-01 0.487882085E-01 0.465876199E-01 0.443937555E-01
 0.422033705E-01 0.400123931E-01 0.378158838E-01 0.356078781E-01 0.333813056E-01
 0.311277620E-01 0.288373381E-01 0.264983140E-01 0.240968503E-01 0.216165632E-01
 0.190380495E-01 0.163382944E-01 0.134900063E-01 0.104608526E-01 0.721270218E-02
 0.370092085E-02-0.126504005E-03-0.433464441E-02-0.906974450E-02-0.140549820E-01
-0.180723574E-01-0.210850220E-01-0.229254495E-01-0.235671215E-01-0.227795132E-01
-0.204727575E-01-0.160577632E-01-0.113648837E-01-0.671514682E-02-0.226207939E-02
 0.124882244E+00 0.122928418E+00 0.120818995E+00 0.118651606E+00 0.116467662E+00
 0.114268422E+00 0.112055540E+00 0.109830856E+00 0.107596144E+00 0.105352946E+00
 0.103102453E+00 0.100845464E+00 0.985824242E-01 0.963135362E-01 0.940388516E-01
 0.917584300E-01 0.894724503E-01 0.871812925E-01 0.848856568E-01 0.825865418E-01
 0.802852586E-01 0.779833570E-01 0.756825954E-01 0.733848065E-01 0.710918158E-01
 0.688053295E-01 0.665268824E-01 0.642576963E-01 0.619986765E-01 0.597502850E-01
 0.575125143E-01 0.552848242E-01 0.530660823E-01 0.508545637E-01 0.486479029E-01
 0.464431010E-01 0.442365445E-01 0.420239791E-01 0.398005471E-01 0.375607461E-01
 0.352984034E-01 0.330066606E-01 0.306779295E-01 0.283039212E-01 0.258757360E-01
 0.233841632E-01 0.208202936E-01 0.181767736E-01 0.154502792E-01 0.126464032E-01
 0.978966057E-02 0.694497069E-02 0.426572049E-02 0.208639214E-02 0.647906272E-03
-0.904277607E-03-0.241795811E-02-0.356411445E-02-0.422698073E-02-0.450093532E-02
-0.465149991E-02-0.393616408E-02-0.205055112E-02 0.467407750E-03 0.327081629E-02
 0.126887411E+00 0.125031114E+00 0.123034976E+00 0.120992705E+00 0.118940100E+00
 0.116874821E+00 0.114796333E+00 0.112704910E+00 0.110601015E+00 0.108484991E+00
 0.106356874E+00 0.104216360E+00 0.102062836E+00 0.998955294E-01 0.977136493E-01
 0.955165997E-01 0.933041647E-01 0.910766274E-01 0.888348669E-01 0.865803808E-01
 0.843152031E-01 0.820418298E-01 0.797630250E-01 0.774816796E-01 0.752006173E-01
 0.729224533E-01 0.706495196E-01 0.683837235E-01 0.661265627E-01 0.638789833E-01
 0.616413802E-01 0.594135113E-01 0.571944676E-01 0.549826659E-01 0.527758896E-01
 0.505713485E-01 0.483658090E-01 0.461557023E-01 0.439372808E-01 0.417067036E-01
 0.394601524E-01 0.371939279E-01 0.349045582E-01 0.325890183E-01 0.302450694E-01
 0.278718416E-01 0.254707988E-01 0.230472721E-01 0.206128061E-01 0.181886256E-01
 0.158101674E-01 0.135313235E-01 0.114224525E-01 0.954856724E-02 0.792692136E-02
 0.653124694E-02 0.536352443E-02 0.446660072E-02 0.388340536E-02 0.364295021E-02
 0.378750521E-02 0.438475516E-02 0.545620779E-02 0.693215802E-02 0.869874097E-02
 0.128676102E+00 0.126911014E+00 0.125058472E+00 0.123165503E+00 0.121255092E+00
 0.119328551E+00 0.117386825E+00 0.115430512E+00 0.113459788E+00 0.111474335E+00
 0.109473176E+00 0.107454687E+00 0.105416708E+00 0.103356823E+00 0.101272702E+00
 0.991624743E-01 0.970250368E-01 0.948603228E-01 0.926693752E-01 0.904544294E-01
 0.882187337E-01 0.859663188E-01 0.837016478E-01 0.814292654E-01 0.791534707E-01
 0.768781677E-01 0.746067017E-01 0.723418891E-01 0.700859651E-01 0.678405687E-01
 0.656066686E-01 0.633844435E-01 0.611732118E-01 0.589713864E-01 0.567765869E-01
 0.545857996E-01 0.523956828E-01 0.502028652E-01 0.480042957E-01 0.457974896E-01
 0.435806848E-01 0.413529798E-01 0.391144268E-01 0.368661918E-01 0.346108302E-01
 0.323527344E-01 0.300988015E-01 0.278593134E-01 0.256490130E-01 0.234881658E-01
 0.214030817E-01 0.194252264E-01 0.175878741E-01 0.159204975E-01 0.144444546E-01
 0.131748365E-01 0.121269729E-01 0.113198943E-01 0.107745109E-01 0.105108963E-01
 0.105462680E-01 0.108898776E-01 0.115341330E-01 0.124497600E-01 0.135905240E-01
 0.130336627E+00 0.128661513E+00 0.126950204E+00 0.125205994E+00 0.123435542E+00
 0.121648565E+00 0.119845070E+00 0.118026353E+00 0.116193041E+00 0.114344649E+00
 0.112479232E+00 0.110593289E+00 0.108682081E+00 0.106740236E+00 0.104762554E+00
 0.102744773E+00 0.100684136E+00 0.985797644E-01 0.964329392E-01 0.942471474E-01
 0.920278877E-01 0.897820666E-01 0.875172243E-01 0.852406546E-01 0.829588473E-01
 0.806771964E-01 0.784001127E-01 0.761311948E-01 0.738734901E-01 0.716295913E-01
 0.694014430E-01 0.671900064E-01 0.649948642E-01 0.628141239E-01 0.606445111E-01
 0.584817305E-01 0.563210659E-01 0.541581474E-01 0.519897267E-01 0.498141348E-01
 0.476314016E-01 0.454431847E-01 0.432526134E-01 0.410641991E-01 0.388838388E-01
 0.367189720E-01 0.345788449E-01 0.324748233E-01 0.304207411E-01 0.284330137E-01
 0.265304279E-01 0.247333758E-01 0.230625588E-01 0.215375181E-01 0.201756917E-01
 0.189924352E-01 0.180016886E-01 0.172164179E-01 0.166482590E-01 0.163064022E-01
 0.161959343E-01 0.163157750E-01 0.166567992E-01 0.172012337E-01 0.179239400E-01
 0.131936267E+00 0.130368143E+00 0.128777489E+00 0.127160087E+00 0.125515819E+00
 0.123855926E+00 0.122185782E+00 0.120504893E+00 0.118813165E+00 0.117111340E+00
 0.115396813E+00 0.113663070E+00 0.111900166E+00 0.110096604E+00 0.108241618E+00
 0.106326684E+00 0.104346171E+00 0.102297671E+00 0.100182451E+00 0.980060399E-01
 0.957783759E-01 0.935126320E-01 0.912227780E-01 0.889210403E-01 0.866167322E-01
 0.843162909E-01 0.820240974E-01 0.797434375E-01 0.774776191E-01 0.752308071E-01
 0.730076283E-01 0.708112866E-01 0.686420202E-01 0.664970502E-01 0.643709749E-01
 0.622560717E-01 0.601431020E-01 0.580236427E-01 0.558926277E-01 0.537490919E-01
 0.515954904E-01 0.494367778E-01 0.472796261E-01 0.451319255E-01 0.430024490E-01
 0.409007482E-01 0.388371833E-01 0.368229933E-01 0.348704010E-01 0.329925902E-01
 0.312035419E-01 0.295176804E-01 0.279493686E-01 0.265123881E-01 0.252195075E-01
 0.240822341E-01 0.231106691E-01 0.223133210E-01 0.216967445E-01 0.212649610E-01
 0.210187398E-01 0.209548939E-01 0.210657958E-01 0.213393811E-01 0.217597354E-01
 0.133419380E+00 0.131987721E+00 0.130534634E+00 0.129050002E+00 0.127529949E+00
 0.125985667E+00 0.124427535E+00 0.122866437E+00 0.121312857E+00 0.119768672E+00
 0.118231185E+00 0.116689309E+00 0.115119509E+00 0.113493927E+00 0.111791082E+00
 0.109997347E+00 0.108104080E+00 0.106105924E+00 0.104001507E+00 0.101796739E+00
 0.995098725E-01 0.971717387E-01 0.948138013E-01 0.924568698E-01 0.901112556E-01
 0.877809599E-01 0.854666159E-01 0.831671804E-01 0.808817446E-01 0.786153376E-01
 0.763870701E-01 0.742091835E-01 0.720799565E-01 0.699931830E-01 0.679410994E-01
 0.659125447E-01 0.638832152E-01 0.618265532E-01 0.597358607E-01 0.576151945E-01
 0.554732196E-01 0.533209778E-01 0.511705913E-01 0.490343869E-01 0.469243862E-01
 0.448521115E-01 0.428286158E-01 0.408646315E-01 0.389707312E-01 0.371574387E-01
 0.354352593E-01 0.338145792E-01 0.323054902E-01 0.309175681E-01 0.296596382E-01
 0.285395458E-01 0.275639500E-01 0.267380700E-01 0.260654241E-01 0.255475082E-01
 0.251834895E-01 0.249699466E-01 0.249007680E-01 0.249672327E-01 0.251583308E-01
 0.134770647E+00 0.133532614E+00 0.132257611E+00 0.130922124E+00 0.129520983E+00
 0.128065899E+00 0.126581892E+00 0.125100702E+00 0.123649850E+00 0.122254968E+00
 0.120929196E+00 0.119679362E+00 0.118422553E+00 0.117045119E+00 0.115533277E+00
 0.113884591E+00 0.112093531E+00 0.110149898E+00 0.108038947E+00 0.105743557E+00
 0.103262074E+00 0.100721255E+00 0.982304066E-01 0.957921967E-01 0.933985561E-01
 0.910416842E-01 0.887141004E-01 0.864068419E-01 0.841065347E-01 0.817927346E-01
 0.795578212E-01 0.774226189E-01 0.753626227E-01 0.733675733E-01 0.714244768E-01
 0.695316717E-01 0.676433668E-01 0.656536296E-01 0.635834411E-01 0.614526086E-01
 0.592821166E-01 0.570934936E-01 0.549073629E-01 0.527421944E-01 0.506137758E-01
 0.485352948E-01 0.465178080E-01 0.445708148E-01 0.427027643E-01 0.409214571E-01
 0.392342396E-01 0.376481228E-01 0.361697525E-01 0.348053351E-01 0.335604809E-01
 0.324400663E-01 0.314480402E-01 0.305872541E-01 0.298592672E-01 0.292641688E-01
 0.288004298E-01 0.284647979E-01 0.282522906E-01 0.281562693E-01 0.281686354E-01
 0.135992810E+00 0.135095626E+00 0.134085238E+00 0.132910535E+00 0.131575897E+00
 0.130127922E+00 0.128629774E+00 0.127140164E+00 0.125710219E+00 0.124386139E+00
 0.123205245E+00 0.122235484E+00 0.121314950E+00 0.120158412E+00 0.118818156E+00
 0.117311038E+00 0.115632467E+00 0.113766752E+00 0.111686133E+00 0.109338924E+00
 0.106630564E+00 0.103878081E+00 0.101295508E+00 0.988153741E-01 0.964055657E-01
 0.940508023E-01 0.917423964E-01 0.894721746E-01 0.872276723E-01 0.849915892E-01
 0.828597918E-01 0.808541700E-01 0.789405257E-01 0.770905688E-01 0.752768442E-01
 0.734845176E-01 0.716500655E-01 0.696608052E-01 0.675407872E-01 0.653229207E-01
 0.630453676E-01 0.607467294E-01 0.584608354E-01 0.562138930E-01 0.540245175E-01
 0.519054085E-01 0.498652570E-01 0.479103550E-01 0.460456386E-01 0.442753583E-01
 0.426034145E-01 0.410335250E-01 0.395692177E-01 0.382138044E-01 0.369702354E-01
 0.358410031E-01 0.348279700E-01 0.339322425E-01 0.331540294E-01 0.324925259E-01
 0.319458321E-01 0.315108933E-01 0.311835092E-01 0.309583899E-01 0.308292676E-01
 0.912376165E+00 0.941524386E+00 0.970449388E+00 0.100229633E+01 0.103673875E+01
 0.107187307E+01 0.110841358E+01 0.114604723E+01 0.118462431E+01 0.122404218E+01
 0.126431489E+01 0.130535376E+01 0.134576786E+01 0.138764083E+01 0.143055201E+01
 0.147357738E+01 0.151718640E+01 0.156104684E+01 0.160532045E+01 0.165002143E+01
 0.169511509E+01 0.174098861E+01 0.178759027E+01 0.183500493E+01 0.188335896E+01
 0.193276751E+01 0.198335361E+01 0.203498745E+01 0.208792067E+01 0.214227533E+01
 0.219798803E+01 0.225533986E+01 0.231454134E+01 0.237544250E+01 0.243824363E+01
 0.250349855E+01 0.257123232E+01 0.264176774E+01 0.271548700E+01 0.279220581E+01
 0.287291884E+01 0.295837402E+01 0.304874158E+01 0.314433646E+01 0.324637794E+01
 0.335604143E+01 0.347427630E+01 0.360225010E+01 0.374048424E+01 0.389358211E+01
 0.406126261E+01 0.424661493E+01 0.445367908E+01 0.468770170E+01 0.495240021E+01
 0.525369072E+01 0.560412645E+01 0.600907803E+01 0.648612928E+01 0.704882717E+01
 0.770939827E+01 0.846937656E+01 0.930511284E+01 0.101192083E+02 0.111785221E+02
   80   87
 0.118103647E+01-0.250000000E+00 0.114086831E+01-0.200000003E+00 0.110562503E+01
-0.152654275E+00 0.108709300E+01-0.100000001E+00 0.110413122E+01 0.000000000E+00
 0.113218749E+01 0.401529148E-01 0.115875006E+01 0.772747323E-01 0.118531251E+01
 0.112668931E+00 0.121598542E+01 0.150000006E+00 0.125709701E+01 0.200000003E+00
 0.129156256E+01 0.237187296E+00 0.131812501E+01 0.266686320E+00 0.134903276E+01
 0.300000012E+00 0.139781249E+01 0.349816233E+00 0.142437506E+01 0.375861764E+00
 0.145093751E+01 0.401886731E+00 0.150406253E+01 0.446684062E+00 0.153062499E+01
 0.468173385E+00 0.157300997E+01 0.500000000E+00 0.161031246E+01 0.525018811E+00
 0.165155733E+01 0.550000012E+00 0.169000006E+01 0.570694864E+00 0.174312496E+01
 0.594260573E+00 0.176968753E+01 0.604802310E+00 0.182281256E+01 0.620262444E+00
 0.187593746E+01 0.629102588E+00 0.192906249E+01 0.630931795E+00 0.198218751E+01
 0.624133766E+00 0.203531241E+01 0.604784191E+00 0.206187510E+01 0.589048386E+00
 0.210736871E+01 0.550000012E+00 0.214156246E+01 0.511813700E+00 0.216812491E+01
 0.473810822E+00 0.219468760E+01 0.428841174E+00 0.222125006E+01 0.377291679E+00
 0.224781251E+01 0.318697780E+00 0.227437496E+01 0.250724196E+00 0.229048419E+01
 0.200000003E+00 0.230305290E+01 0.150000006E+00 0.231479216E+01 0.500000007E-01
 0.230783129E+01-0.500000007E-01 0.229772735E+01-0.100000001E+00 0.227437496E+01
-0.181933865E+00 0.225139117E+01-0.250000000E+00 0.223292136E+01-0.300000012E+00
 0.221420622E+01-0.349999994E+00 0.219468760E+01-0.403560191E+00 0.216812491E+01
-0.475890696E+00 0.214156246E+01-0.547139347E+00 0.212201452E+01-0.600000024E+00
 0.210314465E+01-0.649999976E+00 0.208421063E+01-0.699999988E+00 0.206187510E+01
-0.761536658E+00 0.203531241E+01-0.827284753E+00 0.200874996E+01-0.886529446E+00
 0.198218751E+01-0.938748598E+00 0.195562506E+01-0.982341468E+00 0.192906249E+01
-0.101018810E+01 0.189301324E+01-0.100000000E+01 0.184937501E+01-0.969427168E+00
 0.182281256E+01-0.941128433E+00 0.178241789E+01-0.899999976E+00 0.174312496E+01
-0.862900019E+00 0.171656251E+01-0.835758328E+00 0.168100309E+01-0.800000012E+00
 0.163687503E+01-0.756626010E+00 0.161031246E+01-0.729172468E+00 0.158177257E+01
-0.699999988E+00 0.153570485E+01-0.649999976E+00 0.150406253E+01-0.616443276E+00
 0.147749996E+01-0.587250531E+00 0.144285679E+01-0.550000012E+00 0.139781249E+01
-0.500255227E+00 0.137125003E+01-0.468212515E+00 0.134468746E+01-0.436815292E+00
 0.131172848E+01-0.400000006E+00 0.126983380E+01-0.349999994E+00 0.123843753E+01
-0.313462168E+00 0.121187496E+01-0.282313615E+00 0.118103647E+01-0.250000000E+00
 0.101730001E+01 0.000000000E+00 0.101932001E+01 0.111591995E+01 0.101127005E+01
 0.116271996E+01 0.100224996E+01 0.121238995E+01 0.102639997E+01 0.121238995E+01
 0.103497005E+01 0.116392004E+01 0.103842998E+01 0.116235995E+01 0.106122005E+01
 0.116356003E+01 0.109895003E+01 0.116589999E+01 0.113813996E+01 0.116823995E+01
 0.116191995E+01 0.117446005E+01 0.119008005E+01 0.118699002E+01 0.121012998E+01
 0.120185006E+01 0.123081994E+01 0.122499001E+01 0.123939002E+01 0.123863995E+01
 0.126108003E+01 0.128634000E+01 0.128076005E+01 0.133403003E+01 0.128076005E+01
 0.134810996E+01 0.133062005E+01 0.134810996E+01 0.141947997E+01 0.134748995E+01
 0.141947997E+01 0.131036997E+01 0.137993002E+01 0.131093001E+01 0.137410998E+01
 0.130689001E+01 0.136740994E+01 0.126408994E+01 0.136789000E+01 0.122646999E+01
 0.137232995E+01 0.119475996E+01 0.138840997E+01 0.116448998E+01 0.140222001E+01
 0.115728998E+01 0.141559005E+01 0.115646994E+01 0.142587996E+01 0.116276002E+01
 0.144700003E+01 0.118200004E+01 0.148800004E+01 0.121899998E+01 0.149600005E+01
 0.122800004E+01 0.149109995E+01 0.121349001E+01 0.149501002E+01 0.116171002E+01
 0.147765005E+01 0.112226999E+01 0.148169005E+01 0.111591995E+01 0.149105000E+01
 0.111275005E+01 0.152942002E+01 0.110483003E+01 0.160203004E+01 0.109308004E+01
 0.164134002E+01 0.107020998E+01 0.164687002E+01 0.107845998E+01 0.178340006E+01
 0.107209003E+01 0.204518008E+01 0.103909004E+01 0.205605006E+01 0.104322004E+01
 0.210643005E+01 0.999729991E+00 0.208569002E+01 0.869270027E+00 0.222220993E+01
 0.519110024E+00 0.224294996E+01 0.448630005E+00 0.230183005E+01 0.280680001E+00
 0.231151009E+01 0.279680014E+00 0.233364010E+01 0.219329998E+00 0.234012008E+01
 0.219870001E+00 0.234645009E+01 0.198670000E+00 0.234827995E+01 0.632900000E-01
 0.235109997E+01 0.420800000E-01 0.234827995E+01-0.254779994E+00 0.234645009E+01
-0.272720009E+00 0.234461999E+01-0.410820007E+00 0.235109997E+01-0.420599997E+00
 0.227828002E+01-0.593429983E+00 0.223841000E+01-0.688269973E+00 0.223594999E+01
-0.694119990E+00 0.219540000E+01-0.790600002E+00 0.219392991E+01-0.794110000E+00
 0.215665007E+01-0.882770002E+00 0.215165997E+01-0.884549975E+00 0.192442000E+01
-0.101282001E+01 0.191968000E+01-0.101691997E+01 0.178656006E+01-0.116066003E+01
 0.177983999E+01-0.116922998E+01 0.174579000E+01-0.124380004E+01 0.164520001E+01
-0.124479997E+01 0.140117002E+01-0.124477005E+01 0.138558996E+01-0.124820995E+01
 0.137489998E+01-0.125832999E+01 0.136953998E+01-0.126941001E+01 0.136824000E+01
-0.127555001E+01 0.136860001E+01-0.132246995E+01 0.137256002E+01-0.132470000E+01
 0.142770004E+01-0.132470000E+01 0.142770004E+01-0.135782003E+01 0.116450000E+01
-0.135894001E+01 0.101627004E+01-0.121800005E+01 0.101750004E+01-0.121700001E+01
 0.101730001E+01-0.100000005E-02 0.101730001E+01 0.000000000E+00
    0 0.000000000E+00    1
 0.000000000E+00 0.000000000E+00 0.000000000E+00 0.000000000E+00 0.000000000E+00
 0.000000000E+00 0.000000000E+00 0.000000000E+00 0.000000000E+00 0.000000000E+00
 0.000000000E+00 0.000000000E+00 0.000000000E+00 0.000000000E+00 0.000000000E+00
 0.000000000E+00 0.000000000E+00 0.000000000E+00 0.000000000E+00 0.000000000E+00
 0.000000000E+00 0.000000000E+00 0.000000000E+00 0.000000000E+00 0.000000000E+00
 0.000000000E+00 0.000000000E+00 0.000000000E+00 0.000000000E+00 0.000000000E+00
 0.000000000E+00 0.000000000E+00 0.000000000E+00 0.000000000E+00 0.000000000E+00
 0.000000000E+00 0.000000000E+00 0.000000000E+00 0.000000000E+00 0.000000000E+00
 0.000000000E+00 0.000000000E+00 0.000000000E+00 0.000000000E+00 0.000000000E+00
 0.000000000E+00 0.000000000E+00 0.000000000E+00 0.000000000E+00 0.000000000E+00
 0.000000000E+00 0.000000000E+00 0.000000000E+00 0.000000000E+00 0.000000000E+00
 0.000000000E+00 0.000000000E+00 0.000000000E+00 0.000000000E+00 0.000000000E+00
 0.000000000E+00 0.000000000E+00 0.000000000E+00 0.000000000E+00 0.000000000E+00
 0.000000000E+00 0.678024590E-01 0.971236899E-01 0.120207034E+00 0.140043184E+00
 0.158081591E+00 0.174792901E+00 0.190523848E+00 0.205530360E+00 0.219972759E+00
 0.233966589E+00 0.247574002E+00 0.259684891E+00 0.272810102E+00 0.285745621E+00
 0.298503935E+00 0.311027616E+00 0.323479354E+00 0.335789561E+00 0.347949892E+00
 0.360059530E+00 0.372080058E+00 0.383995235E+00 0.395927995E+00 0.407770276E+00
 0.419540197E+00 0.431340665E+00 0.443105191E+00 0.454849720E+00 0.466603994E+00
 0.478350937E+00 0.490105569E+00 0.501922369E+00 0.513725638E+00 0.525561929E+00
 0.537471175E+00 0.549408317E+00 0.561413705E+00 0.573518634E+00 0.585659087E+00
 0.597888589E+00 0.610250473E+00 0.622732937E+00 0.635319412E+00 0.648060024E+00
 0.660961390E+00 0.674060404E+00 0.687374532E+00 0.700871527E+00 0.714708209E+00
 0.728810370E+00 0.743235886E+00 0.758049250E+00 0.773334682E+00 0.789128184E+00
 0.805462122E+00 0.822530389E+00 0.840332329E+00 0.859097719E+00 0.878979921E+00
 0.900083840E+00 0.922650695E+00 0.946838737E+00 0.972631097E+00 0.100000000E+01
    1
 0.000000000E+00 0.000000000E+00 0.000000000E+00 0.000000000E+00 0.000000000E+00
 0.000000000E+00 0.000000000E+00 0.000000000E+00 0.000000000E+00 0.000000000E+00
 0.000000000E+00 0.000000000E+00 0.000000000E+00 0.000000000E+00 0.000000000E+00
 0.000000000E+00 0.000000000E+00 0.000000000E+00 0.000000000E+00 0.000000000E+00
 0.000000000E+00 0.000000000E+00 0.000000000E+00 0.000000000E+00 0.000000000E+00
 0.000000000E+00 0.000000000E+00 0.000000000E+00 0.000000000E+00 0.000000000E+00
 0.000000000E+00 0.000000000E+00 0.000000000E+00 0.000000000E+00 0.000000000E+00
 0.000000000E+00 0.000000000E+00 0.000000000E+00 0.000000000E+00 0.000000000E+00
 0.000000000E+00 0.000000000E+00 0.000000000E+00 0.000000000E+00 0.000000000E+00
 0.000000000E+00 0.000000000E+00 0.000000000E+00 0.000000000E+00 0.000000000E+00
 0.000000000E+00 0.000000000E+00 0.000000000E+00 0.000000000E+00 0.000000000E+00
 0.000000000E+00 0.000000000E+00 0.000000000E+00 0.000000000E+00 0.000000000E+00
 0.000000000E+00 0.000000000E+00 0.000000000E+00 0.000000000E+00 0.000000000E+00
