  EFITD    01/21/2000    #194347  3105ms           7  65  65
 0.170000005E+01 0.320000005E+01 0.169550002E+01 0.839999974E+00 0.000000000E+00
 0.187566328E+01-0.682389131E-02-0.264068395E+00-0.105154693E+00 0.201167035E+01
 0.594379438E+06-0.264068395E+00 0.000000000E+00 0.187566328E+01 0.000000000E+00
-0.682389131E-02 0.000000000E+00-0.105154693E+00 0.000000000E+00 0.000000000E+00
 0.339629769E+01 0.339693403E+01 0.339755130E+01 0.339814997E+01 0.339873028E+01
 0.339929247E+01 0.339983702E+01 0.340036416E+01 0.340087414E+01 0.340136695E+01
 0.340184355E+01 0.340230346E+01 0.340274763E+01 0.340317583E+01 0.340358877E+01
 0.340398645E+01 0.340436935E+01 0.340473747E+01 0.340509152E+01 0.340543127E+01
 0.340575743E+01 0.340606999E+01 0.340636969E+01 0.340665627E+01 0.340693021E+01
 0.340719175E+01 0.340744162E+01 0.340767932E+01 0.340790582E+01 0.340812087E+01
 0.340832520E+01 0.340851879E+01 0.340870214E+01 0.340887547E+01 0.340903878E+01
 0.340919280E+01 0.340933752E+01 0.340947342E+01 0.340960050E+01 0.340971923E+01
 0.340982985E+01 0.340993285E+01 0.341002798E+01 0.341011620E+01 0.341019726E+01
 0.341027164E+01 0.341033959E+01 0.341040134E+01 0.341045737E+01 0.341050792E+01
 0.341055298E+01 0.341059303E+01 0.341062856E+01 0.341065955E+01 0.341068625E+01
 0.341070914E+01 0.341072869E+01 0.341074467E+01 0.341075754E+01 0.341076779E+01
 0.341077542E+01 0.341078091E+01 0.341078448E+01 0.341078663E+01 0.341078711E+01
 0.657295547E+05 0.636902461E+05 0.616831172E+05 0.597081641E+05 0.577653828E+05
 0.558547695E+05 0.539763281E+05 0.521300547E+05 0.503159414E+05 0.485339961E+05
 0.467842070E+05 0.450665820E+05 0.433811094E+05 0.417277930E+05 0.401066328E+05
 0.385176211E+05 0.369607578E+05 0.354360391E+05 0.339434688E+05 0.324830430E+05
 0.310547578E+05 0.296586094E+05 0.282946016E+05 0.269627266E+05 0.256629844E+05
 0.243953750E+05 0.231598945E+05 0.219565430E+05 0.207853145E+05 0.196462109E+05
 0.185392266E+05 0.174643633E+05 0.164216191E+05 0.154109883E+05 0.144324717E+05
 0.134860664E+05 0.125717715E+05 0.116895840E+05 0.108395020E+05 0.100215234E+05
 0.923564648E+04 0.848187012E+04 0.776019043E+04 0.707060742E+04 0.641311816E+04
 0.578772070E+04 0.519441260E+04 0.463319336E+04 0.410405957E+04 0.360700952E+04
 0.314204199E+04 0.270915430E+04 0.230834448E+04 0.193961096E+04 0.160295154E+04
 0.129836426E+04 0.102584717E+04 0.785398315E+03 0.577015625E+03 0.400697205E+03
 0.256441101E+03 0.144245270E+03 0.641078033E+02 0.160267048E+02 0.000000000E+00
 0.883234203E+00 0.857325852E+00 0.831801116E+00 0.806660116E+00 0.781902850E+00
 0.757529318E+00 0.733539641E+00 0.709933758E+00 0.686711729E+00 0.663873672E+00
 0.641419530E+00 0.619349301E+00 0.597663164E+00 0.576361001E+00 0.555442989E+00
 0.534909010E+00 0.514759243E+00 0.494993627E+00 0.475612223E+00 0.456615090E+00
 0.438002229E+00 0.419773668E+00 0.401929468E+00 0.384469658E+00 0.367394269E+00
 0.350703359E+00 0.334396929E+00 0.318475008E+00 0.302937657E+00 0.287784874E+00
 0.273016751E+00 0.258633286E+00 0.244634509E+00 0.231020480E+00 0.217791200E+00
 0.204946727E+00 0.192487091E+00 0.180412322E+00 0.168722451E+00 0.157417521E+00
 0.146497577E+00 0.135962620E+00 0.125812724E+00 0.116047889E+00 0.106668167E+00
 0.976735950E-01 0.890641958E-01 0.808400139E-01 0.730010793E-01 0.655474290E-01
 0.584790967E-01 0.517961159E-01 0.454985201E-01 0.395863429E-01 0.340596214E-01
 0.289183892E-01 0.241626818E-01 0.197925307E-01 0.158079732E-01 0.122090429E-01
 0.899577327E-02 0.616820017E-02 0.372635736E-02 0.167027907E-02 0.000000000E+00
-0.827777938E+06-0.814818875E+06-0.801860625E+06-0.788903125E+06-0.775946500E+06
-0.762990625E+06-0.750035500E+06-0.737081250E+06-0.724127750E+06-0.711175062E+06
-0.698223125E+06-0.685272062E+06-0.672321750E+06-0.659372188E+06-0.646423500E+06
-0.633475562E+06-0.620528375E+06-0.607582062E+06-0.594636500E+06-0.581691750E+06
-0.568747812E+06-0.555804625E+06-0.542862250E+06-0.529920688E+06-0.516979906E+06
-0.504039906E+06-0.491100719E+06-0.478162312E+06-0.465224719E+06-0.452287906E+06
-0.439351875E+06-0.426416656E+06-0.413482250E+06-0.400548594E+06-0.387615781E+06
-0.374683719E+06-0.361752469E+06-0.348822031E+06-0.335892344E+06-0.322963500E+06
-0.310035406E+06-0.297108156E+06-0.284181656E+06-0.271255969E+06-0.258331078E+06
-0.245406969E+06-0.232483672E+06-0.219561156E+06-0.206639438E+06-0.193718516E+06
-0.180798391E+06-0.167879047E+06-0.154960516E+06-0.142042766E+06-0.129125820E+06
-0.116209664E+06-0.103294297E+06-0.903797344E+05-0.774659609E+05-0.645529805E+05
-0.516407930E+05-0.387294062E+05-0.258188086E+05-0.129090068E+05 0.000000000E+00
 0.157650232E+00 0.156706125E+00 0.155661732E+00 0.154469147E+00 0.153148070E+00
 0.151772007E+00 0.150440916E+00 0.149260640E+00 0.148355857E+00 0.147875130E+00
 0.147981793E+00 0.149008736E+00 0.150248349E+00 0.150255457E+00 0.149313733E+00
 0.147534758E+00 0.144935504E+00 0.141476884E+00 0.137046248E+00 0.131409138E+00
 0.124116041E+00 0.116624773E+00 0.110053204E+00 0.104045354E+00 0.984175876E-01
 0.930730999E-01 0.879585072E-01 0.830435753E-01 0.783111304E-01 0.737497807E-01
 0.692627430E-01 0.647963062E-01 0.603203736E-01 0.557863601E-01 0.511465371E-01
 0.463542528E-01 0.414120592E-01 0.363863409E-01 0.312749557E-01 0.260969326E-01
 0.208863579E-01 0.156838056E-01 0.105281845E-01 0.545208342E-02 0.481138763E-03
-0.436428096E-02-0.906684529E-02-0.136104152E-01-0.179788098E-01-0.221551396E-01
-0.261215921E-01-0.298595447E-01-0.333499536E-01-0.365739390E-01-0.395135097E-01
-0.421523601E-01-0.444767140E-01-0.464760773E-01-0.481439158E-01-0.494781286E-01
-0.504813343E-01-0.511608832E-01-0.515286624E-01-0.516006388E-01-0.513962470E-01
 0.156062797E+00 0.154679760E+00 0.153266415E+00 0.151804447E+00 0.150301650E+00
 0.148790568E+00 0.147331610E+00 0.146001458E+00 0.144870713E+00 0.144013852E+00
 0.143473208E+00 0.143269643E+00 0.143016070E+00 0.142165408E+00 0.140647814E+00
 0.138461486E+00 0.135593295E+00 0.132008016E+00 0.127647236E+00 0.122439109E+00
 0.116383113E+00 0.110063180E+00 0.104013264E+00 0.982505605E-01 0.927315354E-01
 0.874159113E-01 0.822734386E-01 0.772826672E-01 0.724291578E-01 0.677020922E-01
 0.630106404E-01 0.583074093E-01 0.535742268E-01 0.487833917E-01 0.439066477E-01
 0.389144085E-01 0.338229537E-01 0.286980122E-01 0.235325824E-01 0.183318406E-01
 0.131102623E-01 0.788798928E-02 0.268767844E-02-0.246769423E-02-0.755585590E-02
-0.125552798E-01-0.174446460E-01-0.222021136E-01-0.268046800E-01-0.312277619E-01
-0.354450829E-01-0.394288972E-01-0.431505330E-01-0.465812199E-01-0.496931970E-01
-0.524609350E-01-0.548624732E-01-0.568806529E-01-0.585042201E-01-0.597286336E-01
-0.605564900E-01-0.609975606E-01-0.610683709E-01-0.607914105E-01-0.601940267E-01
 0.154308751E+00 0.152641430E+00 0.150929511E+00 0.149166882E+00 0.147361502E+00
 0.145562246E+00 0.143802419E+00 0.142111421E+00 0.140514135E+00 0.138999924E+00
 0.137542114E+00 0.136074498E+00 0.134476200E+00 0.132609114E+00 0.130368337E+00
 0.127689600E+00 0.124534719E+00 0.120882303E+00 0.116729878E+00 0.112108551E+00
 0.107106447E+00 0.101870023E+00 0.965489149E-01 0.912417918E-01 0.859965980E-01
 0.808313638E-01 0.757493824E-01 0.707467496E-01 0.658151284E-01 0.609386154E-01
 0.560804307E-01 0.512101315E-01 0.463089831E-01 0.413598381E-01 0.363469906E-01
 0.312593579E-01 0.261054523E-01 0.209052451E-01 0.156637970E-01 0.103861270E-01
 0.508074742E-02-0.240492271E-03-0.556309009E-02-0.108704930E-01-0.161443818E-01
-0.213646032E-01-0.265087970E-01-0.315518752E-01-0.364655256E-01-0.412178375E-01
-0.457732528E-01-0.500929132E-01-0.541354567E-01-0.578583367E-01-0.612195432E-01
-0.641796738E-01-0.667041540E-01-0.687653795E-01-0.703446940E-01-0.714337379E-01
-0.720353052E-01-0.721633360E-01-0.718421564E-01-0.711050183E-01-0.699920431E-01
 0.152480617E+00 0.150591746E+00 0.148604050E+00 0.146520719E+00 0.144364640E+00
 0.142193988E+00 0.140035018E+00 0.137886837E+00 0.135744780E+00 0.133600578E+00
 0.131429955E+00 0.129190966E+00 0.126827195E+00 0.124276847E+00 0.121483468E+00
 0.118403159E+00 0.115007259E+00 0.111283362E+00 0.107236966E+00 0.102893822E+00
 0.983002409E-01 0.935175195E-01 0.886101425E-01 0.836338326E-01 0.786295235E-01
 0.736234263E-01 0.686298534E-01 0.636540875E-01 0.586942509E-01 0.537423901E-01
 0.487860143E-01 0.438110344E-01 0.388041660E-01 0.337538868E-01 0.286511313E-01
 0.234904215E-01 0.182705000E-01 0.129930796E-01 0.766093610E-02 0.227758125E-02
-0.315212505E-02-0.862147007E-02-0.141216004E-01-0.196412671E-01-0.251664538E-01
-0.306798201E-01-0.361599438E-01-0.415804088E-01-0.469089039E-01-0.521064326E-01
-0.571269281E-01-0.619174540E-01-0.664192587E-01-0.705697164E-01-0.743051767E-01
-0.775644034E-01-0.802925006E-01-0.824447349E-01-0.839900821E-01-0.849139020E-01
-0.852195024E-01-0.849281996E-01-0.840779394E-01-0.827204585E-01-0.809174329E-01
 0.150760561E+00 0.148713261E+00 0.146421805E+00 0.143937171E+00 0.141347542E+00
 0.138724685E+00 0.136084229E+00 0.133433610E+00 0.130770430E+00 0.128083602E+00
 0.125353739E+00 0.122554027E+00 0.119652413E+00 0.116614968E+00 0.113409899E+00
 0.110011086E+00 0.106400631E+00 0.102570526E+00 0.985235870E-01 0.942734107E-01
 0.898431912E-01 0.852627680E-01 0.805645734E-01 0.757794082E-01 0.709333792E-01
 0.660463423E-01 0.611317120E-01 0.561969243E-01 0.512442887E-01 0.462718792E-01
 0.412746482E-01 0.362456068E-01 0.311769415E-01 0.260609128E-01 0.208905246E-01
 0.156599712E-01 0.103648230E-01 0.500187930E-02-0.431061722E-03-0.593532203E-02
-0.115112299E-01-0.171578489E-01-0.228725653E-01-0.286505409E-01-0.344839357E-01
-0.403608494E-01-0.462639704E-01-0.521688461E-01-0.580419526E-01-0.638386980E-01
-0.695017800E-01-0.749604478E-01-0.801313818E-01-0.849215314E-01-0.892328992E-01
-0.929685831E-01-0.960394666E-01-0.983712003E-01-0.999109372E-01-0.100632712E+00
-0.100540601E+00-0.996691212E-01-0.980808064E-01-0.958608165E-01-0.931090117E-01
 0.149609253E+00 0.147658750E+00 0.144670546E+00 0.141414404E+00 0.138219923E+00
 0.135054529E+00 0.131907895E+00 0.128770351E+00 0.125630438E+00 0.122474007E+00
 0.119283967E+00 0.116040647E+00 0.112722725E+00 0.109308757E+00 0.105778910E+00
 0.102116644E+00 0.983101577E-01 0.943533629E-01 0.902463123E-01 0.859950632E-01
 0.816108510E-01 0.771086812E-01 0.725055262E-01 0.678184479E-01 0.630629882E-01
 0.582520217E-01 0.533951968E-01 0.484987460E-01 0.435656272E-01 0.385959297E-01
 0.335873365E-01 0.285356976E-01 0.234355964E-01 0.182808228E-01 0.130647672E-01
 0.778068416E-02 0.242182659E-02-0.301851262E-02-0.854701269E-02-0.141703095E-01
-0.198949054E-01-0.257269554E-01-0.316718891E-01-0.377338007E-01-0.439145379E-01
-0.502123162E-01-0.566197895E-01-0.631212965E-01-0.696892515E-01-0.762796327E-01
-0.828269124E-01-0.892397314E-01-0.953994691E-01-0.101164438E+00-0.106379896E+00
-0.110889599E+00-0.114545532E+00-0.117219143E+00-0.118815988E+00-0.119288497E+00
-0.118641406E+00-0.116931826E+00-0.114267044E+00-0.110796534E+00-0.106693842E+00
 0.147747606E+00 0.145753995E+00 0.142316237E+00 0.138434216E+00 0.134680182E+00
 0.131012872E+00 0.127401665E+00 0.123824760E+00 0.120264426E+00 0.116704278E+00
 0.113128193E+00 0.109519921E+00 0.105863355E+00 0.102143072E+00 0.983450785E-01
 0.944576561E-01 0.904720053E-01 0.863827616E-01 0.821881890E-01 0.778900757E-01
 0.734932721E-01 0.690049976E-01 0.644339249E-01 0.597892068E-01 0.550796241E-01
 0.503128134E-01 0.454947948E-01 0.406296402E-01 0.357194096E-01 0.307641625E-01
 0.257621165E-01 0.207098480E-01 0.156025104E-01 0.104340240E-01 0.519723957E-02
-0.115977768E-03-0.551471533E-02-0.110090403E-01-0.166100617E-01-0.223299954E-01
-0.281821974E-01-0.341811441E-01-0.403422751E-01-0.466816537E-01-0.532153100E-01
-0.599580929E-01-0.669217557E-01-0.741117895E-01-0.815224126E-01-0.891286358E-01
-0.968743339E-01-0.104655921E+00-0.112305358E+00-0.119588509E+00-0.126243651E+00
-0.132030576E+00-0.136709988E+00-0.140035465E+00-0.141818374E+00-0.141976550E+00
-0.140527427E+00-0.137552753E+00-0.133221030E+00-0.127824426E+00-0.121708438E+00
 0.144788265E+00 0.142636701E+00 0.138867527E+00 0.134626582E+00 0.130488828E+00
 0.126433283E+00 0.122441433E+00 0.118495874E+00 0.114580616E+00 0.110680670E+00
 0.106781773E+00 0.102870233E+00 0.989330262E-01 0.949580073E-01 0.909342840E-01
 0.868526027E-01 0.827056468E-01 0.784883127E-01 0.741977543E-01 0.698333606E-01
 0.653964430E-01 0.608899221E-01 0.563177727E-01 0.516845286E-01 0.469947234E-01
 0.422524512E-01 0.374609455E-01 0.326223187E-01 0.277373511E-01 0.228054058E-01
 0.178243686E-01 0.127906427E-01 0.769915758E-02 0.254336186E-02-0.268480321E-02
-0.799497683E-02-0.133984955E-01-0.189085640E-01-0.245404765E-01-0.303118713E-01
-0.362430401E-01-0.423572324E-01-0.486809984E-01-0.552444495E-01-0.620814748E-01
-0.692297146E-01-0.767300799E-01-0.846254379E-01-0.929575190E-01-0.101760298E+00
-0.111045800E+00-0.120773137E+00-0.130778030E+00-0.140616760E+00-0.149430960E+00
-0.157268494E+00-0.163934827E+00-0.168586239E+00-0.170768037E+00-0.170394108E+00
-0.167803213E+00-0.163083702E+00-0.155814871E+00-0.147102684E+00-0.137827560E+00
 0.140895069E+00 0.138528585E+00 0.134543017E+00 0.130031526E+00 0.125600621E+00
 0.121242508E+00 0.116946802E+00 0.112701714E+00 0.108495116E+00 0.104314946E+00
 0.100149453E+00 0.959873050E-01 0.918177366E-01 0.876307338E-01 0.834172666E-01
 0.791694596E-01 0.748808309E-01 0.705463737E-01 0.661626235E-01 0.617275871E-01
 0.572406426E-01 0.527022779E-01 0.481138155E-01 0.434770919E-01 0.387941077E-01
 0.340667143E-01 0.292963162E-01 0.244836099E-01 0.196283832E-01 0.147293331E-01
 0.978393015E-02 0.478828419E-02-0.262980524E-03-0.537686329E-02-0.105621554E-01
-0.158296470E-01-0.211923867E-01-0.266660098E-01-0.322691314E-01-0.380238406E-01
-0.439562984E-01-0.500974767E-01-0.564840399E-01-0.631594732E-01-0.701754540E-01
-0.775936618E-01-0.854879692E-01-0.939474702E-01-0.103080317E+00-0.113019034E+00
-0.123927943E+00-0.136014730E+00-0.149553850E+00-0.164971530E+00-0.182746872E+00
-0.198212221E+00-0.209756956E+00-0.217226654E+00-0.220298901E+00-0.218384534E+00
-0.211440727E+00-0.197781608E+00-0.182392463E+00-0.167529583E+00-0.153530911E+00
 0.136246189E+00 0.133634195E+00 0.129436299E+00 0.124688640E+00 0.120014615E+00
 0.115411676E+00 0.110871427E+00 0.106384777E+00 0.101942360E+00 0.975347236E-01
 0.931524038E-01 0.887860805E-01 0.844267383E-01 0.800658539E-01 0.756955966E-01
 0.713089556E-01 0.668999404E-01 0.624636263E-01 0.579962246E-01 0.534950383E-01
 0.489583984E-01 0.443855077E-01 0.397762656E-01 0.351310633E-01 0.304505378E-01
 0.257353391E-01 0.209858958E-01 0.162021909E-01 0.113835502E-01 0.652844319E-02
 0.163428835E-02-0.330274017E-02-0.828791689E-02-0.133281909E-01-0.184324477E-01
-0.236118101E-01-0.288800020E-01-0.342537984E-01-0.397535525E-01-0.454038568E-01
-0.512343720E-01-0.572808534E-01-0.635864809E-01-0.702035502E-01-0.771958083E-01
-0.846415535E-01-0.926380381E-01-0.101307862E+00-0.110808581E+00-0.121347800E+00
-0.133208081E+00-0.146790221E+00-0.162690684E+00-0.181827694E+00-0.205542505E+00
-0.230298072E+00-0.248091355E+00-0.259005845E+00-0.263295323E+00-0.260857284E+00
-0.250520527E+00-0.231454730E+00-0.206075266E+00-0.184084788E+00-0.165060461E+00
 0.130901322E+00 0.128045753E+00 0.123544924E+00 0.118583962E+00 0.113714308E+00
 0.108916737E+00 0.104181759E+00 0.995022506E-01 0.948714912E-01 0.902823806E-01
 0.857273862E-01 0.811986998E-01 0.766885057E-01 0.721891969E-01 0.676936284E-01
 0.631952882E-01 0.586884506E-01 0.541682653E-01 0.496308096E-01 0.450730845E-01
 0.404929519E-01 0.358890668E-01 0.312607400E-01 0.266077816E-01 0.219303388E-01
 0.172286965E-01 0.125030885E-01 0.775349699E-02 0.297944900E-02-0.182019081E-02
-0.664743455E-02-0.115053952E-01-0.163985360E-01-0.213329326E-01-0.263165962E-01
-0.313598141E-01-0.364755690E-01-0.416800380E-01-0.469931737E-01-0.524394177E-01
-0.580485836E-01-0.638569444E-01-0.699086115E-01-0.762573257E-01-0.829687864E-01
-0.901238397E-01-0.978228152E-01-0.106191576E+00-0.115390174E+00-0.125625268E+00
-0.137167796E+00-0.150377303E+00-0.165732265E+00-0.183859810E+00-0.205552980E+00
-0.231553525E+00-0.252645493E+00-0.265778363E+00-0.271318823E+00-0.269388616E+00
-0.260178477E+00-0.242532223E+00-0.216168076E+00-0.189630970E+00-0.167547032E+00
 0.124534704E+00 0.121320955E+00 0.116727047E+00 0.111681364E+00 0.106686957E+00
 0.101742312E+00 0.968529731E-01 0.920199826E-01 0.872408226E-01 0.825106353E-01
 0.778230727E-01 0.731709823E-01 0.685469061E-01 0.639434606E-01 0.593536384E-01
 0.547710061E-01 0.501898937E-01 0.456054695E-01 0.410137922E-01 0.364118256E-01
 0.317973904E-01 0.271691047E-01 0.225262940E-01 0.178688616E-01 0.131971464E-01
 0.851178169E-02 0.381351123E-02-0.896980520E-03-0.561926328E-02-0.103533622E-01
-0.150999753E-01-0.198607054E-01-0.246383194E-01-0.294370297E-01-0.342628211E-01
-0.391237997E-01-0.440306254E-01-0.489969626E-01-0.540400594E-01-0.591813698E-01
-0.644473284E-01-0.698702410E-01-0.754893869E-01-0.813523158E-01-0.875165015E-01
-0.940513015E-01-0.101040475E+00-0.108585194E+00-0.116807669E+00-0.125855207E+00
-0.135904089E+00-0.147162274E+00-0.159868598E+00-0.174287617E+00-0.190706909E+00
-0.209495306E+00-0.229074493E+00-0.240783513E+00-0.245753929E+00-0.244592294E+00
-0.237074360E+00-0.223743901E+00-0.203691050E+00-0.178596660E+00-0.157492802E+00
 0.117715634E+00 0.114130184E+00 0.109308705E+00 0.104127988E+00 0.989819318E-01
 0.938894674E-01 0.888624191E-01 0.839035138E-01 0.790101513E-01 0.741766766E-01
 0.693957135E-01 0.646590814E-01 0.599584393E-01 0.552856848E-01 0.506332964E-01
 0.459945127E-01 0.413634852E-01 0.367353447E-01 0.321062319E-01 0.274732858E-01
 0.228346139E-01 0.181892272E-01 0.135369459E-01 0.887830928E-02 0.421444885E-02
-0.453044689E-03-0.512226764E-02-0.979116466E-02-0.144577036E-01-0.191200636E-01
-0.237768404E-01-0.284272749E-01-0.330715030E-01-0.377108268E-01-0.423480161E-01
-0.469876677E-01-0.516365469E-01-0.563040338E-01-0.610025749E-01-0.657481775E-01
-0.705609620E-01-0.754657462E-01-0.804926753E-01-0.856778473E-01-0.910639241E-01
-0.967006162E-01-0.102645010E+00-0.108961307E+00-0.115719773E+00-0.122993849E+00
-0.130854309E+00-0.139357805E+00-0.148525611E+00-0.158303857E+00-0.168484643E+00
-0.178535089E+00-0.187298417E+00-0.193222463E+00-0.195400789E+00-0.193582922E+00
-0.187803298E+00-0.178300977E+00-0.165644541E+00-0.151037872E+00-0.136162519E+00
 0.110466518E+00 0.106624886E+00 0.101408593E+00 0.959218517E-01 0.905572474E-01
 0.853037387E-01 0.801539272E-01 0.750995651E-01 0.701308921E-01 0.652370229E-01
 0.604065843E-01 0.556283593E-01 0.508917235E-01 0.461869612E-01 0.415054597E-01
 0.368398093E-01 0.321838707E-01 0.275327582E-01 0.228828415E-01 0.182316862E-01
 0.135780005E-01 0.892156176E-02 0.426313421E-02-0.395631185E-03-0.505229598E-02
-0.970375445E-02-0.143463574E-01-0.189760551E-01-0.235885475E-01-0.281794555E-01
-0.327445045E-01-0.372797400E-01-0.417817421E-01-0.462478921E-01-0.506766364E-01
-0.550678112E-01-0.594229475E-01-0.637456402E-01-0.680418909E-01-0.723204836E-01
-0.765933320E-01-0.808757544E-01-0.851866975E-01-0.895488039E-01-0.939882174E-01
-0.985339954E-01-0.103216931E+00-0.108067490E+00-0.113112375E+00-0.118369147E+00
-0.123837933E+00-0.129488885E+00-0.135243699E+00-0.140949726E+00-0.146347985E+00
-0.151047319E+00-0.154540390E+00-0.156299740E+00-0.155915409E+00-0.153175727E+00
-0.148077220E+00-0.140816435E+00-0.131785572E+00-0.121541724E+00-0.110703349E+00
 0.102022067E+00 0.978643149E-01 0.924470499E-01 0.867438167E-01 0.812136605E-01
 0.758463666E-01 0.706253052E-01 0.655316338E-01 0.605459884E-01 0.556496121E-01
 0.508250669E-01 0.460566618E-01 0.413306355E-01 0.366351865E-01 0.319604315E-01
 0.272983406E-01 0.226426143E-01 0.179885961E-01 0.133331632E-01 0.867463555E-02
 0.401268201E-02-0.651762006E-03-0.531658484E-02-0.997858308E-02-0.146335512E-01
-0.192763768E-01-0.239011440E-01-0.285012461E-01-0.330695137E-01-0.375983566E-01
-0.420799106E-01-0.465062372E-01-0.508695133E-01-0.551622547E-01-0.593775846E-01
-0.635094866E-01-0.675531030E-01-0.715050474E-01-0.753637180E-01-0.791295692E-01
-0.828053355E-01-0.863961652E-01-0.899096429E-01-0.933555961E-01-0.967455953E-01
-0.100091897E+00-0.103405818E+00-0.106695145E+00-0.109960593E+00-0.113190927E+00
-0.116356820E+00-0.119403310E+00-0.122241385E+00-0.124739975E+00-0.126721680E+00
-0.127967685E+00-0.128237635E+00-0.127304882E+00-0.124997735E+00-0.121232912E+00
-0.116033241E+00-0.109529927E+00-0.101950720E+00-0.935930088E-01-0.847832486E-01
 0.924190134E-01 0.879245326E-01 0.822311044E-01 0.763622224E-01 0.707469881E-01
 0.653577968E-01 0.601608120E-01 0.551211536E-01 0.502062403E-01 0.453873128E-01
 0.406398885E-01 0.359435827E-01 0.312817171E-01 0.266408809E-01 0.220104977E-01
 0.173824821E-01 0.127509469E-01 0.811197422E-02 0.346343359E-02-0.119516044E-02
-0.586276082E-02-0.105368802E-01-0.152136702E-01-0.198879894E-01-0.245534666E-01
-0.292025749E-01-0.338266902E-01-0.384161733E-01-0.429604687E-01-0.474481955E-01
-0.518672690E-01-0.562050641E-01-0.604485683E-01-0.645845830E-01-0.685999766E-01
-0.724819005E-01-0.762180835E-01-0.797971264E-01-0.832088813E-01-0.864447653E-01
-0.894979462E-01-0.923633650E-01-0.950378776E-01-0.975202844E-01-0.998110399E-01
-0.101911321E+00-0.103821494E+00-0.105538830E+00-0.107054390E+00-0.108349271E+00
-0.109390743E+00-0.110129133E+00-0.110495597E+00-0.110401712E+00-0.109742105E+00
-0.108401574E+00-0.106267169E+00-0.103244305E+00-0.992738754E-01-0.943466499E-01
-0.885117576E-01-0.818775669E-01-0.746045634E-01-0.668908954E-01-0.589529574E-01
 0.812274441E-01 0.763442665E-01 0.704084784E-01 0.644797832E-01 0.589272566E-01
 0.536786914E-01 0.486633778E-01 0.438200012E-01 0.390989855E-01 0.344615392E-01
 0.298777353E-01 0.253246464E-01 0.207848065E-01 0.162450504E-01 0.116956616E-01
 0.712976605E-02 0.254289201E-02-0.206733681E-02-0.670141727E-02-0.113581177E-01
-0.160345808E-01-0.207263995E-01-0.254276581E-01-0.301309712E-01-0.348275080E-01
-0.395070165E-01-0.441578478E-01-0.487669706E-01-0.533200353E-01-0.578014180E-01
-0.621942803E-01-0.664806962E-01-0.706417561E-01-0.746577680E-01-0.785084367E-01
-0.821731761E-01-0.856312811E-01-0.888620690E-01-0.918457732E-01-0.945641771E-01
-0.970008224E-01-0.991401002E-01-0.100967884E+00-0.102473199E+00-0.103648499E+00
-0.104489245E+00-0.104992837E+00-0.105156831E+00-0.104975782E+00-0.104436591E+00
-0.103514373E+00-0.102173179E+00-0.100367010E+00-0.980420038E-01-0.951403156E-01
-0.916059390E-01-0.873925462E-01-0.824724212E-01-0.768454894E-01-0.705466866E-01
-0.636503771E-01-0.562704541E-01-0.485556833E-01-0.406802483E-01-0.328306444E-01
 0.677253529E-01 0.623429380E-01 0.563677102E-01 0.506662391E-01 0.455037728E-01
 0.406971537E-01 0.361135267E-01 0.316644944E-01 0.272913724E-01 0.229544360E-01
 0.186261684E-01 0.142871924E-01 0.992378872E-02 0.552635081E-02 0.108842144E-02
-0.339393551E-02-0.792252645E-02-0.124972826E-01-0.171164107E-01-0.217764862E-01
-0.264724921E-01-0.311978329E-01-0.359443277E-01-0.407021828E-01-0.454599597E-01
-0.502045266E-01-0.549210384E-01-0.595928952E-01-0.642017052E-01-0.687272921E-01
-0.731476694E-01-0.774391294E-01-0.815762579E-01-0.855320245E-01-0.892780870E-01
-0.927854478E-01-0.960243493E-01-0.989619642E-01-0.101566494E+00-0.103809580E+00
-0.105668411E+00-0.107114576E+00-0.108117230E+00-0.108654693E+00-0.108713150E+00
-0.108286217E+00-0.107374787E+00-0.105987236E+00-0.104139969E+00-0.101838522E+00
-0.990637913E-01-0.957901627E-01-0.919870958E-01-0.876218006E-01-0.826629251E-01
-0.770854950E-01-0.708767772E-01-0.640429258E-01-0.566157624E-01-0.486588515E-01
-0.402719751E-01-0.315927118E-01-0.227938313E-01-0.140752941E-01-0.565044349E-02
 0.506303757E-01 0.443749465E-01 0.389568917E-01 0.344576538E-01 0.304188412E-01
 0.265389532E-01 0.227046516E-01 0.188626144E-01 0.149837062E-01 0.110504264E-01
 0.705167465E-02 0.298027578E-02-0.116828457E-02-0.539653515E-02-0.970538612E-02
-0.140943211E-01-0.185614880E-01-0.231037233E-01-0.277165361E-01-0.323940627E-01
-0.371289924E-01-0.419124998E-01-0.467341430E-01-0.515817553E-01-0.564413443E-01
-0.612969771E-01-0.661306605E-01-0.709222332E-01-0.756492466E-01-0.802868903E-01
-0.848078653E-01-0.891823098E-01-0.933781192E-01-0.973597839E-01-0.101088524E+00
-0.104527354E+00-0.107645638E+00-0.110383771E+00-0.112689577E+00-0.114517406E+00
-0.115826845E+00-0.116581514E+00-0.116750024E+00-0.116308458E+00-0.115241945E+00
-0.113545887E+00-0.111227222E+00-0.108305760E+00-0.104815677E+00-0.100801311E+00
-0.962470844E-01-0.911319107E-01-0.854314640E-01-0.791208893E-01-0.721780881E-01
-0.645880327E-01-0.563479811E-01-0.474738255E-01-0.380074084E-01-0.280248448E-01
-0.176452342E-01-0.703864545E-02 0.356948818E-02 0.139024397E-01 0.236504637E-01
 0.289431792E-01 0.207004715E-01 0.183175784E-01 0.167970862E-01 0.145554692E-01
 0.119119082E-01 0.899103843E-02 0.585216843E-02 0.252779666E-02-0.962414138E-03
-0.460558338E-02-0.839261338E-02-0.123165352E-01-0.163715109E-01-0.205521807E-01
-0.248532034E-01-0.292689130E-01-0.337930433E-01-0.384184942E-01-0.431371219E-01
-0.479395501E-01-0.528149679E-01-0.577509589E-01-0.627333000E-01-0.677457675E-01
-0.727699399E-01-0.777850077E-01-0.827675238E-01-0.876912102E-01-0.925270021E-01
-0.972423777E-01-0.101800233E+00-0.106165722E+00-0.110294208E+00-0.114118680E+00
-0.117578216E+00-0.120614424E+00-0.123167545E+00-0.125179723E+00-0.126596838E+00
-0.127369672E+00-0.127454877E+00-0.126816541E+00-0.125427887E+00-0.123273224E+00
-0.120349862E+00-0.116670147E+00-0.112263545E+00-0.107178897E+00-0.101486757E+00
-0.952081904E-01-0.883184895E-01-0.807902515E-01-0.725948215E-01-0.637045950E-01
-0.540963039E-01-0.437554382E-01-0.326822288E-01-0.208998881E-01-0.846612733E-02
 0.451053539E-02 0.178479906E-01 0.312611423E-01 0.443345979E-01 0.565296561E-01
 0.124080507E-01 0.339136575E-02 0.133756327E-02 0.871819153E-03-0.319450861E-03
-0.207517133E-02-0.426891074E-02-0.681473548E-02-0.965497550E-02-0.127502894E-01
-0.160730947E-01-0.196033884E-01-0.233260654E-01-0.272291452E-01-0.313025750E-01
-0.355373695E-01-0.399249867E-01-0.444568358E-01-0.491239019E-01-0.539163984E-01
-0.588234775E-01-0.638329461E-01-0.689310133E-01-0.741019994E-01-0.793280751E-01
-0.845889747E-01-0.898616537E-01-0.951201692E-01-0.100334153E+00-0.105472304E+00
-0.110500984E+00-0.115351446E+00-0.119959690E+00-0.124260962E+00-0.128187269E+00
-0.131669998E+00-0.134640858E+00-0.137032509E+00-0.138779745E+00-0.139821038E+00
-0.140100002E+00-0.139567092E+00-0.138181344E+00-0.135912523E+00-0.132743239E+00
-0.128671378E+00-0.123712480E+00-0.117902227E+00-0.111298829E+00-0.103985146E+00
-0.960485190E-01-0.874601528E-01-0.781846568E-01-0.681815818E-01-0.574066900E-01
-0.458136052E-01-0.333560891E-01-0.199915897E-01-0.568689918E-02 0.957233552E-02
 0.257649291E-01 0.428033806E-01 0.604728088E-01 0.782882422E-01 0.951597840E-01
-0.103009725E-02-0.105655361E-01-0.123372870E-01-0.125909727E-01-0.134247951E-01
-0.147651164E-01-0.165467840E-01-0.187128372E-01-0.212171935E-01-0.240238924E-01
-0.271051861E-01-0.304395519E-01-0.340099856E-01-0.378026441E-01-0.418058187E-01
-0.460091121E-01-0.504028201E-01-0.549774021E-01-0.597230829E-01-0.646294504E-01
-0.696851090E-01-0.748773739E-01-0.801919550E-01-0.856126100E-01-0.911208242E-01
-0.966955870E-01-0.102311969E+00-0.107946672E+00-0.113552935E+00-0.119067729E+00
-0.124428406E+00-0.129567087E+00-0.134413093E+00-0.138893515E+00-0.142933577E+00
-0.146457568E+00-0.149389759E+00-0.151655525E+00-0.153182566E+00-0.153902471E+00
-0.153752312E+00-0.152676538E+00-0.150629118E+00-0.147575781E+00-0.143496573E+00
-0.138388440E+00-0.132268056E+00-0.125174493E+00-0.117171936E+00-0.108352095E+00
-0.988363996E-01-0.886511877E-01-0.777476132E-01-0.660688281E-01-0.535484925E-01
-0.401095115E-01-0.256625991E-01-0.101046171E-01 0.668337615E-02 0.248381849E-01
 0.445164442E-01 0.658958107E-01 0.891721621E-01 0.114512950E+00 0.140492141E+00
-0.115923686E-01-0.214603599E-01-0.237438474E-01-0.240716245E-01-0.248519629E-01
-0.260613430E-01-0.276688524E-01-0.296440274E-01-0.319595151E-01-0.345919058E-01
-0.375215784E-01-0.407321714E-01-0.442099199E-01-0.479430333E-01-0.519211218E-01
-0.561347082E-01-0.605747737E-01-0.652323812E-01-0.700983033E-01-0.751627013E-01
-0.804147720E-01-0.858424008E-01-0.914318636E-01-0.971674919E-01-0.103030659E+00
-0.109004758E+00-0.115043052E+00-0.121088147E+00-0.127079606E+00-0.132951975E+00
-0.138635904E+00-0.144058213E+00-0.149142474E+00-0.153809682E+00-0.157978907E+00
-0.161568120E+00-0.164495215E+00-0.166679114E+00-0.168041155E+00-0.168506667E+00
-0.168006703E+00-0.166480124E+00-0.163875833E+00-0.160155311E+00-0.155295327E+00
-0.149290860E+00-0.142157972E+00-0.133936897E+00-0.124694623E+00-0.114527397E+00
-0.103562251E+00-0.919277966E-01-0.795703009E-01-0.664212927E-01-0.523964763E-01
-0.373926610E-01-0.212830659E-01-0.391045678E-02 0.149226962E-01 0.354687013E-01
 0.580567047E-01 0.831286162E-01 0.111305296E+00 0.143528551E+00 0.177956149E+00
-0.207380261E-01-0.309013370E-01-0.334811658E-01-0.339826643E-01-0.348558240E-01
-0.360881053E-01-0.376646928E-01-0.395744033E-01-0.418076664E-01-0.443554893E-01
-0.472091846E-01-0.503604189E-01-0.538012795E-01-0.575242788E-01-0.615222827E-01
-0.657883957E-01-0.703157485E-01-0.750973150E-01-0.801256672E-01-0.853927061E-01
-0.908893719E-01-0.966052711E-01-0.102528229E+00-0.108646810E+00-0.114924476E+00
-0.121309869E+00-0.127747595E+00-0.134177029E+00-0.140532896E+00-0.146745294E+00
-0.152740136E+00-0.158439428E+00-0.163761854E+00-0.168623343E+00-0.172937766E+00
-0.176617771E+00-0.179575831E+00-0.181725383E+00-0.182982296E+00-0.183266401E+00
-0.182503432E+00-0.180627182E+00-0.177581862E+00-0.173324794E+00-0.167829305E+00
-0.161087885E+00-0.153115258E+00-0.143951640E+00-0.133665696E+00-0.122357212E+00
-0.110159256E+00-0.972397774E-01-0.836418867E-01-0.692885816E-01-0.540871769E-01
-0.379236564E-01-0.206558518E-01-0.210424187E-02 0.179610122E-01 0.398385637E-01
 0.639218092E-01 0.907334238E-01 0.120964475E+00 0.155498579E+00 0.193364099E+00
-0.290450882E-01-0.395260789E-01-0.418461710E-01-0.426283628E-01-0.437025204E-01
-0.450372919E-01-0.466475561E-01-0.485502779E-01-0.507567003E-01-0.532726236E-01
-0.560999960E-01-0.592383295E-01-0.626856834E-01-0.664392859E-01-0.704958737E-01
-0.748518631E-01-0.795033798E-01-0.844461992E-01-0.896756351E-01-0.951863900E-01
-0.100972511E+00-0.107026696E+00-0.113329574E+00-0.119836211E+00-0.126498401E+00
-0.133262396E+00-0.140069246E+00-0.146854907E+00-0.153550431E+00-0.160082221E+00
-0.166372359E+00-0.172338977E+00-0.177896768E+00-0.182957545E+00-0.187430963E+00
-0.191225380E+00-0.194248825E+00-0.196410298E+00-0.197621062E+00-0.197796449E+00
-0.196857706E+00-0.194734290E+00-0.191366300E+00-0.186707377E+00-0.180727705E+00
-0.173417315E+00-0.164789438E+00-0.154883891E+00-0.143770218E+00-0.131550446E+00
-0.118360959E+00-0.104372941E+00-0.897799432E-01-0.745185316E-01-0.585065037E-01
-0.416411683E-01-0.237949081E-01-0.480825687E-02 0.155202458E-01 0.374488793E-01
 0.613148361E-01 0.875682756E-01 0.116826288E+00 0.149952412E+00 0.186293274E+00
-0.347140208E-01-0.449506976E-01-0.490244515E-01-0.505209863E-01-0.517740361E-01
-0.531469174E-01-0.547498092E-01-0.566311404E-01-0.588156469E-01-0.613167584E-01
-0.641418472E-01-0.672948658E-01-0.707777962E-01-0.745914727E-01-0.787360594E-01
-0.832112879E-01-0.880165547E-01-0.931508988E-01-0.986128747E-01-0.104400307E+00
-0.110512637E+00-0.116914503E+00-0.123566262E+00-0.130422339E+00-0.137431756E+00
-0.144538105E+00-0.151679710E+00-0.158789694E+00-0.165796280E+00-0.172622949E+00
-0.179188818E+00-0.185408980E+00-0.191195026E+00-0.196455613E+00-0.201097146E+00
-0.205024600E+00-0.208142653E+00-0.210356742E+00-0.211574629E+00-0.211708069E+00
-0.210674748E+00-0.208400667E+00-0.204822659E+00-0.199891359E+00-0.193574414E+00
-0.185859874E+00-0.176759899E+00-0.166314229E+00-0.154593840E+00-0.141704038E+00
-0.127787143E+00-0.113024510E+00-0.976381153E-01-0.817329437E-01-0.652422681E-01
-0.480887517E-01-0.301817246E-01-0.114145875E-01 0.833804626E-02 0.292236805E-01
 0.514161848E-01 0.751228482E-01 0.100602783E+00 0.128249049E+00 0.158043742E+00
-0.443120934E-01-0.555475503E-01-0.581552386E-01-0.585440472E-01-0.593650006E-01
-0.605216324E-01-0.620015822E-01-0.638102740E-01-0.659548193E-01-0.684412047E-01
-0.712741241E-01-0.744573474E-01-0.779941007E-01-0.818873197E-01-0.861398354E-01
-0.907544643E-01-0.957340449E-01-0.101081364E+00-0.106799103E+00-0.112879917E+00
-0.119292140E+00-0.125998884E+00-0.132958025E+00-0.140121922E+00-0.147437513E+00
-0.154846311E+00-0.162284508E+00-0.169683099E+00-0.176968142E+00-0.184060931E+00
-0.190878361E+00-0.197333321E+00-0.203335091E+00-0.208790019E+00-0.213602126E+00
-0.217673987E+00-0.220907748E+00-0.223206326E+00-0.224474907E+00-0.224622607E+00
-0.223564535E+00-0.221224099E+00-0.217535779E+00-0.212447986E+00-0.205926552E+00
-0.197958201E+00-0.188554391E+00-0.177755177E+00-0.165632904E+00-0.152295664E+00
-0.137890056E+00-0.122603022E+00-0.106661946E+00-0.903321132E-01-0.736164078E-01
-0.564720444E-01-0.388540179E-01-0.207180846E-01-0.202575605E-02 0.172468405E-01
 0.370925814E-01 0.574413240E-01 0.780927688E-01 0.985691026E-01 0.117870942E+00
-0.517616309E-01-0.634115562E-01-0.654045120E-01-0.654185638E-01-0.659363419E-01
-0.668894574E-01-0.682429746E-01-0.699786246E-01-0.720881149E-01-0.745686889E-01
-0.774206892E-01-0.806463733E-01-0.842492506E-01-0.882338136E-01-0.926053002E-01
-0.973696038E-01-0.102533184E+00-0.108102962E+00-0.114068411E+00-0.120402358E+00
-0.127072200E+00-0.134039849E+00-0.141261712E+00-0.148688704E+00-0.156266212E+00
-0.163934216E+00-0.171627358E+00-0.179275110E+00-0.186801955E+00-0.194127679E+00
-0.201167628E+00-0.207833111E+00-0.214031890E+00-0.219668731E+00-0.224646047E+00
-0.228864789E+00-0.232225448E+00-0.234629259E+00-0.235979646E+00-0.236184016E+00
-0.235155731E+00-0.232816547E+00-0.229099303E+00-0.223951057E+00-0.217336431E+00
-0.209241420E+00-0.199677259E+00-0.188684464E+00-0.176336855E+00-0.162745222E+00
-0.148060530E+00-0.132476360E+00-0.116230480E+00-0.996054038E-01-0.828089789E-01
-0.658258721E-01-0.486471877E-01-0.312756300E-01-0.137327770E-01 0.393012259E-02
 0.216161739E-01 0.391599350E-01 0.562979765E-01 0.726421326E-01 0.876838565E-01
-0.561995842E-01-0.679865107E-01-0.705867857E-01-0.706104487E-01-0.710756406E-01
-0.719746724E-01-0.732894540E-01-0.750060901E-01-0.771159455E-01-0.796151385E-01
-0.825035200E-01-0.857838467E-01-0.894610509E-01-0.935418159E-01-0.980342701E-01
-0.102947801E+00-0.108292848E+00-0.114061631E+00-0.120231241E+00-0.126773536E+00
-0.133654997E+00-0.140836552E+00-0.148273632E+00-0.155916110E+00-0.163708344E+00
-0.171589255E+00-0.179492459E+00-0.187346354E+00-0.195074469E+00-0.202595532E+00
-0.209823951E+00-0.216670081E+00-0.223040730E+00-0.228839681E+00-0.233968437E+00
-0.238326997E+00-0.241814867E+00-0.244332328E+00-0.245781824E+00-0.246069744E+00
-0.245108470E+00-0.242818832E+00-0.239132777E+00-0.233996555E+00-0.227374226E+00
-0.219251409E+00-0.209639326E+00-0.198578984E+00-0.186145231E+00-0.172450587E+00
-0.157648638E+00-0.141936436E+00-0.125555754E+00-0.108792596E+00-0.919742137E-01
-0.751896203E-01-0.584493019E-01-0.417791307E-01-0.252256524E-01-0.886270870E-02
 0.720082317E-02 0.228132978E-01 0.377752520E-01 0.518418178E-01 0.647381768E-01
-0.596037321E-01-0.715357810E-01-0.741203949E-01-0.742175952E-01-0.747492164E-01
-0.757023916E-01-0.770635158E-01-0.788228735E-01-0.809755921E-01-0.835211948E-01
-0.864627361E-01-0.898060575E-01-0.935592577E-01-0.977323800E-01-0.102337226E+00
-0.107387446E+00-0.112883508E+00-0.118807048E+00-0.125134662E+00-0.131837651E+00
-0.138881892E+00-0.146227747E+00-0.153829977E+00-0.161637828E+00-0.169595003E+00
-0.177639782E+00-0.185705155E+00-0.193718955E+00-0.201604083E+00-0.209278777E+00
-0.216656908E+00-0.223648325E+00-0.230159402E+00-0.236093476E+00-0.241351634E+00
-0.245833471E+00-0.249438077E+00-0.252065331E+00-0.253617287E+00-0.253999978E+00
-0.253125340E+00-0.250913858E+00-0.247297153E+00-0.242221177E+00-0.235649765E+00
-0.227568448E+00-0.217988506E+00-0.206951171E+00-0.194531798E+00-0.180843696E+00
-0.166041553E+00-0.150323868E+00-0.133934349E+00-0.117161773E+00-0.100338280E+00
-0.837295949E-01-0.673524961E-01-0.512383133E-01-0.354357734E-01-0.200138558E-01
-0.506410096E-02 0.929846335E-02 0.229370408E-01 0.356987379E-01 0.474250726E-01
-0.615911260E-01-0.736105740E-01-0.760576278E-01-0.763074234E-01-0.770061240E-01
-0.781040862E-01-0.795811191E-01-0.814314857E-01-0.836577490E-01-0.862667784E-01
-0.892679617E-01-0.926723704E-01-0.964925289E-01-0.100742429E+00-0.105437614E+00
-0.110592820E+00-0.116195157E+00-0.122226499E+00-0.128663406E+00-0.135477006E+00
-0.142632917E+00-0.150091216E+00-0.157806367E+00-0.165727273E+00-0.173797354E+00
-0.181954592E+00-0.190131679E+00-0.198256209E+00-0.206250891E+00-0.214033753E+00
-0.221518517E+00-0.228614971E+00-0.235229358E+00-0.241265014E+00-0.246622980E+00
-0.251202881E+00-0.254903853E+00-0.257625818E+00-0.259270847E+00-0.259745061E+00
-0.258960485E+00-0.256837636E+00-0.253308207E+00-0.248318225E+00-0.241831541E+00
-0.233833730E+00-0.224336088E+00-0.213379830E+00-0.201040253E+00-0.187430501E+00
-0.172704920E+00-0.157061368E+00-0.140742242E+00-0.124033786E+00-0.107262917E+00
-0.907908753E-01-0.746870488E-01-0.589785129E-01-0.437061489E-01-0.289254896E-01
-0.147066163E-01-0.113279722E-02 0.117024481E-01 0.237001702E-01 0.347626619E-01
-0.611996688E-01-0.730727091E-01-0.762136728E-01-0.769202113E-01-0.779701620E-01
-0.793073028E-01-0.809425637E-01-0.828998908E-01-0.852019340E-01-0.878685415E-01
-0.909176171E-01-0.943661258E-01-0.982310399E-01-0.102530017E+00-0.107282124E+00
-0.112494692E+00-0.118154675E+00-0.124243930E+00-0.130739018E+00-0.137611046E+00
-0.144825608E+00-0.152342722E+00-0.160116807E+00-0.168096721E+00-0.176225826E+00
-0.184442118E+00-0.192678288E+00-0.200861990E+00-0.208915979E+00-0.216758430E+00
-0.224303201E+00-0.231460243E+00-0.238136068E+00-0.244234249E+00-0.249656141E+00
-0.254301697E+00-0.258070409E+00-0.260862559E+00-0.262580663E+00-0.263131231E+00
-0.262426674E+00-0.260387927E+00-0.256946981E+00-0.252050191E+00-0.245661631E+00
-0.237766966E+00-0.228377476E+00-0.217534170E+00-0.205311850E+00-0.191822946E+00
-0.177220628E+00-0.161701187E+00-0.145505011E+00-0.128915936E+00-0.112258635E+00
-0.958941057E-01-0.799919292E-01-0.645687729E-01-0.496548116E-01-0.352925099E-01
-0.215351377E-01-0.844460353E-02 0.391154876E-02 0.154640097E-01 0.261463225E-01
-0.590068586E-01-0.701710582E-01-0.748776346E-01-0.766732544E-01-0.780956149E-01
-0.796007887E-01-0.813258216E-01-0.833363906E-01-0.856722370E-01-0.883614793E-01
-0.914265439E-01-0.948871970E-01-0.987622887E-01-0.103070892E+00-0.107833236E+00
-0.113054439E+00-0.118721828E+00-0.124817491E+00-0.131318152E+00-0.138195053E+00
-0.145413950E+00-0.152934983E+00-0.160712749E+00-0.168696314E+00-0.176829219E+00
-0.185049668E+00-0.193290666E+00-0.201480106E+00-0.209541082E+00-0.217392117E+00
-0.224947482E+00-0.232117563E+00-0.238809332E+00-0.244926870E+00-0.250372082E+00
-0.255045533E+00-0.258847296E+00-0.261678308E+00-0.263441801E+00-0.264044851E+00
-0.263400644E+00-0.261430651E+00-0.258067489E+00-0.253257990E+00-0.246966571E+00
-0.239179090E+00-0.229906768E+00-0.219190240E+00-0.207103625E+00-0.193758175E+00
-0.179305390E+00-0.163939312E+00-0.147897303E+00-0.131459400E+00-0.114945330E+00
-0.987091959E-01-0.829762816E-01-0.677580684E-01-0.530784316E-01-0.389723480E-01
-0.254841130E-01-0.126651013E-01-0.570910866E-03 0.107420282E-01 0.212202482E-01
-0.611916296E-01-0.730724782E-01-0.760972425E-01-0.767972395E-01-0.778519586E-01
-0.791980326E-01-0.808414966E-01-0.828036666E-01-0.851061493E-01-0.877684355E-01
-0.908083171E-01-0.942427292E-01-0.980885699E-01-0.102363393E+00-0.107086077E+00
-0.112265542E+00-0.117889062E+00-0.123938814E+00-0.130391717E+00-0.137219295E+00
-0.144387543E+00-0.151856944E+00-0.159582481E+00-0.167513549E+00-0.175594166E+00
-0.183762968E+00-0.191953436E+00-0.200093985E+00-0.208108276E+00-0.215915382E+00
-0.223430201E+00-0.230563760E+00-0.237223744E+00-0.243314952E+00-0.248740092E+00
-0.253400475E+00-0.257197082E+00-0.260031730E+00-0.261808515E+00-0.262435436E+00
-0.261826575E+00-0.259904265E+00-0.256601900E+00-0.251866937E+00-0.245664313E+00
-0.237980157E+00-0.228825629E+00-0.218240976E+00-0.206299424E+00-0.193110853E+00
-0.178824812E+00-0.163632691E+00-0.147768587E+00-0.131508633E+00-0.115168035E+00
-0.990959182E-01-0.835194215E-01-0.684487894E-01-0.539066829E-01-0.399270244E-01
-0.265534222E-01-0.138370302E-01-0.183378917E-02 0.939898752E-02 0.198065508E-01
-0.608602464E-01-0.727763623E-01-0.756604895E-01-0.760081559E-01-0.767595470E-01
-0.778934360E-01-0.793934986E-01-0.812556446E-01-0.834831446E-01-0.860833153E-01
-0.890657902E-01-0.924417749E-01-0.962238088E-01-0.100425713E+00-0.105062686E+00
-0.110151283E+00-0.115680352E+00-0.121632345E+00-0.127984509E+00-0.134708732E+00
-0.141771495E+00-0.149133757E+00-0.156751037E+00-0.164573357E+00-0.172545359E+00
-0.180606380E+00-0.188690588E+00-0.196727157E+00-0.204640508E+00-0.212350547E+00
-0.219773009E+00-0.226819798E+00-0.233399510E+00-0.239417925E+00-0.244778737E+00
-0.249384329E+00-0.253136754E+00-0.255938977E+00-0.257696211E+00-0.258317679E+00
-0.257718533E+00-0.255822271E+00-0.252563238E+00-0.247889817E+00-0.241767585E+00
-0.234183043E+00-0.225147367E+00-0.214700401E+00-0.202914387E+00-0.189897612E+00
-0.175797373E+00-0.160802096E+00-0.145142332E+00-0.129090130E+00-0.112956636E+00
-0.970877036E-01-0.816588998E-01-0.666825920E-01-0.521846376E-01-0.382037647E-01
-0.247906297E-01-0.120061971E-01 0.808885816E-04 0.113981646E-01 0.218744092E-01
-0.595239103E-01-0.714318231E-01-0.736493468E-01-0.738278776E-01-0.744315535E-01
-0.754361078E-01-0.768299475E-01-0.786049739E-01-0.807574987E-01-0.832879394E-01
-0.861999616E-01-0.894997865E-01-0.931956545E-01-0.972974822E-01-0.101816781E+00
-0.106766611E+00-0.112152122E+00-0.117955923E+00-0.124155611E+00-0.130723581E+00
-0.137626901E+00-0.144827262E+00-0.152280912E+00-0.159938738E+00-0.167746261E+00
-0.175643727E+00-0.183566272E+00-0.191444084E+00-0.199202627E+00-0.206762865E+00
-0.214041620E+00-0.220951989E+00-0.227403715E+00-0.233303845E+00-0.238557339E+00
-0.243067920E+00-0.246739030E+00-0.249475062E+00-0.251182705E+00-0.251772612E+00
-0.251161486E+00-0.249274135E+00-0.246046305E+00-0.241427481E+00-0.235384136E+00
-0.227903366E+00-0.218996450E+00-0.208702788E+00-0.197093546E+00-0.184275165E+00
-0.170392171E+00-0.155629396E+00-0.140212774E+00-0.124408819E+00-0.108521983E+00
-0.928896219E-01-0.775906816E-01-0.626427978E-01-0.480774865E-01-0.339416936E-01
-0.202988815E-01-0.722919591E-02 0.517214695E-02 0.167991184E-01 0.275423005E-01
-0.557475127E-01-0.674755871E-01-0.700991675E-01-0.702202916E-01-0.707656443E-01
-0.717221573E-01-0.730720609E-01-0.748025626E-01-0.769063532E-01-0.793806911E-01
-0.822263360E-01-0.854465663E-01-0.890465528E-01-0.930329412E-01-0.974135324E-01
-0.102197170E+00-0.107393540E+00-0.113001518E+00-0.118999355E+00-0.125360191E+00
-0.132051930E+00-0.139037177E+00-0.146273226E+00-0.153712064E+00-0.161300376E+00
-0.168979645E+00-0.176686272E+00-0.184351742E+00-0.191902876E+00-0.199262008E+00
-0.206347406E+00-0.213073611E+00-0.219351918E+00-0.225090936E+00-0.230197281E+00
-0.234576374E+00-0.238133430E+00-0.240774646E+00-0.242408574E+00-0.242947802E+00
-0.242310852E+00-0.240424439E+00-0.237225965E+00-0.232666463E+00-0.226713642E+00
-0.219355404E+00-0.210603356E+00-0.200496480E+00-0.189104706E+00-0.176532239E+00
-0.162920341E+00-0.148449317E+00-0.133339524E+00-0.117850974E+00-0.102281474E+00
-0.868892744E-01-0.716808215E-01-0.566732846E-01-0.418985188E-01-0.274075828E-01
-0.132757146E-01 0.392782676E-03 0.134615265E-01 0.257640090E-01 0.371142104E-01
-0.508752726E-01-0.624062121E-01-0.649676621E-01-0.651164129E-01-0.657231733E-01
-0.667353123E-01-0.681194440E-01-0.698601678E-01-0.719517022E-01-0.743930861E-01
-0.771858022E-01-0.803327039E-01-0.838375092E-01-0.877045467E-01-0.919386372E-01
-0.965450183E-01-0.101529218E+00-0.106897011E+00-0.112646751E+00-0.118752539E+00
-0.125183150E+00-0.131902426E+00-0.138869047E+00-0.146036431E+00-0.153352782E+00
-0.160761178E+00-0.168199614E+00-0.175601259E+00-0.182894632E+00-0.190003857E+00
-0.196849018E+00-0.203346536E+00-0.209409669E+00-0.214949012E+00-0.219873294E+00
-0.224090099E+00-0.227506906E+00-0.230032220E+00-0.231576994E+00-0.232056245E+00
-0.231390908E+00-0.229510069E+00-0.226353392E+00-0.221873924E+00-0.216041073E+00
-0.208843946E+00-0.200294673E+00-0.190431938E+00-0.179324344E+00-0.167073414E+00
-0.153816298E+00-0.139727458E+00-0.125019550E+00-0.109942719E+00-0.947820470E-01
-0.796250403E-01-0.644653291E-01-0.493060239E-01-0.341639630E-01-0.190766305E-01
-0.411254494E-02 0.106137926E-01 0.249226447E-01 0.385516658E-01 0.511591546E-01
-0.444617011E-01-0.556643791E-01-0.579053871E-01-0.584487841E-01-0.593682416E-01
-0.605713986E-01-0.620630570E-01-0.638567209E-01-0.659633204E-01-0.683906525E-01
-0.711442158E-01-0.742279738E-01-0.776449963E-01-0.813977644E-01-0.854884610E-01
-0.899190456E-01-0.946912840E-01-0.998066589E-01-0.105266154E+00-0.111073457E+00
-0.117196798E+00-0.123602323E+00-0.130250573E+00-0.137096882E+00-0.144091353E+00
-0.151179001E+00-0.158299893E+00-0.165389255E+00-0.172377795E+00-0.179191858E+00
-0.185753822E+00-0.191982508E+00-0.197793618E+00-0.203100309E+00-0.207813963E+00
-0.211844906E+00-0.215103477E+00-0.217501119E+00-0.218951836E+00-0.219373718E+00
-0.218690768E+00-0.216835141E+00-0.213749409E+00-0.209389240E+00-0.203726336E+00
-0.196751490E+00-0.188477784E+00-0.178943813E+00-0.168216780E+00-0.156395286E+00
-0.143611565E+00-0.130033180E+00-0.115863651E+00-0.101342559E+00-0.866496637E-01
-0.717612803E-01-0.566519238E-01-0.412968472E-01-0.256755818E-01-0.977794360E-02
 0.638504513E-02 0.227599889E-01 0.392068103E-01 0.554014891E-01 0.706749111E-01
-0.352424309E-01-0.456559807E-01-0.495182686E-01-0.509191751E-01-0.521603748E-01
-0.535150580E-01-0.550856814E-01-0.569188222E-01-0.590382293E-01-0.614564829E-01
-0.641801283E-01-0.672122762E-01-0.705540180E-01-0.742052794E-01-0.781652480E-01
-0.824326575E-01-0.870058611E-01-0.918828249E-01-0.970611274E-01-0.102537990E+00
-0.108309530E+00-0.114356779E+00-0.120641336E+00-0.127120599E+00-0.133747011E+00
-0.140467882E+00-0.147225767E+00-0.153958455E+00-0.160599306E+00-0.167077482E+00
-0.173318207E+00-0.179243267E+00-0.184771448E+00-0.189819127E+00-0.194300950E+00
-0.198130712E+00-0.201222286E+00-0.203490809E+00-0.204854056E+00-0.205233946E+00
-0.204558358E+00-0.202763230E+00-0.199794799E+00-0.195612133E+00-0.190189868E+00
-0.183521107E+00-0.175620377E+00-0.166526571E+00-0.156305701E+00-0.145053267E+00
-0.132895991E+00-0.119992733E+00-0.106533945E+00-0.927392244E-01-0.785986781E-01
-0.640697256E-01-0.490996875E-01-0.336248279E-01-0.175690688E-01-0.842195412E-03
 0.166625883E-01 0.350730680E-01 0.545501523E-01 0.753425136E-01 0.974264517E-01
-0.293605290E-01-0.399583615E-01-0.428499579E-01-0.435305312E-01-0.445151739E-01
-0.457744934E-01-0.473111272E-01-0.491341054E-01-0.512497388E-01-0.536605045E-01
-0.563659444E-01-0.593636781E-01-0.626502037E-01-0.662213638E-01-0.700726584E-01
-0.741993189E-01-0.785963163E-01-0.832582638E-01-0.881792381E-01-0.933525711E-01
-0.987704545E-01-0.104423545E+00-0.110304318E+00-0.116375409E+00-0.122592561E+00
-0.128905594E+00-0.135259926E+00-0.141596526E+00-0.147852048E+00-0.153959006E+00
-0.159846202E+00-0.165439039E+00-0.170660079E+00-0.175429612E+00-0.179666325E+00
-0.183288231E+00-0.186213553E+00-0.188361898E+00-0.189655617E+00-0.190021276E+00
-0.189391464E+00-0.187706709E+00-0.184917673E+00-0.180987567E+00-0.175894663E+00
-0.169635057E+00-0.162225291E+00-0.153705135E+00-0.144139886E+00-0.133622602E+00
-0.122275501E+00-0.110250622E+00-0.977295116E-01-0.847691819E-01-0.713219047E-01
-0.573271699E-01-0.427078642E-01-0.273656119E-01-0.111743240E-01 0.602909504E-02
 0.244586132E-01 0.444006994E-01 0.662492365E-01 0.905579329E-01 0.116873622E+00
-0.221301988E-01-0.325416215E-01-0.348790772E-01-0.352639817E-01-0.360449031E-01
-0.371881686E-01-0.386745371E-01-0.404879749E-01-0.426146090E-01-0.450418964E-01
-0.477583185E-01-0.507532731E-01-0.540169924E-01-0.575404353E-01-0.613151267E-01
-0.653329492E-01-0.695859119E-01-0.740658864E-01-0.787643120E-01-0.836719498E-01
-0.887785107E-01-0.940723270E-01-0.995401293E-01-0.105165653E+00-0.110939756E+00
-0.116809934E+00-0.122725993E+00-0.128632978E+00-0.134471402E+00-0.140178010E+00
-0.145685792E+00-0.150924504E+00-0.155821234E+00-0.160300940E+00-0.164287210E+00
-0.167703003E+00-0.170471758E+00-0.172518373E+00-0.173770592E+00-0.174160480E+00
-0.173626065E+00-0.172113225E+00-0.169577792E+00-0.165987760E+00-0.161325648E+00
-0.155590996E+00-0.148802862E+00-0.141002148E+00-0.132253855E+00-0.122648820E+00
-0.112305053E+00-0.101368189E+00-0.899312571E-01-0.779583678E-01-0.653997511E-01
-0.521893278E-01-0.382408090E-01-0.234419778E-01-0.764649175E-02 0.933767669E-02
 0.277641863E-01 0.479689501E-01 0.703925416E-01 0.955923200E-01 0.122885928E+00
-0.129262600E-01-0.229810886E-01-0.254461989E-01-0.256972574E-01-0.263945013E-01
-0.275201257E-01-0.290389303E-01-0.309161711E-01-0.331206806E-01-0.356258489E-01
-0.384094752E-01-0.414531231E-01-0.447413474E-01-0.482609682E-01-0.520004220E-01
-0.559491850E-01-0.600972958E-01-0.644349232E-01-0.689519644E-01-0.736377314E-01
-0.784805492E-01-0.834674761E-01-0.885839686E-01-0.938135684E-01-0.991378725E-01
-0.104533993E+00-0.109982550E+00-0.115432948E+00-0.120828867E+00-0.126112685E+00
-0.131221980E+00-0.136091575E+00-0.140653893E+00-0.144839361E+00-0.148577139E+00
-0.151796073E+00-0.154425561E+00-0.156396627E+00-0.157643184E+00-0.158103451E+00
-0.157721624E+00-0.156449586E+00-0.154248819E+00-0.151092544E+00-0.146967873E+00
-0.141878024E+00-0.135844544E+00-0.128909454E+00-0.121137142E+00-0.112615898E+00
-0.103458993E+00-0.937685519E-01-0.835240036E-01-0.726935938E-01-0.612329617E-01
-0.490830354E-01-0.361669026E-01-0.223852191E-01-0.760954153E-02 0.832745060E-02
 0.256464947E-01 0.446442254E-01 0.657307580E-01 0.895031914E-01 0.114655428E+00
-0.249870936E-02-0.122229764E-01-0.143442163E-01-0.145401321E-01-0.153142791E-01
-0.165922996E-01-0.183020364E-01-0.203813501E-01-0.227805153E-01-0.254610144E-01
-0.283932444E-01-0.315542929E-01-0.349260531E-01-0.384937897E-01-0.422450155E-01
-0.461686589E-01-0.502543785E-01-0.544920526E-01-0.588713288E-01-0.633812472E-01
-0.680099055E-01-0.727441385E-01-0.775691941E-01-0.824684650E-01-0.874231160E-01
-0.924116448E-01-0.974098518E-01-0.102388956E+00-0.107320823E+00-0.112167619E+00
-0.116866663E+00-0.121358715E+00-0.125583306E+00-0.129476652E+00-0.132974118E+00
-0.136011258E+00-0.138524354E+00-0.140451208E+00-0.141732499E+00-0.142313197E+00
-0.142144084E+00-0.141183466E+00-0.139398813E+00-0.136768728E+00-0.133284822E+00
-0.128953815E+00-0.123799391E+00-0.117863968E+00-0.111210562E+00-0.103923589E+00
-0.960876048E-01-0.876964852E-01-0.787355974E-01-0.691816285E-01-0.590022132E-01
-0.481552705E-01-0.365880020E-01-0.242354590E-01-0.110184941E-01 0.315908832E-02
 0.184148364E-01 0.348951183E-01 0.527907647E-01 0.723669231E-01 0.927675068E-01
 0.102539500E-01 0.993787660E-03-0.939159829E-03-0.137451582E-02-0.256202230E-02
-0.430153636E-02-0.645673182E-02-0.893778726E-02-0.116855958E-01-0.146602746E-01
-0.178339984E-01-0.211865976E-01-0.247028060E-01-0.283704661E-01-0.321793184E-01
-0.361201465E-01-0.401841626E-01-0.443625338E-01-0.486459844E-01-0.530244894E-01
-0.574869886E-01-0.620211214E-01-0.666129813E-01-0.712468773E-01-0.759050548E-01
-0.805674642E-01-0.852115005E-01-0.898116976E-01-0.943397433E-01-0.987633765E-01
-0.103046574E+00-0.107155323E+00-0.111046232E+00-0.114655614E+00-0.117925040E+00
-0.120798707E+00-0.123221301E+00-0.125137493E+00-0.126494825E+00-0.127245247E+00
-0.127346545E+00-0.126763597E+00-0.125469938E+00-0.123449251E+00-0.120697327E+00
-0.117223784E+00-0.113053761E+00-0.108228251E+00-0.102809072E+00-0.968400389E-01
-0.903263092E-01-0.832657814E-01-0.756500363E-01-0.674651340E-01-0.586925372E-01
-0.493102036E-01-0.392940268E-01-0.286198929E-01-0.172669590E-01-0.522306841E-02
 0.750554632E-02 0.208755825E-01 0.347656682E-01 0.488595404E-01 0.623157583E-01
 0.270897411E-01 0.187975802E-01 0.159820803E-01 0.142602120E-01 0.118998047E-01
 0.920259953E-02 0.627987320E-02 0.318283378E-02-0.608119517E-04-0.343434885E-02
-0.692677777E-02-0.105302315E-01-0.142385550E-01-0.180464424E-01-0.219488740E-01
-0.259407125E-01-0.300163981E-01-0.341697149E-01-0.383935831E-01-0.426798686E-01
-0.470192246E-01-0.514009222E-01-0.558127016E-01-0.602405928E-01-0.646687821E-01
-0.690794215E-01-0.734525174E-01-0.777657330E-01-0.819942951E-01-0.861108527E-01
-0.900854617E-01-0.938858017E-01-0.974759459E-01-0.100816295E+00-0.103867531E+00
-0.106593646E+00-0.108953290E+00-0.110892326E+00-0.112364061E+00-0.113327838E+00
-0.113748960E+00-0.113599271E+00-0.112858094E+00-0.111513525E+00-0.109564237E+00
-0.107022017E+00-0.103916205E+00-0.100272089E+00-0.960998088E-01-0.914097130E-01
-0.862055570E-01-0.804858729E-01-0.742452368E-01-0.674757510E-01-0.601688772E-01
-0.523177311E-01-0.439200848E-01-0.349824242E-01-0.255254917E-01-0.155922798E-01
-0.525980769E-02 0.534333801E-02 0.160122663E-01 0.264393333E-01 0.362138562E-01
 0.478921346E-01 0.416994579E-01 0.360745601E-01 0.313151740E-01 0.271224529E-01
 0.231687836E-01 0.193217751E-01 0.155173643E-01 0.117200874E-01 0.790845789E-02
 0.406870944E-02 0.191815372E-03-0.372805353E-02-0.769436685E-02-0.117087075E-01
-0.157710370E-01-0.198798422E-01-0.240322035E-01-0.282238182E-01-0.324489884E-01
-0.367005989E-01-0.409700423E-01-0.452471897E-01-0.495203026E-01-0.537759662E-01
-0.579990186E-01-0.621724837E-01-0.662775189E-01-0.702933669E-01-0.741973594E-01
-0.779649168E-01-0.815696120E-01-0.849831998E-01-0.881759152E-01-0.911172256E-01
-0.937761366E-01-0.961204469E-01-0.981167927E-01-0.997334719E-01-0.100941874E+00
-0.101717301E+00-0.102039643E+00-0.101893939E+00-0.101270847E+00-0.100166894E+00
-0.985842794E-01-0.965294540E-01-0.940089151E-01-0.910262018E-01-0.875821114E-01
-0.836740807E-01-0.792965069E-01-0.744416863E-01-0.691014156E-01-0.632692054E-01
-0.569431372E-01-0.501294881E-01-0.428470522E-01-0.351323113E-01-0.270453803E-01
-0.186765827E-01-0.101529239E-01-0.164240866E-02 0.664780056E-02 0.144844986E-01
 0.637140870E-01 0.583298057E-01 0.523147732E-01 0.465223193E-01 0.412926413E-01
 0.364570282E-01 0.318876542E-01 0.274960790E-01 0.232219491E-01 0.190235507E-01
 0.148715284E-01 0.107449517E-01 0.662884815E-02 0.251264009E-02-0.161086780E-02
-0.574615411E-02-0.989542250E-02-0.140588945E-01-0.182350073E-01-0.224205423E-01
-0.266106986E-01-0.307991467E-01-0.349780507E-01-0.391380712E-01-0.432683825E-01
-0.473566614E-01-0.513890870E-01-0.553503633E-01-0.592237450E-01-0.629910901E-01
-0.666329414E-01-0.701286346E-01-0.734564587E-01-0.765939131E-01-0.795180127E-01
-0.822055414E-01-0.846333206E-01-0.867786482E-01-0.886201039E-01-0.901383013E-01
-0.913164541E-01-0.921407342E-01-0.926005468E-01-0.926884636E-01-0.923999622E-01
-0.917327479E-01-0.906855986E-01-0.892567113E-01-0.874422789E-01-0.852356181E-01
-0.826267451E-01-0.796024725E-01-0.761472732E-01-0.722448975E-01-0.678808764E-01
-0.630458370E-01-0.577395670E-01-0.519755520E-01-0.457855463E-01-0.392236933E-01
-0.323695652E-01-0.253292508E-01-0.182334911E-01-0.112319514E-01-0.448310375E-02
 0.760153309E-01 0.710849315E-01 0.651925206E-01 0.592200831E-01 0.536459461E-01
 0.484092906E-01 0.434434265E-01 0.386884958E-01 0.340947546E-01 0.296224505E-01
 0.252404325E-01 0.209245738E-01 0.166563764E-01 0.124218594E-01 0.821069907E-02
 0.401559612E-02-0.168202183E-03-0.434325496E-02-0.851018354E-02-0.126678646E-01
-0.168135669E-01-0.209430605E-01-0.250506923E-01-0.291294530E-01-0.331710242E-01
-0.371658430E-01-0.411031432E-01-0.449710153E-01-0.487564914E-01-0.524456389E-01
-0.560236648E-01-0.594750680E-01-0.627838224E-01-0.659335703E-01-0.689079091E-01
-0.716906264E-01-0.742659941E-01-0.766191334E-01-0.787364244E-01-0.806058347E-01
-0.822172388E-01-0.835625306E-01-0.846356377E-01-0.854322165E-01-0.859492496E-01
-0.861841887E-01-0.861339346E-01-0.857935697E-01-0.851549581E-01-0.842055827E-01
-0.829275995E-01-0.812973604E-01-0.792858005E-01-0.768598467E-01-0.739851967E-01
-0.706306025E-01-0.667732954E-01-0.624051280E-01-0.575384125E-01-0.522104576E-01
-0.464858189E-01-0.404556543E-01-0.342337526E-01-0.279494617E-01-0.217382275E-01
 0.861145929E-01 0.815536380E-01 0.757978857E-01 0.698853359E-01 0.642713681E-01
 0.589254498E-01 0.538130924E-01 0.488980375E-01 0.441459790E-01 0.395264402E-01
 0.350134224E-01 0.305853263E-01 0.262245908E-01 0.219172146E-01 0.176522918E-01
 0.134216044E-01 0.921926647E-02 0.504145212E-02 0.886158785E-03-0.324697513E-02
-0.735681783E-02-0.114408666E-01-0.154953515E-01-0.195153225E-01-0.234947391E-01
-0.274265409E-01-0.313027427E-01-0.351145267E-01-0.388523266E-01-0.425059795E-01
-0.460648313E-01-0.495178998E-01-0.528540760E-01-0.560623072E-01-0.591318235E-01
-0.620523989E-01-0.648145825E-01-0.674099922E-01-0.698315352E-01-0.720736682E-01
-0.741324946E-01-0.760058165E-01-0.776929781E-01-0.791945606E-01-0.805117786E-01
-0.816456303E-01-0.825957060E-01-0.833586678E-01-0.839264095E-01-0.842839554E-01
-0.844072998E-01-0.842613503E-01-0.837986320E-01-0.829594359E-01-0.816744268E-01
-0.798704848E-01-0.774798244E-01-0.744512454E-01-0.707612038E-01-0.664221942E-01
-0.614867583E-01-0.560461991E-01-0.502240583E-01-0.441650189E-01-0.380212180E-01
 0.943842530E-01 0.901027024E-01 0.846368074E-01 0.788988173E-01 0.733956918E-01
 0.681098998E-01 0.630178452E-01 0.580948032E-01 0.533169545E-01 0.486623906E-01
 0.441116355E-01 0.396477766E-01 0.352564603E-01 0.309257545E-01 0.266459603E-01
 0.224094260E-01 0.182103533E-01 0.140446257E-01 0.990965404E-02 0.580424070E-02
 0.172845332E-02-0.231648004E-02-0.632827310E-02-0.103036771E-01-0.142385727E-01
-0.181280654E-01-0.219665859E-01-0.257479940E-01-0.294657014E-01-0.331128016E-01
-0.366822146E-01-0.401668549E-01-0.435598046E-01-0.468545258E-01-0.500450842E-01
-0.531263463E-01-0.560942665E-01-0.589460768E-01-0.616805516E-01-0.642981678E-01
-0.668012500E-01-0.691940039E-01-0.714824200E-01-0.736739859E-01-0.757771954E-01
-0.778006911E-01-0.797520056E-01-0.816357583E-01-0.834511295E-01-0.851885006E-01
-0.868250653E-01-0.883195400E-01-0.896063671E-01-0.905908272E-01-0.911478251E-01
-0.911284238E-01-0.903770924E-01-0.887577012E-01-0.861800164E-01-0.826182961E-01
-0.781191364E-01-0.727994889E-01-0.668352172E-01-0.604394153E-01-0.538333096E-01
 0.101219669E+00 0.971787497E-01 0.919730887E-01 0.864888355E-01 0.812102929E-01
 0.761073455E-01 0.711558312E-01 0.663368478E-01 0.616343282E-01 0.570339486E-01
 0.525227748E-01 0.480891913E-01 0.437229574E-01 0.394151844E-01 0.351583622E-01
 0.309463087E-01 0.267741159E-01 0.226380937E-01 0.185356904E-01 0.144654186E-01
 0.104267700E-01 0.642013829E-02 0.244673458E-02-0.149150030E-02-0.539198425E-02
-0.925158989E-02-0.130667510E-01-0.168335717E-01-0.205479488E-01-0.242057145E-01
-0.278027840E-01-0.313353203E-01-0.347999223E-01-0.381938294E-01-0.415151417E-01
-0.447630547E-01-0.479381010E-01-0.510424264E-01-0.540800318E-01-0.570570379E-01
-0.599819012E-01-0.628655851E-01-0.657216832E-01-0.685663894E-01-0.714183003E-01
-0.742979497E-01-0.772269219E-01-0.802262425E-01-0.833138451E-01-0.865004212E-01
-0.897830650E-01-0.931355134E-01-0.964939669E-01-0.997377634E-01-0.102667637E+00
-0.104995005E+00-0.106371105E+00-0.106468439E+00-0.105064325E+00-0.102073744E+00
-0.975475833E-01-0.916685984E-01-0.847460553E-01-0.771794170E-01-0.693720654E-01
 0.106635019E+00 0.102725968E+00 0.978411660E-01 0.928086266E-01 0.879014209E-01
 0.830902904E-01 0.783690214E-01 0.737329200E-01 0.691767782E-01 0.646948144E-01
 0.602808632E-01 0.559287146E-01 0.516323596E-01 0.473862104E-01 0.431852452E-01
 0.390251204E-01 0.349022113E-01 0.308136493E-01 0.267573167E-01 0.227318164E-01
 0.187364463E-01 0.147711318E-01 0.108363805E-01 0.693319831E-02 0.306301238E-02
-0.772418571E-03-0.457110675E-02-0.833094493E-02-0.120498287E-01-0.157257952E-01
-0.193571672E-01-0.229427293E-01-0.264819078E-01-0.299749728E-01-0.334232785E-01
-0.368295051E-01-0.401979387E-01-0.435347743E-01-0.468484461E-01-0.501499884E-01
-0.534534231E-01-0.567761734E-01-0.601394959E-01-0.635689497E-01-0.670948029E-01
-0.707524270E-01-0.745825097E-01-0.786308497E-01-0.829474851E-01-0.875843540E-01
-0.925903916E-01-0.980020165E-01-0.103825167E+00-0.110001013E+00-0.116335444E+00
-0.122346394E+00-0.127102241E+00-0.129673839E+00-0.129663125E+00-0.126994506E+00
-0.121740527E+00-0.114125527E+00-0.104660995E+00-0.943311676E-01-0.841702893E-01
 0.110923588E+00 0.106990129E+00 0.102712274E+00 0.982649997E-01 0.937774256E-01
 0.892945454E-01 0.848395228E-01 0.804237500E-01 0.760524124E-01 0.717271939E-01
 0.674476549E-01 0.632120818E-01 0.590180829E-01 0.548629537E-01 0.507439449E-01
 0.466584638E-01 0.426042117E-01 0.385792479E-01 0.345820598E-01 0.306115691E-01
 0.266671199E-01 0.227484629E-01 0.188557059E-01 0.149892475E-01 0.111497194E-01
 0.733788917E-02 0.355457515E-02-0.199462884E-03-0.392363872E-02-0.761766918E-02
-0.112817185E-01-0.149165578E-01-0.185237452E-01-0.221058335E-01-0.256665926E-01
-0.292112790E-01-0.327469297E-01-0.362827219E-01-0.398303531E-01-0.434045196E-01
-0.470234640E-01-0.507096499E-01-0.544905365E-01-0.583995916E-01-0.624774881E-01
-0.667736679E-01-0.713482276E-01-0.762743130E-01-0.816409364E-01-0.875560790E-01
-0.941495970E-01-0.101574786E+00-0.110007204E+00-0.119640581E+00-0.130690783E+00
-0.143483847E+00-0.154401824E+00-0.160059974E+00-0.161354601E+00-0.158754885E+00
-0.151884079E+00-0.141087294E+00-0.125783443E+00-0.109345220E+00-0.959922597E-01
 0.115306370E+00 0.111544564E+00 0.107507639E+00 0.103352152E+00 0.991607234E-01
 0.949530825E-01 0.907454863E-01 0.865496546E-01 0.823733062E-01 0.782211125E-01
 0.740955621E-01 0.699976161E-01 0.659272075E-01 0.618836246E-01 0.578657947E-01
 0.538724996E-01 0.499025285E-01 0.459547862E-01 0.420283712E-01 0.381226055E-01
 0.342370421E-01 0.303714592E-01 0.265258122E-01 0.227001868E-01 0.188947283E-01
 0.151095716E-01 0.113447430E-01 0.760006718E-02 0.387506303E-02 0.168823681E-03
-0.352011062E-02-0.719389692E-02-0.108555518E-01-0.145091396E-01-0.181599911E-01
-0.218149554E-01-0.254826993E-01-0.291740689E-01-0.329025090E-01-0.366845913E-01
-0.405406430E-01-0.444955491E-01-0.485797748E-01-0.528306998E-01-0.572943762E-01
-0.620279536E-01-0.671030506E-01-0.726105124E-01-0.786673427E-01-0.854266733E-01
-0.930921212E-01-0.101937078E+00-0.112327524E+00-0.124741383E+00-0.139774948E+00
-0.156438246E+00-0.168009609E+00-0.174433753E+00-0.176062420E+00-0.172674373E+00
-0.164390251E+00-0.150358319E+00-0.131524354E+00-0.114962921E+00-0.101094380E+00
 0.119488321E+00 0.115908980E+00 0.112071782E+00 0.108138055E+00 0.104176588E+00
 0.100196883E+00 0.962081552E-01 0.922182351E-01 0.882332474E-01 0.842576325E-01
 0.802943856E-01 0.763453320E-01 0.724114105E-01 0.684929341E-01 0.645897686E-01
 0.607015677E-01 0.568278730E-01 0.529682338E-01 0.491222739E-01 0.452897325E-01
 0.414704718E-01 0.376644544E-01 0.338717028E-01 0.300922468E-01 0.263260510E-01
 0.225729272E-01 0.188324582E-01 0.151039064E-01 0.113861170E-01 0.767742842E-02
 0.397556461E-02 0.277524203E-03-0.342055247E-02-0.712353224E-02-0.108374720E-01
-0.145698357E-01-0.183297601E-01-0.221283697E-01-0.259791743E-01-0.298985392E-01
-0.339062847E-01-0.380264223E-01-0.422881134E-01-0.467269197E-01-0.513864718E-01
-0.563207753E-01-0.615975372E-01-0.673030242E-01-0.735496283E-01-0.804880857E-01
-0.883284733E-01-0.973780230E-01-0.108109780E+00-0.121264078E+00-0.137726843E+00
-0.151819676E+00-0.161463395E+00-0.166819155E+00-0.167792499E+00-0.164335355E+00
-0.155426234E+00-0.140346169E+00-0.124378815E+00-0.110653117E+00-0.987093151E-01
 0.123400845E+00 0.119997419E+00 0.116355881E+00 0.112619624E+00 0.108860672E+00
 0.105084620E+00 0.101296537E+00 0.975010172E-01 0.937019587E-01 0.899024978E-01
 0.861049667E-01 0.823109820E-01 0.785215423E-01 0.747371912E-01 0.709581375E-01
 0.671843886E-01 0.634159148E-01 0.596526749E-01 0.558947250E-01 0.521422327E-01
 0.483954549E-01 0.446547158E-01 0.409203321E-01 0.371925496E-01 0.334714316E-01
 0.297567807E-01 0.260480437E-01 0.223442316E-01 0.186438430E-01 0.149447946E-01
 0.112443659E-01 0.753912935E-02 0.382487569E-02 0.965222280E-04-0.365200592E-02
-0.742792850E-02-0.112398043E-01-0.150977718E-01-0.190138426E-01-0.230022538E-01
-0.270798989E-01-0.312668234E-01-0.355868563E-01-0.400683358E-01-0.447450392E-01
-0.496573187E-01-0.548535250E-01-0.603918135E-01-0.663424581E-01-0.727908239E-01
-0.798413530E-01-0.876241103E-01-0.963129774E-01-0.106246218E+00-0.116818517E+00
-0.125288785E+00-0.131431460E+00-0.134974465E+00-0.135865480E+00-0.133635357E+00
-0.128110692E+00-0.118692815E+00-0.109046578E+00-0.997040495E-01-0.908747241E-01
 0.127050251E+00 0.123815440E+00 0.120346732E+00 0.116796784E+00 0.113230057E+00
 0.109648190E+00 0.106053069E+00 0.102446742E+00 0.988312066E-01 0.952081829E-01
 0.915790424E-01 0.879447013E-01 0.843056887E-01 0.806622282E-01 0.770143643E-01
 0.733620673E-01 0.697053894E-01 0.660445392E-01 0.623799264E-01 0.587121956E-01
 0.550421700E-01 0.513707735E-01 0.476989374E-01 0.440274365E-01 0.403567739E-01
 0.366870612E-01 0.330178849E-01 0.293482412E-01 0.256764945E-01 0.220003333E-01
 0.183167849E-01 0.146222208E-01 0.109123662E-01 0.718230009E-02 0.342642237E-02
-0.361611426E-03-0.418899301E-02-0.806390587E-02-0.119957002E-01-0.159950927E-01
-0.200743806E-01-0.242476445E-01-0.285309348E-01-0.329423808E-01-0.375021882E-01
-0.422323570E-01-0.471559539E-01-0.522954725E-01-0.576693714E-01-0.632850602E-01
-0.691240504E-01-0.751097202E-01-0.810340568E-01-0.864131749E-01-0.907701924E-01
-0.948561132E-01-0.982845500E-01-0.100536928E+00-0.101404443E+00-0.100979894E+00
-0.996357426E-01-0.966757834E-01-0.919940174E-01-0.864321813E-01-0.805269480E-01
 0.130400747E+00 0.127322152E+00 0.124029540E+00 0.120669447E+00 0.117297992E+00
 0.113911785E+00 0.110510103E+00 0.107093461E+00 0.103662737E+00 0.100218728E+00
 0.967618898E-01 0.932922959E-01 0.898096561E-01 0.863134116E-01 0.828029662E-01
 0.792778209E-01 0.757378042E-01 0.721831769E-01 0.686147138E-01 0.650336966E-01
 0.614418313E-01 0.578410812E-01 0.542334653E-01 0.506207943E-01 0.470044650E-01
 0.433852524E-01 0.397631451E-01 0.361372903E-01 0.325059481E-01 0.288665406E-01
 0.252157617E-01 0.215497036E-01 0.178640038E-01 0.141539760E-01 0.104146972E-01
 0.664104847E-02 0.282768789E-02-0.103101227E-02-0.494106207E-02-0.890893955E-02
-0.129416427E-01-0.170466676E-01-0.212318674E-01-0.255051423E-01-0.298738517E-01
-0.343438089E-01-0.389176309E-01-0.435921252E-01-0.483541302E-01-0.531743169E-01
-0.579983592E-01-0.627368614E-01-0.672610328E-01-0.714226812E-01-0.751052201E-01
-0.782317072E-01-0.807004794E-01-0.823865086E-01-0.831982344E-01-0.830988884E-01
-0.820772424E-01-0.801297575E-01-0.773298368E-01-0.738593042E-01-0.699370280E-01
 0.133387208E+00 0.130449846E+00 0.127377987E+00 0.124244690E+00 0.121085741E+00
 0.117903359E+00 0.114699520E+00 0.111475855E+00 0.108233564E+00 0.104973234E+00
 0.101694681E+00 0.983969346E-01 0.950783789E-01 0.917370468E-01 0.883709490E-01
 0.849784985E-01 0.815588236E-01 0.781120285E-01 0.746393129E-01 0.711429715E-01
 0.676262006E-01 0.640928224E-01 0.605468191E-01 0.569918975E-01 0.534310304E-01
 0.498661511E-01 0.462979339E-01 0.427256711E-01 0.391473174E-01 0.355596170E-01
 0.319583975E-01 0.283388887E-01 0.246961471E-01 0.210253838E-01 0.173222292E-01
 0.135828843E-01 0.980413053E-02 0.598326232E-02 0.211795489E-02-0.179381797E-02
-0.575379329E-02-0.976330135E-02-0.138230044E-01-0.179324429E-01-0.220893528E-01
-0.262886453E-01-0.305209830E-01-0.347708762E-01-0.390142724E-01-0.432158224E-01
-0.473264791E-01-0.512826517E-01-0.550087355E-01-0.584237464E-01-0.614489503E-01
-0.640110001E-01-0.660412982E-01-0.674787760E-01-0.682771802E-01-0.684112161E-01
-0.678790733E-01-0.667057112E-01-0.649475902E-01-0.626913235E-01-0.600416996E-01
 0.136148468E+00 0.133351833E+00 0.130496532E+00 0.127589256E+00 0.124640554E+00
 0.121661678E+00 0.118655972E+00 0.115626819E+00 0.112576574E+00 0.109506160E+00
 0.106414810E+00 0.103299953E+00 0.100157566E+00 0.969828293E-01 0.937709957E-01
 0.905181989E-01 0.872220472E-01 0.838821009E-01 0.805000663E-01 0.770799220E-01
 0.736276135E-01 0.701504573E-01 0.666561648E-01 0.631518438E-01 0.596432053E-01
 0.561340339E-01 0.526259355E-01 0.491182320E-01 0.456079803E-01 0.420902073E-01
 0.385584645E-01 0.350056812E-01 0.314250290E-01 0.278106853E-01 0.241583567E-01
 0.204655696E-01 0.167316440E-01 0.129573559E-01 0.914448872E-02 0.529553974E-02
 0.141366781E-02-0.249715266E-02-0.643186178E-02-0.103839291E-01-0.143448291E-01
-0.183033478E-01-0.222447086E-01-0.261495430E-01-0.299928151E-01-0.337429307E-01
-0.373613052E-01-0.408028215E-01-0.440173708E-01-0.469523817E-01-0.495556332E-01
-0.517778546E-01-0.535750203E-01-0.549108982E-01-0.557598919E-01-0.561097041E-01
-0.559633896E-01-0.553405136E-01-0.542770512E-01-0.528231636E-01-0.510388166E-01
 0.138808429E+00 0.136171997E+00 0.133496389E+00 0.130778000E+00 0.128017887E+00
 0.125226215E+00 0.122409828E+00 0.119571783E+00 0.116715051E+00 0.113842227E+00
 0.110952258E+00 0.108039699E+00 0.105095319E+00 0.102108061E+00 0.990674719E-01
 0.959653929E-01 0.927966312E-01 0.895593613E-01 0.862556249E-01 0.828919485E-01
 0.794795305E-01 0.760329664E-01 0.725676194E-01 0.690969154E-01 0.656308234E-01
 0.621756017E-01 0.587340109E-01 0.553053021E-01 0.518848784E-01 0.484639406E-01
 0.450303853E-01 0.415713452E-01 0.380755365E-01 0.345343202E-01 0.309424158E-01
 0.272988081E-01 0.236069858E-01 0.198733378E-01 0.161049403E-01 0.123088518E-01
 0.849251915E-02 0.466428464E-02 0.833663100E-03-0.298847212E-02-0.678968150E-02
-0.105556482E-01-0.142697571E-01-0.179126151E-01-0.214616209E-01-0.248906855E-01
-0.281702764E-01-0.312678702E-01-0.341488607E-01-0.367778875E-01-0.391203873E-01
-0.411442630E-01-0.428215973E-01-0.441303179E-01-0.450557768E-01-0.455921106E-01
-0.457431339E-01-0.455226712E-01-0.449540615E-01-0.440688543E-01-0.429046787E-01
 0.141291499E+00 0.138849050E+00 0.136369184E+00 0.133840933E+00 0.131260872E+00
 0.128639117E+00 0.125987619E+00 0.123319924E+00 0.120649271E+00 0.117981747E+00
 0.115317613E+00 0.112646893E+00 0.109946087E+00 0.107186966E+00 0.104347833E+00
 0.101415195E+00 0.983807743E-01 0.952397957E-01 0.919918045E-01 0.886441469E-01
 0.852173492E-01 0.817454308E-01 0.782633945E-01 0.747953653E-01 0.713547915E-01
 0.679486915E-01 0.645804331E-01 0.612505563E-01 0.579556115E-01 0.546821132E-01
 0.513979904E-01 0.480747595E-01 0.446958430E-01 0.412482172E-01 0.377214551E-01
 0.341120958E-01 0.304359626E-01 0.267183762E-01 0.229716226E-01 0.192041956E-01
 0.154260183E-01 0.116490601E-01 0.788689591E-02 0.415414618E-02 0.466120197E-03
-0.316124922E-02-0.671124225E-02-0.101660630E-01-0.135065624E-01-0.167120732E-01
-0.197604503E-01-0.226283539E-01-0.252917856E-01-0.277268626E-01-0.299107451E-01
-0.318226777E-01-0.334450416E-01-0.347644016E-01-0.357723869E-01-0.364664383E-01
-0.368502028E-01-0.369336233E-01-0.367325842E-01-0.362681486E-01-0.355654433E-01
 0.143580854E+00 0.141399562E+00 0.139160633E+00 0.136837676E+00 0.134425581E+00
 0.131938577E+00 0.129405156E+00 0.126860380E+00 0.124336153E+00 0.121861897E+00
 0.119456843E+00 0.117131002E+00 0.114798211E+00 0.112339877E+00 0.109742187E+00
 0.107003190E+00 0.104117773E+00 0.101076007E+00 0.978634655E-01 0.944635421E-01
 0.908763334E-01 0.872373357E-01 0.836644396E-01 0.801644921E-01 0.767342895E-01
 0.733725503E-01 0.700808242E-01 0.668631122E-01 0.637262315E-01 0.606801249E-01
 0.576104186E-01 0.544703901E-01 0.512541793E-01 0.479369648E-01 0.444973074E-01
 0.409077257E-01 0.371975750E-01 0.334731862E-01 0.297231376E-01 0.259511620E-01
 0.221702550E-01 0.183985550E-01 0.146560920E-01 0.109625785E-01 0.733633572E-02
 0.379415043E-02 0.351672614E-03-0.297600823E-02-0.617383933E-02-0.922646187E-02
-0.121180806E-01-0.148325656E-01-0.173537377E-01-0.196658298E-01-0.217540637E-01
-0.236052852E-01-0.252086241E-01-0.265561268E-01-0.276432913E-01-0.284694675E-01
-0.290380828E-01-0.293566566E-01-0.294365827E-01-0.292926878E-01-0.289426222E-01
 0.145693287E+00 0.143941075E+00 0.142041609E+00 0.139935389E+00 0.137628257E+00
 0.135175481E+00 0.132651448E+00 0.130124882E+00 0.127653167E+00 0.125286177E+00
 0.123068392E+00 0.121073797E+00 0.119132891E+00 0.116946504E+00 0.114569709E+00
 0.112020344E+00 0.109293848E+00 0.106374159E+00 0.103232890E+00 0.998169929E-01
 0.960291028E-01 0.922047794E-01 0.885724723E-01 0.850662962E-01 0.816590488E-01
 0.783433318E-01 0.751218721E-01 0.720030144E-01 0.689988211E-01 0.661199465E-01
 0.632468015E-01 0.603205562E-01 0.573225543E-01 0.542134903E-01 0.509497859E-01
 0.474854708E-01 0.438479558E-01 0.401450917E-01 0.363727808E-01 0.325465389E-01
 0.286967214E-01 0.248597935E-01 0.210702699E-01 0.173562691E-01 0.137388939E-01
 0.102337729E-01 0.685306871E-02 0.360714411E-02 0.505677948E-03-0.244171172E-02
-0.522520812E-02-0.783480145E-02-0.102604758E-01-0.124925263E-01-0.145219518E-01
-0.163408890E-01-0.179430470E-01-0.193241183E-01-0.204821154E-01-0.214176234E-01
-0.221339427E-01-0.226370916E-01-0.229356885E-01-0.230406914E-01-0.229650568E-01
 0.135641658E+01 0.137504792E+01 0.138545811E+01 0.139757478E+01 0.141117060E+01
 0.142487061E+01 0.143910623E+01 0.145376170E+01 0.147045004E+01 0.148594749E+01
 0.150077748E+01 0.151660132E+01 0.153344071E+01 0.154996705E+01 0.156710494E+01
 0.158491027E+01 0.160323501E+01 0.162186003E+01 0.164124858E+01 0.166089189E+01
 0.168118346E+01 0.170217073E+01 0.172377646E+01 0.174585104E+01 0.176873922E+01
 0.179227221E+01 0.181658518E+01 0.184167838E+01 0.186751938E+01 0.189422190E+01
 0.192189991E+01 0.195046961E+01 0.198007476E+01 0.201074409E+01 0.204252124E+01
 0.207547307E+01 0.210975981E+01 0.214541435E+01 0.218246174E+01 0.222099090E+01
 0.226127315E+01 0.230331707E+01 0.234723067E+01 0.239319372E+01 0.244123697E+01
 0.249175715E+01 0.254512477E+01 0.260114956E+01 0.266009974E+01 0.272253942E+01
 0.278864980E+01 0.285911322E+01 0.293436384E+01 0.301441908E+01 0.310052609E+01
 0.319283628E+01 0.329276323E+01 0.340295887E+01 0.352364850E+01 0.365659094E+01
 0.380785108E+01 0.398210526E+01 0.419586897E+01 0.447476673E+01 0.540380716E+01
   71   87
 0.120002246E+01-0.500000007E-01 0.120105135E+01 0.500000007E-01 0.121239173E+01
 0.100000001E+00 0.123843753E+01 0.167561561E+00 0.126499999E+01 0.219029143E+00
 0.129156256E+01 0.262237251E+00 0.131812501E+01 0.300636619E+00 0.135676265E+01
 0.349999994E+00 0.139781249E+01 0.396284521E+00 0.142437506E+01 0.423887730E+00
 0.145093751E+01 0.450017482E+00 0.150406253E+01 0.497443438E+00 0.153062499E+01
 0.519171953E+00 0.157212114E+01 0.550000012E+00 0.161031246E+01 0.576133311E+00
 0.165054893E+01 0.600000024E+00 0.169000006E+01 0.621681750E+00 0.174312496E+01
 0.645396948E+00 0.176968753E+01 0.655585945E+00 0.182281256E+01 0.672428191E+00
 0.187593746E+01 0.682965338E+00 0.192906249E+01 0.686495960E+00 0.198218751E+01
 0.681006789E+00 0.203531241E+01 0.661023915E+00 0.206187510E+01 0.643184841E+00
 0.210346842E+01 0.600000024E+00 0.213704944E+01 0.550000012E+00 0.216318583E+01
 0.500000000E+00 0.218547416E+01 0.449999988E+00 0.220548320E+01 0.400000006E+00
 0.222389245E+01 0.349999994E+00 0.224781251E+01 0.277796239E+00 0.226946115E+01
 0.200000003E+00 0.228008485E+01 0.150000006E+00 0.229091263E+01 0.500000007E-01
 0.228589463E+01-0.500000007E-01 0.227437496E+01-0.115172178E+00 0.225354695E+01
-0.200000003E+00 0.223893499E+01-0.250000000E+00 0.222125006E+01-0.308312774E+00
 0.219468760E+01-0.395441622E+00 0.217840004E+01-0.449999988E+00 0.216425037E+01
-0.500000000E+00 0.214156246E+01-0.586529076E+00 0.212441349E+01-0.649999976E+00
 0.211236668E+01-0.699999988E+00 0.209067988E+01-0.801112235E+00 0.203531241E+01
-0.791145086E+00 0.198218751E+01-0.778253794E+00 0.192906249E+01-0.762244701E+00
 0.189525890E+01-0.750000000E+00 0.184937501E+01-0.733839095E+00 0.179624999E+01
-0.710687101E+00 0.176968753E+01-0.697569788E+00 0.171656251E+01-0.669840574E+00
 0.168389070E+01-0.649999976E+00 0.163687503E+01-0.620135248E+00 0.160870671E+01
-0.600000024E+00 0.155718756E+01-0.560856402E+00 0.153062499E+01-0.538808048E+00
 0.148697507E+01-0.500000000E+00 0.145093751E+01-0.465180039E+00 0.142437506E+01
-0.437809616E+00 0.138962984E+01-0.400000006E+00 0.134799623E+01-0.349999994E+00
 0.131812501E+01-0.310001105E+00 0.129156256E+01-0.270944536E+00 0.126499999E+01
-0.227181867E+00 0.123843753E+01-0.175066963E+00 0.121187496E+01-0.104449965E+00
 0.120002246E+01-0.500000007E-01
 0.101730001E+01 0.000000000E+00 0.101932001E+01 0.111591995E+01 0.101127005E+01
 0.116271996E+01 0.100224996E+01 0.121238995E+01 0.102639997E+01 0.121238995E+01
 0.103497005E+01 0.116392004E+01 0.103842998E+01 0.116235995E+01 0.106122005E+01
 0.116356003E+01 0.109895003E+01 0.116589999E+01 0.113813996E+01 0.116823995E+01
 0.116191995E+01 0.117446005E+01 0.119008005E+01 0.118699002E+01 0.121012998E+01
 0.120185006E+01 0.123081994E+01 0.122499001E+01 0.123939002E+01 0.123863995E+01
 0.126108003E+01 0.128634000E+01 0.128076005E+01 0.133403003E+01 0.128076005E+01
 0.134810996E+01 0.133062005E+01 0.134810996E+01 0.141947997E+01 0.134748995E+01
 0.141947997E+01 0.131036997E+01 0.137993002E+01 0.131093001E+01 0.137410998E+01
 0.130689001E+01 0.136740994E+01 0.126408994E+01 0.136789000E+01 0.122646999E+01
 0.137232995E+01 0.119475996E+01 0.138840997E+01 0.116448998E+01 0.140222001E+01
 0.115728998E+01 0.141559005E+01 0.115646994E+01 0.142587996E+01 0.116276002E+01
 0.144700003E+01 0.118200004E+01 0.148800004E+01 0.121899998E+01 0.149600005E+01
 0.122800004E+01 0.149109995E+01 0.121349001E+01 0.149501002E+01 0.116171002E+01
 0.147765005E+01 0.112226999E+01 0.148169005E+01 0.111591995E+01 0.149105000E+01
 0.111275005E+01 0.152942002E+01 0.110483003E+01 0.160203004E+01 0.109308004E+01
 0.164134002E+01 0.107020998E+01 0.164687002E+01 0.107845998E+01 0.178340006E+01
 0.107209003E+01 0.204518008E+01 0.103909004E+01 0.205605006E+01 0.104322004E+01
 0.210643005E+01 0.999729991E+00 0.208569002E+01 0.869270027E+00 0.222220993E+01
 0.519110024E+00 0.224294996E+01 0.448630005E+00 0.230183005E+01 0.280680001E+00
 0.231151009E+01 0.279680014E+00 0.233364010E+01 0.219329998E+00 0.234012008E+01
 0.219870001E+00 0.234645009E+01 0.198670000E+00 0.234827995E+01 0.632900000E-01
 0.235109997E+01 0.420800000E-01 0.234827995E+01-0.254779994E+00 0.234645009E+01
-0.272720009E+00 0.234461999E+01-0.410820007E+00 0.235109997E+01-0.420599997E+00
 0.227828002E+01-0.593429983E+00 0.223841000E+01-0.688269973E+00 0.223594999E+01
-0.694119990E+00 0.219540000E+01-0.790600002E+00 0.219392991E+01-0.794110000E+00
 0.215665007E+01-0.882770002E+00 0.215165997E+01-0.884549975E+00 0.192442000E+01
-0.101282001E+01 0.191968000E+01-0.101691997E+01 0.178656006E+01-0.116066003E+01
 0.177983999E+01-0.116922998E+01 0.174579000E+01-0.124380004E+01 0.164520001E+01
-0.124479997E+01 0.140117002E+01-0.124477005E+01 0.138558996E+01-0.124820995E+01
 0.137489998E+01-0.125832999E+01 0.136953998E+01-0.126941001E+01 0.136824000E+01
-0.127555001E+01 0.136860001E+01-0.132246995E+01 0.137256002E+01-0.132470000E+01
 0.142770004E+01-0.132470000E+01 0.142770004E+01-0.135782003E+01 0.116450000E+01
-0.135894001E+01 0.101627004E+01-0.121800005E+01 0.101750004E+01-0.121700001E+01
 0.101730001E+01-0.100000005E-02 0.101730001E+01 0.000000000E+00
    0 0.170000005E+01    1
 0.000000000E+00 0.000000000E+00 0.000000000E+00 0.000000000E+00 0.000000000E+00
 0.000000000E+00 0.000000000E+00 0.000000000E+00 0.000000000E+00 0.000000000E+00
 0.000000000E+00 0.000000000E+00 0.000000000E+00 0.000000000E+00 0.000000000E+00
 0.000000000E+00 0.000000000E+00 0.000000000E+00 0.000000000E+00 0.000000000E+00
 0.000000000E+00 0.000000000E+00 0.000000000E+00 0.000000000E+00 0.000000000E+00
 0.000000000E+00 0.000000000E+00 0.000000000E+00 0.000000000E+00 0.000000000E+00
 0.000000000E+00 0.000000000E+00 0.000000000E+00 0.000000000E+00 0.000000000E+00
 0.000000000E+00 0.000000000E+00 0.000000000E+00 0.000000000E+00 0.000000000E+00
 0.000000000E+00 0.000000000E+00 0.000000000E+00 0.000000000E+00 0.000000000E+00
 0.000000000E+00 0.000000000E+00 0.000000000E+00 0.000000000E+00 0.000000000E+00
 0.000000000E+00 0.000000000E+00 0.000000000E+00 0.000000000E+00 0.000000000E+00
 0.000000000E+00 0.000000000E+00 0.000000000E+00 0.000000000E+00 0.000000000E+00
 0.000000000E+00 0.000000000E+00 0.000000000E+00 0.000000000E+00 0.000000000E+00
 0.000000000E+00 0.969870389E-01 0.137775227E+00 0.169321164E+00 0.196030185E+00
 0.219785988E+00 0.241408631E+00 0.261436284E+00 0.278575003E+00 0.296469718E+00
 0.313506037E+00 0.329887986E+00 0.345626652E+00 0.360904604E+00 0.375671178E+00
 0.389998555E+00 0.404035211E+00 0.417729497E+00 0.431181252E+00 0.444362849E+00
 0.457271188E+00 0.470016509E+00 0.482583344E+00 0.494998157E+00 0.507262349E+00
 0.519363463E+00 0.531354845E+00 0.543251395E+00 0.555059314E+00 0.566779673E+00
 0.578430593E+00 0.590005517E+00 0.601524234E+00 0.613020241E+00 0.624464035E+00
 0.635882437E+00 0.647290528E+00 0.658676445E+00 0.670054317E+00 0.681437433E+00
 0.692850649E+00 0.704276621E+00 0.715717673E+00 0.727206707E+00 0.738713980E+00
 0.750295401E+00 0.761968434E+00 0.773681164E+00 0.785463572E+00 0.797348976E+00
 0.809325874E+00 0.821445465E+00 0.833700180E+00 0.846069038E+00 0.858619094E+00
 0.871311903E+00 0.884201884E+00 0.897383451E+00 0.910794377E+00 0.924435914E+00
 0.938448370E+00 0.952800095E+00 0.967733741E+00 0.983187318E+00 0.100000000E+01
    1
 0.000000000E+00 0.000000000E+00 0.000000000E+00 0.000000000E+00 0.000000000E+00
 0.000000000E+00 0.000000000E+00 0.000000000E+00 0.000000000E+00 0.000000000E+00
 0.000000000E+00 0.000000000E+00 0.000000000E+00 0.000000000E+00 0.000000000E+00
 0.000000000E+00 0.000000000E+00 0.000000000E+00 0.000000000E+00 0.000000000E+00
 0.000000000E+00 0.000000000E+00 0.000000000E+00 0.000000000E+00 0.000000000E+00
 0.000000000E+00 0.000000000E+00 0.000000000E+00 0.000000000E+00 0.000000000E+00
 0.000000000E+00 0.000000000E+00 0.000000000E+00 0.000000000E+00 0.000000000E+00
 0.000000000E+00 0.000000000E+00 0.000000000E+00 0.000000000E+00 0.000000000E+00
 0.000000000E+00 0.000000000E+00 0.000000000E+00 0.000000000E+00 0.000000000E+00
 0.000000000E+00 0.000000000E+00 0.000000000E+00 0.000000000E+00 0.000000000E+00
 0.000000000E+00 0.000000000E+00 0.000000000E+00 0.000000000E+00 0.000000000E+00
 0.000000000E+00 0.000000000E+00 0.000000000E+00 0.000000000E+00 0.000000000E+00
 0.000000000E+00 0.000000000E+00 0.000000000E+00 0.000000000E+00 0.000000000E+00
&BASIS
 EE2BDRY= 32*0.00000000      ,
 EEBDRY= 32*0.00000000      ,
 EEKNT= 32*0.00000000      ,
 EETENS=  5.00000000    ,
 FF2BDRY= 64*0.00000000      ,
 FFBDRY=-0.883234203    ,  1.67041218    ,-0.785673440    , 61*0.00000000      ,
 FFKNT= 64*0.00000000      ,
 FFTENS=  0.00000000    ,
 KEE2BDRY= 32*0          ,
 KEEBDRY= 32*0          ,
 KEEFNC=          0,
 KEEKNT=          0,
 KFF2BDRY= 64*0          ,
 KFFBDRY= 64*0          ,
 KFFFNC=          0,
 KFFKNT=          0,
 KPP2BDRY= 64*0          ,
 KPPBDRY= 64*0          ,
 KPPFNC=          0,
 KPPKNT=          0,
 KWW2BDRY= 64*0          ,
 KWWBDRY= 64*0          ,
 KWWFNC=          0,
 KWWKNT=          0,
 PP2BDRY= 64*0.00000000      ,
 PPBDRY=  827777.938    , -829404.812    , 62*0.00000000      ,
 PPKNT= 64*0.00000000      ,
 PPTENS=  0.00000000    ,
 WW2BDRY= 64*0.00000000      ,
 WWBDRY=  1450.67688    ,  56573.5469    , 62*0.00000000      ,
 WWKNT= 64*0.00000000      ,
 WWTENS=  0.00000000    ,
 /
