  EFITD    01/21/2000    #194347  4005ms           7  65  65
 0.170000005E+01 0.320000005E+01 0.169550002E+01 0.839999974E+00 0.000000000E+00
 0.188212132E+01 0.586491916E-02-0.225987345E+00-0.736814067E-01 0.201074696E+01
 0.583161812E+06-0.225987345E+00 0.000000000E+00 0.188212132E+01 0.000000000E+00
 0.586491916E-02 0.000000000E+00-0.736814067E-01 0.000000000E+00 0.000000000E+00
 0.339364243E+01 0.339440632E+01 0.339514494E+01 0.339585853E+01 0.339654756E+01
 0.339721227E+01 0.339785361E+01 0.339847159E+01 0.339906693E+01 0.339963984E+01
 0.340019083E+01 0.340072012E+01 0.340122867E+01 0.340171647E+01 0.340218401E+01
 0.340263176E+01 0.340306020E+01 0.340346980E+01 0.340386105E+01 0.340423393E+01
 0.340458941E+01 0.340492773E+01 0.340524912E+01 0.340555429E+01 0.340584350E+01
 0.340611720E+01 0.340637589E+01 0.340661979E+01 0.340684962E+01 0.340706563E+01
 0.340726829E+01 0.340745807E+01 0.340763521E+01 0.340780020E+01 0.340795374E+01
 0.340809584E+01 0.340822721E+01 0.340834808E+01 0.340845895E+01 0.340856028E+01
 0.340865254E+01 0.340873623E+01 0.340881133E+01 0.340887880E+01 0.340893865E+01
 0.340899158E+01 0.340903783E+01 0.340907788E+01 0.340911222E+01 0.340914130E+01
 0.340916514E+01 0.340918493E+01 0.340920019E+01 0.340921211E+01 0.340922070E+01
 0.340922642E+01 0.340922999E+01 0.340923142E+01 0.340923119E+01 0.340922999E+01
 0.340922785E+01 0.340922570E+01 0.340922356E+01 0.340922189E+01 0.340922141E+01
 0.653004062E+05 0.632764023E+05 0.612842383E+05 0.593239141E+05 0.573954375E+05
 0.554988047E+05 0.536340156E+05 0.518010742E+05 0.499999805E+05 0.482307383E+05
 0.464933438E+05 0.447878008E+05 0.431141055E+05 0.414722695E+05 0.398622852E+05
 0.382841562E+05 0.367378828E+05 0.352234648E+05 0.337409062E+05 0.322902090E+05
 0.308713691E+05 0.294843926E+05 0.281292773E+05 0.268060273E+05 0.255146406E+05
 0.242551191E+05 0.230274648E+05 0.218316777E+05 0.206677578E+05 0.195357090E+05
 0.184355312E+05 0.173672266E+05 0.163307920E+05 0.153262324E+05 0.143535479E+05
 0.134127393E+05 0.125038066E+05 0.116267529E+05 0.107815781E+05 0.996828418E+04
 0.918687012E+04 0.843733887E+04 0.771969092E+04 0.703392725E+04 0.638004883E+04
 0.575805664E+04 0.516795166E+04 0.460973535E+04 0.408340869E+04 0.358897241E+04
 0.312642773E+04 0.269577563E+04 0.229701709E+04 0.193015344E+04 0.159518542E+04
 0.129211414E+04 0.102094080E+04 0.781666199E+03 0.574291565E+03 0.398817841E+03
 0.255246140E+03 0.143577454E+03 0.638128357E+02 0.159533396E+02 0.000000000E+00
 0.110769367E+01 0.107137883E+01 0.103566742E+01 0.100055921E+01 0.966054380E+00
 0.932152867E+00 0.898854733E+00 0.866159976E+00 0.834068477E+00 0.802580416E+00
 0.771695614E+00 0.741414249E+00 0.711736202E+00 0.682661593E+00 0.654190302E+00
 0.626322329E+00 0.599057794E+00 0.572396636E+00 0.546338856E+00 0.520884454E+00
 0.496033490E+00 0.471785873E+00 0.448141664E+00 0.425100863E+00 0.402663469E+00
 0.380829453E+00 0.359598875E+00 0.338971704E+00 0.318947971E+00 0.299527645E+00
 0.280710727E+00 0.262497276E+00 0.244887233E+00 0.227880642E+00 0.211477473E+00
 0.195677757E+00 0.180481493E+00 0.165888682E+00 0.151899308E+00 0.138513416E+00
 0.125730962E+00 0.113551989E+00 0.101976477E+00 0.910044387E-01 0.806358829E-01
 0.708707944E-01 0.617091991E-01 0.531510860E-01 0.451964624E-01 0.378453322E-01
 0.310976990E-01 0.249535665E-01 0.194129385E-01 0.144758169E-01 0.101422071E-01
 0.641211169E-02 0.328553491E-02 0.762479671E-03-0.115705025E-02-0.247305119E-02
-0.318551995E-02-0.329445279E-02-0.279984600E-02-0.170169631E-02 0.000000000E+00
-0.857191125E+06-0.843811312E+06-0.830431062E+06-0.817050375E+06-0.803669250E+06
-0.790287688E+06-0.776905625E+06-0.763523188E+06-0.750140312E+06-0.736757000E+06
-0.723373250E+06-0.709989062E+06-0.696604438E+06-0.683219375E+06-0.669833812E+06
-0.656447875E+06-0.643061500E+06-0.629674688E+06-0.616287438E+06-0.602899750E+06
-0.589511562E+06-0.576123000E+06-0.562734000E+06-0.549344562E+06-0.535954625E+06
-0.522564312E+06-0.509173562E+06-0.495782344E+06-0.482390719E+06-0.468998625E+06
-0.455606125E+06-0.442213156E+06-0.428819781E+06-0.415425938E+06-0.402031688E+06
-0.388636969E+06-0.375241812E+06-0.361846250E+06-0.348450219E+06-0.335053781E+06
-0.321656875E+06-0.308259531E+06-0.294861781E+06-0.281463562E+06-0.268064906E+06
-0.254665828E+06-0.241266297E+06-0.227866344E+06-0.214465938E+06-0.201065109E+06
-0.187663828E+06-0.174262109E+06-0.160859969E+06-0.147457375E+06-0.134054344E+06
-0.120650883E+06-0.107246984E+06-0.938426406E+05-0.804378672E+05-0.670326484E+05
-0.536269961E+05-0.402209023E+05-0.268143730E+05-0.134074053E+05 0.000000000E+00
 0.213058501E+00 0.212284118E+00 0.211376727E+00 0.210271150E+00 0.208988592E+00
 0.207618445E+00 0.206282467E+00 0.205107674E+00 0.204226941E+00 0.203797102E+00
 0.204035848E+00 0.205333441E+00 0.206879064E+00 0.207019433E+00 0.206076503E+00
 0.204175651E+00 0.201334298E+00 0.197505996E+00 0.192560613E+00 0.186229303E+00
 0.177998289E+00 0.169533536E+00 0.162113473E+00 0.155333579E+00 0.148986906E+00
 0.142966449E+00 0.137215585E+00 0.131705225E+00 0.126423001E+00 0.121364407E+00
 0.116355874E+00 0.111312829E+00 0.106202669E+00 0.100960247E+00 0.955225751E-01
 0.898240432E-01 0.838875845E-01 0.778511837E-01 0.717042461E-01 0.654664263E-01
 0.591785535E-01 0.528907627E-01 0.466514826E-01 0.405011214E-01 0.344710797E-01
 0.285858512E-01 0.228658244E-01 0.173296612E-01 0.119958632E-01 0.688364683E-02
 0.201325864E-02-0.259413361E-02-0.691685593E-02-0.109333815E-01-0.146231493E-01
-0.179674719E-01-0.209504683E-01-0.235599410E-01-0.257881302E-01-0.276322775E-01
-0.290949475E-01-0.301840883E-01-0.309128053E-01-0.312988870E-01-0.313641131E-01
 0.211594403E+00 0.210288599E+00 0.208943993E+00 0.207534567E+00 0.206066906E+00
 0.204577684E+00 0.203127697E+00 0.201792210E+00 0.200651377E+00 0.199791223E+00
 0.199290782E+00 0.199182659E+00 0.199021637E+00 0.198180556E+00 0.196577832E+00
 0.194209829E+00 0.191060141E+00 0.187087312E+00 0.182223693E+00 0.176386520E+00
 0.169575065E+00 0.162456676E+00 0.155642122E+00 0.149152353E+00 0.142939404E+00
 0.136959687E+00 0.131181717E+00 0.125585213E+00 0.120159790E+00 0.114900418E+00
 0.109642930E+00 0.104310296E+00 0.988845378E-01 0.933291987E-01 0.876057371E-01
 0.816700757E-01 0.755645260E-01 0.694236606E-01 0.632312670E-01 0.569893010E-01
 0.507133827E-01 0.444273017E-01 0.381585024E-01 0.319349729E-01 0.257837381E-01
 0.197306890E-01 0.138011845E-01 0.802092347E-02 0.241674786E-02-0.298284343E-02
-0.814752281E-02-0.130453566E-01-0.176434033E-01-0.219086483E-01-0.258092154E-01
-0.293157585E-01-0.324029215E-01-0.350507535E-01-0.372459330E-01-0.389826819E-01
-0.402633026E-01-0.410982259E-01-0.415055938E-01-0.415103920E-01-0.411432534E-01
 0.209960863E+00 0.208328679E+00 0.206643254E+00 0.204897806E+00 0.203101486E+00
 0.201284215E+00 0.199479252E+00 0.197720870E+00 0.196038440E+00 0.194440827E+00
 0.192907736E+00 0.191365004E+00 0.189674065E+00 0.187676251E+00 0.185250729E+00
 0.182323068E+00 0.178848669E+00 0.174802259E+00 0.170180306E+00 0.165017813E+00
 0.159415156E+00 0.153539583E+00 0.147562265E+00 0.141596377E+00 0.135697335E+00
 0.129886582E+00 0.124168739E+00 0.118540078E+00 0.112990998E+00 0.107498579E+00
 0.101999693E+00 0.964447260E-01 0.908079371E-01 0.850666910E-01 0.792004764E-01
 0.731962919E-01 0.670775250E-01 0.608872212E-01 0.546353832E-01 0.483285449E-01
 0.419771373E-01 0.355956927E-01 0.292020291E-01 0.228164308E-01 0.164611954E-01
 0.101606445E-01 0.394150009E-02-0.216653757E-02-0.813020859E-02-0.139122875E-01
-0.194715187E-01-0.247630104E-01-0.297391526E-01-0.343510844E-01-0.385506414E-01
-0.422926173E-01-0.455372408E-01-0.482525639E-01-0.504165888E-01-0.520189181E-01
-0.530616641E-01-0.535595752E-01-0.535392500E-01-0.530375689E-01-0.520994700E-01
 0.208275035E+00 0.206396431E+00 0.204396382E+00 0.202279985E+00 0.200072780E+00
 0.197813720E+00 0.195531622E+00 0.193242386E+00 0.190952033E+00 0.188653871E+00
 0.186322197E+00 0.183910385E+00 0.181354523E+00 0.178583935E+00 0.175533742E+00
 0.172153205E+00 0.168408945E+00 0.164286092E+00 0.159790322E+00 0.154950470E+00
 0.149818987E+00 0.144465476E+00 0.138963342E+00 0.133375987E+00 0.127749845E+00
 0.122114435E+00 0.116485290E+00 0.110866889E+00 0.105254270E+00 0.996336266E-01
 0.939844027E-01 0.882844403E-01 0.825141519E-01 0.766578242E-01 0.707045197E-01
 0.646497160E-01 0.584961139E-01 0.522507615E-01 0.459209904E-01 0.395136699E-01
 0.330363847E-01 0.264984611E-01 0.199115183E-01 0.132898698E-01 0.665095728E-02
 0.160007985E-04-0.658914959E-02-0.131329997E-01-0.195773821E-01-0.258766152E-01
-0.319770984E-01-0.378176160E-01-0.433305800E-01-0.484442785E-01-0.530860275E-01
-0.571860373E-01-0.606815927E-01-0.635212883E-01-0.656688809E-01-0.671063364E-01
-0.678356513E-01-0.678791553E-01-0.672781542E-01-0.660899654E-01-0.643836558E-01
 0.206770584E+00 0.204725489E+00 0.202370703E+00 0.199770704E+00 0.197032869E+00
 0.194230631E+00 0.191395223E+00 0.188539505E+00 0.185663372E+00 0.182755932E+00
 0.179796189E+00 0.176754192E+00 0.173593566E+00 0.170275509E+00 0.166763380E+00
 0.163026854E+00 0.159044892E+00 0.154807717E+00 0.150317863E+00 0.145590201E+00
 0.140650570E+00 0.135532394E+00 0.130272046E+00 0.124903977E+00 0.119457155E+00
 0.113953196E+00 0.108406022E+00 0.102822296E+00 0.972022191E-01 0.915406644E-01
 0.858286023E-01 0.800549313E-01 0.742082223E-01 0.682779998E-01 0.622557215E-01
 0.561353192E-01 0.499131866E-01 0.435876921E-01 0.371584520E-01 0.306259580E-01
 0.239916202E-01 0.172581300E-01 0.104299989E-01 0.351425703E-02-0.347862509E-02
-0.105335042E-01-0.176289789E-01-0.247354452E-01-0.318128951E-01-0.388087034E-01
-0.456558652E-01-0.522723645E-01-0.585623533E-01-0.644196346E-01-0.697330832E-01
-0.743932724E-01-0.782995448E-01-0.813673660E-01-0.835355744E-01-0.847724304E-01
-0.850793719E-01-0.844919533E-01-0.830777362E-01-0.809308738E-01-0.781634003E-01
 0.206043631E+00 0.204164073E+00 0.200950131E+00 0.197392672E+00 0.193914026E+00
 0.190469876E+00 0.187046498E+00 0.183632433E+00 0.180214524E+00 0.176776618E+00
 0.173299134E+00 0.169759393E+00 0.166132748E+00 0.162394315E+00 0.158520848E+00
 0.154492855E+00 0.150296181E+00 0.145923093E+00 0.141372919E+00 0.136651754E+00
 0.131771594E+00 0.126748726E+00 0.121601634E+00 0.116348788E+00 0.111006819E+00
 0.105589174E+00 0.100105397E+00 0.945609063E-01 0.889571756E-01 0.832922235E-01
 0.775613040E-01 0.717577115E-01 0.658736005E-01 0.599007010E-01 0.538308360E-01
 0.476562381E-01 0.413696431E-01 0.349642076E-01 0.284333657E-01 0.217707232E-01
 0.149700902E-01 0.802571420E-02 0.932709198E-03-0.631221803E-02-0.137096774E-01
-0.212559961E-01-0.289409272E-01-0.367444977E-01-0.446328409E-01-0.525530241E-01
-0.604274273E-01-0.681491122E-01-0.755809024E-01-0.825611278E-01-0.889157727E-01
-0.944711491E-01-0.990629718E-01-0.102547050E+00-0.104815163E+00-0.105809443E+00
-0.105528884E+00-0.104030132E+00-0.101427257E+00-0.978850573E-01-0.935992524E-01
 0.204452023E+00 0.202559993E+00 0.198810786E+00 0.194492593E+00 0.190342084E+00
 0.186304972E+00 0.182341114E+00 0.178422406E+00 0.174526468E+00 0.170633078E+00
 0.166722655E+00 0.162775666E+00 0.158772796E+00 0.154695585E+00 0.150527239E+00
 0.146253467E+00 0.141863391E+00 0.137349993E+00 0.132710382E+00 0.127945662E+00
 0.123060405E+00 0.118061841E+00 0.112958796E+00 0.107760608E+00 0.102476053E+00
 0.971125290E-01 0.916754752E-01 0.861680061E-01 0.805908367E-01 0.749423876E-01
 0.692189857E-01 0.634152293E-01 0.575242527E-01 0.515380837E-01 0.454478338E-01
 0.392438248E-01 0.329155996E-01 0.264518708E-01 0.198403727E-01 0.130677624E-01
 0.611952646E-02-0.101999659E-02-0.836744905E-02-0.159400385E-01-0.237547550E-01
-0.318269953E-01-0.401682891E-01-0.487825610E-01-0.576602109E-01-0.667688176E-01
-0.760392770E-01-0.853469670E-01-0.944932029E-01-0.103206508E+00-0.111193702E+00
-0.118198968E+00-0.123967156E+00-0.128223538E+00-0.130751550E+00-0.131452799E+00
-0.130336031E+00-0.127471834E+00-0.123027243E+00-0.117324382E+00-0.110759810E+00
 0.201496363E+00 0.199446693E+00 0.195318058E+00 0.190587044E+00 0.185994044E+00
 0.181510940E+00 0.177113026E+00 0.172777325E+00 0.168483004E+00 0.164210841E+00
 0.159942791E+00 0.155661717E+00 0.151351422E+00 0.146996871E+00 0.142584532E+00
 0.138102785E+00 0.133542240E+00 0.128896073E+00 0.124159984E+00 0.119332232E+00
 0.114413247E+00 0.109405227E+00 0.104311563E+00 0.991361812E-01 0.938829929E-01
 0.885552913E-01 0.831553638E-01 0.776841566E-01 0.721410587E-01 0.665238500E-01
 0.608286671E-01 0.550500415E-01 0.491809547E-01 0.432128757E-01 0.371357575E-01
 0.309379548E-01 0.246061180E-01 0.181249585E-01 0.114770029E-01 0.464226166E-02
-0.240212050E-02-0.968224183E-02-0.172278117E-01-0.250724666E-01-0.332539640E-01
-0.418140963E-01-0.507980846E-01-0.602528825E-01-0.702233836E-01-0.807443410E-01
-0.918231905E-01-0.103402719E+00-0.115276292E+00-0.126900733E+00-0.137245312E+00
-0.146500394E+00-0.154537499E+00-0.160348132E+00-0.163391948E+00-0.163576975E+00
-0.161325857E+00-0.156681314E+00-0.148970649E+00-0.139496788E+00-0.129312888E+00
 0.197386220E+00 0.195108637E+00 0.190751746E+00 0.185724586E+00 0.180808067E+00
 0.175990805E+00 0.171258077E+00 0.166593596E+00 0.161980942E+00 0.157404050E+00
 0.152847528E+00 0.148296729E+00 0.143737867E+00 0.139158174E+00 0.134546101E+00
 0.129891515E+00 0.125185892E+00 0.120422393E+00 0.115595981E+00 0.110703252E+00
 0.105742343E+00 0.100712620E+00 0.956143364E-01 0.904483050E-01 0.852154717E-01
 0.799165368E-01 0.745516792E-01 0.691202134E-01 0.636204258E-01 0.580493361E-01
 0.524026342E-01 0.466744974E-01 0.408575162E-01 0.349425413E-01 0.289185178E-01
 0.227722675E-01 0.164881963E-01 0.100479210E-01 0.342981494E-02-0.339156692E-02
-0.104461769E-01-0.177693181E-01-0.254026875E-01-0.333956406E-01-0.418067984E-01
-0.507060513E-01-0.601771511E-01-0.703210160E-01-0.812601596E-01-0.931445137E-01
-0.106159665E+00-0.120539472E+00-0.136591852E+00-0.154796690E+00-0.175707370E+00
-0.193963811E+00-0.207762212E+00-0.216916814E+00-0.221045107E+00-0.219464019E+00
-0.212134406E+00-0.197025970E+00-0.179841533E+00-0.163207725E+00-0.147534743E+00
 0.192353293E+00 0.189808562E+00 0.185230821E+00 0.179955006E+00 0.174783006E+00
 0.169709131E+00 0.164720252E+00 0.159802839E+00 0.154943436E+00 0.150128931E+00
 0.145346537E+00 0.140583947E+00 0.135829419E+00 0.131071880E+00 0.126301199E+00
 0.121508226E+00 0.116684988E+00 0.111824773E+00 0.106922112E+00 0.101972789E+00
 0.969736800E-01 0.919226333E-01 0.868182480E-01 0.816596001E-01 0.764460117E-01
 0.711767599E-01 0.658508390E-01 0.604666919E-01 0.550219938E-01 0.495134480E-01
 0.439365841E-01 0.382855460E-01 0.325529017E-01 0.267293863E-01 0.208036322E-01
 0.147618409E-01 0.858736970E-02 0.226023607E-02-0.424348889E-02-0.109524438E-01
-0.179009195E-01-0.251300503E-01-0.326893479E-01-0.406386890E-01-0.490509830E-01
-0.580158085E-01-0.676445439E-01-0.780778080E-01-0.894966647E-01-0.102140322E+00
-0.116335407E+00-0.132546976E+00-0.151470229E+00-0.174181014E+00-0.202258423E+00
-0.231587276E+00-0.252830952E+00-0.266098350E+00-0.271689117E+00-0.269479781E+00
-0.258088946E+00-0.236523315E+00-0.207580507E+00-0.182585552E+00-0.161035433E+00
 0.186467215E+00 0.183657944E+00 0.178746656E+00 0.173258647E+00 0.167899922E+00
 0.162640572E+00 0.157464445E+00 0.152359679E+00 0.147315919E+00 0.142323017E+00
 0.137370750E+00 0.132448837E+00 0.127547160E+00 0.122655936E+00 0.117765985E+00
 0.112868838E+00 0.107956953E+00 0.103023730E+00 0.980635956E-01 0.930719748E-01
 0.880452245E-01 0.829805210E-01 0.778757259E-01 0.727292001E-01 0.675396174E-01
 0.623057522E-01 0.570262633E-01 0.516994819E-01 0.463231802E-01 0.408943705E-01
 0.354090594E-01 0.298620295E-01 0.242465641E-01 0.185541604E-01 0.127742030E-01
 0.689357007E-02 0.896178768E-03-0.523756864E-02-0.115314471E-01-0.180142205E-01
-0.247206502E-01-0.316927433E-01-0.389813632E-01-0.466483049E-01-0.547690503E-01
-0.634364486E-01-0.727658495E-01-0.829022229E-01-0.940303802E-01-0.106389642E+00
-0.120294787E+00-0.136164948E+00-0.154559642E+00-0.176214367E+00-0.202060923E+00
-0.232972726E+00-0.258181095E+00-0.274123281E+00-0.281228125E+00-0.279634148E+00
-0.269556791E+00-0.249633744E+00-0.219523951E+00-0.189207032E+00-0.164083481E+00
 0.179286003E+00 0.176061153E+00 0.171100825E+00 0.165587336E+00 0.160150677E+00
 0.154778749E+00 0.149474084E+00 0.144235924E+00 0.139060125E+00 0.133940190E+00
 0.128868088E+00 0.123834938E+00 0.118831545E+00 0.113848761E+00 0.108877853E+00
 0.103910699E+00 0.989399478E-01 0.939591601E-01 0.889628008E-01 0.839462951E-01
 0.789059475E-01 0.738388598E-01 0.687428713E-01 0.636163503E-01 0.584581159E-01
 0.532671921E-01 0.480426885E-01 0.427835658E-01 0.374884494E-01 0.321553983E-01
 0.267817043E-01 0.213636104E-01 0.158960614E-01 0.103723928E-01 0.478399219E-02
-0.880095409E-03-0.663361419E-02-0.124936234E-01-0.184811074E-01-0.246217009E-01
-0.309465490E-01-0.374933369E-01-0.443075486E-01-0.514439940E-01-0.589687303E-01
-0.669614002E-01-0.755181909E-01-0.847554505E-01-0.948140472E-01-0.105864219E+00
-0.118110366E+00-0.131794319E+00-0.147194713E+00-0.164620981E+00-0.184410155E+00
-0.206994444E+00-0.230529249E+00-0.244888440E+00-0.251392961E+00-0.250748217E+00
-0.242686525E+00-0.227837011E+00-0.205128685E+00-0.176519647E+00-0.152563304E+00
 0.171497867E+00 0.167804807E+00 0.162698835E+00 0.157156870E+00 0.151632056E+00
 0.146156356E+00 0.140747622E+00 0.135411054E+00 0.130144805E+00 0.124943011E+00
 0.119797572E+00 0.114699259E+00 0.109638460E+00 0.104605712E+00 0.995920375E-01
 0.945892036E-01 0.895898715E-01 0.845876783E-01 0.795772895E-01 0.745543614E-01
 0.695155188E-01 0.644583032E-01 0.593810305E-01 0.542827211E-01 0.491629429E-01
 0.440216884E-01 0.388591886E-01 0.336757600E-01 0.284716170E-01 0.232466590E-01
 0.180002693E-01 0.127310697E-01 0.743665732E-02 0.211332645E-02-0.324426009E-02
-0.864342321E-02-0.140938666E-01-0.196081195E-01-0.252020285E-01-0.308953058E-01
-0.367121212E-01-0.426817648E-01-0.488393269E-01-0.552264303E-01-0.618919469E-01
-0.688925907E-01-0.762933046E-01-0.841671079E-01-0.925938934E-01-0.101657227E+00
-0.111437596E+00-0.121999145E+00-0.133364886E+00-0.145470142E+00-0.158070311E+00
-0.170540750E+00-0.181527048E+00-0.189211980E+00-0.192532435E+00-0.191191375E+00
-0.185224086E+00-0.174904495E+00-0.160891518E+00-0.144586951E+00-0.127951324E+00
 0.163408116E+00 0.159426630E+00 0.153912395E+00 0.148079157E+00 0.142362267E+00
 0.136754364E+00 0.131251156E+00 0.125846311E+00 0.120530948E+00 0.115294226E+00
 0.110124350E+00 0.105009280E+00 0.999373645E-01 0.948977172E-01 0.898804590E-01
 0.848768651E-01 0.798794404E-01 0.748819411E-01 0.698793679E-01 0.648678839E-01
 0.598448068E-01 0.548084863E-01 0.497582369E-01 0.446942300E-01 0.396173671E-01
 0.345291831E-01 0.294316765E-01 0.243271794E-01 0.192181896E-01 0.141071994E-01
 0.899649039E-02 0.388793298E-02-0.121725781E-02-0.631877501E-02-0.114175044E-01
-0.165158305E-01-0.216179676E-01-0.267303102E-01-0.318617932E-01-0.370242596E-01
-0.422327928E-01-0.475060046E-01-0.528662503E-01-0.583396144E-01-0.639556870E-01
-0.697468892E-01-0.757471099E-01-0.819894001E-01-0.885021016E-01-0.953026712E-01
-0.102388099E+00-0.109720327E+00-0.117204681E+00-0.124659576E+00-0.131779060E+00
-0.138102502E+00-0.143033087E+00-0.145950183E+00-0.146370009E+00-0.144040123E+00
-0.138951123E+00-0.131327182E+00-0.121621110E+00-0.110478602E+00-0.986174867E-01
 0.154106945E+00 0.149784073E+00 0.144063815E+00 0.138015419E+00 0.132144243E+00
 0.126441002E+00 0.120889574E+00 0.115471222E+00 0.110166319E+00 0.104955517E+00
 0.998205617E-01 0.947447717E-01 0.897133052E-01 0.847131908E-01 0.797333568E-01
 0.747645497E-01 0.697992370E-01 0.648315027E-01 0.598569587E-01 0.548726432E-01
 0.498769209E-01 0.448693968E-01 0.398508124E-01 0.348229632E-01 0.297885928E-01
 0.247512888E-01 0.197153799E-01 0.146858003E-01 0.966797303E-02 0.466765277E-02
-0.309236086E-03-0.525677716E-02-0.101692677E-01-0.150414389E-01-0.198687036E-01
-0.246474147E-01-0.293751471E-01-0.340509750E-01-0.386757441E-01-0.432523154E-01
-0.477857515E-01-0.522833914E-01-0.567547791E-01-0.612113141E-01-0.656655356E-01
-0.701298714E-01-0.746147707E-01-0.791258439E-01-0.836599097E-01-0.881995559E-01
-0.927061439E-01-0.971110910E-01-0.101306036E+00-0.105133422E+00-0.108381443E+00
-0.110789709E+00-0.112072349E+00-0.111959182E+00-0.110243924E+00-0.106823266E+00
-0.101717673E+00-0.950741395E-01-0.871525258E-01-0.782942995E-01-0.688753203E-01
 0.143608034E+00 0.138923973E+00 0.132912531E+00 0.126697600E+00 0.120751068E+00
 0.115043938E+00 0.109540626E+00 0.104204468E+00 0.990011543E-01 0.939003304E-01
 0.888760537E-01 0.839065686E-01 0.789739192E-01 0.740634724E-01 0.691634864E-01
 0.642647222E-01 0.593601540E-01 0.544447415E-01 0.495152101E-01 0.445699245E-01
 0.396087468E-01 0.346329510E-01 0.296451356E-01 0.246491339E-01 0.196499508E-01
 0.146536846E-01 0.966744777E-02 0.469928375E-02-0.241927279E-03-0.514657982E-02
-0.100044655E-01-0.148049193E-01-0.195369832E-01-0.241895970E-01-0.287518091E-01
-0.332130156E-01-0.375632048E-01-0.417932309E-01-0.458950698E-01-0.498620011E-01
-0.536887981E-01-0.573718399E-01-0.609090514E-01-0.642995909E-01-0.675430894E-01
-0.706384256E-01-0.735820085E-01-0.763654634E-01-0.789723694E-01-0.813744068E-01
-0.835274160E-01-0.853678137E-01-0.868098214E-01-0.877448469E-01-0.880444199E-01
-0.875683352E-01-0.861787200E-01-0.837587416E-01-0.802325979E-01-0.755823329E-01
-0.698578581E-01-0.631780848E-01-0.557228290E-01-0.477161519E-01-0.394039229E-01
 0.131428003E+00 0.126327798E+00 0.120061025E+00 0.113791265E+00 0.107925080E+00
 0.102385126E+00 0.970958546E-01 0.919918418E-01 0.870202482E-01 0.821397379E-01
 0.773183778E-01 0.725316107E-01 0.677605867E-01 0.629909560E-01 0.582119077E-01
 0.534155518E-01 0.485964306E-01 0.437511951E-01 0.388783701E-01 0.339782014E-01
 0.290525183E-01 0.241046716E-01 0.191394649E-01 0.141631151E-01 0.918321311E-02
 0.420869747E-02-0.750181382E-03-0.568189705E-02-0.105736945E-01-0.154116508E-01
-0.201807525E-01-0.248649884E-01-0.294474810E-01-0.339106396E-01-0.382363349E-01
-0.424061343E-01-0.464015454E-01-0.502043627E-01-0.537969843E-01-0.571625978E-01
-0.602852963E-01-0.631506592E-01-0.657462031E-01-0.680614263E-01-0.700873062E-01
-0.718150288E-01-0.732350722E-01-0.743361786E-01-0.751022249E-01-0.755076930E-01
-0.755159855E-01-0.750788227E-01-0.741367340E-01-0.726211891E-01-0.704588965E-01
-0.675783902E-01-0.639190003E-01-0.594412014E-01-0.541370139E-01-0.480386615E-01
-0.412237421E-01-0.338155441E-01-0.259778555E-01-0.179043189E-01-0.980351865E-02
 0.116773233E+00 0.111140952E+00 0.104839496E+00 0.988228843E-01 0.933873057E-01
 0.883363709E-01 0.835277811E-01 0.788669586E-01 0.742911920E-01 0.697580203E-01
 0.652379841E-01 0.607102811E-01 0.561600514E-01 0.515767410E-01 0.469530523E-01
 0.422842726E-01 0.375678353E-01 0.328030661E-01 0.279909950E-01 0.231342595E-01
 0.182370506E-01 0.133050894E-01 0.834562723E-02 0.336745777E-02-0.161905715E-02
-0.660196040E-02-0.115676718E-01-0.165009648E-01-0.213849526E-01-0.262010787E-01
-0.309291445E-01-0.355473347E-01-0.400322862E-01-0.443591960E-01-0.485020094E-01
-0.524335578E-01-0.561256893E-01-0.595500283E-01-0.626787841E-01-0.654847175E-01
-0.679392144E-01-0.700155050E-01-0.716906339E-01-0.729463398E-01-0.737694502E-01
-0.741466731E-01-0.740662888E-01-0.735252053E-01-0.725236535E-01-0.710447282E-01
-0.690618530E-01-0.665404797E-01-0.634402037E-01-0.597177930E-01-0.553313270E-01
-0.502457507E-01-0.444395207E-01-0.379121453E-01-0.306918714E-01-0.228427034E-01
-0.144695695E-01-0.572035788E-02 0.321675581E-02 0.121220499E-01 0.207595993E-01
 0.982658044E-01 0.916989595E-01 0.860024840E-01 0.812859684E-01 0.770674571E-01
 0.730246305E-01 0.690365136E-01 0.650462434E-01 0.610227548E-01 0.569473691E-01
 0.528081954E-01 0.485974662E-01 0.443101712E-01 0.399433449E-01 0.354956612E-01
 0.309672095E-01 0.263594016E-01 0.216749385E-01 0.169178098E-01 0.120933400E-01
 0.720824115E-02 0.227069180E-02-0.270958245E-02-0.772121362E-02-0.127510950E-01
-0.177842770E-01-0.228038672E-01-0.277909283E-01-0.327243805E-01-0.375809297E-01
-0.423349962E-01-0.469586886E-01-0.514217503E-01-0.556914620E-01-0.597332940E-01
-0.635109171E-01-0.669837743E-01-0.701105893E-01-0.728534758E-01-0.751816332E-01
-0.770424604E-01-0.783898458E-01-0.791876540E-01-0.794086680E-01-0.790345520E-01
-0.780560151E-01-0.764743686E-01-0.743040368E-01-0.715746358E-01-0.682856366E-01
-0.644144118E-01-0.599327348E-01-0.548087358E-01-0.490096807E-01-0.425056145E-01
-0.352740586E-01-0.273058228E-01-0.186119601E-01-0.923192408E-02 0.757200003E-03
 0.112308264E-01 0.220075827E-01 0.328436755E-01 0.434365682E-01 0.534448363E-01
 0.748394504E-01 0.661455020E-01 0.637047440E-01 0.621869341E-01 0.599049665E-01
 0.572008900E-01 0.542085171E-01 0.509915799E-01 0.475850143E-01 0.440099202E-01
 0.402800702E-01 0.364051163E-01 0.323923603E-01 0.282478258E-01 0.239769369E-01
 0.195850190E-01 0.150776440E-01 0.104609262E-01 0.574175129E-02 0.927991408E-03
-0.397130428E-02-0.894572586E-02-0.139833260E-01-0.190704335E-01-0.241914801E-01
-0.293288101E-01-0.344624892E-01-0.395701155E-01-0.446266346E-01-0.496041477E-01
-0.544717237E-01-0.591955036E-01-0.637385845E-01-0.680580214E-01-0.721106678E-01
-0.758595616E-01-0.792392716E-01-0.821812004E-01-0.846245214E-01-0.865134448E-01
-0.877942815E-01-0.884185955E-01-0.883458555E-01-0.875452310E-01-0.859974250E-01
-0.836966038E-01-0.806526989E-01-0.768941268E-01-0.724705607E-01-0.674296021E-01
-0.617482960E-01-0.553977676E-01-0.483450182E-01-0.405550338E-01-0.319935232E-01
-0.226305109E-01-0.124450950E-01-0.143185118E-02 0.103904167E-01 0.229663439E-01
 0.361862928E-01 0.498608910E-01 0.636867583E-01 0.772122219E-01 0.898411125E-01
 0.569137260E-01 0.473946631E-01 0.453112945E-01 0.449300744E-01 0.437835343E-01
 0.420443155E-01 0.398479141E-01 0.372864529E-01 0.344217271E-01 0.312958695E-01
 0.279383697E-01 0.243705586E-01 0.206084754E-01 0.166647565E-01 0.125499265E-01
 0.827329885E-02 0.384363928E-02-0.730326341E-03-0.543950917E-02-0.102741159E-01
-0.152233532E-01-0.202751476E-01-0.254158918E-01-0.306301825E-01-0.359005593E-01
-0.412072390E-01-0.465278365E-01-0.518370718E-01-0.571063906E-01-0.623039529E-01
-0.673929527E-01-0.723339170E-01-0.770936161E-01-0.815983042E-01-0.857736543E-01
-0.895495787E-01-0.928545296E-01-0.956170559E-01-0.977682024E-01-0.992427617E-01
-0.999802724E-01-0.999268293E-01-0.990372598E-01-0.972774401E-01-0.946268290E-01
-0.910811946E-01-0.866556242E-01-0.813875794E-01-0.753400847E-01-0.686045289E-01
-0.611915104E-01-0.530651286E-01-0.441838205E-01-0.345008411E-01-0.239652880E-01
-0.125236427E-01-0.122046338E-03 0.132902255E-01 0.277552288E-01 0.432970859E-01
 0.599056408E-01 0.775057673E-01 0.958936885E-01 0.114572987E+00 0.132329345E+00
 0.422789901E-01 0.322063342E-01 0.304280668E-01 0.302815735E-01 0.295288544E-01
 0.282488875E-01 0.265114941E-01 0.243776664E-01 0.218967199E-01 0.191071015E-01
 0.160384495E-01 0.127137266E-01 0.915103871E-02 0.536508067E-02 0.136824674E-02
-0.282852002E-02-0.721505703E-02-0.117814485E-01-0.165175851E-01-0.214127712E-01
-0.264553949E-01-0.316325873E-01-0.369299278E-01-0.423311144E-01-0.478176624E-01
-0.533685572E-01-0.589598753E-01-0.645646751E-01-0.701508746E-01-0.756883845E-01
-0.811262950E-01-0.863881782E-01-0.914018825E-01-0.960913822E-01-0.100378625E+00
-0.104184993E+00-0.107431740E+00-0.110040918E+00-0.111936726E+00-0.113046944E+00
-0.113304563E+00-0.112649769E+00-0.111032225E+00-0.108413748E+00-0.104771204E+00
-0.100099787E+00-0.944164321E-01-0.877634138E-01-0.802118704E-01-0.718649700E-01
-0.628215894E-01-0.530400835E-01-0.424684733E-01-0.310447011E-01-0.186959859E-01
-0.533771841E-02 0.912810117E-02 0.248148888E-01 0.418540537E-01 0.603982545E-01
 0.806256160E-01 0.102745801E+00 0.127009749E+00 0.153705090E+00 0.181419104E+00
 0.306846872E-01 0.202551242E-01 0.179338790E-01 0.177159607E-01 0.170322228E-01
 0.159078222E-01 0.143757192E-01 0.124683660E-01 0.102148876E-01 0.764022442E-02
 0.476528099E-02 0.160750793E-02-0.181840768E-02-0.549987331E-02-0.942579191E-02
-0.135860369E-01-0.179709941E-01-0.225711539E-01-0.273767449E-01-0.323773772E-01
-0.375617296E-01-0.429171920E-01-0.484295674E-01-0.540827140E-01-0.598581843E-01
-0.657350495E-01-0.716880634E-01-0.776959658E-01-0.836978927E-01-0.896236002E-01
-0.954017490E-01-0.100956276E+00-0.106208421E+00-0.111076847E+00-0.115478359E+00
-0.119328633E+00-0.122543111E+00-0.125037983E+00-0.126731455E+00-0.127545238E+00
-0.127406284E+00-0.126249015E+00-0.124017715E+00-0.120669439E+00-0.116177253E+00
-0.110533848E+00-0.103755340E+00-0.958852544E-01-0.869984254E-01-0.772045478E-01
-0.666512251E-01-0.553700142E-01-0.432972685E-01-0.303573534E-01-0.164590813E-01
-0.149171776E-02 0.146802627E-01 0.322244875E-01 0.513511114E-01 0.723280087E-01
 0.955036357E-01 0.121343404E+00 0.150493801E+00 0.183914885E+00 0.219636798E+00
 0.205540862E-01 0.980795734E-02 0.717379153E-02 0.677886838E-02 0.600916985E-02
 0.487756077E-02 0.339930994E-02 0.158592442E-02-0.552677142E-03-0.300706644E-02
-0.576804997E-02-0.882673077E-02-0.121745989E-01-0.158035513E-01-0.197058208E-01
-0.238738470E-01-0.283000860E-01-0.329767913E-01-0.378957726E-01-0.430481248E-01
-0.484239459E-01-0.540120155E-01-0.597995073E-01-0.657716319E-01-0.719105378E-01
-0.782017559E-01-0.845892206E-01-0.910087451E-01-0.973921642E-01-0.103666805E+00
-0.109756321E+00-0.115580805E+00-0.121057354E+00-0.126100481E+00-0.130622759E+00
-0.134535462E+00-0.137749434E+00-0.140176073E+00-0.141728565E+00-0.142323434E+00
-0.141882345E+00-0.140334338E+00-0.137618452E+00-0.133686781E+00-0.128507897E+00
-0.122070797E+00-0.114388987E+00-0.105504774E+00-0.954933912E-01-0.844666883E-01
-0.725756660E-01-0.599910282E-01-0.466527231E-01-0.324832983E-01-0.173861366E-01
-0.124140934E-02 0.161002781E-01 0.348270833E-01 0.551791079E-01 0.774670839E-01
 0.102098443E+00 0.129611492E+00 0.160713539E+00 0.196303084E+00 0.235346645E+00
 0.112561109E-01 0.165952748E-03-0.218729116E-02-0.287015317E-02-0.383728975E-02
-0.505741267E-02-0.654778862E-02-0.832728855E-02-0.104083167E-01-0.127972364E-01
-0.154961627E-01-0.185045023E-01-0.218200125E-01-0.254394803E-01-0.293590929E-01
-0.335746258E-01-0.380814597E-01-0.428745449E-01-0.479482412E-01-0.532961413E-01
-0.589108281E-01-0.647835657E-01-0.709040090E-01-0.772625357E-01-0.838190913E-01
-0.905155763E-01-0.972896591E-01-0.104074255E+00-0.110797852E+00-0.117384844E+00
-0.123755805E+00-0.129827917E+00-0.135515273E+00-0.140729412E+00-0.145379812E+00
-0.149374485E+00-0.152620807E+00-0.155026525E+00-0.156500876E+00-0.156956181E+00
-0.156309664E+00-0.154485732E+00-0.151418686E+00-0.147055894E+00-0.141361460E+00
-0.134320289E+00-0.125942618E+00-0.116268598E+00-0.105372988E+00-0.933695585E-01
-0.804149806E-01-0.667120442E-01-0.523515679E-01-0.372592621E-01-0.213460438E-01
-0.450347131E-02 0.134017915E-01 0.325354263E-01 0.531058870E-01 0.753794461E-01
 0.997026041E-01 0.126536772E+00 0.156513602E+00 0.190517306E+00 0.227857277E+00
 0.467988895E-02-0.616401201E-02-0.103747537E-01-0.117939794E-01-0.129250586E-01
-0.141587891E-01-0.156134693E-01-0.173409879E-01-0.193677619E-01-0.217080601E-01
-0.243696198E-01-0.273564514E-01-0.306703616E-01-0.343118273E-01-0.382804982E-01
-0.425754488E-01-0.471953005E-01-0.521382093E-01-0.574018024E-01-0.629830286E-01
-0.688780099E-01-0.750815272E-01-0.815774053E-01-0.883138552E-01-0.952365473E-01
-0.102285661E+00-0.109396458E+00-0.116499566E+00-0.123521291E+00-0.130383939E+00
-0.137006074E+00-0.143302947E+00-0.149186701E+00-0.154566929E+00-0.159351021E+00
-0.163444832E+00-0.166753352E+00-0.169181719E+00-0.170636311E+00-0.171026289E+00
-0.170265406E+00-0.168274373E+00-0.164983541E+00-0.160336196E+00-0.154292390E+00
-0.146833196E+00-0.137965411E+00-0.127726510E+00-0.116189644E+00-0.103468254E+00
-0.897198841E-01-0.751483887E-01-0.600032918E-01-0.442738980E-01-0.278937276E-01
-0.107838521E-01 0.714882975E-02 0.260137562E-01 0.459393337E-01 0.670761243E-01
 0.896010175E-01 0.113724373E+00 0.139709026E+00 0.167955652E+00 0.198438242E+00
-0.619322527E-02-0.181297120E-01-0.207364596E-01-0.209293421E-01-0.215659104E-01
-0.225386433E-01-0.238322578E-01-0.254515260E-01-0.274035241E-01-0.296943188E-01
-0.323286653E-01-0.353102870E-01-0.386422165E-01-0.423270240E-01-0.463670120E-01
-0.507642701E-01-0.555207059E-01-0.606379993E-01-0.661175177E-01-0.719602630E-01
-0.781675279E-01-0.847055465E-01-0.915287435E-01-0.985855311E-01-0.105819181E+00
-0.113167942E+00-0.120565362E+00-0.127940506E+00-0.135218263E+00-0.142319679E+00
-0.149162129E+00-0.155659735E+00-0.161723599E+00-0.167262182E+00-0.172181740E+00
-0.176386848E+00-0.179781124E+00-0.182268023E+00-0.183752090E+00-0.184140310E+00
-0.183344036E+00-0.181281224E+00-0.177879214E+00-0.173078105E+00-0.166834638E+00
-0.159126610E+00-0.149957791E+00-0.139363214E+00-0.127414420E+00-0.114224814E+00
-0.999541283E-01-0.848122239E-01-0.690615550E-01-0.529104695E-01-0.363198332E-01
-0.192458648E-01-0.164280960E-02 0.165338349E-01 0.353221260E-01 0.547444522E-01
 0.747904927E-01 0.953840241E-01 0.116313361E+00 0.137078747E+00 0.156639650E+00
-0.147743169E-01-0.271675140E-01-0.291082282E-01-0.288844369E-01-0.291748904E-01
-0.299044270E-01-0.310345013E-01-0.325449854E-01-0.344267935E-01-0.366768986E-01
-0.392955914E-01-0.422850661E-01-0.456486978E-01-0.493906289E-01-0.535155721E-01
-0.580286346E-01-0.629352033E-01-0.682408065E-01-0.739508644E-01-0.800679252E-01
-0.865543559E-01-0.933683366E-01-0.100462392E+00-0.107783563E+00-0.115273729E+00
-0.122869916E+00-0.130504563E+00-0.138105825E+00-0.145597801E+00-0.152900890E+00
-0.159931928E+00-0.166604593E+00-0.172829553E+00-0.178514898E+00-0.183566436E+00
-0.187888235E+00-0.191383287E+00-0.193954259E+00-0.195504665E+00-0.195940301E+00
-0.195170969E+00-0.193112850E+00-0.189691231E+00-0.184843928E+00-0.178525150E+00
-0.170710132E+00-0.161400110E+00-0.150627792E+00-0.138462976E+00-0.125018001E+00
-0.110452786E+00-0.949786901E-01-0.788608342E-01-0.624179952E-01-0.457626022E-01
-0.288771465E-01-0.117530525E-01 0.560537353E-02 0.231738351E-01 0.408969969E-01
 0.586719587E-01 0.763245374E-01 0.935787857E-01 0.110029377E+00 0.125146225E+00
-0.201715287E-01-0.327253677E-01-0.353237763E-01-0.351025201E-01-0.353199318E-01
-0.359680839E-01-0.370282605E-01-0.384864509E-01-0.403343029E-01-0.425683782E-01
-0.451889969E-01-0.481992103E-01-0.516040549E-01-0.554100350E-01-0.596248247E-01
-0.642570406E-01-0.693161339E-01-0.748122111E-01-0.807460174E-01-0.870857686E-01
-0.937936455E-01-0.100826301E+00-0.108134925E+00-0.115665473E+00-0.123358905E+00
-0.131151468E+00-0.138975024E+00-0.146757230E+00-0.154421940E+00-0.161889315E+00
-0.169076160E+00-0.175896153E+00-0.182260051E+00-0.188076049E+00-0.193250060E+00
-0.197686195E+00-0.201287404E+00-0.203956231E+00-0.205595896E+00-0.206111670E+00
-0.205412641E+00-0.203414038E+00-0.200039908E+00-0.195226550E+00-0.188926488E+00
-0.181112960E+00-0.171785161E+00-0.160973653E+00-0.148746237E+00-0.135213494E+00
-0.120533988E+00-0.104918331E+00-0.886315033E-01-0.719926804E-01-0.553373545E-01
-0.386750028E-01-0.220218096E-01-0.540788425E-02 0.111160418E-01 0.274712574E-01
 0.435428470E-01 0.591715872E-01 0.741487145E-01 0.882184356E-01 0.101094000E+00
-0.245609973E-01-0.372864567E-01-0.398701802E-01-0.397180431E-01-0.399862342E-01
-0.406638458E-01-0.417396091E-01-0.432062373E-01-0.450610779E-01-0.473055020E-01
-0.499439687E-01-0.529832579E-01-0.564319454E-01-0.603000894E-01-0.645990744E-01
-0.693415999E-01-0.745417252E-01-0.802060738E-01-0.863080025E-01-0.928148702E-01
-0.996881649E-01-0.106883749E+00-0.114352070E+00-0.122038446E+00-0.129883319E+00
-0.137822568E+00-0.145787790E+00-0.153706565E+00-0.161502719E+00-0.169096604E+00
-0.176405236E+00-0.183342636E+00-0.189819947E+00-0.195745781E+00-0.201026514E+00
-0.205566704E+00-0.209269673E+00-0.212038279E+00-0.213775933E+00-0.214387953E+00
-0.213783354E+00-0.211876988E+00-0.208592355E+00-0.203864947E+00-0.197646141E+00
-0.189907819E+00-0.180647478E+00-0.169893771E+00-0.157712325E+00-0.144211501E+00
-0.129547611E+00-0.113929212E+00-0.976200104E-01-0.809396133E-01-0.642622188E-01
-0.477787033E-01-0.315051377E-01-0.154746203E-01 0.261081295E-03 0.156290792E-01
 0.305331182E-01 0.448526666E-01 0.584446974E-01 0.711495802E-01 0.828019604E-01
-0.275734644E-01-0.404155999E-01-0.428498499E-01-0.428406782E-01-0.432525314E-01
-0.440411046E-01-0.451929718E-01-0.467083938E-01-0.485946052E-01-0.508618988E-01
-0.535219796E-01-0.565873720E-01-0.600713864E-01-0.639882162E-01-0.683531687E-01
-0.731828213E-01-0.784950927E-01-0.842719078E-01-0.904860571E-01-0.971043333E-01
-0.104087733E+00-0.111391641E+00-0.118966118E+00-0.126756161E+00-0.134701997E+00
-0.142739415E+00-0.150800005E+00-0.158811480E+00-0.166697875E+00-0.174379870E+00
-0.181774929E+00-0.188797519E+00-0.195359394E+00-0.201369733E+00-0.206735581E+00
-0.211362109E+00-0.215153292E+00-0.218012571E+00-0.219843894E+00-0.220553011E+00
-0.220049217E+00-0.218247503E+00-0.215071321E+00-0.210455820E+00-0.204351768E+00
-0.196730122E+00-0.187587038E+00-0.176949441E+00-0.164880782E+00-0.151486650E+00
-0.136920050E+00-0.121385545E+00-0.105141744E+00-0.885013863E-01-0.718280002E-01
-0.554857776E-01-0.394948609E-01-0.238860250E-01-0.870340317E-02 0.599425333E-02
 0.201334786E-01 0.336273685E-01 0.463785492E-01 0.582841150E-01 0.692424923E-01
-0.282526705E-01-0.409760512E-01-0.441403389E-01-0.445632823E-01-0.452761017E-01
-0.462431908E-01-0.474915206E-01-0.490554608E-01-0.509641096E-01-0.532412641E-01
-0.559071638E-01-0.589800812E-01-0.624775179E-01-0.664171651E-01-0.708176568E-01
-0.756993368E-01-0.810677409E-01-0.869011655E-01-0.931719393E-01-0.998464897E-01
-0.106885515E+00-0.114244170E+00-0.121872365E+00-0.129715011E+00-0.137712359E+00
-0.145800263E+00-0.153910503E+00-0.161971003E+00-0.169906199E+00-0.177637160E+00
-0.185081810E+00-0.192155212E+00-0.198769718E+00-0.204835176E+00-0.210259318E+00
-0.214948058E+00-0.218806118E+00-0.221737668E+00-0.223647341E+00-0.224441558E+00
-0.224030182E+00-0.222328648E+00-0.219260693E+00-0.214761510E+00-0.208781704E+00
-0.201291651E+00-0.192286581E+00-0.181791976E+00-0.169869229E+00-0.156621262E+00
-0.142197654E+00-0.126798719E+00-0.110677950E+00-0.941422656E-01-0.775491074E-01
-0.613002107E-01-0.455065593E-01-0.301871542E-01-0.153740682E-01-0.111155899E-02
 0.125453211E-01 0.255328286E-01 0.377815291E-01 0.492202267E-01 0.597806573E-01
-0.274297539E-01-0.394962057E-01-0.442004576E-01-0.455853753E-01-0.465315692E-01
-0.475498997E-01-0.487924255E-01-0.503310859E-01-0.522085950E-01-0.544544496E-01
-0.570916049E-01-0.601398237E-01-0.636176318E-01-0.675435662E-01-0.719371885E-01
-0.768198818E-01-0.821896866E-01-0.880248174E-01-0.942974836E-01-0.100974008E+00
-0.108015016E+00-0.115375683E+00-0.123005949E+00-0.130850852E+00-0.138850793E+00
-0.146941870E+00-0.155056119E+00-0.163121834E+00-0.171063811E+00-0.178803578E+00
-0.186259553E+00-0.193347335E+00-0.199979872E+00-0.206067666E+00-0.211519137E+00
-0.216240928E+00-0.220138490E+00-0.223116800E+00-0.225081265E+00-0.225939095E+00
-0.225600868E+00-0.223982707E+00-0.221008852E+00-0.216614947E+00-0.210751683E+00
-0.203389317E+00-0.194522500E+00-0.184175670E+00-0.172408596E+00-0.159321889E+00
-0.145062029E+00-0.129825383E+00-0.113860749E+00-0.974694863E-01-0.810029805E-01
-0.648565367E-01-0.492192656E-01-0.341018401E-01-0.195277669E-01-0.553185213E-02
 0.784162153E-02 0.205412246E-01 0.325112529E-01 0.436951444E-01 0.540393069E-01
-0.315192044E-01-0.445312783E-01-0.471249372E-01-0.470260903E-01-0.473811850E-01
-0.480892174E-01-0.491393954E-01-0.505448133E-01-0.523223244E-01-0.544882268E-01
-0.570579357E-01-0.600464866E-01-0.634692013E-01-0.673423111E-01-0.716835633E-01
-0.765128285E-01-0.818298981E-01-0.876127109E-01-0.938334092E-01-0.100458384E+00
-0.107448407E+00-0.114758849E+00-0.122339904E+00-0.130136892E+00-0.138090551E+00
-0.146137312E+00-0.154209569E+00-0.162236035E+00-0.170141920E+00-0.177849159E+00
-0.185276702E+00-0.192340627E+00-0.198954448E+00-0.205029249E+00-0.210474059E+00
-0.215196252E+00-0.219102010E+00-0.222097054E+00-0.224087670E+00-0.224981904E+00
-0.224691167E+00-0.223132461E+00-0.220230818E+00-0.215922520E+00-0.210158780E+00
-0.202910066E+00-0.194170937E+00-0.183965251E+00-0.172351673E+00-0.159429014E+00
-0.145341158E+00-0.130281150E+00-0.114493474E+00-0.982744619E-01-0.819695666E-01
-0.659672692E-01-0.504765399E-01-0.355052426E-01-0.210740492E-01-0.721513154E-02
 0.602954486E-02 0.186104197E-01 0.304731298E-01 0.415619202E-01 0.518235192E-01
-0.322297551E-01-0.453274883E-01-0.477476157E-01-0.471872278E-01-0.471229553E-01
-0.475184619E-01-0.483433865E-01-0.495831557E-01-0.512333699E-01-0.532956645E-01
-0.557753704E-01-0.586803891E-01-0.620206967E-01-0.658081993E-01-0.700567588E-01
-0.747823864E-01-0.799950734E-01-0.856731683E-01-0.917891562E-01-0.983098000E-01
-0.105196290E+00-0.112404436E+00-0.119884916E+00-0.127583519E+00-0.135441482E+00
-0.143395707E+00-0.151379094E+00-0.159320801E+00-0.167146504E+00-0.174778625E+00
-0.182136551E+00-0.189136878E+00-0.195693597E+00-0.201718390E+00-0.207120866E+00
-0.211809069E+00-0.215689883E+00-0.218669906E+00-0.220656231E+00-0.221557885E+00
-0.221287340E+00-0.219762579E+00-0.216909707E+00-0.212665990E+00-0.206983536E+00
-0.199833497E+00-0.191210777E+00-0.181139216E+00-0.169676885E+00-0.156921357E+00
-0.143014550E+00-0.128146619E+00-0.112558424E+00-0.965418294E-01-0.804375187E-01
-0.646296740E-01-0.492856912E-01-0.344147123E-01-0.200395919E-01-0.619613519E-02
 0.706799375E-02 0.196949709E-01 0.316194557E-01 0.427723862E-01 0.530859008E-01
-0.315344408E-01-0.446550287E-01-0.462993421E-01-0.455367863E-01-0.452847071E-01
-0.455086492E-01-0.461882651E-01-0.473071411E-01-0.488544293E-01-0.508245975E-01
-0.532165132E-01-0.560325533E-01-0.592778884E-01-0.629600361E-01-0.670885891E-01
-0.716750547E-01-0.767329037E-01-0.822551325E-01-0.882146135E-01-0.945786908E-01
-0.101309240E+00-0.108362809E+00-0.115690805E+00-0.123239771E+00-0.130951613E+00
-0.138763919E+00-0.146610230E+00-0.154420286E+00-0.162120312E+00-0.169633284E+00
-0.176879108E+00-0.183774903E+00-0.190235183E+00-0.196172208E+00-0.201496243E+00
-0.206116006E+00-0.209939197E+00-0.212873280E+00-0.214826405E+00-0.215708718E+00
-0.215433910E+00-0.213921323E+00-0.211098447E+00-0.206903964E+00-0.201291308E+00
-0.194232792E+00-0.185724273E+00-0.175790057E+00-0.164488196E+00-0.151915506E+00
-0.138212278E+00-0.123566061E+00-0.108213954E+00-0.924428478E-01-0.765867829E-01
-0.610208102E-01-0.458179899E-01-0.309926681E-01-0.165729988E-01-0.260233227E-02
 0.108598890E-01 0.237381272E-01 0.359424241E-01 0.473725460E-01 0.579251088E-01
-0.277982764E-01-0.407348089E-01-0.428835005E-01-0.420699418E-01-0.417608209E-01
-0.419364609E-01-0.425708182E-01-0.436434522E-01-0.451405048E-01-0.470538177E-01
-0.493796878E-01-0.521177761E-01-0.552703068E-01-0.588415042E-01-0.628372356E-01
-0.672647879E-01-0.721326396E-01-0.774502829E-01-0.832027122E-01-0.893584937E-01
-0.958806872E-01-0.102726929E+00-0.109849714E+00-0.117196620E+00-0.124710552E+00
-0.132330030E+00-0.139989451E+00-0.147619337E+00-0.155146688E+00-0.162495136E+00
-0.169585243E+00-0.176334798E+00-0.182658955E+00-0.188470691E+00-0.193681002E+00
-0.198199481E+00-0.201934800E+00-0.204795510E+00-0.206691056E+00-0.207533002E+00
-0.207236648E+00-0.205723107E+00-0.202921703E+00-0.198773071E+00-0.193232536E+00
-0.186274216E+00-0.177895442E+00-0.168121636E+00-0.157011271E+00-0.144660786E+00
-0.131209061E+00-0.116841078E+00-0.101790175E+00-0.863384306E-01-0.708147958E-01
-0.555072241E-01-0.404188149E-01-0.255637113E-01-0.109707071E-01 0.331266643E-02
 0.172156058E-01 0.306396093E-01 0.434558205E-01 0.555070415E-01 0.666178688E-01
-0.226383228E-01-0.353694372E-01-0.374743007E-01-0.367244221E-01-0.365187079E-01
-0.367894657E-01-0.374918245E-01-0.386026353E-01-0.401106514E-01-0.420107543E-01
-0.443010963E-01-0.469817631E-01-0.500541143E-01-0.535204932E-01-0.573840290E-01
-0.616485290E-01-0.663183630E-01-0.713983476E-01-0.768936053E-01-0.827895477E-01
-0.890508220E-01-0.956364125E-01-0.102500282E+00-0.109591447E+00-0.116854191E+00
-0.124228291E+00-0.131649330E+00-0.139048949E+00-0.146355122E+00-0.153492466E+00
-0.160382465E+00-0.166943774E+00-0.173092499E+00-0.178742513E+00-0.183805883E+00
-0.188193321E+00-0.191814810E+00-0.194580391E+00-0.196401149E+00-0.197190568E+00
-0.196866065E+00-0.195351079E+00-0.192577451E+00-0.188488394E+00-0.183041885E+00
-0.176214486E+00-0.168005750E+00-0.158442706E+00-0.147584707E+00-0.135527968E+00
-0.122409768E+00-0.108411811E+00-0.937621072E-01-0.787351057E-01-0.636490136E-01
-0.486080237E-01-0.336039960E-01-0.186386574E-01-0.372751197E-02 0.110938046E-01
 0.257598963E-01 0.401617363E-01 0.541288480E-01 0.674132928E-01 0.796929747E-01
-0.155265313E-01-0.278901644E-01-0.296555869E-01-0.294253621E-01-0.296437703E-01
-0.301911458E-01-0.310668871E-01-0.322827548E-01-0.338484459E-01-0.357704796E-01
-0.380529612E-01-0.406984314E-01-0.437084958E-01-0.470842682E-01-0.508266352E-01
-0.549363978E-01-0.594143085E-01-0.642610043E-01-0.694768950E-01-0.750618652E-01
-0.810104236E-01-0.872817561E-01-0.938322172E-01-0.100612871E+00-0.107569829E+00
-0.114644594E+00-0.121774338E+00-0.128892213E+00-0.135927618E+00-0.142806500E+00
-0.149451673E+00-0.155783057E+00-0.161718071E+00-0.167171970E+00-0.172058269E+00
-0.176289305E+00-0.179776803E+00-0.182432860E+00-0.184170797E+00-0.184906632E+00
-0.184560612E+00-0.183059230E+00-0.180337623E+00-0.176342428E+00-0.171035066E+00
-0.164395392E+00-0.156425864E+00-0.147155792E+00-0.136645779E+00-0.124991871E+00
-0.112329431E+00-0.988359377E-01-0.847328529E-01-0.702860281E-01-0.557073802E-01
-0.409741737E-01-0.260621440E-01-0.109482035E-01 0.438597659E-02 0.199482273E-01
 0.357255973E-01 0.516645834E-01 0.676298440E-01 0.833135918E-01 0.980854705E-01
-0.490358053E-02-0.163194649E-01-0.201129746E-01-0.210149251E-01-0.217022989E-01
-0.225002747E-01-0.235300902E-01-0.248463880E-01-0.264765639E-01-0.284346901E-01
-0.307276305E-01-0.333581567E-01-0.363266692E-01-0.396322086E-01-0.432730205E-01
-0.472468697E-01-0.515511557E-01-0.561829172E-01-0.611387342E-01-0.664146021E-01
-0.720057562E-01-0.779079497E-01-0.840898976E-01-0.905047581E-01-0.971006975E-01
-0.103821442E+00-0.110606231E+00-0.117390215E+00-0.124104746E+00-0.130677670E+00
-0.137033626E+00-0.143094420E+00-0.148779333E+00-0.154005557E+00-0.158688679E+00
-0.162743241E+00-0.166083470E+00-0.168624133E+00-0.170281574E+00-0.170975134E+00
-0.170628726E+00-0.169172764E+00-0.166546598E+00-0.162701219E+00-0.157602355E+00
-0.151234090E+00-0.143602520E+00-0.134739906E+00-0.124708451E+00-0.113604151E+00
-0.101559795E+00-0.887469947E-01-0.753765926E-01-0.616965666E-01-0.477081574E-01
-0.333709307E-01-0.186354760E-01-0.344272237E-02 0.122771040E-01 0.286058299E-01
 0.456393287E-01 0.634913966E-01 0.823050290E-01 0.102303773E+00 0.123455890E+00
 0.174866687E-02-0.988249388E-02-0.126203615E-01-0.127769010E-01-0.132470252E-01
-0.140041355E-01-0.150561761E-01-0.164165590E-01-0.180943031E-01-0.200932473E-01
-0.224133488E-01-0.250520613E-01-0.280053429E-01-0.312683284E-01-0.348356999E-01
-0.387018509E-01-0.428609326E-01-0.473067500E-01-0.520326309E-01-0.570311956E-01
-0.622941144E-01-0.678117573E-01-0.735723302E-01-0.795679688E-01-0.857482553E-01
-0.920609385E-01-0.984475836E-01-0.104845949E+00-0.111190036E+00-0.117410295E+00
-0.123433955E+00-0.129185364E+00-0.134586424E+00-0.139556989E+00-0.144015491E+00
-0.147879481E+00-0.151066437E+00-0.153494701E+00-0.155084535E+00-0.155759469E+00
-0.155448005E+00-0.154085457E+00-0.151616290E+00-0.147996768E+00-0.143197879E+00
-0.137208641E+00-0.130039617E+00-0.121726565E+00-0.112333894E+00-0.101957969E+00
-0.907296836E-01-0.788161308E-01-0.664209127E-01-0.536142141E-01-0.403512120E-01
-0.265749935E-01-0.122132376E-01 0.282589602E-02 0.186593980E-01 0.354375243E-01
 0.533559844E-01 0.726752132E-01 0.937521383E-01 0.117088921E+00 0.142243862E+00
 0.984164234E-02-0.159268791E-02-0.372667424E-02-0.358772674E-02-0.387393520E-02
-0.454949448E-02-0.559506705E-02-0.699456362E-02-0.873384438E-02-0.107998541E-01
-0.131803509E-01-0.158638787E-01-0.188397653E-01-0.220980700E-01-0.256294496E-01
-0.294249747E-01-0.334759057E-01-0.377734341E-01-0.423084088E-01-0.470710397E-01
-0.520505980E-01-0.572350696E-01-0.626108199E-01-0.681623742E-01-0.738705620E-01
-0.797247589E-01-0.856622905E-01-0.916250199E-01-0.975509286E-01-0.103373811E+00
-0.109024443E+00-0.114430562E+00-0.119517468E+00-0.124208622E+00-0.128426135E+00
-0.132091507E+00-0.135126397E+00-0.137453631E+00-0.138998315E+00-0.139689222E+00
-0.139460295E+00-0.138252661E+00-0.136016786E+00-0.132714942E+00-0.128324047E+00
-0.122838654E+00-0.116274163E+00-0.108670078E+00-0.100093059E+00-0.906396732E-01
-0.804385170E-01-0.696514696E-01-0.583798513E-01-0.465907305E-01-0.342374258E-01
-0.212574136E-01-0.756879477E-02 0.693487283E-02 0.223918855E-01 0.389825627E-01
 0.569429062E-01 0.765815526E-01 0.982970893E-01 0.122585401E+00 0.148771644E+00
 0.201434791E-01 0.909831095E-02 0.679069664E-02 0.705011748E-02 0.682219490E-02
 0.612609135E-02 0.500069931E-02 0.348436739E-02 0.161145721E-02-0.588739756E-03
-0.309181819E-02-0.587754929E-02-0.892903842E-02-0.122319236E-01-0.157736652E-01
-0.195429400E-01-0.235291235E-01-0.277218297E-01-0.321105123E-01-0.366840810E-01
-0.414305665E-01-0.463367663E-01-0.513879173E-01-0.565673560E-01-0.618561655E-01
-0.672331899E-01-0.726720616E-01-0.781509131E-01-0.836146548E-01-0.889985338E-01
-0.942392051E-01-0.992681757E-01-0.104014926E+00-0.108407617E+00-0.112373032E+00
-0.115837462E+00-0.118727729E+00-0.120972164E+00-0.122501738E+00-0.123251297E+00
-0.123161152E+00-0.122178935E+00-0.120261684E+00-0.117378220E+00-0.113511667E+00
-0.108662218E+00-0.102849960E+00-0.961177647E-01-0.885339230E-01-0.801941603E-01
-0.712233111E-01-0.617219135E-01-0.516724847E-01-0.410459526E-01-0.298003480E-01
-0.178788193E-01-0.520663196E-02 0.831326935E-02 0.228067320E-01 0.384377614E-01
 0.554221235E-01 0.740469620E-01 0.946994796E-01 0.117914192E+00 0.142384320E+00
 0.318166576E-01 0.211276431E-01 0.191887133E-01 0.194823276E-01 0.191341285E-01
 0.182285924E-01 0.168474689E-01 0.150609361E-01 0.129249124E-01 0.104825012E-01
 0.776662305E-02 0.480258791E-02 0.161021657E-02-0.179451215E-02-0.539821619E-02
-0.918916240E-02-0.131565370E-01-0.172898713E-01-0.215785615E-01-0.260114726E-01
-0.305765830E-01-0.352606438E-01-0.400488749E-01-0.449246429E-01-0.498691313E-01
-0.548610017E-01-0.598758794E-01-0.648863241E-01-0.698596016E-01-0.747626722E-01
-0.795637518E-01-0.841897354E-01-0.885746628E-01-0.926549509E-01-0.963624120E-01
-0.996285602E-01-0.102386229E+00-0.104570463E+00-0.106119238E+00-0.106974289E+00
-0.107082807E+00-0.106399320E+00-0.104887731E+00-0.102523483E+00-0.992957801E-01
-0.952099413E-01-0.902897343E-01-0.845803395E-01-0.781508833E-01-0.710943788E-01
-0.634804592E-01-0.553067923E-01-0.465615764E-01-0.372234993E-01-0.272614323E-01
-0.166337322E-01-0.528709358E-02 0.684526237E-02 0.198463332E-01 0.338196084E-01
 0.488962531E-01 0.652490780E-01 0.831254721E-01 0.102938734E+00 0.123984776E+00
 0.461305268E-01 0.359510779E-01 0.342036635E-01 0.341962054E-01 0.333454534E-01
 0.318801366E-01 0.299556796E-01 0.276741348E-01 0.251023229E-01 0.222850163E-01
 0.192531627E-01 0.160289239E-01 0.126288338E-01 0.906583574E-02 0.535066100E-02
 0.149277796E-02-0.249891169E-02-0.661555165E-02-0.108479168E-01-0.151860733E-01
-0.196190793E-01-0.241347160E-01-0.287192371E-01-0.333571136E-01-0.380307846E-01
-0.427204072E-01-0.474035665E-01-0.520550571E-01-0.566465631E-01-0.611467808E-01
-0.655206665E-01-0.697269291E-01-0.737244934E-01-0.774857327E-01-0.809361339E-01
-0.840104818E-01-0.866490155E-01-0.887959301E-01-0.903984904E-01-0.914053395E-01
-0.917702690E-01-0.914545581E-01-0.904288366E-01-0.886749551E-01-0.861878917E-01
-0.829772577E-01-0.790673196E-01-0.745022148E-01-0.693560392E-01-0.636430532E-01
-0.573734790E-01-0.505484715E-01-0.431616157E-01-0.351999961E-01-0.266451817E-01
-0.174742118E-01-0.766081735E-02 0.282292743E-02 0.140041150E-01 0.259048119E-01
 0.385344028E-01 0.518738888E-01 0.658369958E-01 0.801377296E-01 0.938683823E-01
 0.651056841E-01 0.560138673E-01 0.532309674E-01 0.517244488E-01 0.495035984E-01
 0.469131134E-01 0.440795980E-01 0.410609059E-01 0.378879644E-01 0.345790796E-01
 0.311459862E-01 0.275967773E-01 0.239375494E-01 0.201733764E-01 0.163089465E-01
 0.123490077E-01 0.829870161E-02 0.416382356E-02-0.489628292E-04-0.433193473E-02
-0.867613871E-02-0.130712278E-01-0.175053030E-01-0.219647512E-01-0.264340974E-01
-0.308958367E-01-0.353302881E-01-0.397154428E-01-0.440268554E-01-0.482375249E-01
-0.523177832E-01-0.562352315E-01-0.599554479E-01-0.634419844E-01-0.666518509E-01
-0.695410296E-01-0.720670223E-01-0.741906986E-01-0.758794695E-01-0.770805925E-01
-0.777521729E-01-0.778616294E-01-0.773859099E-01-0.763129294E-01-0.746441111E-01
-0.723990873E-01-0.695889816E-01-0.662254244E-01-0.623251460E-01-0.578978732E-01
-0.529478081E-01-0.474740192E-01-0.414713323E-01-0.349316150E-01-0.278454665E-01
-0.202044193E-01-0.120037962E-01-0.324658467E-02 0.605116924E-02 0.158524495E-01
 0.260871481E-01 0.366330370E-01 0.472871028E-01 0.577320866E-01 0.675311014E-01
 0.886062235E-01 0.818931013E-01 0.758733377E-01 0.708677173E-01 0.665251464E-01
 0.624703281E-01 0.585510843E-01 0.546934307E-01 0.508560687E-01 0.470136404E-01
 0.431495607E-01 0.392526276E-01 0.353152305E-01 0.313324071E-01 0.273012817E-01
 0.232207589E-01 0.190913472E-01 0.149150724E-01 0.106954211E-01 0.643735798E-02
 0.214733323E-02-0.216666958E-02-0.649508322E-02-0.108266948E-01-0.151485810E-01
-0.194460414E-01-0.237025339E-01-0.278996285E-01-0.320169665E-01-0.360322520E-01
-0.399212651E-01-0.436579362E-01-0.472144783E-01-0.505614653E-01-0.536677614E-01
-0.565015525E-01-0.590313226E-01-0.612265281E-01-0.630576536E-01-0.644946918E-01
-0.655107200E-01-0.660835356E-01-0.661965981E-01-0.658395365E-01-0.650082082E-01
-0.637036413E-01-0.619281121E-01-0.596842133E-01-0.569740981E-01-0.537974723E-01
-0.501509681E-01-0.460282266E-01-0.414207056E-01-0.363190994E-01-0.307154767E-01
-0.246061273E-01-0.179951489E-01-0.108988639E-01-0.335112493E-02 0.459039584E-02
 0.128370067E-01 0.212615151E-01 0.296925977E-01 0.379155651E-01 0.456857421E-01
 0.106395483E+00 0.100584529E+00 0.940976441E-01 0.878896937E-01 0.823381841E-01
 0.772499815E-01 0.724784583E-01 0.679218993E-01 0.635105968E-01 0.591960996E-01
 0.549440272E-01 0.507295690E-01 0.465346873E-01 0.423463061E-01 0.381551459E-01
 0.339549780E-01 0.297420938E-01 0.255149603E-01 0.212739967E-01 0.170214046E-01
 0.127610732E-01 0.849851780E-02 0.424083462E-02-0.331747447E-05-0.422372669E-02
-0.840863772E-02-0.125447595E-01-0.166172870E-01-0.206099302E-01-0.245049652E-01
-0.282833241E-01-0.319246985E-01-0.354076996E-01-0.387100540E-01-0.418088771E-01
-0.446810797E-01-0.473038815E-01-0.496552028E-01-0.517139919E-01-0.534605160E-01
-0.548771806E-01-0.559491664E-01-0.566648357E-01-0.570157357E-01-0.569962561E-01
-0.566027127E-01-0.558320135E-01-0.546804629E-01-0.531426705E-01-0.512105636E-01
-0.488728173E-01-0.461148918E-01-0.429197662E-01-0.392695144E-01-0.351477936E-01
-0.305432193E-01-0.254535321E-01-0.198902786E-01-0.138836298E-01-0.748681929E-02
-0.779526192E-03 0.613065716E-02 0.131097827E-01 0.200032927E-01 0.266465563E-01
 0.120153762E+00 0.114842139E+00 0.108474404E+00 0.102039240E+00 0.960716754E-01
 0.905017629E-01 0.852527469E-01 0.802555829E-01 0.754527003E-01 0.707978830E-01
 0.662547201E-01 0.617947616E-01 0.573959574E-01 0.530413724E-01 0.487182029E-01
 0.444170460E-01 0.401313379E-01 0.358569510E-01 0.315918922E-01 0.273360815E-01
 0.230911691E-01 0.188604258E-01 0.146486368E-01 0.104620270E-01 0.630819472E-02
 0.219605351E-02-0.186422863E-02-0.586129678E-02-0.978268869E-02-0.136149283E-01
-0.173436441E-01-0.209537167E-01-0.244294479E-01-0.277547743E-01-0.309135243E-01
-0.338897072E-01-0.366678350E-01-0.392332375E-01-0.415723510E-01-0.436730012E-01
-0.455246940E-01-0.471188165E-01-0.484486632E-01-0.495092161E-01-0.502966233E-01
-0.508074090E-01-0.510373898E-01-0.509804413E-01-0.506272092E-01-0.499638766E-01
-0.489711277E-01-0.476236790E-01-0.458905250E-01-0.437363759E-01-0.411244817E-01
-0.380209945E-01-0.344006345E-01-0.302530620E-01-0.255890023E-01-0.204450581E-01
-0.148861986E-01-0.900520664E-02-0.291870185E-02 0.324015366E-02 0.933152530E-02
 0.131390750E+00 0.126480266E+00 0.120249733E+00 0.113862604E+00 0.107828639E+00
 0.102112435E+00 0.966739133E-01 0.914708897E-01 0.864633769E-01 0.816157237E-01
 0.768973976E-01 0.722828731E-01 0.677511841E-01 0.632854477E-01 0.588722527E-01
 0.545012094E-01 0.501645580E-01 0.458568260E-01 0.415745489E-01 0.373160839E-01
 0.330814011E-01 0.288719740E-01 0.246906299E-01 0.205414705E-01 0.164297633E-01
 0.123618562E-01 0.834508799E-02 0.438768649E-02 0.498666079E-03-0.331229577E-02
-0.703499606E-02-0.106588639E-01-0.141731463E-01-0.175671056E-01-0.208302550E-01
-0.239526033E-01-0.269249100E-01-0.297389291E-01-0.323876590E-01-0.348655134E-01
-0.371684805E-01-0.392941572E-01-0.412416197E-01-0.430111140E-01-0.446034744E-01
-0.460192412E-01-0.472574718E-01-0.483141914E-01-0.491805151E-01-0.498404987E-01
-0.502688177E-01-0.504286587E-01-0.502702557E-01-0.497310050E-01-0.487380959E-01
-0.472145379E-01-0.450886376E-01-0.423056930E-01-0.388395526E-01-0.347014293E-01
-0.299441181E-01-0.246607866E-01-0.189782120E-01-0.130453417E-01-0.701898942E-02
 0.140531138E+00 0.135920435E+00 0.130000651E+00 0.123794079E+00 0.117868058E+00
 0.112201624E+00 0.106766850E+00 0.101534531E+00 0.964765400E-01 0.915669948E-01
 0.867827907E-01 0.821038112E-01 0.775128379E-01 0.729954094E-01 0.685395971E-01
 0.641357675E-01 0.597763583E-01 0.554556884E-01 0.511697643E-01 0.469161160E-01
 0.426936746E-01 0.385026187E-01 0.343442895E-01 0.302210655E-01 0.261362717E-01
 0.220940690E-01 0.180993527E-01 0.141576435E-01 0.102749644E-01 0.645770505E-02
 0.271247304E-02-0.954069081E-03-0.453539006E-02-0.802529138E-02-0.114181284E-01
-0.147090387E-01-0.178941861E-01-0.209709927E-01-0.239383653E-01-0.267968792E-01
-0.295489244E-01-0.321987420E-01-0.347523578E-01-0.372173116E-01-0.396021456E-01
-0.419155806E-01-0.441652313E-01-0.463557616E-01-0.484862924E-01-0.505469218E-01
-0.525141433E-01-0.543452799E-01-0.559724048E-01-0.572971217E-01-0.581892133E-01
-0.584933050E-01-0.580467992E-01-0.567069054E-01-0.543782637E-01-0.510324016E-01
-0.467159264E-01-0.415486246E-01-0.357116051E-01-0.294247791E-01-0.229166150E-01
 0.148018822E+00 0.143664435E+00 0.138024703E+00 0.132092237E+00 0.126407668E+00
 0.120934807E+00 0.115644522E+00 0.110514008E+00 0.105523907E+00 0.100657023E+00
 0.958978161E-01 0.912323296E-01 0.866481513E-01 0.821344331E-01 0.776818618E-01
 0.732826218E-01 0.689302981E-01 0.646198392E-01 0.603474230E-01 0.561104082E-01
 0.519072190E-01 0.477372594E-01 0.436008312E-01 0.394990221E-01 0.354336351E-01
 0.314070582E-01 0.274221860E-01 0.234822873E-01 0.195908844E-01 0.157516170E-01
 0.119680902E-01 0.824369770E-02 0.458144723E-02 0.983748119E-03-0.254780939E-02
-0.601269305E-02-0.941168424E-02-0.127471397E-01-0.160232633E-01-0.192463621E-01
-0.224250909E-01-0.255706515E-01-0.286969207E-01-0.318204723E-01-0.349604003E-01
-0.381378904E-01-0.413753130E-01-0.446946695E-01-0.481149629E-01-0.516479611E-01
-0.552915446E-01-0.590195693E-01-0.627669692E-01-0.664094537E-01-0.697406009E-01
-0.724604428E-01-0.742056370E-01-0.746343136E-01-0.735131651E-01-0.707518458E-01
-0.664010644E-01-0.606486611E-01-0.538142361E-01-0.463114530E-01-0.385581814E-01
 0.153864294E+00 0.149638802E+00 0.144353569E+00 0.138928488E+00 0.133659944E+00
 0.128510594E+00 0.123471409E+00 0.118535936E+00 0.113697514E+00 0.108948953E+00
 0.104282714E+00 0.996911898E-01 0.951670185E-01 0.907032937E-01 0.862937123E-01
 0.819327012E-01 0.776154771E-01 0.733380467E-01 0.690972507E-01 0.648906901E-01
 0.607167110E-01 0.565743521E-01 0.524632744E-01 0.483836792E-01 0.443362445E-01
 0.403220095E-01 0.363423042E-01 0.323986076E-01 0.284924451E-01 0.246252436E-01
 0.207981933E-01 0.170120690E-01 0.132670458E-01 0.956249796E-02 0.589676527E-02
 0.226689340E-02-0.133164576E-02-0.490526902E-02-0.846262649E-02-0.120149767E-01
-0.155766048E-01-0.191652607E-01-0.228026491E-01-0.265149232E-01-0.303331912E-01
-0.342939645E-01-0.384394489E-01-0.428174771E-01-0.474806726E-01-0.524841659E-01
-0.578806177E-01-0.637103543E-01-0.699826330E-01-0.766396374E-01-0.834825337E-01
-0.900114775E-01-0.952561945E-01-0.982476696E-01-0.985699594E-01-0.961422101E-01
-0.910366476E-01-0.834828913E-01-0.740098879E-01-0.636403635E-01-0.534496903E-01
 0.158375725E+00 0.154087842E+00 0.149511248E+00 0.144770995E+00 0.139984190E+00
 0.135205165E+00 0.130461201E+00 0.125765592E+00 0.121124327E+00 0.116539262E+00
 0.112009749E+00 0.107533664E+00 0.103108011E+00 0.987293720E-01 0.943942368E-01
 0.900991932E-01 0.858411193E-01 0.816172436E-01 0.774252191E-01 0.732631460E-01
 0.691295713E-01 0.650234520E-01 0.609441325E-01 0.568912774E-01 0.528647974E-01
 0.488647819E-01 0.448913872E-01 0.409447625E-01 0.370249115E-01 0.331315808E-01
 0.292641148E-01 0.254212990E-01 0.216011852E-01 0.178008806E-01 0.140163191E-01
 0.102420012E-01 0.647067931E-02 0.269300374E-02-0.110289175E-02-0.493187830E-02
-0.881241448E-02-0.127672423E-01-0.168242436E-01-0.210174900E-01-0.253885649E-01
-0.299882293E-01-0.348785073E-01-0.401353091E-01-0.458515622E-01-0.521407500E-01
-0.591402724E-01-0.670134947E-01-0.759487748E-01-0.861552358E-01-0.978664011E-01
-0.111431077E+00-0.123076744E+00-0.129271895E+00-0.130953625E+00-0.128609091E+00
-0.121838346E+00-0.110993244E+00-0.954572707E-01-0.787446871E-01-0.652560070E-01
 0.163048178E+00 0.158933714E+00 0.154628128E+00 0.150220931E+00 0.145769149E+00
 0.141297504E+00 0.136826098E+00 0.132369295E+00 0.127936542E+00 0.123533554E+00
 0.119163394E+00 0.114827245E+00 0.110525027E+00 0.106255800E+00 0.102018140E+00
 0.978103802E-01 0.936307758E-01 0.894776583E-01 0.853494927E-01 0.812449455E-01
 0.771629214E-01 0.731024966E-01 0.690629482E-01 0.650436804E-01 0.610441640E-01
 0.570638590E-01 0.531021506E-01 0.491582416E-01 0.452310666E-01 0.413191691E-01
 0.374205895E-01 0.335327238E-01 0.296521690E-01 0.257745385E-01 0.218942463E-01
 0.180042498E-01 0.140957488E-01 0.101578170E-01 0.617696531E-02 0.213659951E-02
-0.198363955E-02-0.620870991E-02-0.105692353E-01-0.151028978E-01-0.198563039E-01
-0.248875320E-01-0.302697048E-01-0.360960923E-01-0.424875207E-01-0.496032089E-01
-0.576563589E-01-0.669354349E-01-0.778293088E-01-0.908487737E-01-0.106633067E+00
-0.124166496E+00-0.136443570E+00-0.143416822E+00-0.145456240E+00-0.142324954E+00
-0.134135529E+00-0.119979687E+00-0.100826263E+00-0.840499252E-01-0.700790286E-01
 0.167554513E+00 0.163629353E+00 0.159539431E+00 0.155372754E+00 0.151171282E+00
 0.146947026E+00 0.142711595E+00 0.138474852E+00 0.134244591E+00 0.130026475E+00
 0.125824362E+00 0.121640638E+00 0.117476538E+00 0.113332465E+00 0.109208249E+00
 0.105103329E+00 0.101016954E+00 0.969482958E-01 0.928965211E-01 0.888608545E-01
 0.848406106E-01 0.808351487E-01 0.768438801E-01 0.728661716E-01 0.689013377E-01
 0.649485365E-01 0.610066801E-01 0.570743904E-01 0.531498939E-01 0.492309481E-01
 0.453147478E-01 0.413978249E-01 0.374759287E-01 0.335438922E-01 0.295954347E-01
 0.256229825E-01 0.216173697E-01 0.175675359E-01 0.134601193E-01 0.927896239E-02
 0.500451447E-02 0.613059383E-03-0.392425479E-02-0.864269398E-02-0.135856513E-01
-0.188070182E-01-0.243745744E-01-0.303750429E-01-0.369219333E-01-0.441684164E-01
-0.523296557E-01-0.617237054E-01-0.728468373E-01-0.864871666E-01-0.103605516E+00
-0.118318982E+00-0.128495529E+00-0.134324163E+00-0.135711536E+00-0.132598355E+00
-0.123888165E+00-0.108781181E+00-0.927502513E-01-0.790374205E-01-0.671531856E-01
 0.171809033E+00 0.168068349E+00 0.164179802E+00 0.160221040E+00 0.156233311E+00
 0.152223766E+00 0.148199216E+00 0.144165933E+00 0.140129238E+00 0.136093438E+00
 0.132061750E+00 0.128036454E+00 0.124018982E+00 0.120010152E+00 0.116010256E+00
 0.112019315E+00 0.108037122E+00 0.104063421E+00 0.100097932E+00 0.961404145E-01
 0.921906456E-01 0.882484242E-01 0.843134746E-01 0.803854093E-01 0.764636323E-01
 0.725472495E-01 0.686350092E-01 0.647252128E-01 0.608156621E-01 0.569036305E-01
 0.529857911E-01 0.490581952E-01 0.451162085E-01 0.411544368E-01 0.371666290E-01
 0.331455357E-01 0.290826950E-01 0.249682199E-01 0.207904782E-01 0.165357385E-01
 0.121877389E-01 0.772717688E-02 0.313110044E-02-0.162781449E-02-0.658214465E-02
-0.117707876E-01-0.172402691E-01-0.230463520E-01-0.292559750E-01-0.359496064E-01
-0.432241075E-01-0.511971861E-01-0.600226484E-01-0.700174943E-01-0.805983841E-01
-0.891582519E-01-0.955359638E-01-0.994314775E-01-0.100790948E+00-0.991480798E-01
-0.943256840E-01-0.854753554E-01-0.762536153E-01-0.672378913E-01-0.586781874E-01
 0.175802439E+00 0.172238171E+00 0.168531597E+00 0.164764896E+00 0.160974383E+00
 0.157163769E+00 0.153336823E+00 0.149497226E+00 0.145648226E+00 0.141792580E+00
 0.137932450E+00 0.134069368E+00 0.130204305E+00 0.126337811E+00 0.122470126E+00
 0.118601292E+00 0.114731334E+00 0.110860303E+00 0.106988385E+00 0.103115872E+00
 0.992431715E-01 0.953706950E-01 0.914987847E-01 0.876275748E-01 0.837568790E-01
 0.798860341E-01 0.760138333E-01 0.721384734E-01 0.682574660E-01 0.643677190E-01
 0.604654998E-01 0.565465316E-01 0.526060201E-01 0.486386903E-01 0.446387827E-01
 0.405999906E-01 0.365153849E-01 0.323772356E-01 0.281768460E-01 0.239043310E-01
 0.195483975E-01 0.150961513E-01 0.105329249E-01 0.584221212E-02 0.100576156E-02
-0.399602205E-02-0.918311160E-02-0.145738255E-01-0.201807413E-01-0.260024574E-01
-0.320065767E-01-0.380928405E-01-0.440101810E-01-0.491948687E-01-0.531676225E-01
-0.570895784E-01-0.606091544E-01-0.631474778E-01-0.644851923E-01-0.647551939E-01
-0.643965527E-01-0.623736344E-01-0.583632663E-01-0.533057004E-01-0.478034839E-01
 0.179514617E+00 0.176113605E+00 0.172585189E+00 0.169006526E+00 0.165408611E+00
 0.161791816E+00 0.158157736E+00 0.154508308E+00 0.150845334E+00 0.147170305E+00
 0.143484175E+00 0.139787510E+00 0.136080354E+00 0.132362530E+00 0.128633648E+00
 0.124893367E+00 0.121141583E+00 0.117378481E+00 0.113604650E+00 0.109821081E+00
 0.106029063E+00 0.102230057E+00 0.984254628E-01 0.946164131E-01 0.908035412E-01
 0.869867578E-01 0.831651315E-01 0.793367997E-01 0.754989684E-01 0.716479942E-01
 0.677795336E-01 0.638887733E-01 0.599706247E-01 0.560199060E-01 0.520315170E-01
 0.480004624E-01 0.439218394E-01 0.397907495E-01 0.356021598E-01 0.313507877E-01
 0.270310231E-01 0.226369333E-01 0.181624200E-01 0.136015639E-01 0.894927699E-02
 0.420240173E-02-0.638493511E-03-0.556626776E-02-0.105628138E-01-0.155925136E-01
-0.205933210E-01-0.254673641E-01-0.300801862E-01-0.342908762E-01-0.380175561E-01
-0.412383005E-01-0.438927896E-01-0.458722524E-01-0.470868424E-01-0.474898219E-01
-0.470375717E-01-0.456689633E-01-0.434063636E-01-0.404122621E-01-0.369082317E-01
 0.182895780E+00 0.179655164E+00 0.176327586E+00 0.172952861E+00 0.169552490E+00
 0.166130617E+00 0.162689775E+00 0.159231424E+00 0.155756533E+00 0.152265608E+00
 0.148758560E+00 0.145234659E+00 0.141692653E+00 0.138130903E+00 0.134547830E+00
 0.130942091E+00 0.127312988E+00 0.123660639E+00 0.119986102E+00 0.116291359E+00
 0.112579212E+00 0.108852901E+00 0.105115771E+00 0.101370782E+00 0.976200700E-01
 0.938646346E-01 0.901040435E-01 0.863363370E-01 0.825580582E-01 0.787644163E-01
 0.749496743E-01 0.711076185E-01 0.672321469E-01 0.633177012E-01 0.593596324E-01
 0.553544015E-01 0.512995273E-01 0.471934490E-01 0.430353060E-01 0.388247296E-01
 0.345617943E-01 0.302470922E-01 0.258819852E-01 0.214690603E-01 0.170128420E-01
 0.125208292E-01 0.800493732E-02 0.348340534E-02-0.101687259E-02-0.545786554E-02
-0.978854857E-02-0.139451781E-01-0.178556107E-01-0.214478932E-01-0.246582963E-01
-0.274315141E-01-0.297147166E-01-0.314561389E-01-0.326108113E-01-0.331463739E-01
-0.330462717E-01-0.323160253E-01-0.309935529E-01-0.291525889E-01-0.268918239E-01
 0.186034009E+00 0.182953939E+00 0.179822862E+00 0.176644742E+00 0.173429519E+00
 0.170203567E+00 0.166958570E+00 0.163694605E+00 0.160412386E+00 0.157112092E+00
 0.153792754E+00 0.150452048E+00 0.147086456E+00 0.143691838E+00 0.140264109E+00
 0.136799917E+00 0.133297265E+00 0.129755765E+00 0.126177058E+00 0.122564755E+00
 0.118924282E+00 0.115262255E+00 0.111585639E+00 0.107900769E+00 0.104212515E+00
 0.100523748E+00 0.968349278E-01 0.931438878E-01 0.894457474E-01 0.857331678E-01
 0.819970891E-01 0.782278851E-01 0.744166449E-01 0.705562010E-01 0.666418150E-01
 0.626715496E-01 0.586461164E-01 0.545682907E-01 0.504421629E-01 0.462726019E-01
 0.420651063E-01 0.378259607E-01 0.335624702E-01 0.292833839E-01 0.249993801E-01
 0.207237415E-01 0.164731871E-01 0.122688022E-01 0.813697558E-02 0.411006017E-02
 0.226436721E-03-0.347038661E-02-0.693376781E-02-0.101166135E-01-0.129738105E-01
-0.154636772E-01-0.175486952E-01-0.191965923E-01-0.203822590E-01-0.210902374E-01
-0.213173162E-01-0.210749712E-01-0.203909278E-01-0.193084329E-01-0.178826451E-01
 0.189012960E+00 0.186103791E+00 0.183153570E+00 0.180153936E+00 0.177104652E+00
 0.174045444E+00 0.170988470E+00 0.167921424E+00 0.164836451E+00 0.161735594E+00
 0.158617780E+00 0.155478239E+00 0.152309015E+00 0.149100602E+00 0.145843923E+00
 0.142531827E+00 0.139159739E+00 0.135726064E+00 0.132232696E+00 0.128685668E+00
 0.125095293E+00 0.121475086E+00 0.117839389E+00 0.114200786E+00 0.110568672E+00
 0.106948853E+00 0.103343397E+00 0.997502878E-01 0.961625203E-01 0.925674066E-01
 0.889477730E-01 0.852856562E-01 0.815657750E-01 0.777769834E-01 0.739131793E-01
 0.699745715E-01 0.659678206E-01 0.619035140E-01 0.577927120E-01 0.536457971E-01
 0.494730882E-01 0.452855490E-01 0.410951711E-01 0.369151644E-01 0.327600986E-01
 0.286461730E-01 0.245915521E-01 0.206167735E-01 0.167450961E-01 0.130026499E-01
 0.941828173E-02 0.602298602E-02 0.284895068E-02-0.716467257E-04-0.270790071E-02
-0.503135147E-02-0.701707788E-02-0.864482112E-02-0.990020111E-02-0.107759787E-01
-0.112732090E-01-0.114020277E-01-0.111818044E-01-0.106403837E-01-0.981240254E-02
 0.191776916E+00 0.189086318E+00 0.186350599E+00 0.183551401E+00 0.180680484E+00
 0.177774444E+00 0.174854115E+00 0.171936020E+00 0.169035792E+00 0.166143104E+00
 0.163249195E+00 0.160345674E+00 0.157413080E+00 0.154427141E+00 0.151368931E+00
 0.148226395E+00 0.144991934E+00 0.141660988E+00 0.138233006E+00 0.134714678E+00
 0.131124914E+00 0.127495125E+00 0.123858020E+00 0.120236851E+00 0.116645433E+00
 0.113091841E+00 0.109580651E+00 0.106113158E+00 0.102685265E+00 0.992781371E-01
 0.958451778E-01 0.923456401E-01 0.887571126E-01 0.850626528E-01 0.812491030E-01
 0.773134083E-01 0.732810125E-01 0.691908374E-01 0.650609508E-01 0.609025843E-01
 0.567281395E-01 0.525522679E-01 0.483913124E-01 0.442625545E-01 0.401836447E-01
 0.361724235E-01 0.322470069E-01 0.284260511E-01 0.247290377E-01 0.211764276E-01
 0.177896246E-01 0.145907262E-01 0.116020478E-01 0.884547364E-02 0.634171627E-02
 0.410952279E-02 0.216487446E-02 0.520189584E-03-0.816437881E-03-0.184191926E-02
-0.255869119E-02-0.297497469E-02-0.310468068E-02-0.296690455E-02-0.258503039E-02
 0.194320649E+00 0.191943198E+00 0.189492315E+00 0.186931878E+00 0.184253439E+00
 0.181474477E+00 0.178638577E+00 0.175804406E+00 0.173011810E+00 0.170295998E+00
 0.167647749E+00 0.165066838E+00 0.162479609E+00 0.159780711E+00 0.156957731E+00
 0.154008210E+00 0.150926396E+00 0.147702247E+00 0.144321918E+00 0.140770093E+00
 0.137047291E+00 0.133276746E+00 0.129566744E+00 0.125926390E+00 0.122356415E+00
 0.118859880E+00 0.115442939E+00 0.112114586E+00 0.108887799E+00 0.105780378E+00
 0.102621846E+00 0.993450433E-01 0.959454402E-01 0.923900455E-01 0.886507928E-01
 0.846896172E-01 0.805533454E-01 0.764037818E-01 0.722220540E-01 0.680104196E-01
 0.637836978E-01 0.595635176E-01 0.553738959E-01 0.512382314E-01 0.471778102E-01
 0.432115160E-01 0.393562727E-01 0.356277376E-01 0.320409462E-01 0.286107585E-01
 0.253520999E-01 0.222799219E-01 0.194090158E-01 0.167536438E-01 0.143270828E-01
 0.121411104E-01 0.102054654E-01 0.852732360E-02 0.711082388E-02 0.595667725E-02
 0.506190164E-02 0.441972818E-02 0.401970185E-02 0.384799787E-02 0.388792623E-02
 0.196674228E+00 0.194832087E+00 0.192800164E+00 0.190499738E+00 0.187937021E+00
 0.185182378E+00 0.182330653E+00 0.179468527E+00 0.176677302E+00 0.174029633E+00
 0.171538338E+00 0.169257239E+00 0.167034015E+00 0.164597780E+00 0.161995664E+00
 0.159240708E+00 0.156325594E+00 0.153232798E+00 0.149934307E+00 0.146380916E+00
 0.142484948E+00 0.138550252E+00 0.134785891E+00 0.131137386E+00 0.127586320E+00
 0.124133043E+00 0.120787807E+00 0.117566787E+00 0.114490740E+00 0.111578375E+00
 0.108651601E+00 0.105626211E+00 0.102480881E+00 0.991644934E-01 0.956196189E-01
 0.917837843E-01 0.877030790E-01 0.835420489E-01 0.792914778E-01 0.749682710E-01
 0.706092119E-01 0.662593096E-01 0.619611107E-01 0.577488169E-01 0.536473542E-01
 0.496743135E-01 0.458424799E-01 0.421619862E-01 0.386417285E-01 0.352902226E-01
 0.321159847E-01 0.291276202E-01 0.263336934E-01 0.237424914E-01 0.213616733E-01
 0.191979110E-01 0.172564983E-01 0.155409845E-01 0.140528688E-01 0.127913374E-01
 0.117531093E-01 0.109323841E-01 0.103209084E-01 0.990816485E-02 0.968166348E-02
 0.138401532E+01 0.140204787E+01 0.141085970E+01 0.142145574E+01 0.143342280E+01
 0.144581866E+01 0.145848835E+01 0.147139692E+01 0.148468745E+01 0.150017774E+01
 0.151328051E+01 0.152742517E+01 0.154225492E+01 0.155756664E+01 0.157231295E+01
 0.158784950E+01 0.160422885E+01 0.162088716E+01 0.163821411E+01 0.165548801E+01
 0.167340314E+01 0.169208300E+01 0.171110427E+01 0.173097396E+01 0.175131404E+01
 0.177214384E+01 0.179354441E+01 0.181578946E+01 0.183874547E+01 0.186258233E+01
 0.188713527E+01 0.191244221E+01 0.193865466E+01 0.196587312E+01 0.199406481E+01
 0.202341557E+01 0.205381536E+01 0.208540368E+01 0.211835361E+01 0.215265775E+01
 0.218832159E+01 0.222561216E+01 0.226460576E+01 0.230540681E+01 0.234827709E+01
 0.239333868E+01 0.244044065E+01 0.249011898E+01 0.254276133E+01 0.259837079E+01
 0.265729094E+01 0.272005010E+01 0.278681207E+01 0.285791421E+01 0.293484449E+01
 0.301733732E+01 0.310704660E+01 0.320465994E+01 0.331122422E+01 0.343197894E+01
 0.356883335E+01 0.372525454E+01 0.391602969E+01 0.418062067E+01 0.489246893E+01
   71   87
 0.122196877E+01 0.000000000E+00 0.123287404E+01 0.100000001E+00 0.124955845E+01
 0.150000006E+00 0.127329183E+01 0.200000003E+00 0.130313575E+01 0.250000000E+00
 0.133865094E+01 0.300000012E+00 0.137125003E+01 0.340078115E+00 0.139781249E+01
 0.370380580E+00 0.142535090E+01 0.400000006E+00 0.147713733E+01 0.449999988E+00
 0.150406253E+01 0.473744571E+00 0.153605771E+01 0.500000000E+00 0.158375001E+01
 0.535703361E+00 0.161031246E+01 0.553562164E+00 0.166343749E+01 0.585944295E+00
 0.169048119E+01 0.600000024E+00 0.174312496E+01 0.625004828E+00 0.179624999E+01
 0.644083083E+00 0.182281256E+01 0.651535273E+00 0.187593746E+01 0.663062096E+00
 0.192906249E+01 0.667273641E+00 0.198218751E+01 0.662031949E+00 0.201882458E+01
 0.649999976E+00 0.206187510E+01 0.627825022E+00 0.209210014E+01 0.600000024E+00
 0.213140559E+01 0.550000012E+00 0.216051722E+01 0.500000000E+00 0.218449020E+01
 0.449999988E+00 0.220545268E+01 0.400000006E+00 0.222432566E+01 0.349999994E+00
 0.224781251E+01 0.279248655E+00 0.226927972E+01 0.200000003E+00 0.227914310E+01
 0.150000006E+00 0.228794813E+01 0.500000007E-01 0.228051591E+01-0.500000007E-01
 0.227124524E+01-0.100000001E+00 0.224781251E+01-0.189941019E+00 0.222943735E+01
-0.250000000E+00 0.221327138E+01-0.300000012E+00 0.219468760E+01-0.358035266E+00
 0.216812491E+01-0.442238122E+00 0.215015030E+01-0.500000000E+00 0.213542819E+01
-0.550000012E+00 0.211500001E+01-0.626963735E+00 0.209341455E+01-0.699999988E+00
 0.208347154E+01-0.750480175E+00 0.207850575E+01-0.768128395E+00 0.201038170E+01
-0.750000000E+00 0.198218751E+01-0.743452191E+00 0.192906249E+01-0.727448285E+00
 0.187593746E+01-0.707162142E+00 0.184937501E+01-0.696010768E+00 0.179624999E+01
-0.672221243E+00 0.175504231E+01-0.649999976E+00 0.171656251E+01-0.628823936E+00
 0.167157817E+01-0.600000024E+00 0.163687503E+01-0.576700270E+00 0.160121882E+01
-0.550000012E+00 0.155718756E+01-0.514862776E+00 0.153062499E+01-0.491843522E+00
 0.148544645E+01-0.449999988E+00 0.145093751E+01-0.415098518E+00 0.142437506E+01
-0.386468142E+00 0.139229357E+01-0.349999994E+00 0.135252869E+01-0.300000012E+00
 0.131812501E+01-0.251010060E+00 0.129156256E+01-0.207757741E+00 0.126499999E+01
-0.157167658E+00 0.124148667E+01-0.100000001E+00 0.122806251E+01-0.500000007E-01
 0.122196877E+01 0.000000000E+00
 0.101730001E+01 0.000000000E+00 0.101932001E+01 0.111591995E+01 0.101127005E+01
 0.116271996E+01 0.100224996E+01 0.121238995E+01 0.102639997E+01 0.121238995E+01
 0.103497005E+01 0.116392004E+01 0.103842998E+01 0.116235995E+01 0.106122005E+01
 0.116356003E+01 0.109895003E+01 0.116589999E+01 0.113813996E+01 0.116823995E+01
 0.116191995E+01 0.117446005E+01 0.119008005E+01 0.118699002E+01 0.121012998E+01
 0.120185006E+01 0.123081994E+01 0.122499001E+01 0.123939002E+01 0.123863995E+01
 0.126108003E+01 0.128634000E+01 0.128076005E+01 0.133403003E+01 0.128076005E+01
 0.134810996E+01 0.133062005E+01 0.134810996E+01 0.141947997E+01 0.134748995E+01
 0.141947997E+01 0.131036997E+01 0.137993002E+01 0.131093001E+01 0.137410998E+01
 0.130689001E+01 0.136740994E+01 0.126408994E+01 0.136789000E+01 0.122646999E+01
 0.137232995E+01 0.119475996E+01 0.138840997E+01 0.116448998E+01 0.140222001E+01
 0.115728998E+01 0.141559005E+01 0.115646994E+01 0.142587996E+01 0.116276002E+01
 0.144700003E+01 0.118200004E+01 0.148800004E+01 0.121899998E+01 0.149600005E+01
 0.122800004E+01 0.149109995E+01 0.121349001E+01 0.149501002E+01 0.116171002E+01
 0.147765005E+01 0.112226999E+01 0.148169005E+01 0.111591995E+01 0.149105000E+01
 0.111275005E+01 0.152942002E+01 0.110483003E+01 0.160203004E+01 0.109308004E+01
 0.164134002E+01 0.107020998E+01 0.164687002E+01 0.107845998E+01 0.178340006E+01
 0.107209003E+01 0.204518008E+01 0.103909004E+01 0.205605006E+01 0.104322004E+01
 0.210643005E+01 0.999729991E+00 0.208569002E+01 0.869270027E+00 0.222220993E+01
 0.519110024E+00 0.224294996E+01 0.448630005E+00 0.230183005E+01 0.280680001E+00
 0.231151009E+01 0.279680014E+00 0.233364010E+01 0.219329998E+00 0.234012008E+01
 0.219870001E+00 0.234645009E+01 0.198670000E+00 0.234827995E+01 0.632900000E-01
 0.235109997E+01 0.420800000E-01 0.234827995E+01-0.254779994E+00 0.234645009E+01
-0.272720009E+00 0.234461999E+01-0.410820007E+00 0.235109997E+01-0.420599997E+00
 0.227828002E+01-0.593429983E+00 0.223841000E+01-0.688269973E+00 0.223594999E+01
-0.694119990E+00 0.219540000E+01-0.790600002E+00 0.219392991E+01-0.794110000E+00
 0.215665007E+01-0.882770002E+00 0.215165997E+01-0.884549975E+00 0.192442000E+01
-0.101282001E+01 0.191968000E+01-0.101691997E+01 0.178656006E+01-0.116066003E+01
 0.177983999E+01-0.116922998E+01 0.174579000E+01-0.124380004E+01 0.164520001E+01
-0.124479997E+01 0.140117002E+01-0.124477005E+01 0.138558996E+01-0.124820995E+01
 0.137489998E+01-0.125832999E+01 0.136953998E+01-0.126941001E+01 0.136824000E+01
-0.127555001E+01 0.136860001E+01-0.132246995E+01 0.137256002E+01-0.132470000E+01
 0.142770004E+01-0.132470000E+01 0.142770004E+01-0.135782003E+01 0.116450000E+01
-0.135894001E+01 0.101627004E+01-0.121800005E+01 0.101750004E+01-0.121700001E+01
 0.101730001E+01-0.100000005E-02 0.101730001E+01 0.000000000E+00
    0 0.170000005E+01    1
 0.000000000E+00 0.000000000E+00 0.000000000E+00 0.000000000E+00 0.000000000E+00
 0.000000000E+00 0.000000000E+00 0.000000000E+00 0.000000000E+00 0.000000000E+00
 0.000000000E+00 0.000000000E+00 0.000000000E+00 0.000000000E+00 0.000000000E+00
 0.000000000E+00 0.000000000E+00 0.000000000E+00 0.000000000E+00 0.000000000E+00
 0.000000000E+00 0.000000000E+00 0.000000000E+00 0.000000000E+00 0.000000000E+00
 0.000000000E+00 0.000000000E+00 0.000000000E+00 0.000000000E+00 0.000000000E+00
 0.000000000E+00 0.000000000E+00 0.000000000E+00 0.000000000E+00 0.000000000E+00
 0.000000000E+00 0.000000000E+00 0.000000000E+00 0.000000000E+00 0.000000000E+00
 0.000000000E+00 0.000000000E+00 0.000000000E+00 0.000000000E+00 0.000000000E+00
 0.000000000E+00 0.000000000E+00 0.000000000E+00 0.000000000E+00 0.000000000E+00
 0.000000000E+00 0.000000000E+00 0.000000000E+00 0.000000000E+00 0.000000000E+00
 0.000000000E+00 0.000000000E+00 0.000000000E+00 0.000000000E+00 0.000000000E+00
 0.000000000E+00 0.000000000E+00 0.000000000E+00 0.000000000E+00 0.000000000E+00
 0.000000000E+00 0.995593071E-01 0.141396150E+00 0.173721328E+00 0.201088384E+00
 0.225341931E+00 0.247427195E+00 0.267897099E+00 0.287078559E+00 0.303627700E+00
 0.320910037E+00 0.337499797E+00 0.353578150E+00 0.369119465E+00 0.384084076E+00
 0.398552567E+00 0.412712216E+00 0.426660120E+00 0.440278590E+00 0.453541845E+00
 0.466554761E+00 0.479352385E+00 0.492023826E+00 0.504559398E+00 0.516859651E+00
 0.528991222E+00 0.541006446E+00 0.552897573E+00 0.564729631E+00 0.576465607E+00
 0.588084042E+00 0.599636972E+00 0.611113966E+00 0.622527838E+00 0.633922219E+00
 0.645273685E+00 0.656585932E+00 0.667861342E+00 0.679142535E+00 0.690414369E+00
 0.701661527E+00 0.712943554E+00 0.724231541E+00 0.735519409E+00 0.746878386E+00
 0.758277595E+00 0.769683540E+00 0.781168401E+00 0.792732954E+00 0.804356098E+00
 0.816070855E+00 0.827896237E+00 0.839821875E+00 0.851863027E+00 0.864086151E+00
 0.876434863E+00 0.888975263E+00 0.901697636E+00 0.914621294E+00 0.927897274E+00
 0.941461980E+00 0.955296159E+00 0.969610512E+00 0.984568417E+00 0.100000000E+01
    1
 0.000000000E+00 0.000000000E+00 0.000000000E+00 0.000000000E+00 0.000000000E+00
 0.000000000E+00 0.000000000E+00 0.000000000E+00 0.000000000E+00 0.000000000E+00
 0.000000000E+00 0.000000000E+00 0.000000000E+00 0.000000000E+00 0.000000000E+00
 0.000000000E+00 0.000000000E+00 0.000000000E+00 0.000000000E+00 0.000000000E+00
 0.000000000E+00 0.000000000E+00 0.000000000E+00 0.000000000E+00 0.000000000E+00
 0.000000000E+00 0.000000000E+00 0.000000000E+00 0.000000000E+00 0.000000000E+00
 0.000000000E+00 0.000000000E+00 0.000000000E+00 0.000000000E+00 0.000000000E+00
 0.000000000E+00 0.000000000E+00 0.000000000E+00 0.000000000E+00 0.000000000E+00
 0.000000000E+00 0.000000000E+00 0.000000000E+00 0.000000000E+00 0.000000000E+00
 0.000000000E+00 0.000000000E+00 0.000000000E+00 0.000000000E+00 0.000000000E+00
 0.000000000E+00 0.000000000E+00 0.000000000E+00 0.000000000E+00 0.000000000E+00
 0.000000000E+00 0.000000000E+00 0.000000000E+00 0.000000000E+00 0.000000000E+00
 0.000000000E+00 0.000000000E+00 0.000000000E+00 0.000000000E+00 0.000000000E+00
&BASIS
 EE2BDRY= 32*0.00000000      ,
 EEBDRY= 32*0.00000000      ,
 EEKNT= 32*0.00000000      ,
 EETENS=  5.00000000    ,
 FF2BDRY= 64*0.00000000      ,
 FFBDRY= -1.10769367    ,  2.34345460    , -1.23560631    , 61*0.00000000      ,
 FFKNT= 64*0.00000000      ,
 FFTENS=  0.00000000    ,
 KEE2BDRY= 32*0          ,
 KEEBDRY= 32*0          ,
 KEEFNC=          0,
 KEEKNT=          0,
 KFF2BDRY= 64*0          ,
 KFFBDRY= 64*0          ,
 KFFFNC=          0,
 KFFKNT=          0,
 KPP2BDRY= 64*0          ,
 KPPBDRY= 64*0          ,
 KPPFNC=          0,
 KPPKNT=          0,
 KWW2BDRY= 64*0          ,
 KWWBDRY= 64*0          ,
 KWWFNC=          0,
 KWWKNT=          0,
 PP2BDRY= 64*0.00000000      ,
 PPBDRY=  857191.125    , -856294.250    , 62*0.00000000      ,
 PPKNT= 64*0.00000000      ,
 PPTENS=  0.00000000    ,
 WW2BDRY= 64*0.00000000      ,
 WWBDRY=  1517.46301    ,  36258.3984    , 62*0.00000000      ,
 WWKNT= 64*0.00000000      ,
 WWTENS=  0.00000000    ,
 /
