  EFITD    01/21/2000    #180533  3300ms           7  65  65
 0.170000005E+01 0.320000005E+01 0.169550002E+01 0.839999974E+00 0.000000000E+00
 0.180738568E+01-0.431487411E-01-0.272765219E+00 0.133656077E-01-0.197088528E+01
 0.884916938E+06-0.272765219E+00 0.000000000E+00 0.180738568E+01 0.000000000E+00
-0.431487411E-01 0.000000000E+00 0.133656077E-01 0.000000000E+00 0.000000000E+00
-0.341370821E+01-0.340749931E+01-0.340157175E+01-0.339592052E+01-0.339054060E+01
-0.338542700E+01-0.338057470E+01-0.337597847E+01-0.337163281E+01-0.336753249E+01
-0.336367202E+01-0.336004567E+01-0.335664797E+01-0.335347319E+01-0.335051537E+01
-0.334776878E+01-0.334522772E+01-0.334288621E+01-0.334073782E+01-0.333877707E+01
-0.333699751E+01-0.333539295E+01-0.333395743E+01-0.333268476E+01-0.333156848E+01
-0.333060217E+01-0.332977986E+01-0.332909513E+01-0.332854152E+01-0.332811284E+01
-0.332780242E+01-0.332760382E+01-0.332751083E+01-0.332751703E+01-0.332761574E+01
-0.332780075E+01-0.332806540E+01-0.332840347E+01-0.332880807E+01-0.332927299E+01
-0.332979202E+01-0.333035827E+01-0.333096528E+01-0.333160686E+01-0.333227634E+01
-0.333296752E+01-0.333367372E+01-0.333438849E+01-0.333510542E+01-0.333581805E+01
-0.333652020E+01-0.333720493E+01-0.333786631E+01-0.333849788E+01-0.333909297E+01
-0.333964539E+01-0.334014845E+01-0.334059620E+01-0.334098172E+01-0.334129906E+01
-0.334154177E+01-0.334170294E+01-0.334177685E+01-0.334175658E+01-0.334163594E+01
 0.943234844E+05 0.922522422E+05 0.901999609E+05 0.881666562E+05 0.861523047E+05
 0.841569297E+05 0.821805156E+05 0.802230703E+05 0.782845938E+05 0.763650781E+05
 0.744645312E+05 0.725829453E+05 0.707203359E+05 0.688766875E+05 0.670520078E+05
 0.652462891E+05 0.634595391E+05 0.616917578E+05 0.599429414E+05 0.582130898E+05
 0.565022070E+05 0.548102891E+05 0.531373398E+05 0.514833555E+05 0.498483359E+05
 0.482322852E+05 0.466351992E+05 0.450570781E+05 0.434979258E+05 0.419577383E+05
 0.404365195E+05 0.389342656E+05 0.374509766E+05 0.359866562E+05 0.345413008E+05
 0.331149141E+05 0.317074902E+05 0.303190352E+05 0.289495449E+05 0.275990215E+05
 0.262674648E+05 0.249548730E+05 0.236612500E+05 0.223865918E+05 0.211309004E+05
 0.198941758E+05 0.186764160E+05 0.174776230E+05 0.162977979E+05 0.151369375E+05
 0.139950439E+05 0.128721172E+05 0.117681562E+05 0.106831611E+05 0.961713281E+04
 0.857007129E+04 0.754197607E+04 0.653284668E+04 0.554268408E+04 0.457148730E+04
 0.361925732E+04 0.268599341E+04 0.177169592E+04 0.876364807E+03 0.000000000E+00
-0.484896612E+01-0.462400150E+01-0.440383673E+01-0.418847275E+01-0.397790933E+01
-0.377214622E+01-0.357118368E+01-0.337502146E+01-0.318365955E+01-0.299709821E+01
-0.281533742E+01-0.263837695E+01-0.246621704E+01-0.229885745E+01-0.213629842E+01
-0.197853971E+01-0.182558155E+01-0.167742372E+01-0.153406644E+01-0.139550960E+01
-0.126175320E+01-0.113279724E+01-0.100864172E+01-0.889286637E+00-0.774731994E+00
-0.664977789E+00-0.560024083E+00-0.459870785E+00-0.364517927E+00-0.273965538E+00
-0.188213587E+00-0.107262082E+00-0.311110243E-01 0.402395874E-01 0.106789753E+00
 0.168539479E+00 0.225488752E+00 0.277637571E+00 0.324985951E+00 0.367533892E+00
 0.405281365E+00 0.438228428E+00 0.466375023E+00 0.489721149E+00 0.508266866E+00
 0.522012115E+00 0.530956924E+00 0.535101295E+00 0.534445226E+00 0.528988659E+00
 0.518731713E+00 0.503674269E+00 0.483816415E+00 0.459158093E+00 0.429699332E+00
 0.395440131E+00 0.356380463E+00 0.312520385E+00 0.263859838E+00 0.210398838E+00
 0.152137399E+00 0.890755132E-01 0.212131795E-01-0.514496006E-01-0.128912821E+00
-0.465404406E+06-0.461162125E+06-0.456919844E+06-0.452677594E+06-0.448435312E+06
-0.444193031E+06-0.439950750E+06-0.435708469E+06-0.431466219E+06-0.427223938E+06
-0.422981656E+06-0.418739375E+06-0.414497094E+06-0.410254844E+06-0.406012562E+06
-0.401770281E+06-0.397528000E+06-0.393285719E+06-0.389043469E+06-0.384801188E+06
-0.380558906E+06-0.376316625E+06-0.372074344E+06-0.367832094E+06-0.363589812E+06
-0.359347531E+06-0.355105250E+06-0.350862969E+06-0.346620719E+06-0.342378438E+06
-0.338136156E+06-0.333893875E+06-0.329651594E+06-0.325409312E+06-0.321167062E+06
-0.316924781E+06-0.312682500E+06-0.308440219E+06-0.304197938E+06-0.299955688E+06
-0.295713406E+06-0.291471125E+06-0.287228844E+06-0.282986562E+06-0.278744312E+06
-0.274502031E+06-0.270259750E+06-0.266017469E+06-0.261775203E+06-0.257532922E+06
-0.253290656E+06-0.249048375E+06-0.244806109E+06-0.240563828E+06-0.236321547E+06
-0.232079281E+06-0.227837000E+06-0.223594719E+06-0.219352453E+06-0.215110172E+06
-0.210867906E+06-0.206625625E+06-0.202383344E+06-0.198141078E+06-0.193898797E+06
 0.108703516E+00 0.101611890E+00 0.937353447E-01 0.850217417E-01 0.755367801E-01
 0.654586107E-01 0.550441258E-01 0.445796810E-01 0.363862552E-01 0.328309946E-01
 0.287774112E-01 0.220139883E-01 0.140573094E-01 0.761659769E-02 0.227987184E-02
-0.210051518E-02-0.553163840E-02-0.793945044E-02-0.913171936E-02-0.870808493E-02
-0.589268515E-02-0.328684528E-02-0.289887725E-02-0.414662389E-02-0.678106071E-02
-0.107550370E-01-0.161780231E-01-0.233327318E-01-0.327470154E-01-0.451645553E-01
-0.548729785E-01-0.599864163E-01-0.610941835E-01-0.578759275E-01-0.501620695E-01
-0.373503789E-01-0.216343999E-01-0.884753652E-02 0.191224960E-02 0.112333074E-01
 0.195116624E-01 0.270248819E-01 0.339709111E-01 0.404903330E-01 0.466816090E-01
 0.526125170E-01 0.583286136E-01 0.638592169E-01 0.692216232E-01 0.744240060E-01
 0.794676021E-01 0.843483508E-01 0.890583470E-01 0.935870931E-01 0.979227498E-01
 0.102053277E+00 0.105967544E+00 0.109656252E+00 0.113112725E+00 0.116333418E+00
 0.119318157E+00 0.122070149E+00 0.124595679E+00 0.126903653E+00 0.129005089E+00
 0.108337328E+00 0.100171395E+00 0.909442231E-01 0.805210620E-01 0.689028800E-01
 0.563003346E-01 0.444471203E-01 0.358334891E-01 0.309750754E-01 0.300002135E-01
 0.281068906E-01 0.239551514E-01 0.187318213E-01 0.136914290E-01 0.912862550E-02
 0.515017891E-02 0.184084859E-02-0.703007798E-03-0.236299075E-02-0.301067042E-02
-0.265529170E-02-0.235102815E-02-0.307809352E-02-0.492345635E-02-0.789765175E-02
-0.120650921E-01-0.175839663E-01-0.247527976E-01-0.340980552E-01-0.463182107E-01
-0.559515432E-01-0.610618554E-01-0.621471107E-01-0.590512007E-01-0.514878184E-01
-0.387591794E-01-0.232136138E-01-0.103778550E-01 0.579403888E-03 0.102122864E-01
 0.188807622E-01 0.268320199E-01 0.342417620E-01 0.412368141E-01 0.479087159E-01
 0.543225631E-01 0.605231822E-01 0.665395334E-01 0.723879561E-01 0.780745670E-01
 0.835971758E-01 0.889469683E-01 0.941100121E-01 0.990688875E-01 0.103804335E+00
 0.108297005E+00 0.112529159E+00 0.116486259E+00 0.120158195E+00 0.123540118E+00
 0.126632780E+00 0.129442304E+00 0.131979555E+00 0.134259209E+00 0.136298612E+00
 0.110253789E+00 0.101593561E+00 0.915118903E-01 0.795476437E-01 0.655369163E-01
 0.537259839E-01 0.451299250E-01 0.399425477E-01 0.383141339E-01 0.371270403E-01
 0.349812135E-01 0.318792090E-01 0.281604193E-01 0.242053866E-01 0.203056112E-01
 0.166508518E-01 0.133606838E-01 0.105063971E-01 0.811159890E-02 0.612909812E-02
 0.440116832E-02 0.265764841E-02 0.612902688E-03-0.194004155E-02-0.513205398E-02
-0.905660912E-02-0.137956589E-01-0.194221921E-01-0.259546805E-01-0.330103002E-01
-0.387333632E-01-0.418792590E-01-0.421924591E-01-0.395529196E-01-0.338759646E-01
-0.252563693E-01-0.150346551E-01-0.509599969E-02 0.421199482E-02 0.129169235E-01
 0.211041644E-01 0.288643353E-01 0.362787843E-01 0.434154384E-01 0.503282100E-01
 0.570576601E-01 0.636320412E-01 0.700683370E-01 0.763731971E-01 0.825437829E-01
 0.885685906E-01 0.944284126E-01 0.100097589E+00 0.105545707E+00 0.110739790E+00
 0.115646966E+00 0.120237291E+00 0.124486491E+00 0.128378227E+00 0.131905451E+00
 0.135070816E+00 0.137886032E+00 0.140370265E+00 0.142548203E+00 0.144447774E+00
 0.115153968E+00 0.106894851E+00 0.972136855E-01 0.857741460E-01 0.729799643E-01
 0.636902004E-01 0.585279390E-01 0.551189221E-01 0.519140251E-01 0.486982800E-01
 0.453143939E-01 0.417064391E-01 0.379186273E-01 0.340532362E-01 0.302250925E-01
 0.265332740E-01 0.230489615E-01 0.198107827E-01 0.168211423E-01 0.140422955E-01
 0.113963764E-01 0.877607055E-02 0.606662082E-02 0.316899363E-02 0.143560947E-04
-0.342851016E-02-0.714335032E-02-0.110433521E-01-0.149268936E-01-0.184287336E-01
-0.210522953E-01-0.223314483E-01-0.219592396E-01-0.198027175E-01-0.158991963E-01
-0.104825916E-01-0.398004241E-02 0.312739913E-02 0.104799885E-01 0.178749152E-01
 0.252168626E-01 0.324700885E-01 0.396289192E-01 0.467012115E-01 0.536991432E-01
 0.606339760E-01 0.675129220E-01 0.743371546E-01 0.811003298E-01 0.877875313E-01
 0.943744034E-01 0.100826837E+00 0.107101291E+00 0.113146365E+00 0.118905693E+00
 0.124322347E+00 0.129344150E+00 0.133929059E+00 0.138049647E+00 0.141695708E+00
 0.144874811E+00 0.147610322E+00 0.149937794E+00 0.151900351E+00 0.153544068E+00
 0.123246491E+00 0.116215140E+00 0.107881047E+00 0.983927920E-01 0.887356624E-01
 0.816307291E-01 0.755873397E-01 0.702429116E-01 0.653534308E-01 0.607436970E-01
 0.562934093E-01 0.519339591E-01 0.476425178E-01 0.434298478E-01 0.393249877E-01
 0.353612788E-01 0.315660462E-01 0.279539768E-01 0.245234203E-01 0.212554522E-01
 0.181160681E-01 0.150619987E-01 0.120495046E-01 0.904439669E-02 0.603162870E-02
 0.302414084E-02 0.717614457E-04-0.272968155E-02-0.523203099E-02-0.723905349E-02
-0.852963328E-02-0.889720209E-02-0.818901695E-02-0.633166637E-02-0.334166549E-02
 0.677609001E-03 0.555656990E-02 0.110976435E-01 0.171161834E-01 0.234654639E-01
 0.300417505E-01 0.367776789E-01 0.436323397E-01 0.505822003E-01 0.576139800E-01
 0.647192523E-01 0.718903840E-01 0.791171715E-01 0.863838047E-01 0.936659724E-01
 0.100927822E+00 0.108119123E+00 0.115173250E+00 0.122007161E+00 0.128524899E+00
 0.134625494E+00 0.140214339E+00 0.145215198E+00 0.149580151E+00 0.153295115E+00
 0.156380400E+00 0.158885881E+00 0.160881594E+00 0.162446603E+00 0.163658932E+00
 0.134889022E+00 0.129930913E+00 0.121784732E+00 0.112884484E+00 0.104495920E+00
 0.967897549E-01 0.897856504E-01 0.833822191E-01 0.774582848E-01 0.719065368E-01
 0.666426495E-01 0.616072528E-01 0.567642525E-01 0.520965792E-01 0.476003028E-01
 0.432784520E-01 0.391356088E-01 0.351738818E-01 0.313905366E-01 0.277774427E-01
 0.243222993E-01 0.210115705E-01 0.178347584E-01 0.147894211E-01 0.118863350E-01
 0.915424619E-02 0.664364966E-02 0.442870054E-02 0.260584475E-02 0.128758291E-02
 0.590778771E-03 0.621163868E-03 0.145777734E-02 0.314143114E-02 0.566967763E-02
 0.899900775E-02 0.130538912E-01 0.177405924E-01 0.229619145E-01 0.286288913E-01
 0.346673839E-01 0.410199277E-01 0.476444401E-01 0.545114204E-01 0.616006665E-01
 0.688980147E-01 0.763922185E-01 0.840717778E-01 0.919214338E-01 0.999178588E-01
 0.108024053E+00 0.116181970E+00 0.124303557E+00 0.132262707E+00 0.139894366E+00
 0.147009075E+00 0.153422967E+00 0.158989564E+00 0.163620993E+00 0.167298347E+00
 0.170074135E+00 0.172062531E+00 0.173413634E+00 0.174280629E+00 0.174796313E+00
 0.145450383E+00 0.141887635E+00 0.134075671E+00 0.125040606E+00 0.116570257E+00
 0.108643048E+00 0.101230264E+00 0.942905545E-01 0.877713263E-01 0.816176459E-01
 0.757795647E-01 0.702161789E-01 0.648970008E-01 0.598013513E-01 0.549165830E-01
 0.502356887E-01 0.457549430E-01 0.414720103E-01 0.373847634E-01 0.334909894E-01
 0.297890361E-01 0.262792576E-01 0.229661502E-01 0.198608190E-01 0.169834662E-01
 0.143654794E-01 0.120507097E-01 0.100953840E-01 0.856617372E-02 0.753600104E-02
 0.707755610E-02 0.725503499E-02 0.811551884E-02 0.968362484E-02 0.119606191E-01
 0.149262538E-01 0.185430832E-01 0.227624308E-01 0.275308304E-01 0.327957608E-01
 0.385098718E-01 0.446334705E-01 0.511354543E-01 0.579931326E-01 0.651913956E-01
 0.727214441E-01 0.805792809E-01 0.887638927E-01 0.972748175E-01 0.106108479E+00
 0.115252100E+00 0.124672726E+00 0.134296581E+00 0.143971175E+00 0.153413624E+00
 0.162212789E+00 0.169961542E+00 0.176376939E+00 0.181305081E+00 0.184708774E+00
 0.186696663E+00 0.187555417E+00 0.187665015E+00 0.187340200E+00 0.186783627E+00
 0.153440490E+00 0.150658235E+00 0.143149287E+00 0.134319708E+00 0.125909060E+00
 0.117909692E+00 0.110311218E+00 0.103094637E+00 0.962349623E-01 0.897043720E-01
 0.834753439E-01 0.775230825E-01 0.718269721E-01 0.663710311E-01 0.611437634E-01
 0.561374761E-01 0.513475016E-01 0.467714965E-01 0.424090140E-01 0.382614546E-01
 0.343324319E-01 0.306285396E-01 0.271604024E-01 0.239438843E-01 0.210012700E-01
 0.183622222E-01 0.160643123E-01 0.141529450E-01 0.126804784E-01 0.117043573E-01
 0.112837087E-01 0.114727197E-01 0.123056043E-01 0.137931695E-01 0.159323383E-01
 0.187086239E-01 0.220990255E-01 0.260749720E-01 0.306052789E-01 0.356589295E-01
 0.412074663E-01 0.472268164E-01 0.536985733E-01 0.606107786E-01 0.679583773E-01
 0.757435039E-01 0.839757770E-01 0.926726684E-01 0.101859957E+00 0.111572377E+00
 0.121854037E+00 0.132758051E+00 0.144343510E+00 0.156663761E+00 0.169629961E+00
 0.181713611E+00 0.191684246E+00 0.199401319E+00 0.204736650E+00 0.207520351E+00
 0.207559034E+00 0.205536023E+00 0.203276411E+00 0.201097995E+00 0.199071407E+00
 0.159242004E+00 0.156899199E+00 0.149824262E+00 0.141242847E+00 0.132961765E+00
 0.124992155E+00 0.117335863E+00 0.109987564E+00 0.102937303E+00 0.961725712E-01
 0.896799192E-01 0.834463611E-01 0.774603337E-01 0.717123300E-01 0.661951378E-01
 0.609039068E-01 0.558360256E-01 0.509910248E-01 0.463705286E-01 0.419783518E-01
 0.378207602E-01 0.339068808E-01 0.302492492E-01 0.268643871E-01 0.237734038E-01
 0.210025366E-01 0.185836367E-01 0.165547431E-01 0.149610620E-01 0.138572166E-01
 0.133126825E-01 0.134248165E-01 0.142263845E-01 0.156798214E-01 0.177681651E-01
 0.204715226E-01 0.237699095E-01 0.276436303E-01 0.320734382E-01 0.370412655E-01
 0.425312854E-01 0.485310666E-01 0.550327227E-01 0.620340072E-01 0.695394427E-01
 0.775616318E-01 0.861229524E-01 0.952579007E-01 0.105016574E+00 0.115470022E+00
 0.126718923E+00 0.138908401E+00 0.152255446E+00 0.167101026E+00 0.183676004E+00
 0.198901415E+00 0.211170524E+00 0.220432967E+00 0.226571932E+00 0.229233742E+00
 0.228234902E+00 0.223498493E+00 0.218473345E+00 0.214188129E+00 0.210580260E+00
 0.163409397E+00 0.161330238E+00 0.154585838E+00 0.146223813E+00 0.138089582E+00
 0.130200520E+00 0.122558214E+00 0.115162268E+00 0.108010828E+00 0.101100795E+00
 0.944281816E-01 0.879886001E-01 0.817778409E-01 0.757923573E-01 0.700296164E-01
 0.644883662E-01 0.591688566E-01 0.540729277E-01 0.492041670E-01 0.445680693E-01
 0.401722156E-01 0.360265002E-01 0.321433768E-01 0.285380725E-01 0.252287667E-01
 0.222367253E-01 0.195863694E-01 0.173052829E-01 0.154241221E-01 0.139762796E-01
 0.129968086E-01 0.129529629E-01 0.138927381E-01 0.154067781E-01 0.175482202E-01
 0.202814769E-01 0.235881414E-01 0.274566077E-01 0.318769068E-01 0.368401632E-01
 0.423392318E-01 0.483696237E-01 0.549304970E-01 0.620258227E-01 0.696657076E-01
 0.778680369E-01 0.866606310E-01 0.960841849E-01 0.106196478E+00 0.117078431E+00
 0.128843069E+00 0.141648620E+00 0.155716926E+00 0.171353519E+00 0.188940719E+00
 0.206726149E+00 0.221099213E+00 0.231913894E+00 0.239188820E+00 0.242869124E+00
 0.242551476E+00 0.238094106E+00 0.230750471E+00 0.224725291E+00 0.219899505E+00
 0.166298792E+00 0.164431691E+00 0.157672614E+00 0.149500713E+00 0.141548276E+00
 0.133781955E+00 0.126198500E+00 0.118802480E+00 0.111599892E+00 0.104595765E+00
 0.977936313E-01 0.911957994E-01 0.848037973E-01 0.786188915E-01 0.726425424E-01
 0.668767318E-01 0.613243021E-01 0.559891686E-01 0.508765355E-01 0.459930561E-01
 0.413469821E-01 0.369482674E-01 0.328086168E-01 0.289414339E-01 0.253616590E-01
 0.220854953E-01 0.191300418E-01 0.165129509E-01 0.142517630E-01 0.123626227E-01
 0.112753445E-01 0.110117095E-01 0.115886508E-01 0.130070988E-01 0.153597547E-01
 0.182181373E-01 0.216028225E-01 0.255287886E-01 0.299972836E-01 0.350064300E-01
 0.405547023E-01 0.466421470E-01 0.532712750E-01 0.604480058E-01 0.681827962E-01
 0.764919519E-01 0.853993371E-01 0.949384570E-01 0.105155252E+00 0.116111659E+00
 0.127890050E+00 0.140598685E+00 0.154377207E+00 0.169401646E+00 0.185888633E+00
 0.204014167E+00 0.219809487E+00 0.231898859E+00 0.240368903E+00 0.245249048E+00
 0.246641934E+00 0.244124621E+00 0.237653017E+00 0.230849802E+00 0.225682616E+00
 0.167224735E+00 0.165198699E+00 0.158965081E+00 0.151261076E+00 0.143592268E+00
 0.135981634E+00 0.128470078E+00 0.121085986E+00 0.113848634E+00 0.106771484E+00
 0.998641476E-01 0.931337029E-01 0.865856484E-01 0.802245662E-01 0.740547031E-01
 0.680803955E-01 0.623063780E-01 0.567381009E-01 0.513819158E-01 0.462452844E-01
 0.413368754E-01 0.366666541E-01 0.322458260E-01 0.280866418E-01 0.242018756E-01
 0.206039753E-01 0.173040163E-01 0.143120717E-01 0.116371457E-01 0.968695153E-02
 0.847630110E-02 0.802514795E-02 0.835795514E-02 0.950613339E-02 0.115183992E-01
 0.144549105E-01 0.178908408E-01 0.218959488E-01 0.264447387E-01 0.315298997E-01
 0.371512845E-01 0.433104970E-01 0.500102267E-01 0.572547130E-01 0.650503784E-01
 0.734065399E-01 0.823361278E-01 0.918564126E-01 0.101989657E+00 0.112763584E+00
 0.124211282E+00 0.136370316E+00 0.149280578E+00 0.162981331E+00 0.177511752E+00
 0.192940101E+00 0.208526328E+00 0.220591560E+00 0.229552284E+00 0.235626742E+00
 0.238707200E+00 0.239021912E+00 0.236203104E+00 0.230964109E+00 0.227076694E+00
 0.168191299E+00 0.166009858E+00 0.159758762E+00 0.152224660E+00 0.144645378E+00
 0.137078524E+00 0.129576072E+00 0.122170821E+00 0.114884473E+00 0.107732236E+00
 0.100725308E+00 0.938723311E-01 0.871803015E-01 0.806552991E-01 0.743029267E-01
 0.681287497E-01 0.621385649E-01 0.563386716E-01 0.507360771E-01 0.453386940E-01
 0.401554964E-01 0.351966843E-01 0.304738134E-01 0.259997752E-01 0.217882730E-01
 0.178516321E-01 0.141935162E-01 0.108166505E-01 0.810685288E-02 0.607101014E-02
 0.472287973E-02 0.408154353E-02 0.417032326E-02 0.501604332E-02 0.664771209E-02
 0.909101870E-02 0.123569556E-01 0.165579654E-01 0.212378651E-01 0.264236145E-01
 0.321359262E-01 0.383803546E-01 0.451582484E-01 0.524699762E-01 0.603156053E-01
 0.686950013E-01 0.776076838E-01 0.870523676E-01 0.970259979E-01 0.107521944E+00
 0.118526846E+00 0.130015329E+00 0.141940847E+00 0.154219702E+00 0.166699514E+00
 0.179090589E+00 0.190844581E+00 0.201253131E+00 0.209884152E+00 0.216587886E+00
 0.221342653E+00 0.224220365E+00 0.225436732E+00 0.225476369E+00 0.225025490E+00
 0.169232547E+00 0.167194039E+00 0.160474911E+00 0.152608529E+00 0.144854739E+00
 0.137191489E+00 0.129620805E+00 0.122151621E+00 0.114793979E+00 0.107557058E+00
 0.100448839E+00 0.934763029E-01 0.866457075E-01 0.799628869E-01 0.734335333E-01
 0.670634061E-01 0.608585700E-01 0.548255146E-01 0.489713363E-01 0.433038957E-01
 0.378320031E-01 0.325657502E-01 0.275171828E-01 0.227017719E-01 0.181418937E-01
 0.138752516E-01 0.987044629E-02 0.648366287E-02 0.371415052E-02 0.157126877E-02
 0.710205568E-04-0.765828649E-03-0.914872449E-03-0.348697096E-03 0.962925318E-03
 0.305364537E-02 0.596392388E-02 0.975251477E-02 0.144900391E-01 0.197255947E-01
 0.255317483E-01 0.318787396E-01 0.387549214E-01 0.461543798E-01 0.540703721E-01
 0.624936745E-01 0.714117959E-01 0.808079392E-01 0.906593949E-01 0.100935109E+00
 0.111592039E+00 0.122569852E+00 0.133783370E+00 0.145112216E+00 0.156388327E+00
 0.167386368E+00 0.177831784E+00 0.187442511E+00 0.195987493E+00 0.203321487E+00
 0.209389865E+00 0.214225531E+00 0.217947274E+00 0.220747054E+00 0.222847238E+00
 0.168503419E+00 0.166414037E+00 0.159829974E+00 0.151863158E+00 0.144000813E+00
 0.136246189E+00 0.128597572E+00 0.121055253E+00 0.113621257E+00 0.106298655E+00
 0.990911871E-01 0.920029506E-01 0.850383714E-01 0.782021210E-01 0.714991987E-01
 0.649349615E-01 0.585151687E-01 0.522460416E-01 0.461342968E-01 0.401871204E-01
 0.344120823E-01 0.288169552E-01 0.234091971E-01 0.181948505E-01 0.131758656E-01
 0.871266890E-02 0.475671841E-02 0.133798842E-02-0.152133661E-02-0.379992113E-02
-0.547487242E-02-0.652115233E-02-0.691166939E-02-0.661754422E-02-0.560833002E-02
-0.385207846E-02-0.131534459E-02 0.203595893E-02 0.623105653E-02 0.112825027E-01
 0.173114892E-01 0.238240492E-01 0.308400616E-01 0.383705869E-01 0.464078113E-01
 0.549359769E-01 0.639338940E-01 0.733744651E-01 0.832232758E-01 0.934367478E-01
 0.103959575E+00 0.114721656E+00 0.125634596E+00 0.136588529E+00 0.147450447E+00
 0.158066720E+00 0.168271720E+00 0.177903116E+00 0.186819643E+00 0.194915771E+00
 0.202129930E+00 0.208446473E+00 0.213892221E+00 0.218526870E+00 0.222428232E+00
 0.166842207E+00 0.164691091E+00 0.157955274E+00 0.149914056E+00 0.141991779E+00
 0.134183973E+00 0.126484945E+00 0.118889667E+00 0.111394852E+00 0.103999153E+00
 0.967028663E-01 0.895076320E-01 0.824160948E-01 0.754317194E-01 0.685586855E-01
 0.618017763E-01 0.551663637E-01 0.486583710E-01 0.422842130E-01 0.360507444E-01
 0.299650822E-01 0.240343884E-01 0.182654802E-01 0.126642650E-01 0.758946314E-02
 0.302545214E-02-0.103476446E-02-0.458213873E-02-0.759952702E-02-0.100648096E-01
-0.119523956E-01-0.132341962E-01-0.138803963E-01-0.138600841E-01-0.131417438E-01
-0.116935465E-01-0.948341005E-02-0.647870405E-02-0.264515867E-02 0.205720658E-02
 0.768680917E-02 0.143138953E-01 0.214499682E-01 0.291579831E-01 0.373895988E-01
 0.461133011E-01 0.553006344E-01 0.649186447E-01 0.749276504E-01 0.852800086E-01
 0.959188715E-01 0.106776848E+00 0.117774777E+00 0.128821164E+00 0.139812887E+00
 0.150637612E+00 0.161178499E+00 0.171320498E+00 0.180957347E+00 0.189997748E+00
 0.198369563E+00 0.206021696E+00 0.212923482E+00 0.219062030E+00 0.224438429E+00
 0.163962454E+00 0.161692575E+00 0.154800296E+00 0.146722376E+00 0.138793841E+00
 0.130988523E+00 0.123287939E+00 0.115679093E+00 0.108154014E+00 0.100708514E+00
 0.933410749E-01 0.860520601E-01 0.788432062E-01 0.717172995E-01 0.646779984E-01
 0.577297397E-01 0.508776717E-01 0.441276208E-01 0.374860577E-01 0.309600346E-01
 0.245570987E-01 0.182851609E-01 0.121523514E-01 0.650675874E-02 0.133396650E-02
-0.337072951E-02-0.760294776E-02-0.113494182E-01-0.145897390E-01-0.172981452E-01
-0.194450300E-01-0.209982321E-01-0.219241660E-01-0.221887678E-01-0.217582919E-01
-0.205998719E-01-0.186818484E-01-0.159737896E-01-0.124462191E-01-0.807014294E-02
-0.281742308E-02 0.333393808E-02 0.103878547E-01 0.184650701E-01 0.270205270E-01
 0.360562652E-01 0.455633290E-01 0.555107072E-01 0.658575445E-01 0.765564591E-01
 0.875538886E-01 0.987895578E-01 0.110195950E+00 0.121698104E+00 0.133214027E+00
 0.144655749E+00 0.155931026E+00 0.166945606E+00 0.177605405E+00 0.187818587E+00
 0.197497055E+00 0.206557706E+00 0.214923486E+00 0.222524956E+00 0.229302585E+00
 0.159439906E+00 0.156936809E+00 0.150178418E+00 0.142196879E+00 0.134385109E+00
 0.126681760E+00 0.119052932E+00 0.111483164E+00 0.103965655E+00 0.964978263E-01
 0.890792981E-01 0.817110911E-01 0.743951797E-01 0.671343580E-01 0.599322058E-01
 0.527930483E-01 0.457220152E-01 0.387250409E-01 0.318088979E-01 0.249812044E-01
 0.182504058E-01 0.116257621E-01 0.544273993E-02-0.314777455E-03-0.565219298E-02
-0.105652669E-01-0.150410617E-01-0.190589223E-01-0.225917194E-01-0.256072152E-01
-0.280694924E-01-0.299403351E-01-0.311805606E-01-0.317512490E-01-0.316148028E-01
-0.307358019E-01-0.290815942E-01-0.266225524E-01-0.233319644E-01-0.191855021E-01
-0.141601963E-01-0.823241472E-02-0.137260032E-02 0.646932237E-02 0.153578790E-01
 0.247531291E-01 0.347040966E-01 0.451378264E-01 0.560002960E-01 0.672431365E-01
 0.788178816E-01 0.906733498E-01 0.102754354E+00 0.115001060E+00 0.127348587E+00
 0.139726743E+00 0.152059734E+00 0.164265543E+00 0.176255032E+00 0.187930644E+00
 0.199184939E+00 0.209899828E+00 0.219947368E+00 0.229193851E+00 0.237507790E+00
 0.153146937E+00 0.150165558E+00 0.143724084E+00 0.136318713E+00 0.128870636E+00
 0.121392608E+00 0.113903768E+00 0.106415287E+00 0.989341065E-01 0.914648548E-01
 0.840109587E-01 0.765752718E-01 0.691605806E-01 0.617699213E-01 0.544068255E-01
 0.470755249E-01 0.397810973E-01 0.325295962E-01 0.253281351E-01 0.181849916E-01
 0.111096557E-01 0.442401273E-02-0.189093465E-02-0.784253981E-02-0.134275053E-01
-0.186328143E-01-0.234367065E-01-0.278097373E-01-0.317160152E-01-0.351145566E-01
-0.379607975E-01-0.402081609E-01-0.418096147E-01-0.427192301E-01-0.428935476E-01
-0.422927700E-01-0.408816449E-01-0.386299565E-01-0.355125964E-01-0.315091461E-01
-0.266029425E-01-0.207796786E-01-0.140256947E-01-0.632718299E-02 0.232526870E-02
 0.119247576E-01 0.225954615E-01 0.337209515E-01 0.452818349E-01 0.572493412E-01
 0.695894808E-01 0.822646618E-01 0.952343047E-01 0.108454823E+00 0.121879131E+00
 0.135455668E+00 0.149126664E+00 0.162825480E+00 0.176472664E+00 0.189970613E+00
 0.203196824E+00 0.215996742E+00 0.228178769E+00 0.239516109E+00 0.249761179E+00
 0.146389142E+00 0.142928869E+00 0.136860728E+00 0.129872978E+00 0.122699708E+00
 0.115407296E+00 0.108042449E+00 0.100631714E+00 0.931899622E-01 0.857256800E-01
 0.782438591E-01 0.707477033E-01 0.632397085E-01 0.557223596E-01 0.481985696E-01
 0.406720266E-01 0.331474319E-01 0.256306939E-01 0.181290731E-01 0.106513444E-01
 0.350524019E-02-0.333223795E-02-0.987165701E-02-0.161119215E-01-0.220409986E-01
-0.276367012E-01-0.328675844E-01-0.376940109E-01-0.420694426E-01-0.459419191E-01
-0.492557622E-01-0.519534275E-01-0.539774299E-01-0.552722812E-01-0.557862967E-01
-0.554731898E-01-0.542933084E-01-0.522144325E-01-0.492120124E-01-0.452688150E-01
-0.403739177E-01-0.345210731E-01-0.277064629E-01-0.199258253E-01-0.111706099E-01
-0.142095156E-02 0.937052537E-02 0.212699380E-01 0.336431377E-01 0.464660749E-01
 0.597131625E-01 0.733582303E-01 0.873751268E-01 0.101737931E+00 0.116420537E+00
 0.131395519E+00 0.146631971E+00 0.162091821E+00 0.177723914E+00 0.193454698E+00
 0.209173918E+00 0.224713668E+00 0.239820138E+00 0.254126102E+00 0.267154902E+00
 0.140310720E+00 0.136618286E+00 0.130411565E+00 0.123346061E+00 0.116183721E+00
 0.108941130E+00 0.101632394E+00 0.942680240E-01 0.868542790E-01 0.793941543E-01
 0.718886554E-01 0.643378571E-01 0.567417182E-01 0.491006747E-01 0.414160118E-01
 0.336901546E-01 0.259268861E-01 0.181315094E-01 0.103110410E-01 0.275890855E-02
-0.455312291E-02-0.116403168E-01-0.185054448E-01-0.251391958E-01-0.315206423E-01
-0.376178212E-01-0.433885306E-01-0.487813912E-01-0.537371784E-01-0.581905320E-01
-0.620719157E-01-0.653098747E-01-0.678334534E-01-0.695746392E-01-0.704707727E-01
-0.704666600E-01-0.695162937E-01-0.675840229E-01-0.646450371E-01-0.606850162E-01
-0.556990243E-01-0.496895015E-01-0.426634513E-01-0.346287489E-01-0.255895983E-01
-0.155409416E-01-0.446227333E-02 0.768657215E-02 0.209709853E-01 0.347522125E-01
 0.490096807E-01 0.637263432E-01 0.788896978E-01 0.944926366E-01 0.110533670E+00
 0.127016485E+00 0.143948913E+00 0.161340699E+00 0.179199278E+00 0.197522029E+00
 0.216281772E+00 0.235399365E+00 0.254687846E+00 0.273717403E+00 0.291486859E+00
 0.134016693E+00 0.130097628E+00 0.123604134E+00 0.116433255E+00 0.109233528E+00
 0.101998337E+00 0.947217494E-01 0.873965323E-01 0.800148994E-01 0.725692213E-01
 0.650525615E-01 0.574591085E-01 0.497844256E-01 0.420256667E-01 0.341816470E-01
 0.262529496E-01 0.182419345E-01 0.101528466E-01 0.226524635E-02-0.545552978E-02
-0.130310040E-01-0.204697195E-01-0.277672876E-01-0.349064320E-01-0.418571532E-01
-0.485770702E-01-0.550120771E-01-0.610973462E-01-0.667587966E-01-0.719149783E-01
-0.764794424E-01-0.803634971E-01-0.834792480E-01-0.857427642E-01-0.870772377E-01
-0.874158144E-01-0.867039934E-01-0.849012658E-01-0.819819346E-01-0.779348686E-01
-0.727622584E-01-0.664772913E-01-0.591007993E-01-0.506571010E-01-0.411690027E-01
-0.306522902E-01-0.191097949E-01-0.652537867E-02 0.714269979E-02 0.219695009E-01
 0.373109616E-01 0.531557500E-01 0.695020482E-01 0.863609239E-01 0.103756733E+00
 0.121727757E+00 0.140327469E+00 0.159626395E+00 0.179714471E+00 0.200703532E+00
 0.222730041E+00 0.245957673E+00 0.270578474E+00 0.296783358E+00 0.323305011E+00
 0.126897916E+00 0.122707292E+00 0.116138928E+00 0.108893797E+00 0.101688802E+00
 0.944990516E-01 0.872956589E-01 0.800509378E-01 0.727406666E-01 0.653447285E-01
 0.578470305E-01 0.502351038E-01 0.424997173E-01 0.346345603E-01 0.266359877E-01
 0.185026955E-01 0.102355052E-01 0.210143672E-02-0.594138866E-02-0.139220422E-01
-0.218566544E-01-0.297480766E-01-0.375854783E-01-0.453439765E-01-0.529844165E-01
-0.604534335E-01-0.676838830E-01-0.745958164E-01-0.810979828E-01-0.870900154E-01
-0.924652219E-01-0.971139967E-01-0.100927643E+00-0.103802480E+00-0.105643965E+00
-0.106370494E+00-0.105916657E+00-0.104235590E+00-0.101300187E+00-0.971030816E-01
-0.916551873E-01-0.849829838E-01-0.771245882E-01-0.681247562E-01-0.580291934E-01
-0.468782559E-01-0.347004160E-01-0.215054974E-01-0.727772992E-02 0.803160667E-02
 0.245125238E-01 0.415067896E-01 0.590119697E-01 0.770562887E-01 0.956884176E-01
 0.114977218E+00 0.135015696E+00 0.155927569E+00 0.177876711E+00 0.201080665E+00
 0.225830913E+00 0.252525300E+00 0.281726718E+00 0.314287633E+00 0.348520845E+00
 0.118856922E+00 0.114368096E+00 0.107686788E+00 0.100459583E+00 0.933732316E-01
 0.863566324E-01 0.793426707E-01 0.722771809E-01 0.651187897E-01 0.578365400E-01
 0.504073240E-01 0.428139418E-01 0.350438207E-01 0.270883851E-01 0.189428087E-01
 0.106048966E-01 0.233192346E-02-0.592499599E-02-0.142029766E-01-0.225269571E-01
-0.309089981E-01-0.393473953E-01-0.478257649E-01-0.563121550E-01-0.647583976E-01
-0.730997771E-01-0.812551901E-01-0.891279876E-01-0.966075435E-01-0.103571720E+00
-0.109890185E+00-0.115428545E+00-0.120053194E+00-0.123636551E+00-0.126062408E+00
-0.127231017E+00-0.127063438E+00-0.125504777E+00-0.122526042E+00-0.118124269E+00
-0.112320930E+00-0.105158649E+00-0.966964364E-01-0.870036334E-01-0.761530474E-01
-0.642135143E-01-0.512422994E-01-0.372774675E-01-0.223306362E-01-0.638049468E-02
 0.106315436E-01 0.287997350E-01 0.473806337E-01 0.664571822E-01 0.861044601E-01
 0.106409438E+00 0.127483383E+00 0.149472743E+00 0.172571987E+00 0.197040796E+00
 0.223227456E+00 0.251599848E+00 0.282780200E+00 0.317566037E+00 0.355069101E+00
 0.109381698E+00 0.104528040E+00 0.976964906E-01 0.907805339E-01 0.841281265E-01
 0.775504261E-01 0.709305331E-01 0.641964450E-01 0.573020205E-01 0.502160005E-01
 0.429159440E-01 0.353847593E-01 0.276089944E-01 0.195789356E-01 0.112926662E-01
 0.300361216E-02-0.534180831E-02-0.137877529E-01-0.223680753E-01-0.311051235E-01
-0.400083624E-01-0.490728766E-01-0.582778342E-01-0.675850511E-01-0.769377872E-01
-0.862599537E-01-0.954559147E-01-0.104411118E+00-0.112993695E+00-0.121057168E+00
-0.128444344E+00-0.134992316E+00-0.140538499E+00-0.144927204E+00-0.148016602E+00
-0.149685219E+00-0.149837837E+00-0.148409829E+00-0.145369679E+00-0.140719533E+00
-0.134493276E+00-0.126752630E+00-0.117581248E+00-0.107077315E+00-0.953452066E-01
-0.824864730E-01-0.685905963E-01-0.537256487E-01-0.379284061E-01-0.211930405E-01
-0.345555320E-02 0.154323140E-01 0.348089449E-01 0.546701178E-01 0.750477761E-01
 0.960047916E-01 0.117634304E+00 0.140063375E+00 0.163460821E+00 0.188049823E+00
 0.214127555E+00 0.242095754E+00 0.272509396E+00 0.306148887E+00 0.342417657E+00
 0.965299606E-01 0.907684416E-01 0.851284638E-01 0.796279684E-01 0.740685388E-01
 0.683182999E-01 0.623300895E-01 0.560797900E-01 0.495518930E-01 0.427346118E-01
 0.356175043E-01 0.281894542E-01 0.204356331E-01 0.123311011E-01 0.415270030E-02
-0.414887350E-02-0.126215769E-01-0.213072021E-01-0.302385967E-01-0.394375250E-01
-0.489126258E-01-0.586573146E-01-0.686476752E-01-0.788404122E-01-0.891710147E-01
-0.995524675E-01-0.109874569E+00-0.120004259E+00-0.129787177E+00-0.139050618E+00
-0.147607967E+00-0.155264720E+00-0.161825731E+00-0.167103499E+00-0.170926839E+00
-0.173149347E+00-0.173656836E+00-0.172373176E+00-0.169263780E+00-0.164336354E+00
-0.157638922E+00-0.149254933E+00-0.139296174E+00-0.127893850E+00-0.115188465E+00
-0.101319320E+00-0.864141136E-01-0.705790594E-01-0.538897477E-01-0.363830626E-01
-0.180504303E-01 0.116579817E-02 0.213673376E-01 0.419155769E-01 0.628197566E-01
 0.841227770E-01 0.105888970E+00 0.128201440E+00 0.151162833E+00 0.174897805E+00
 0.199556559E+00 0.225321129E+00 0.252422184E+00 0.281213492E+00 0.311677009E+00
 0.825557560E-01 0.754954740E-01 0.718093291E-01 0.684086159E-01 0.641933009E-01
 0.593859553E-01 0.540926903E-01 0.483660139E-01 0.422334000E-01 0.357095972E-01
 0.288027003E-01 0.215179492E-01 0.138611458E-01 0.584293669E-02-0.231288769E-02
-0.106802778E-01-0.193173941E-01-0.282707494E-01-0.375758447E-01-0.472561456E-01
-0.573211983E-01-0.677642822E-01-0.785598010E-01-0.896606073E-01-0.100995608E+00
-0.112467781E+00-0.123952977E+00-0.135299906E+00-0.146331459E+00-0.156847924E+00
-0.166631952E+00-0.175455526E+00-0.183088660E+00-0.189309403E+00-0.193914548E+00
-0.196730182E+00-0.197621047E+00-0.196498066E+00-0.193322822E+00-0.188108847E+00
-0.180919275E+00-0.171861142E+00-0.161076784E+00-0.148733154E+00-0.135009840E+00
-0.120086916E+00-0.104133047E+00-0.872948989E-01-0.696879029E-01-0.513888411E-01
-0.324303731E-01-0.127979359E-01 0.757027278E-02 0.287794061E-01 0.500660948E-01
 0.714975521E-01 0.931196734E-01 0.114969365E+00 0.137075663E+00 0.159453928E+00
 0.182091847E+00 0.204920709E+00 0.227754593E+00 0.250156641E+00 0.271217436E+00
 0.728756636E-01 0.653601885E-01 0.621403307E-01 0.593592785E-01 0.558195226E-01
 0.516211651E-01 0.468398780E-01 0.415292457E-01 0.357249565E-01 0.294498950E-01
 0.227184780E-01 0.155407321E-01 0.792846456E-02 0.954489806E-04-0.800731592E-02
-0.164325256E-01-0.252302922E-01-0.344448127E-01-0.441118106E-01-0.542559996E-01
-0.648882613E-01-0.760026053E-01-0.875728503E-01-0.995493010E-01-0.111855641E+00
-0.124386266E+00-0.137004480E+00-0.149542019E+00-0.161800161E+00-0.173552975E+00
-0.184552833E+00-0.194538280E+00-0.203244150E+00-0.210413396E+00-0.215809852E+00
-0.219230980E+00-0.220519453E+00-0.219572276E+00-0.216346562E+00-0.210861340E+00
-0.203194857E+00-0.193477988E+00-0.181884095E+00-0.168616354E+00-0.153893858E+00
-0.137937486E+00-0.120956443E+00-0.103136368E+00-0.846292600E-01-0.655451566E-01
-0.459450334E-01-0.258335546E-01-0.514848297E-02 0.162601825E-01 0.376842059E-01
 0.590755716E-01 0.804164186E-01 0.101691097E+00 0.122871518E+00 0.143904671E+00
 0.164697260E+00 0.185094625E+00 0.204853967E+00 0.223620206E+00 0.240929976E+00
 0.665117726E-01 0.587940700E-01 0.552832857E-01 0.526407100E-01 0.493550114E-01
 0.454504341E-01 0.409598164E-01 0.359124765E-01 0.303310864E-01 0.242305808E-01
 0.176170133E-01 0.104835154E-01 0.308079179E-02-0.463295728E-02-0.127060777E-01
-0.211890191E-01-0.301307607E-01-0.395757891E-01-0.495611876E-01-0.601135939E-01
-0.712458938E-01-0.829535648E-01-0.952108502E-01-0.107966758E+00-0.121141277E+00
-0.134622067E+00-0.148262069E+00-0.161878437E+00-0.175253481E+00-0.188137800E+00
-0.200256243E+00-0.211316541E+00-0.221020773E+00-0.229078799E+00-0.235223100E+00
-0.239223644E+00-0.240901545E+00-0.240139946E+00-0.236891001E+00-0.231178209E+00
-0.223093569E+00-0.212789983E+00-0.200469643E+00-0.186369553E+00-0.170745596E+00
-0.153856531E+00-0.135949060E+00-0.117244825E+00-0.979298651E-01-0.781466141E-01
-0.579884090E-01-0.374964327E-01-0.166597962E-01 0.457796454E-02 0.262954775E-01
 0.476932041E-01 0.687883869E-01 0.895630792E-01 0.109973654E+00 0.129949614E+00
 0.149388209E+00 0.168148026E+00 0.186044648E+00 0.202853099E+00 0.218322054E+00
 0.619340502E-01 0.540626496E-01 0.505518727E-01 0.479317605E-01 0.447253250E-01
 0.409410559E-01 0.365915634E-01 0.316892788E-01 0.262447558E-01 0.202670209E-01
 0.137665896E-01 0.676403800E-02-0.524634903E-03-0.816741027E-02-0.162244774E-01
-0.247519165E-01-0.338019729E-01-0.434216931E-01-0.536506400E-01-0.645179600E-01
-0.760389119E-01-0.882109255E-01-0.101009339E+00-0.114382923E+00-0.128249541E+00
-0.142492309E+00-0.156956568E+00-0.171448469E+00-0.185735494E+00-0.199549600E+00
-0.212593332E+00-0.224549204E+00-0.235091999E+00-0.243903816E+00-0.250690401E+00
-0.255198002E+00-0.257228851E+00-0.256653398E+00-0.253418773E+00-0.247551233E+00
-0.239153564E+00-0.228396475E+00-0.215505838E+00-0.200746611E+00-0.184405208E+00
-0.166771844E+00-0.148124322E+00-0.128714070E+00-0.108755007E+00-0.884153917E-01
-0.678122416E-01-0.470075831E-01-0.260049533E-01-0.474324636E-02 0.169197265E-01
 0.382354148E-01 0.591203570E-01 0.795192048E-01 0.993760899E-01 0.118622132E+00
 0.137169659E+00 0.154910192E+00 0.171715736E+00 0.187444091E+00 0.201948702E+00
 0.590717979E-01 0.511133187E-01 0.476718023E-01 0.450150073E-01 0.417980105E-01
 0.380383283E-01 0.337414406E-01 0.289072786E-01 0.235317592E-01 0.176065993E-01
 0.111164805E-01 0.431064283E-02-0.284870248E-02-0.104117179E-01-0.184327941E-01
-0.269667730E-01-0.360664651E-01-0.457802676E-01-0.561495237E-01-0.672053546E-01
-0.789650157E-01-0.914277211E-01-0.104570113E+00-0.118341461E+00-0.132658958E+00
-0.147403404E+00-0.162415892E+00-0.177495912E+00-0.192401692E+00-0.206853151E+00
-0.220538154E+00-0.233122200E+00-0.244261444E+00-0.253618598E+00-0.260880440E+00
-0.265776068E+00-0.268093467E+00-0.267693251E+00-0.264517546E+00-0.258593440E+00
-0.250029832E+00-0.239008784E+00-0.225771770E+00-0.210602507E+00-0.193808213E+00
-0.175700799E+00-0.156579718E+00-0.136717379E+00-0.116347700E+00-0.956581086E-01
-0.747847557E-01-0.538104586E-01-0.327653326E-01-0.116305873E-01 0.965157803E-02
 0.311521646E-01 0.519917049E-01 0.721797720E-01 0.916929618E-01 0.110484876E+00
 0.128490970E+00 0.145632118E+00 0.161818609E+00 0.176955462E+00 0.190949291E+00
 0.582544692E-01 0.503583588E-01 0.465897582E-01 0.437551588E-01 0.404348634E-01
 0.366423205E-01 0.323615782E-01 0.275730453E-01 0.222592540E-01 0.164047424E-01
 0.999559090E-02 0.328715565E-02-0.378093496E-02-0.112668453E-01-0.192278735E-01
-0.277200956E-01-0.367970876E-01-0.465079993E-01-0.568950139E-01-0.679902583E-01
-0.798120871E-01-0.923608691E-01-0.105614327E+00-0.119522639E+00-0.134003535E+00
-0.148937806E+00-0.164165810E+00-0.179485321E+00-0.194651708E+00-0.209380791E+00
-0.223354995E+00-0.236233145E+00-0.247663632E+00-0.257300645E+00-0.264822245E+00
-0.269948989E+00-0.272461295E+00-0.272213668E+00-0.269144148E+00-0.263277978E+00
-0.254724741E+00-0.243669614E+00-0.230359346E+00-0.215084717E+00-0.198161334E+00
-0.179910377E+00-0.160640985E+00-0.140635356E+00-0.120137110E+00-0.993431956E-01
-0.783990324E-01-0.573963039E-01-0.363725796E-01-0.153117059E-01 0.585705554E-02
 0.272650849E-01 0.479879305E-01 0.680119023E-01 0.873098746E-01 0.105840527E+00
 0.123549789E+00 0.140373558E+00 0.156241268E+00 0.171080455E+00 0.184821799E+00
 0.590718314E-01 0.515353642E-01 0.470558219E-01 0.437759273E-01 0.403683111E-01
 0.365888812E-01 0.323597565E-01 0.276408345E-01 0.224058125E-01 0.166343879E-01
 0.103094568E-01 0.368721434E-02-0.329320109E-02-0.106894728E-01-0.185580365E-01
-0.269540586E-01-0.359302871E-01-0.455351807E-01-0.558103845E-01-0.667876899E-01
-0.784853697E-01-0.909040347E-01-0.104022026E+00-0.117790617E+00-0.132129133E+00
-0.146920577E+00-0.162008047E+00-0.177192703E+00-0.192233771E+00-0.206851348E+00
-0.220732361E+00-0.233540073E+00-0.244927034E+00-0.254550904E+00-0.262092322E+00
-0.267273188E+00-0.269873828E+00-0.269747227E+00-0.266828388E+00-0.261138380E+00
-0.252781570E+00-0.241937384E+00-0.228846535E+00-0.213794068E+00-0.197090372E+00
-0.179052189E+00-0.159985214E+00-0.140169248E+00-0.119846538E+00-0.992136523E-01
-0.784164667E-01-0.575478561E-01-0.366472751E-01-0.157011077E-01 0.535805570E-02
 0.266573336E-01 0.472742356E-01 0.671931431E-01 0.863856375E-01 0.104809992E+00
 0.122412823E+00 0.139131874E+00 0.154899567E+00 0.169647321E+00 0.183310196E+00
 0.584456660E-01 0.505656414E-01 0.470730513E-01 0.444865637E-01 0.413787551E-01
 0.377816148E-01 0.336899534E-01 0.290897749E-01 0.239656083E-01 0.183000527E-01
 0.120698586E-01 0.552588329E-02-0.137123896E-02-0.866825134E-02-0.164158754E-01
-0.246659052E-01-0.334686823E-01-0.428706259E-01-0.529115722E-01-0.636217222E-01
-0.750181526E-01-0.871008188E-01-0.998482779E-01-0.113213018E+00-0.127117008E+00
-0.141447470E+00-0.156053618E+00-0.170744777E+00-0.185290381E+00-0.199422762E+00
-0.212842748E+00-0.225228652E+00-0.236248508E+00-0.245574981E+00-0.252902120E+00
-0.257962704E+00-0.260544360E+00-0.260503113E+00-0.257772326E+00-0.252366781E+00
-0.244380265E+00-0.233978108E+00-0.221384451E+00-0.206866294E+00-0.190715715E+00
-0.173231810E+00-0.154704064E+00-0.135397911E+00-0.115543403E+00-0.953268856E-01
-0.748858750E-01-0.543066300E-01-0.336244665E-01-0.128275314E-01 0.813271105E-02
 0.293149203E-01 0.498438366E-01 0.697216764E-01 0.889201239E-01 0.107390918E+00
 0.125071213E+00 0.141887560E+00 0.157759994E+00 0.172606707E+00 0.186349586E+00
 0.600766987E-01 0.522622429E-01 0.489309430E-01 0.466182493E-01 0.437551104E-01
 0.403508767E-01 0.364149697E-01 0.319518149E-01 0.269628130E-01 0.214482043E-01
 0.154096037E-01 0.885533262E-02 0.199409458E-02-0.521883043E-02-0.128343087E-01
-0.209037755E-01-0.294762477E-01-0.385960937E-01-0.483007506E-01-0.586180538E-01
-0.695631057E-01-0.811346918E-01-0.933113098E-01-0.106047079E+00-0.119267575E+00
-0.132866204E+00-0.146701261E+00-0.160594344E+00-0.174330562E+00-0.187661141E+00
-0.200308666E+00-0.211975321E+00-0.222353995E+00-0.231141806E+00-0.238055289E+00
-0.242845923E+00-0.245314881E+00-0.245325089E+00-0.242809698E+00-0.237775683E+00
-0.230302155E+00-0.220533684E+00-0.208669156E+00-0.194947466E+00-0.179631397E+00
-0.162991226E+00-0.145289198E+00-0.126766041E+00-0.107629813E+00-0.880474672E-01
-0.681386441E-01-0.479709134E-01-0.275552627E-01-0.683915988E-02 0.143072056E-01
 0.351292193E-01 0.555261075E-01 0.754279792E-01 0.947684720E-01 0.113473289E+00
 0.131455809E+00 0.148616716E+00 0.164846435E+00 0.180030242E+00 0.194055572E+00
 0.631659403E-01 0.554745682E-01 0.525952056E-01 0.504499301E-01 0.477263406E-01
 0.444410704E-01 0.406078734E-01 0.362403989E-01 0.313503072E-01 0.259469785E-01
 0.200384650E-01 0.136335315E-01 0.674491003E-02-0.407270214E-03-0.789019745E-02
-0.157603659E-01-0.240666214E-01-0.328509733E-01-0.421477966E-01-0.519819446E-01
-0.623661391E-01-0.732978061E-01-0.847556219E-01-0.966958478E-01-0.109048858E+00
-0.121715926E+00-0.134566888E+00-0.147438854E+00-0.160136715E+00-0.172435448E+00
-0.184084997E+00-0.194817588E+00-0.204357460E+00-0.212432727E+00-0.218788505E+00
-0.223200470E+00-0.225487545E+00-0.225522503E+00-0.223239332E+00-0.218636513E+00
-0.211775884E+00-0.202776968E+00-0.191807598E+00-0.179071590E+00-0.164794713E+00
-0.149210230E+00-0.132545039E+00-0.115007319E+00-0.967762321E-01-0.779937953E-01
-0.587588698E-01-0.391226597E-01-0.190848745E-01 0.141110632E-02 0.224867407E-01
 0.432786718E-01 0.637616739E-01 0.838916376E-01 0.103605427E+00 0.122818395E+00
 0.141421825E+00 0.159281835E+00 0.176241100E+00 0.192125261E+00 0.206754431E+00
 0.685631484E-01 0.611234829E-01 0.581306107E-01 0.560686663E-01 0.533915535E-01
 0.501255281E-01 0.463025011E-01 0.419504493E-01 0.370907895E-01 0.317377970E-01
 0.258982424E-01 0.195697136E-01 0.127352243E-01 0.566554442E-02-0.168018567E-02
-0.934824813E-02-0.173786823E-01-0.258068275E-01-0.346621163E-01-0.439658314E-01
-0.537283421E-01-0.639461279E-01-0.745986849E-01-0.856453776E-01-0.970225111E-01
-0.108640760E+00-0.120383322E+00-0.132105067E+00-0.143633127E+00-0.154769138E+00
-0.165293530E+00-0.174971804E+00-0.183562934E+00-0.190829232E+00-0.196547493E+00
-0.200520262E+00-0.202586442E+00-0.202630222E+00-0.200587198E+00-0.196447417E+00
-0.190254420E+00-0.182100877E+00-0.172120824E+00-0.160479456E+00-0.147361219E+00
-0.132957533E+00-0.117454574E+00-0.101022311E+00-0.838050991E-01-0.659141615E-01
-0.474222749E-01-0.283608120E-01-0.871965289E-02 0.115491478E-01 0.325230956E-01
 0.533488654E-01 0.740475878E-01 0.946009457E-01 0.114957854E+00 0.135032818E+00
 0.154700041E+00 0.173785955E+00 0.192064211E+00 0.209258556E+00 0.225060105E+00
 0.757574737E-01 0.686322376E-01 0.657536834E-01 0.636498481E-01 0.608460270E-01
 0.574310347E-01 0.534751713E-01 0.490259714E-01 0.441138893E-01 0.387575515E-01
 0.329672620E-01 0.267473236E-01 0.200979896E-01 0.130190691E-01 0.575961452E-02
-0.175474689E-02-0.954522751E-02-0.176391657E-01-0.260623302E-01-0.348342359E-01
-0.439646095E-01-0.534504801E-01-0.632734522E-01-0.733972266E-01-0.837652385E-01
-0.942987576E-01-0.104895532E+00-0.115429305E+00-0.125750542E+00-0.135688454E+00
-0.145054728E+00-0.153648838E+00-0.161264867E+00-0.167699784E+00-0.172762305E+00
-0.176282153E+00-0.178118542E+00-0.178167462E+00-0.176366687E+00-0.172698274E+00
-0.167188078E+00-0.159902200E+00-0.150940895E+00-0.140430301E+00-0.128512561E+00
-0.115335464E+00-0.101041891E+00-0.857598335E-01-0.695934221E-01-0.526150465E-01
-0.348588899E-01-0.163161661E-01 0.306636072E-02 0.233790949E-01 0.439343005E-01
 0.646980628E-01 0.856551379E-01 0.106787682E+00 0.128061235E+00 0.149410516E+00
 0.170720920E+00 0.191802740E+00 0.212358296E+00 0.231952131E+00 0.250015765E+00
 0.854549184E-01 0.788277909E-01 0.760653466E-01 0.734503046E-01 0.701125413E-01
 0.662597865E-01 0.619746633E-01 0.572952181E-01 0.522406064E-01 0.468209572E-01
 0.410419442E-01 0.349075086E-01 0.284224078E-01 0.215957630E-01 0.144468835E-01
 0.694605522E-02-0.694043527E-03-0.851636846E-02-0.165548902E-01-0.248340406E-01
-0.333666243E-01-0.421524718E-01-0.511768945E-01-0.604091063E-01-0.698006749E-01
-0.792842135E-01-0.887725204E-01-0.981584042E-01-0.107315429E+00-0.116099782E+00
-0.124353357E+00-0.131908119E+00-0.138591662E+00-0.144233689E+00-0.148673147E+00
-0.151765391E+00-0.153388962E+00-0.153451189E+00-0.151892304E+00-0.148687392E+00
-0.143846095E+00-0.137409985E+00-0.129447743E+00-0.120048538E+00-0.109314106E+00
-0.973499268E-01-0.842561349E-01-0.701183975E-01-0.549989156E-01-0.389273465E-01
-0.218906794E-01-0.381954783E-02 0.154358046E-01 0.351986922E-01 0.554506704E-01
 0.761987343E-01 0.974657610E-01 0.119282082E+00 0.141676769E+00 0.164666027E+00
 0.188234001E+00 0.212296575E+00 0.236626431E+00 0.260688931E+00 0.283370495E+00
 0.996288732E-01 0.943603963E-01 0.895572007E-01 0.851166844E-01 0.807168856E-01
 0.761753321E-01 0.714254603E-01 0.664349869E-01 0.611853860E-01 0.556649603E-01
 0.498660281E-01 0.437836424E-01 0.374149010E-01 0.307582114E-01 0.238114148E-01
 0.165663958E-01 0.901429635E-02 0.140061695E-02-0.631573750E-02-0.141676450E-01
-0.221710857E-01-0.303289834E-01-0.386306606E-01-0.470512733E-01-0.555509701E-01
-0.640740022E-01-0.725481510E-01-0.808847100E-01-0.889792293E-01-0.967131257E-01
-0.103956215E+00-0.110570215E+00-0.116413124E+00-0.121344276E+00-0.125229806E+00
-0.127948180E+00-0.129395381E+00-0.129489228E+00-0.128172532E+00-0.125414595E+00
-0.121211149E+00-0.115582243E+00-0.108568631E+00-0.100226477E+00-0.906210095E-01
-0.798192397E-01-0.678822026E-01-0.548569374E-01-0.407684967E-01-0.256123170E-01
-0.934809353E-02 0.810142420E-02 0.268362015E-01 0.461249501E-01 0.660579503E-01
 0.867169797E-01 0.108192272E+00 0.130590871E+00 0.154041737E+00 0.178700075E+00
 0.204752207E+00 0.232423440E+00 0.261998355E+00 0.293911994E+00 0.328143686E+00
 0.111605272E+00 0.107064463E+00 0.101833515E+00 0.965747461E-01 0.914811566E-01
 0.864162520E-01 0.812864304E-01 0.760315731E-01 0.706128851E-01 0.650048628E-01
 0.591903888E-01 0.531578474E-01 0.468992479E-01 0.404088236E-01 0.336817019E-01
 0.267125927E-01 0.194951463E-01 0.120199425E-01 0.455952901E-02-0.295619504E-02
-0.105297267E-01-0.181657001E-01-0.258559417E-01-0.335812308E-01-0.413106345E-01
-0.490003303E-01-0.565928183E-01-0.640169308E-01-0.711885244E-01-0.780118853E-01
-0.843818188E-01-0.901863873E-01-0.953102931E-01-0.996387601E-01-0.103061609E+00
-0.105477490E+00-0.106797665E+00-0.106949344E+00-0.105878003E+00-0.103548579E+00
-0.999453664E-01-0.950705037E-01-0.889411122E-01-0.815851912E-01-0.730364993E-01
-0.633285418E-01-0.524878316E-01-0.405264981E-01-0.274337605E-01-0.131652839E-01
 0.237239851E-02 0.193491969E-01 0.370903127E-01 0.556030087E-01 0.749489516E-01
 0.952244699E-01 0.116558149E+00 0.139116257E+00 0.163113415E+00 0.188829079E+00
 0.216632232E+00 0.247019440E+00 0.280675143E+00 0.318560034E+00 0.359949976E+00
 0.121556707E+00 0.117452741E+00 0.112328239E+00 0.106989786E+00 0.101712696E+00
 0.964430049E-01 0.911313966E-01 0.857373103E-01 0.802296475E-01 0.745854154E-01
 0.687879249E-01 0.628253296E-01 0.566894040E-01 0.503747985E-01 0.438785926E-01
 0.372003764E-01 0.303432588E-01 0.233165100E-01 0.161417853E-01 0.878548063E-02
 0.150875829E-02-0.574637437E-02-0.129660340E-01-0.201371443E-01-0.272404160E-01
-0.342457443E-01-0.411103964E-01-0.477795824E-01-0.541874617E-01-0.602585636E-01
-0.659095123E-01-0.710511804E-01-0.755912438E-01-0.794370696E-01-0.824987516E-01
-0.846921653E-01-0.859418139E-01-0.861832350E-01-0.853647143E-01-0.834481940E-01
-0.804091543E-01-0.762354285E-01-0.709250197E-01-0.644828379E-01-0.569166467E-01
-0.482321978E-01-0.384278931E-01-0.274891071E-01-0.153825749E-01-0.205146009E-02
 0.125880083E-01 0.286472626E-01 0.453965329E-01 0.629444644E-01 0.813964531E-01
 0.100874081E+00 0.121527627E+00 0.143548295E+00 0.167183608E+00 0.192758486E+00
 0.220704630E+00 0.251599699E+00 0.286211878E+00 0.325527936E+00 0.368476421E+00
 0.130424604E+00 0.126686320E+00 0.121852994E+00 0.116643049E+00 0.111404687E+00
 0.106123105E+00 0.100779988E+00 0.953577459E-01 0.898408964E-01 0.842166170E-01
 0.784747154E-01 0.726074874E-01 0.666095018E-01 0.604774617E-01 0.542101935E-01
 0.478087626E-01 0.412767753E-01 0.346206278E-01 0.278492309E-01 0.209712926E-01
 0.140081709E-01 0.693057058E-02 0.180310217E-04-0.674726814E-02-0.133737754E-01
-0.198513679E-01-0.261503924E-01-0.322299674E-01-0.380398110E-01-0.435218662E-01
-0.486115962E-01-0.532394238E-01-0.573326387E-01-0.608174503E-01-0.636211783E-01
-0.656744018E-01-0.669130236E-01-0.672800243E-01-0.667267442E-01-0.652134717E-01
-0.627093688E-01-0.591914728E-01-0.546429045E-01-0.490502603E-01-0.424001627E-01
-0.346750692E-01-0.258483868E-01-0.158790536E-01-0.470622862E-02 0.775415171E-02
 0.216053091E-01 0.362197310E-01 0.516198948E-01 0.678629950E-01 0.850301832E-01
 0.103225864E+00 0.122581594E+00 0.143263221E+00 0.165481791E+00 0.189509571E+00
 0.215704650E+00 0.244551435E+00 0.276736021E+00 0.313310504E+00 0.352251023E+00
 0.138841122E+00 0.135464564E+00 0.130879179E+00 0.125850439E+00 0.120725818E+00
 0.115509875E+00 0.110206105E+00 0.104815878E+00 0.993385613E-01 0.937721729E-01
 0.881141499E-01 0.823619887E-01 0.765137598E-01 0.705684796E-01 0.645264387E-01
 0.583893470E-01 0.521604940E-01 0.458446331E-01 0.394475758E-01 0.329751819E-01
 0.264319479E-01 0.198145472E-01 0.131140277E-01 0.666118879E-02 0.386315456E-03
-0.572405616E-02-0.116243791E-01-0.172822867E-01-0.226590969E-01-0.277121365E-01
-0.323937833E-01-0.366514400E-01-0.404292978E-01-0.436698757E-01-0.463153757E-01
-0.483090505E-01-0.495966524E-01-0.501278788E-01-0.498573743E-01-0.487451814E-01
-0.467565320E-01-0.438609943E-01-0.400309674E-01-0.352394879E-01-0.294572636E-01
-0.226487350E-01-0.147667490E-01-0.574492989E-02 0.451445393E-02 0.161632337E-01
 0.285470095E-01 0.416653156E-01 0.555441193E-01 0.702287704E-01 0.857801884E-01
 0.102273546E+00 0.119798608E+00 0.138460979E+00 0.158383876E+00 0.179710060E+00
 0.202603132E+00 0.227246881E+00 0.253836840E+00 0.282509744E+00 0.311652243E+00
 0.147089362E+00 0.144077912E+00 0.139739439E+00 0.134878859E+00 0.129853502E+00
 0.124695279E+00 0.119431838E+00 0.114081986E+00 0.108656950E+00 0.103162654E+00
 0.976017863E-01 0.919753388E-01 0.862836838E-01 0.805273205E-01 0.747073963E-01
 0.688260421E-01 0.628866330E-01 0.568939149E-01 0.508541465E-01 0.447752662E-01
 0.386675484E-01 0.325453170E-01 0.264324937E-01 0.203744695E-01 0.143651906E-01
 0.835921802E-02 0.267416495E-02-0.273715565E-02-0.784107111E-02-0.126159098E-01
-0.170335565E-01-0.210550670E-01-0.246393662E-01-0.277440902E-01-0.303251911E-01
-0.323370248E-01-0.337334163E-01-0.344698690E-01-0.345046669E-01-0.337990485E-01
-0.323167406E-01-0.300230440E-01-0.268835686E-01-0.228625946E-01-0.179210622E-01
-0.120141199E-01-0.508815702E-02 0.292213750E-02 0.120925056E-01 0.225026347E-01
 0.334469751E-01 0.450036004E-01 0.572279580E-01 0.701678395E-01 0.838691220E-01
 0.983771831E-01 0.113735922E+00 0.129984573E+00 0.147151887E+00 0.165245682E+00
 0.184234187E+00 0.204011485E+00 0.224329919E+00 0.244648218E+00 0.263792545E+00
 0.155507475E+00 0.152896851E+00 0.148806855E+00 0.143991619E+00 0.138932049E+00
 0.133734241E+00 0.128452227E+00 0.123112410E+00 0.117727704E+00 0.112304151E+00
 0.106844269E+00 0.101348840E+00 0.958180502E-01 0.902522057E-01 0.846522301E-01
 0.790199712E-01 0.733584985E-01 0.676722825E-01 0.619673990E-01 0.562517866E-01
 0.505355783E-01 0.448315516E-01 0.391553864E-01 0.335243456E-01 0.279503595E-01
 0.224443264E-01 0.170305874E-01 0.116648804E-01 0.670480356E-02 0.208300492E-02
-0.220946805E-02-0.611860724E-02-0.961768348E-02-0.126834949E-01-0.152880736E-01
-0.173955616E-01-0.189624112E-01-0.199479461E-01-0.203149039E-01-0.200279690E-01
-0.190522000E-01-0.173516143E-01-0.148878936E-01-0.116191972E-01-0.749914302E-02
-0.247576344E-02 0.351145724E-02 0.105450237E-01 0.187186338E-01 0.274219401E-01
 0.366689563E-01 0.464882590E-01 0.569109432E-01 0.679664090E-01 0.796799362E-01
 0.920699909E-01 0.105144225E+00 0.118893772E+00 0.133284837E+00 0.148246676E+00
 0.163654253E+00 0.179303929E+00 0.194882587E+00 0.209939778E+00 0.223896801E+00
 0.165275931E+00 0.163595274E+00 0.158860087E+00 0.153333098E+00 0.147916332E+00
 0.142529860E+00 0.137160063E+00 0.131800860E+00 0.126447871E+00 0.121097170E+00
 0.115745209E+00 0.110388972E+00 0.105026118E+00 0.996552259E-01 0.942759141E-01
 0.888890177E-01 0.834966972E-01 0.781025514E-01 0.727117434E-01 0.673311129E-01
 0.619692802E-01 0.566366911E-01 0.513455421E-01 0.461093709E-01 0.409425832E-01
 0.358614810E-01 0.308861546E-01 0.260400530E-01 0.213702414E-01 0.168662202E-01
 0.124662193E-01 0.855837204E-02 0.506770005E-02 0.196649600E-02-0.746308127E-03
-0.304545881E-02-0.485417480E-02-0.613522576E-02-0.686221709E-02-0.700940890E-02
-0.654793484E-02-0.544394180E-02-0.365713495E-02-0.113959482E-02 0.216377014E-02
 0.630847411E-02 0.113236979E-01 0.173598435E-01 0.238455702E-01 0.308103841E-01
 0.382767692E-01 0.462666787E-01 0.548016429E-01 0.639007762E-01 0.735778362E-01
 0.838373080E-01 0.946696028E-01 0.106045045E+00 0.117906839E+00 0.130162880E+00
 0.142677084E+00 0.155261263E+00 0.167670935E+00 0.179609925E+00 0.190749943E+00
 0.173769251E+00 0.172689617E+00 0.167893499E+00 0.161971569E+00 0.156283692E+00
 0.150752008E+00 0.145326570E+00 0.139976546E+00 0.134681821E+00 0.129428446E+00
 0.124206275E+00 0.119007826E+00 0.113827690E+00 0.108662225E+00 0.103509396E+00
 0.983686671E-01 0.932410285E-01 0.881289244E-01 0.830363333E-01 0.779687241E-01
 0.729331225E-01 0.679381117E-01 0.629938170E-01 0.581118725E-01 0.533055216E-01
 0.485899262E-01 0.439826176E-01 0.395037606E-01 0.351764485E-01 0.310214777E-01
 0.270667057E-01 0.233744569E-01 0.199602563E-01 0.168170817E-01 0.139150051E-01
 0.111799370E-01 0.904440321E-02 0.743798027E-02 0.633876305E-02 0.574893132E-02
 0.568484794E-02 0.617403211E-02 0.725647900E-02 0.899077393E-02 0.114687346E-01
 0.148489075E-01 0.186150745E-01 0.228665154E-01 0.275761094E-01 0.327392705E-01
 0.383635536E-01 0.444638021E-01 0.510586910E-01 0.581673011E-01 0.658051446E-01
 0.739794299E-01 0.826836452E-01 0.918916240E-01 0.101551697E+00 0.111581422E+00
 0.121863946E+00 0.132247061E+00 0.142546311E+00 0.152553320E+00 0.162049904E+00
 0.180372730E+00 0.179627478E+00 0.175075322E+00 0.169239625E+00 0.163586572E+00
 0.158094540E+00 0.152733296E+00 0.147476569E+00 0.142303079E+00 0.137196064E+00
 0.132142544E+00 0.127132639E+00 0.122158989E+00 0.117216423E+00 0.112301633E+00
 0.107413001E+00 0.102550462E+00 0.977153927E-01 0.929105729E-01 0.881401747E-01
 0.834096968E-01 0.787259787E-01 0.740972310E-01 0.695329979E-01 0.650442988E-01
 0.606436580E-01 0.563452803E-01 0.521650836E-01 0.481206812E-01 0.442311391E-01
 0.405179560E-01 0.370051377E-01 0.337107964E-01 0.306486376E-01 0.278334245E-01
 0.252931565E-01 0.231004152E-01 0.212842245E-01 0.198603310E-01 0.188420862E-01
 0.182442367E-01 0.180841293E-01 0.183816832E-01 0.191578064E-01 0.204289071E-01
 0.221908074E-01 0.243740566E-01 0.269556977E-01 0.299226046E-01 0.332735255E-01
 0.370184891E-01 0.411774553E-01 0.457783565E-01 0.508542247E-01 0.564389937E-01
 0.625618398E-01 0.692402646E-01 0.764725581E-01 0.842307806E-01 0.924553797E-01
 0.101052716E+00 0.109896235E+00 0.118831791E+00 0.127686903E+00 0.136283025E+00
 0.185795143E+00 0.185380593E+00 0.180879623E+00 0.175233990E+00 0.169769108E+00
 0.164457664E+00 0.159278572E+00 0.154210702E+00 0.149235070E+00 0.144335702E+00
 0.139499694E+00 0.134716958E+00 0.129979834E+00 0.125282794E+00 0.120622151E+00
 0.115995780E+00 0.111402996E+00 0.106844440E+00 0.102321945E+00 0.978385061E-01
 0.933982208E-01 0.890062824E-01 0.846689343E-01 0.803935379E-01 0.761885270E-01
 0.720634758E-01 0.680291206E-01 0.640973374E-01 0.602810979E-01 0.565944053E-01
 0.530521795E-01 0.496698394E-01 0.464623906E-01 0.434448533E-01 0.406338982E-01
 0.380500518E-01 0.357181989E-01 0.336579494E-01 0.318837650E-01 0.304067116E-01
 0.292357504E-01 0.283782836E-01 0.278398786E-01 0.276231021E-01 0.277253576E-01
 0.281360634E-01 0.288361218E-01 0.298115201E-01 0.310561340E-01 0.325744264E-01
 0.343836956E-01 0.365158021E-01 0.390179828E-01 0.419519953E-01 0.453904867E-01
 0.494097769E-01 0.540788956E-01 0.594463982E-01 0.655274540E-01 0.722941682E-01
 0.796711892E-01 0.875375122E-01 0.957345292E-01 0.104079492E+00 0.112382114E+00
 0.189697489E+00 0.189475670E+00 0.185398266E+00 0.180045590E+00 0.174869239E+00
 0.169846877E+00 0.164952308E+00 0.160162941E+00 0.155460551E+00 0.150830761E+00
 0.146262422E+00 0.141746953E+00 0.137277946E+00 0.132850736E+00 0.128462225E+00
 0.124110535E+00 0.119794950E+00 0.115515776E+00 0.111274220E+00 0.107072338E+00
 0.102912992E+00 0.987998098E-01 0.947371498E-01 0.907301381E-01 0.867846161E-01
 0.829071775E-01 0.791051388E-01 0.753865391E-01 0.717600882E-01 0.682350919E-01
 0.648213476E-01 0.615289845E-01 0.583683066E-01 0.553498529E-01 0.524845794E-01
 0.497839265E-01 0.472591743E-01 0.449197479E-01 0.427724682E-01 0.408213474E-01
 0.390676185E-01 0.375096537E-01 0.361427180E-01 0.349586271E-01 0.339454673E-01
 0.330879167E-01 0.323689766E-01 0.317739472E-01 0.312944278E-01 0.309327561E-01
 0.307072289E-01 0.306581222E-01 0.308541059E-01 0.313975327E-01 0.324254781E-01
 0.341019370E-01 0.365976766E-01 0.400602371E-01 0.445833467E-01 0.501856245E-01
 0.568017401E-01 0.642849356E-01 0.724206269E-01 0.809517950E-01 0.896129534E-01
 0.192447886E+00 0.192389354E+00 0.188626543E+00 0.183672488E+00 0.178921044E+00
 0.174311683E+00 0.169804975E+00 0.165378064E+00 0.161016643E+00 0.156711057E+00
 0.152454361E+00 0.148241445E+00 0.144068629E+00 0.139933288E+00 0.135833725E+00
 0.131769046E+00 0.127739042E+00 0.123744078E+00 0.119785056E+00 0.115863346E+00
 0.111980744E+00 0.108139426E+00 0.104341969E+00 0.100591294E+00 0.968906879E-01
 0.932438150E-01 0.896546915E-01 0.861276984E-01 0.826675519E-01 0.792792663E-01
 0.759680793E-01 0.727393925E-01 0.695986152E-01 0.665510967E-01 0.636019483E-01
 0.607557632E-01 0.580161251E-01 0.553849414E-01 0.528618470E-01 0.504436977E-01
 0.481241718E-01 0.458933823E-01 0.437374972E-01 0.416384824E-01 0.395740345E-01
 0.375180431E-01 0.354418047E-01 0.333163105E-01 0.311157107E-01 0.288223661E-01
 0.264344476E-01 0.239771437E-01 0.215189233E-01 0.191935841E-01 0.172249954E-01
 0.159391332E-01 0.157304071E-01 0.169679020E-01 0.198993832E-01 0.246135164E-01
 0.310421512E-01 0.389651768E-01 0.480170771E-01 0.577290915E-01 0.676287189E-01
 0.193691775E+00 0.193589807E+00 0.190257341E+00 0.186120570E+00 0.182046816E+00
 0.177994192E+00 0.173965782E+00 0.169964373E+00 0.165991396E+00 0.162047446E+00
 0.158132628E+00 0.154246926E+00 0.150390342E+00 0.146563038E+00 0.142765328E+00
 0.138997719E+00 0.135260865E+00 0.131555542E+00 0.127882570E+00 0.124242850E+00
 0.120637245E+00 0.117066622E+00 0.113531783E+00 0.110033520E+00 0.106572568E+00
 0.103149682E+00 0.997656211E-01 0.964211971E-01 0.931172892E-01 0.898548514E-01
 0.866348967E-01 0.834584385E-01 0.803264156E-01 0.772395208E-01 0.741979927E-01
 0.712012798E-01 0.682475865E-01 0.653333515E-01 0.624526329E-01 0.595964976E-01
 0.567523390E-01 0.539032109E-01 0.510270931E-01 0.480962172E-01 0.450764187E-01
 0.419266634E-01 0.385989323E-01 0.350385793E-01 0.311856400E-01 0.269777551E-01
 0.223559756E-01 0.172758773E-01 0.117282057E-01 0.577821489E-02-0.353639130E-03
-0.611663051E-02-0.104445713E-01-0.122752963E-01-0.111578582E-01-0.701304339E-02
 0.671459202E-04 0.981562212E-02 0.216353256E-01 0.343866311E-01 0.468732864E-01
 0.194128364E+00 0.193757445E+00 0.191338480E+00 0.188103095E+00 0.184697077E+00
 0.181197420E+00 0.177650809E+00 0.174082965E+00 0.170508832E+00 0.166937709E+00
 0.163375780E+00 0.159827530E+00 0.156296417E+00 0.152785301E+00 0.149296567E+00
 0.145832241E+00 0.142394051E+00 0.138983324E+00 0.135601014E+00 0.132247671E+00
 0.128923327E+00 0.125627592E+00 0.122359514E+00 0.119117714E+00 0.115900338E+00
 0.112705112E+00 0.109529458E+00 0.106370546E+00 0.103225388E+00 0.100090936E+00
 0.969641432E-01 0.938419774E-01 0.907214135E-01 0.875992700E-01 0.844720528E-01
 0.813355595E-01 0.781844929E-01 0.750118420E-01 0.718082264E-01 0.685610920E-01
 0.652538314E-01 0.618647784E-01 0.583660454E-01 0.547222048E-01 0.508887582E-01
 0.468103178E-01 0.424184240E-01 0.376289412E-01 0.323390141E-01 0.264237467E-01
 0.197331831E-01 0.120908190E-01 0.329523999E-02-0.687513547E-02-0.186668877E-01
-0.324533731E-01-0.440796949E-01-0.496607497E-01-0.502303354E-01-0.463343300E-01
-0.375493206E-01-0.242823008E-01-0.587697094E-02 0.137830591E-01 0.298428778E-01
 0.195644543E+00 0.195443228E+00 0.193212256E+00 0.190292194E+00 0.187281713E+00
 0.184198454E+00 0.181061879E+00 0.177888691E+00 0.174691945E+00 0.171481773E+00
 0.168266267E+00 0.165052086E+00 0.161844924E+00 0.158649698E+00 0.155470625E+00
 0.152311265E+00 0.149174452E+00 0.146062195E+00 0.142975703E+00 0.139915273E+00
 0.136880234E+00 0.133868888E+00 0.130878553E+00 0.127905503E+00 0.124945112E+00
 0.121991821E+00 0.119039394E+00 0.116080999E+00 0.113109492E+00 0.110117577E+00
 0.107098058E+00 0.104043975E+00 0.100948721E+00 0.978060216E-01 0.946097597E-01
 0.913536847E-01 0.880309269E-01 0.846333653E-01 0.811508223E-01 0.775701404E-01
 0.738740563E-01 0.700399727E-01 0.660384521E-01 0.618314371E-01 0.573700443E-01
 0.525916666E-01 0.474160835E-01 0.417400375E-01 0.354294628E-01 0.283083022E-01
 0.201425869E-01 0.106189502E-01-0.680504483E-03-0.142995808E-01-0.309154075E-01
-0.493824482E-01-0.619745515E-01-0.686254501E-01-0.697415695E-01-0.650767386E-01
-0.547824465E-01-0.378966816E-01-0.155219529E-01 0.420320733E-02 0.207857005E-01
 0.197207600E+00 0.197194323E+00 0.195153773E+00 0.192511111E+00 0.189819902E+00
 0.187080964E+00 0.184299260E+00 0.181480914E+00 0.178632841E+00 0.175762281E+00
 0.172876701E+00 0.169983521E+00 0.167089909E+00 0.164202571E+00 0.161327556E+00
 0.158470005E+00 0.155634046E+00 0.152822599E+00 0.150037304E+00 0.147278339E+00
 0.144544393E+00 0.141832545E+00 0.139138237E+00 0.136455253E+00 0.133775756E+00
 0.131090477E+00 0.128388807E+00 0.125659212E+00 0.122889549E+00 0.120067522E+00
 0.117181167E+00 0.114219293E+00 0.111171767E+00 0.108029775E+00 0.104785696E+00
 0.101432912E+00 0.979652256E-01 0.943761617E-01 0.906579792E-01 0.868005976E-01
 0.827903301E-01 0.786085278E-01 0.742300078E-01 0.696212947E-01 0.647384226E-01
 0.595240779E-01 0.539037623E-01 0.477801040E-01 0.410242416E-01 0.334619246E-01
 0.248497743E-01 0.148328459E-01 0.286826584E-02-0.118863108E-01-0.304276347E-01
-0.462054797E-01-0.568092428E-01-0.624139421E-01-0.629111454E-01-0.582550690E-01
-0.472952612E-01-0.292411018E-01-0.101941237E-01 0.623193849E-02 0.205561165E-01
 0.198555797E+00 0.198725909E+00 0.196997836E+00 0.194640189E+00 0.192259386E+00
 0.189849153E+00 0.187403038E+00 0.184918582E+00 0.182397366E+00 0.179844439E+00
 0.177267298E+00 0.174674854E+00 0.172076523E+00 0.169481516E+00 0.166898280E+00
 0.164334089E+00 0.161794782E+00 0.159284517E+00 0.156805664E+00 0.154358551E+00
 0.151941419E+00 0.149550200E+00 0.147178441E+00 0.144817188E+00 0.142454997E+00
 0.140078008E+00 0.137670204E+00 0.135213897E+00 0.132690340E+00 0.130080551E+00
 0.127366260E+00 0.124530800E+00 0.121559970E+00 0.118442543E+00 0.115170486E+00
 0.111738697E+00 0.108144380E+00 0.104386061E+00 0.100462340E+00 0.963704810E-01
 0.921050236E-01 0.876563713E-01 0.830094591E-01 0.781424195E-01 0.730252564E-01
 0.676183105E-01 0.618705451E-01 0.557173453E-01 0.490777120E-01 0.418505259E-01
 0.339092538E-01 0.250931028E-01 0.151838046E-01 0.376810739E-02-0.842902251E-02
-0.180961676E-01-0.249288157E-01-0.286277030E-01-0.291354116E-01-0.259010326E-01
-0.187261272E-01-0.707068667E-02 0.474214880E-02 0.161123425E-01 0.268167350E-01
 0.199757814E+00 0.200143665E+00 0.198639393E+00 0.196600109E+00 0.194569483E+00
 0.192515522E+00 0.190416291E+00 0.188261300E+00 0.186050192E+00 0.183789939E+00
 0.181492075E+00 0.179170296E+00 0.176838815E+00 0.174511135E+00 0.172199309E+00
 0.169913605E+00 0.167662114E+00 0.165450722E+00 0.163282886E+00 0.161159500E+00
 0.159078717E+00 0.157035694E+00 0.155022293E+00 0.153026804E+00 0.151033714E+00
 0.149023637E+00 0.146973521E+00 0.144857168E+00 0.142646238E+00 0.140311688E+00
 0.137825549E+00 0.135162845E+00 0.132303402E+00 0.129233032E+00 0.125944287E+00
 0.122436136E+00 0.118712939E+00 0.114782847E+00 0.110655785E+00 0.106341392E+00
 0.101847224E+00 0.971772298E-01 0.923307613E-01 0.873019174E-01 0.820794031E-01
 0.766467974E-01 0.709835067E-01 0.650666952E-01 0.588752106E-01 0.523974150E-01
 0.456474274E-01 0.387004688E-01 0.317728817E-01 0.253813118E-01 0.200836640E-01
 0.152586326E-01 0.113808662E-01 0.901890174E-02 0.840860605E-02 0.946344621E-02
 0.117848273E-01 0.159696899E-01 0.219992977E-01 0.289435480E-01 0.362105370E-01
 0.200437367E+00 0.201044932E+00 0.199907929E+00 0.198330954E+00 0.196775451E+00
 0.195159018E+00 0.193441018E+00 0.191612095E+00 0.189682290E+00 0.187671706E+00
 0.185604393E+00 0.183504820E+00 0.181395710E+00 0.179297119E+00 0.177225977E+00
 0.175196037E+00 0.173218012E+00 0.171299651E+00 0.169445857E+00 0.167658627E+00
 0.165936753E+00 0.164275497E+00 0.162665918E+00 0.161094293E+00 0.159541234E+00
 0.157981157E+00 0.156381950E+00 0.154705301E+00 0.152908057E+00 0.150944605E+00
 0.148770258E+00 0.146345362E+00 0.143639103E+00 0.140632510E+00 0.137319952E+00
 0.133708671E+00 0.129816681E+00 0.125669360E+00 0.121295534E+00 0.116723858E+00
 0.111979991E+00 0.107084900E+00 0.102054186E+00 0.968983248E-01 0.916236117E-01
 0.862338543E-01 0.807328224E-01 0.751278177E-01 0.694348887E-01 0.636864901E-01
 0.579420850E-01 0.523008443E-01 0.469092801E-01 0.419444852E-01 0.375635773E-01
 0.338898040E-01 0.310664531E-01 0.292479191E-01 0.285397563E-01 0.289754383E-01
 0.305438954E-01 0.332088359E-01 0.368477218E-01 0.412310883E-01 0.461002924E-01
 0.200048387E+00 0.200772211E+00 0.200524464E+00 0.199898407E+00 0.199102074E+00
 0.198044673E+00 0.196716145E+00 0.195158780E+00 0.193427205E+00 0.191574797E+00
 0.189649627E+00 0.187692985E+00 0.185739040E+00 0.183815151E+00 0.181942657E+00
 0.180137992E+00 0.178413525E+00 0.176778406E+00 0.175238997E+00 0.173798934E+00
 0.172458947E+00 0.171216235E+00 0.170063496E+00 0.168987453E+00 0.167967126E+00
 0.166971803E+00 0.165959179E+00 0.164874300E+00 0.163650438E+00 0.162212655E+00
 0.160484597E+00 0.158397466E+00 0.155899122E+00 0.152961060E+00 0.149581805E+00
 0.145785823E+00 0.141618371E+00 0.137137219E+00 0.132403791E+00 0.127475739E+00
 0.122402556E+00 0.117223956E+00 0.111970425E+00 0.106665000E+00 0.101325631E+00
 0.959679261E-01 0.906081274E-01 0.852664262E-01 0.799707323E-01 0.747606233E-01
 0.696910471E-01 0.648344010E-01 0.602789298E-01 0.561224259E-01 0.524636284E-01
 0.493967682E-01 0.470089205E-01 0.453741439E-01 0.445438810E-01 0.445396602E-01
 0.453504473E-01 0.469308719E-01 0.491992086E-01 0.520421192E-01 0.553294234E-01
 0.199533775E+00 0.200464472E+00 0.201256931E+00 0.201959401E+00 0.202447623E+00
 0.201824471E+00 0.200669825E+00 0.199163854E+00 0.197428644E+00 0.195558548E+00
 0.193628818E+00 0.191697896E+00 0.189808980E+00 0.187992707E+00 0.186270341E+00
 0.184656933E+00 0.183163539E+00 0.181798846E+00 0.180570021E+00 0.179482996E+00
 0.178542346E+00 0.177750498E+00 0.177106440E+00 0.176603556E+00 0.176226348E+00
 0.175945893E+00 0.175714090E+00 0.175457373E+00 0.175072670E+00 0.174430236E+00
 0.173387468E+00 0.171811819E+00 0.169604272E+00 0.166715696E+00 0.163154066E+00
 0.158982620E+00 0.154307038E+00 0.149252996E+00 0.143942088E+00 0.138475969E+00
 0.132931516E+00 0.127363369E+00 0.121809371E+00 0.116295919E+00 0.110842749E+00
 0.105466694E+00 0.100184873E+00 0.950173661E-01 0.899895281E-01 0.851338282E-01
 0.804910138E-01 0.761101469E-01 0.720472336E-01 0.683625340E-01 0.651169792E-01
 0.623685308E-01 0.601684116E-01 0.585572235E-01 0.575610325E-01 0.571880788E-01
 0.574267693E-01 0.582451150E-01 0.595919564E-01 0.614005290E-01 0.635941476E-01
 0.199604496E+00 0.200900182E+00 0.202365011E+00 0.204116344E+00 0.206114084E+00
 0.206730932E+00 0.205676287E+00 0.203792781E+00 0.201716974E+00 0.199561000E+00
 0.197423846E+00 0.195375890E+00 0.193457395E+00 0.191688031E+00 0.190076962E+00
 0.188629255E+00 0.187349156E+00 0.186241850E+00 0.185314193E+00 0.184574962E+00
 0.184034869E+00 0.183705971E+00 0.183600664E+00 0.183729649E+00 0.184098244E+00
 0.184699908E+00 0.185504720E+00 0.186440125E+00 0.187363014E+00 0.188037008E+00
 0.188156471E+00 0.187431350E+00 0.185660899E+00 0.182754412E+00 0.178735614E+00
 0.173753053E+00 0.168067724E+00 0.161976069E+00 0.155717432E+00 0.149445072E+00
 0.143245772E+00 0.137165844E+00 0.131229341E+00 0.125449151E+00 0.119833343E+00
 0.114389054E+00 0.109124973E+00 0.104052946E+00 0.991891101E-01 0.945545360E-01
 0.901754200E-01 0.860826299E-01 0.823106244E-01 0.788958520E-01 0.758746415E-01
 0.732808709E-01 0.711435601E-01 0.694844723E-01 0.683160201E-01 0.676395744E-01
 0.674445331E-01 0.677082613E-01 0.683969855E-01 0.694677755E-01 0.708712563E-01
 0.199465796E+00 0.200965583E+00 0.202719823E+00 0.204862505E+00 0.207502365E+00
 0.209202930E+00 0.209552199E+00 0.208506569E+00 0.206073940E+00 0.203258976E+00
 0.200676769E+00 0.198402181E+00 0.196414724E+00 0.194683716E+00 0.193185627E+00
 0.191905528E+00 0.190836087E+00 0.189976841E+00 0.189333588E+00 0.188918382E+00
 0.188749641E+00 0.188852534E+00 0.189259142E+00 0.190008789E+00 0.191147596E+00
 0.192726940E+00 0.194797546E+00 0.197392076E+00 0.200467676E+00 0.203678876E+00
 0.206057459E+00 0.206839576E+00 0.205760837E+00 0.202712089E+00 0.197662413E+00
 0.190776557E+00 0.182834506E+00 0.174834013E+00 0.167130515E+00 0.159789816E+00
 0.152805433E+00 0.146153271E+00 0.139808148E+00 0.133748874E+00 0.127959564E+00
 0.122429848E+00 0.117154561E+00 0.112133585E+00 0.107371636E+00 0.102877937E+00
 0.986657664E-01 0.947517902E-01 0.911550596E-01 0.878958702E-01 0.849943161E-01
 0.824687928E-01 0.803344473E-01 0.786017403E-01 0.772751868E-01 0.763524622E-01
 0.758238658E-01 0.756723881E-01 0.758741871E-01 0.763996691E-01 0.772148743E-01
 0.198852524E+00 0.200378895E+00 0.202053159E+00 0.203874603E+00 0.205828071E+00
 0.207850039E+00 0.209426388E+00 0.209643736E+00 0.208366796E+00 0.205476671E+00
 0.202569470E+00 0.200240120E+00 0.198326871E+00 0.196739212E+00 0.195425317E+00
 0.194355622E+00 0.193515137E+00 0.192899838E+00 0.192515269E+00 0.192376301E+00
 0.192508072E+00 0.192948312E+00 0.193748444E+00 0.194976345E+00 0.196722761E+00
 0.199110478E+00 0.202310085E+00 0.206569269E+00 0.212278157E+00 0.220027789E+00
 0.225862786E+00 0.228507638E+00 0.228347629E+00 0.225133315E+00 0.218731806E+00
 0.208670124E+00 0.196401566E+00 0.185996667E+00 0.176811650E+00 0.168499485E+00
 0.160853624E+00 0.153743580E+00 0.147084340E+00 0.140818998E+00 0.134908676E+00
 0.129326612E+00 0.124054864E+00 0.119082280E+00 0.114403278E+00 0.110016972E+00
 0.105926283E+00 0.102137171E+00 0.986577049E-01 0.954971015E-01 0.926646963E-01
 0.901688561E-01 0.880159736E-01 0.862095580E-01 0.847493783E-01 0.836309791E-01
 0.828453079E-01 0.823787451E-01 0.822133645E-01 0.823275000E-01 0.826965123E-01
 0.197853327E+00 0.199468181E+00 0.201044843E+00 0.202508211E+00 0.203827500E+00
 0.204995334E+00 0.205996513E+00 0.206784889E+00 0.206663489E+00 0.204656571E+00
 0.202376351E+00 0.200516373E+00 0.198987201E+00 0.197732985E+00 0.196720511E+00
 0.195929155E+00 0.195347860E+00 0.194973946E+00 0.194813401E+00 0.194881812E+00
 0.195206106E+00 0.195830509E+00 0.196815327E+00 0.198239803E+00 0.200211525E+00
 0.202878192E+00 0.206448495E+00 0.211228818E+00 0.217682153E+00 0.226345271E+00
 0.233093724E+00 0.236405104E+00 0.236621380E+00 0.233587816E+00 0.227053121E+00
 0.216466367E+00 0.203598216E+00 0.192677513E+00 0.183127686E+00 0.174548298E+00
 0.166699678E+00 0.159439296E+00 0.152678847E+00 0.146359280E+00 0.140437976E+00
 0.134882808E+00 0.129669458E+00 0.124779947E+00 0.120201662E+00 0.115926526E+00
 0.111950167E+00 0.108271115E+00 0.104890004E+00 0.101808719E+00 0.990296230E-01
 0.965547338E-01 0.943850130E-01 0.925196931E-01 0.909557641E-01 0.896875709E-01
 0.887065977E-01 0.880014300E-01 0.875578895E-01 0.873593092E-01 0.873869807E-01
 0.567181647E+00 0.579505682E+00 0.587812066E+00 0.598173440E+00 0.608849525E+00
 0.620261908E+00 0.632228017E+00 0.644700527E+00 0.657754123E+00 0.671279490E+00
 0.685412765E+00 0.699924827E+00 0.715181708E+00 0.730912626E+00 0.747573018E+00
 0.764805198E+00 0.783048630E+00 0.801985204E+00 0.821720362E+00 0.842310786E+00
 0.863890171E+00 0.886475444E+00 0.910105824E+00 0.934895754E+00 0.960877359E+00
 0.988056779E+00 0.101659131E+01 0.104653704E+01 0.107796574E+01 0.111127973E+01
 0.114622092E+01 0.118281591E+01 0.122149086E+01 0.126228464E+01 0.130549216E+01
 0.135131276E+01 0.139948940E+01 0.145025885E+01 0.150441313E+01 0.156204236E+01
 0.162318254E+01 0.168765843E+01 0.175622284E+01 0.182989991E+01 0.190825677E+01
 0.199134660E+01 0.207979298E+01 0.217526031E+01 0.227658510E+01 0.238442540E+01
 0.250046110E+01 0.262436199E+01 0.275651002E+01 0.289835620E+01 0.304881406E+01
 0.321108770E+01 0.338307309E+01 0.356832218E+01 0.376571822E+01 0.398086953E+01
 0.421179914E+01 0.446489716E+01 0.475312567E+01 0.513398600E+01 0.656500626E+01
   85  117
 0.112165320E+01-0.200000003E+00 0.110562503E+01-0.141433969E+00 0.109187794E+01
-0.500000007E-01 0.110032666E+01 0.500000007E-01 0.111412358E+01 0.100000001E+00
 0.113342512E+01 0.150000006E+00 0.115875006E+01 0.203920722E+00 0.118531251E+01
 0.251711041E+00 0.121589196E+01 0.300000012E+00 0.124988198E+01 0.349999994E+00
 0.128696930E+01 0.400000006E+00 0.131812501E+01 0.437786430E+00 0.134468746E+01
 0.468575269E+00 0.137386060E+01 0.500000000E+00 0.142358792E+01 0.550000012E+00
 0.145093751E+01 0.574251592E+00 0.148215544E+01 0.600000024E+00 0.153062499E+01
 0.637051046E+00 0.155718756E+01 0.655731022E+00 0.161031246E+01 0.687980831E+00
 0.163687503E+01 0.702898383E+00 0.169000006E+01 0.727681160E+00 0.174312496E+01
 0.747945487E+00 0.176968753E+01 0.757555425E+00 0.182281256E+01 0.771213651E+00
 0.187593746E+01 0.778883934E+00 0.192906249E+01 0.779968441E+00 0.198218751E+01
 0.771254003E+00 0.202323937E+01 0.750000000E+00 0.206187510E+01 0.713638544E+00
 0.208843756E+01 0.670305371E+00 0.211500001E+01 0.609206498E+00 0.213506222E+01
 0.550000012E+00 0.215222192E+01 0.500000000E+00 0.216932344E+01 0.449999988E+00
 0.219468760E+01 0.373165250E+00 0.221832108E+01 0.300000012E+00 0.223464870E+01
 0.250000000E+00 0.225004578E+01 0.200000003E+00 0.227312565E+01 0.100000001E+00
 0.228087044E+01 0.500000007E-01 0.228362560E+01-0.500000007E-01 0.227437496E+01
-0.125185192E+00 0.225849581E+01-0.200000003E+00 0.224415541E+01-0.250000000E+00
 0.222125006E+01-0.320809871E+00 0.219468760E+01-0.392570913E+00 0.217204475E+01
-0.449999988E+00 0.215007401E+01-0.500000000E+00 0.212605333E+01-0.550000012E+00
 0.209968686E+01-0.600000024E+00 0.207067466E+01-0.649999976E+00 0.203876710E+01
-0.699999988E+00 0.200874996E+01-0.742153108E+00 0.198218751E+01-0.778523624E+00
 0.195562506E+01-0.813219547E+00 0.192504907E+01-0.850000024E+00 0.188488162E+01
-0.899999976E+00 0.184937501E+01-0.942871571E+00 0.182281256E+01-0.976155937E+00
 0.179624999E+01-0.100863421E+01 0.175935435E+01-0.104999995E+01 0.172001147E+01
-0.110000002E+01 0.169000006E+01-0.113741004E+01 0.164759374E+01-0.118663442E+01
 0.162831175E+01-0.114999998E+01 0.159695566E+01-0.110000002E+01 0.156711268E+01
-0.104999995E+01 0.153755450E+01-0.100000000E+01 0.150779462E+01-0.949999988E+00
 0.147749996E+01-0.901376426E+00 0.145093751E+01-0.855861127E+00 0.142437506E+01
-0.809489608E+00 0.139781249E+01-0.762664855E+00 0.137125003E+01-0.715424955E+00
 0.134468746E+01-0.667662263E+00 0.131812501E+01-0.619196177E+00 0.129156256E+01
-0.569801092E+00 0.126499999E+01-0.519216239E+00 0.123843753E+01-0.467141956E+00
 0.121187496E+01-0.413201749E+00 0.118531251E+01-0.356770784E+00 0.116056728E+01
-0.300000012E+00 0.113996255E+01-0.250000000E+00 0.112165320E+01-0.200000003E+00
 0.101600003E+01 0.000000000E+00 0.101600003E+01 0.963999987E+00 0.101600003E+01
 0.967999995E+00 0.101600003E+01 0.100100005E+01 0.101600003E+01 0.101900005E+01
 0.101600003E+01 0.107700002E+01 0.101600003E+01 0.107000005E+01 0.101600003E+01
 0.109599996E+01 0.101600003E+01 0.111300004E+01 0.101600003E+01 0.113800001E+01
 0.101600003E+01 0.114699996E+01 0.101199996E+01 0.116499996E+01 0.100100005E+01
 0.121700001E+01 0.102900004E+01 0.121700001E+01 0.104200006E+01 0.116240001E+01
 0.104600000E+01 0.116237998E+01 0.105599999E+01 0.116260004E+01 0.109700000E+01
 0.116450000E+01 0.110800004E+01 0.116594005E+01 0.111600006E+01 0.116591001E+01
 0.113399994E+01 0.116895998E+01 0.114800000E+01 0.117174995E+01 0.116199994E+01
 0.117556000E+01 0.118099999E+01 0.118299997E+01 0.118200004E+01 0.118350005E+01
 0.118499994E+01 0.118499994E+01 0.119000006E+01 0.118799996E+01 0.119500005E+01
 0.119099998E+01 0.120099998E+01 0.119599998E+01 0.120899999E+01 0.120200002E+01
 0.121500003E+01 0.120799994E+01 0.122200000E+01 0.121399999E+01 0.122800004E+01
 0.122099996E+01 0.123399997E+01 0.123099995E+01 0.123899996E+01 0.123800004E+01
 0.124199998E+01 0.124399996E+01 0.124800003E+01 0.125399995E+01 0.125800002E+01
 0.127800000E+01 0.126300001E+01 0.128999996E+01 0.127999997E+01 0.133099997E+01
 0.127999997E+01 0.134700000E+01 0.127999997E+01 0.134800005E+01 0.130999994E+01
 0.134800005E+01 0.132799995E+01 0.134800005E+01 0.136099994E+01 0.134800005E+01
 0.138000000E+01 0.134800005E+01 0.141900003E+01 0.134800005E+01 0.141900003E+01
 0.130999994E+01 0.137199998E+01 0.130999994E+01 0.137167001E+01 0.129237998E+01
 0.137003005E+01 0.128268003E+01 0.136688006E+01 0.125644004E+01 0.136719000E+01
 0.122955000E+01 0.137178004E+01 0.119576001E+01 0.137223995E+01 0.119402003E+01
 0.138662004E+01 0.116487002E+01 0.138707995E+01 0.116420996E+01 0.140382004E+01
 0.115696001E+01 0.141127002E+01 0.115730000E+01 0.141857004E+01 0.116131997E+01
 0.142100000E+01 0.116400003E+01 0.148662996E+01 0.124049997E+01 0.149730003E+01
 0.123458004E+01 0.149761999E+01 0.123427999E+01 0.149744999E+01 0.123174000E+01
 0.149275005E+01 0.121329999E+01 0.149259996E+01 0.121061003E+01 0.149260998E+01
 0.120485997E+01 0.149278998E+01 0.120213997E+01 0.149339998E+01 0.119641995E+01
 0.149469995E+01 0.118510997E+01 0.149621999E+01 0.116069996E+01 0.147981000E+01
 0.112425995E+01 0.148081994E+01 0.112256002E+01 0.148149002E+01 0.112137997E+01
 0.148645997E+01 0.111691999E+01 0.149094999E+01 0.111439002E+01 0.150304997E+01
 0.111243999E+01 0.159696996E+01 0.109489000E+01 0.162549996E+01 0.108529997E+01
 0.163751996E+01 0.107988000E+01 0.164699996E+01 0.107700002E+01 0.178499997E+01
 0.107700002E+01 0.206999993E+01 0.103999996E+01 0.212800002E+01 0.992999971E+00
 0.224499989E+01 0.708999991E+00 0.233956003E+01 0.461430013E+00 0.234707999E+01
 0.415829986E+00 0.234912992E+01 0.272179991E+00 0.235103011E+01 0.170179993E+00
 0.235157990E+01 0.701199993E-01 0.235124993E+01-0.317899995E-01 0.235050988E+01
-0.144350007E+00 0.234964991E+01-0.214829996E+00 0.234870005E+01-0.326689988E+00
 0.234759998E+01-0.386770010E+00 0.234019995E+01-0.453040004E+00 0.232942009E+01
-0.477569997E+00 0.213400006E+01-0.972999990E+00 0.178600001E+01-0.117400002E+01
 0.176800001E+01-0.121099997E+01 0.176800001E+01-0.125000000E+01 0.168200004E+01
-0.125000000E+01 0.137199998E+01-0.125000000E+01 0.137199998E+01-0.132900000E+01
 0.141999996E+01-0.132900000E+01 0.141999996E+01-0.136300004E+01 0.127300000E+01
-0.136300004E+01 0.115300000E+01-0.136300004E+01 0.101600003E+01-0.122300005E+01
 0.101600003E+01-0.122300005E+01 0.101600003E+01-0.829999983E+00 0.101600003E+01
-0.800000012E+00 0.101600003E+01-0.414999992E+00 0.101600003E+01-0.400000006E+00
 0.101600003E+01-0.100000005E-02 0.101600003E+01 0.000000000E+00
    0 0.170000005E+01    1
 0.000000000E+00 0.000000000E+00 0.000000000E+00 0.000000000E+00 0.000000000E+00
 0.000000000E+00 0.000000000E+00 0.000000000E+00 0.000000000E+00 0.000000000E+00
 0.000000000E+00 0.000000000E+00 0.000000000E+00 0.000000000E+00 0.000000000E+00
 0.000000000E+00 0.000000000E+00 0.000000000E+00 0.000000000E+00 0.000000000E+00
 0.000000000E+00 0.000000000E+00 0.000000000E+00 0.000000000E+00 0.000000000E+00
 0.000000000E+00 0.000000000E+00 0.000000000E+00 0.000000000E+00 0.000000000E+00
 0.000000000E+00 0.000000000E+00 0.000000000E+00 0.000000000E+00 0.000000000E+00
 0.000000000E+00 0.000000000E+00 0.000000000E+00 0.000000000E+00 0.000000000E+00
 0.000000000E+00 0.000000000E+00 0.000000000E+00 0.000000000E+00 0.000000000E+00
 0.000000000E+00 0.000000000E+00 0.000000000E+00 0.000000000E+00 0.000000000E+00
 0.000000000E+00 0.000000000E+00 0.000000000E+00 0.000000000E+00 0.000000000E+00
 0.000000000E+00 0.000000000E+00 0.000000000E+00 0.000000000E+00 0.000000000E+00
 0.000000000E+00 0.000000000E+00 0.000000000E+00 0.000000000E+00 0.000000000E+00
 0.000000000E+00 0.714980960E-01 0.101940170E+00 0.125524879E+00 0.145766303E+00
 0.163825855E+00 0.180391490E+00 0.195854977E+00 0.210434943E+00 0.224380538E+00
 0.237756416E+00 0.249526426E+00 0.262220711E+00 0.274533242E+00 0.286548078E+00
 0.298404306E+00 0.310053200E+00 0.321576893E+00 0.332939804E+00 0.344156206E+00
 0.355317473E+00 0.366454422E+00 0.377482563E+00 0.388530135E+00 0.399548680E+00
 0.410540253E+00 0.421585321E+00 0.432634979E+00 0.443683177E+00 0.454888910E+00
 0.466121137E+00 0.477375716E+00 0.488763392E+00 0.500243247E+00 0.511845887E+00
 0.523618698E+00 0.535493135E+00 0.547485292E+00 0.559684753E+00 0.572094083E+00
 0.584712386E+00 0.597472429E+00 0.610466540E+00 0.623778582E+00 0.637345612E+00
 0.651157022E+00 0.665233672E+00 0.679731846E+00 0.694527447E+00 0.709645927E+00
 0.725204110E+00 0.741170228E+00 0.757548273E+00 0.774403751E+00 0.791705310E+00
 0.809565365E+00 0.827924073E+00 0.846863449E+00 0.866377056E+00 0.886555791E+00
 0.907343984E+00 0.928884149E+00 0.951221883E+00 0.974645078E+00 0.100000000E+01
    1
 0.000000000E+00 0.000000000E+00 0.000000000E+00 0.000000000E+00 0.000000000E+00
 0.000000000E+00 0.000000000E+00 0.000000000E+00 0.000000000E+00 0.000000000E+00
 0.000000000E+00 0.000000000E+00 0.000000000E+00 0.000000000E+00 0.000000000E+00
 0.000000000E+00 0.000000000E+00 0.000000000E+00 0.000000000E+00 0.000000000E+00
 0.000000000E+00 0.000000000E+00 0.000000000E+00 0.000000000E+00 0.000000000E+00
 0.000000000E+00 0.000000000E+00 0.000000000E+00 0.000000000E+00 0.000000000E+00
 0.000000000E+00 0.000000000E+00 0.000000000E+00 0.000000000E+00 0.000000000E+00
 0.000000000E+00 0.000000000E+00 0.000000000E+00 0.000000000E+00 0.000000000E+00
 0.000000000E+00 0.000000000E+00 0.000000000E+00 0.000000000E+00 0.000000000E+00
 0.000000000E+00 0.000000000E+00 0.000000000E+00 0.000000000E+00 0.000000000E+00
 0.000000000E+00 0.000000000E+00 0.000000000E+00 0.000000000E+00 0.000000000E+00
 0.000000000E+00 0.000000000E+00 0.000000000E+00 0.000000000E+00 0.000000000E+00
 0.000000000E+00 0.000000000E+00 0.000000000E+00 0.000000000E+00 0.000000000E+00
&BASIS
 EE2BDRY= 32*0.00000000      ,
 EEBDRY= 32*0.00000000      ,
 EEKNT= 32*0.00000000      ,
 EETENS=  5.00000000    ,
 FF2BDRY= 64*0.00000000      ,
 FFBDRY=  4.84896612    , -14.5513678    ,  9.83131409    , 61*0.00000000      ,
 FFKNT= 64*0.00000000      ,
 FFTENS=  0.00000000    ,
 KEE2BDRY= 32*0          ,
 KEEBDRY= 32*0          ,
 KEEFNC=          0,
 KEEKNT=          0,
 KFF2BDRY= 64*0          ,
 KFFBDRY= 64*0          ,
 KFFFNC=          0,
 KFFKNT=          0,
 KPP2BDRY= 64*0          ,
 KPPBDRY= 64*0          ,
 KPPFNC=          0,
 KPPKNT=          0,
 KWW2BDRY= 64*0          ,
 KWWBDRY= 64*0          ,
 KWWFNC=          0,
 KWWKNT=          0,
 PP2BDRY= 64*0.00000000      ,
 PPBDRY=  465404.406    , -271505.594    , 62*0.00000000      ,
 PPKNT= 64*0.00000000      ,
 PPTENS=  0.00000000    ,
 WW2BDRY= 64*0.00000000      ,
 WWBDRY= -1071.63708    , -39375.7695    , 62*0.00000000      ,
 WWKNT= 64*0.00000000      ,
 WWTENS=  0.00000000    ,
 /
