  EFITD    01/21/2000    #180520  4700ms           7  65  65
 0.170000005E+01 0.320000005E+01 0.169550002E+01 0.839999974E+00 0.000000000E+00
 0.181545818E+01-0.571096912E-01-0.202749670E+00 0.481427684E-01-0.197609675E+01
 0.883762062E+06-0.202749670E+00 0.000000000E+00 0.181545818E+01 0.000000000E+00
-0.571096912E-01 0.000000000E+00 0.481427684E-01 0.000000000E+00 0.000000000E+00
-0.336954045E+01-0.336652923E+01-0.336367941E+01-0.336098719E+01-0.335844970E+01
-0.335606313E+01-0.335382414E+01-0.335172939E+01-0.334977508E+01-0.334795809E+01
-0.334627461E+01-0.334472132E+01-0.334329414E+01-0.334198976E+01-0.334080458E+01
-0.333973479E+01-0.333877707E+01-0.333792710E+01-0.333718181E+01-0.333653712E+01
-0.333598924E+01-0.333553481E+01-0.333516955E+01-0.333489037E+01-0.333469296E+01
-0.333457375E+01-0.333452892E+01-0.333455467E+01-0.333464718E+01-0.333480263E+01
-0.333501744E+01-0.333528781E+01-0.333560944E+01-0.333597922E+01-0.333639288E+01
-0.333684683E+01-0.333733702E+01-0.333785987E+01-0.333841157E+01-0.333898830E+01
-0.333958626E+01-0.334020138E+01-0.334083033E+01-0.334146905E+01-0.334211397E+01
-0.334276104E+01-0.334340668E+01-0.334404683E+01-0.334467816E+01-0.334529638E+01
-0.334589815E+01-0.334647965E+01-0.334703684E+01-0.334756613E+01-0.334806395E+01
-0.334852600E+01-0.334894919E+01-0.334932923E+01-0.334966278E+01-0.334994578E+01
-0.335017443E+01-0.335034513E+01-0.335045433E+01-0.335049772E+01-0.335047221E+01
 0.103380641E+06 0.101027016E+06 0.986968281E+05 0.963900703E+05 0.941067578E+05
 0.918468828E+05 0.896104453E+05 0.873974531E+05 0.852078906E+05 0.830417656E+05
 0.808990859E+05 0.787798438E+05 0.766840312E+05 0.746116641E+05 0.725627344E+05
 0.705372422E+05 0.685351875E+05 0.665565703E+05 0.646013945E+05 0.626696562E+05
 0.607613555E+05 0.588764922E+05 0.570150703E+05 0.551770820E+05 0.533625352E+05
 0.515714258E+05 0.498037539E+05 0.480595195E+05 0.463387266E+05 0.446413711E+05
 0.429674531E+05 0.413169727E+05 0.396899297E+05 0.380863281E+05 0.365061602E+05
 0.349494336E+05 0.334161484E+05 0.319062969E+05 0.304198848E+05 0.289569102E+05
 0.275173750E+05 0.261012773E+05 0.247086191E+05 0.233393984E+05 0.219936152E+05
 0.206712715E+05 0.193723652E+05 0.180968965E+05 0.168448672E+05 0.156162764E+05
 0.144111230E+05 0.132294092E+05 0.120711328E+05 0.109362939E+05 0.982489453E+04
 0.873693262E+04 0.767240918E+04 0.663132422E+04 0.561367725E+04 0.461946875E+04
 0.364869849E+04 0.270136646E+04 0.177747278E+04 0.877017273E+03 0.000000000E+00
-0.265815854E+01-0.251591349E+01-0.237689161E+01-0.224109268E+01-0.210851717E+01
-0.197916484E+01-0.185303569E+01-0.173012972E+01-0.161044681E+01-0.149398720E+01
-0.138075066E+01-0.127073729E+01-0.116394711E+01-0.106038022E+01-0.960036337E+00
-0.862915695E+00-0.769018233E+00-0.678343952E+00-0.590892792E+00-0.506664872E+00
-0.425660074E+00-0.347878456E+00-0.273320019E+00-0.201984763E+00-0.133872658E+00
-0.689837411E-01-0.731799100E-02 0.511245877E-01 0.106343992E+00 0.158340231E+00
 0.207113281E+00 0.252663165E+00 0.294989884E+00 0.334093422E+00 0.369973809E+00
 0.402631015E+00 0.432065040E+00 0.458275884E+00 0.481263578E+00 0.501028061E+00
 0.517569423E+00 0.530887604E+00 0.540982604E+00 0.547854424E+00 0.551503062E+00
 0.551928520E+00 0.549130857E+00 0.543109953E+00 0.533865929E+00 0.521398723E+00
 0.505708337E+00 0.486794800E+00 0.464658082E+00 0.439298183E+00 0.410715103E+00
 0.378908843E+00 0.343879431E+00 0.305626839E+00 0.264151096E+00 0.219452158E+00
 0.171530053E+00 0.120384783E+00 0.660163313E-01 0.842471048E-02-0.523900837E-01
-0.603374938E+06-0.597396062E+06-0.591417250E+06-0.585438375E+06-0.579459500E+06
-0.573480688E+06-0.567501812E+06-0.561522938E+06-0.555544125E+06-0.549565250E+06
-0.543586438E+06-0.537607562E+06-0.531628688E+06-0.525649875E+06-0.519671000E+06
-0.513692156E+06-0.507713281E+06-0.501734438E+06-0.495755594E+06-0.489776750E+06
-0.483797875E+06-0.477819031E+06-0.471840188E+06-0.465861312E+06-0.459882469E+06
-0.453903625E+06-0.447924781E+06-0.441945906E+06-0.435967062E+06-0.429988219E+06
-0.424009375E+06-0.418030500E+06-0.412051656E+06-0.406072812E+06-0.400093938E+06
-0.394115094E+06-0.388136250E+06-0.382157406E+06-0.376178531E+06-0.370199688E+06
-0.364220844E+06-0.358241969E+06-0.352263125E+06-0.346284281E+06-0.340305438E+06
-0.334326562E+06-0.328347719E+06-0.322368875E+06-0.316390031E+06-0.310411156E+06
-0.304432312E+06-0.298453469E+06-0.292474594E+06-0.286495750E+06-0.280516906E+06
-0.274538062E+06-0.268559188E+06-0.262580344E+06-0.256601500E+06-0.250622641E+06
-0.244643781E+06-0.238664938E+06-0.232686078E+06-0.226707234E+06-0.220728375E+06
 0.141616181E+00 0.134027675E+00 0.125467047E+00 0.115875371E+00 0.105335884E+00
 0.940679908E-01 0.823876634E-01 0.706490949E-01 0.616565570E-01 0.582745150E-01
 0.543523058E-01 0.472717099E-01 0.387943052E-01 0.320435017E-01 0.265594572E-01
 0.221834462E-01 0.189167820E-01 0.168532636E-01 0.162222106E-01 0.174921229E-01
 0.215632208E-01 0.254640505E-01 0.269059613E-01 0.265753623E-01 0.247825850E-01
 0.216156431E-01 0.169975217E-01 0.106765134E-01 0.216020294E-02-0.925503485E-02
-0.180851370E-01-0.225190930E-01-0.231228173E-01-0.195924249E-01-0.117698647E-01
 0.918186270E-03 0.163655989E-01 0.289780945E-01 0.396234095E-01 0.488710217E-01
 0.571076944E-01 0.646069199E-01 0.715647191E-01 0.781201348E-01 0.843697786E-01
 0.903790817E-01 0.961908102E-01 0.101831198E+00 0.107314207E+00 0.112644508E+00
 0.117819704E+00 0.122832045E+00 0.127669916E+00 0.132319182E+00 0.136764571E+00
 0.140990809E+00 0.144983992E+00 0.148732483E+00 0.152227804E+00 0.155465260E+00
 0.158444092E+00 0.161167547E+00 0.163642436E+00 0.165878713E+00 0.167888716E+00
 0.142798841E+00 0.133980587E+00 0.123826623E+00 0.112177372E+00 0.990414545E-01
 0.846834034E-01 0.712017044E-01 0.616059937E-01 0.565322377E-01 0.561510809E-01
 0.547042787E-01 0.505917482E-01 0.452100635E-01 0.400212295E-01 0.353796929E-01
 0.314206444E-01 0.282518193E-01 0.259931274E-01 0.247893464E-01 0.247970112E-01
 0.260156319E-01 0.272478610E-01 0.273837037E-01 0.263414662E-01 0.241328534E-01
 0.207165368E-01 0.159574244E-01 0.958220568E-02 0.109586201E-02-0.101642329E-01
-0.189554449E-01-0.234181620E-01-0.240288451E-01-0.206379835E-01-0.129718818E-01
-0.362266321E-03 0.149384933E-01 0.276308972E-01 0.385138914E-01 0.481216088E-01
 0.568026491E-01 0.647975951E-01 0.722780824E-01 0.793680847E-01 0.861566737E-01
 0.927065015E-01 0.990596935E-01 0.105242223E+00 0.111267053E+00 0.117136598E+00
 0.122844629E+00 0.128378004E+00 0.133718297E+00 0.138843477E+00 0.143729836E+00
 0.148353830E+00 0.152693987E+00 0.156732753E+00 0.160457790E+00 0.163862973E+00
 0.166948661E+00 0.169721514E+00 0.172193676E+00 0.174381748E+00 0.176305398E+00
 0.147049487E+00 0.137699932E+00 0.126529902E+00 0.112989023E+00 0.968960971E-01
 0.833798721E-01 0.736853331E-01 0.680681840E-01 0.667283386E-01 0.659317225E-01
 0.640043095E-01 0.609518476E-01 0.571780503E-01 0.531333424E-01 0.491636582E-01
 0.454962328E-01 0.422763824E-01 0.395931974E-01 0.374807119E-01 0.358918235E-01
 0.346531235E-01 0.334631279E-01 0.320038870E-01 0.300494172E-01 0.274631586E-01
 0.241538528E-01 0.200455170E-01 0.150722126E-01 0.922038872E-02 0.286080316E-02
-0.222409796E-02-0.483874185E-02-0.473685376E-02-0.180267345E-02 0.404530857E-02
 0.127164349E-01 0.229255706E-01 0.328656211E-01 0.422044545E-01 0.509701297E-01
 0.592463687E-01 0.671219230E-01 0.746764168E-01 0.819761530E-01 0.890733153E-01
 0.960065052E-01 0.102801614E+00 0.109472811E+00 0.116023339E+00 0.122446373E+00
 0.128725767E+00 0.134837046E+00 0.140748799E+00 0.146424517E+00 0.151825026E+00
 0.156911552E+00 0.161648840E+00 0.166008398E+00 0.169970900E+00 0.173527882E+00
 0.176682040E+00 0.179446548E+00 0.181843221E+00 0.183900237E+00 0.185649469E+00
 0.155390084E+00 0.146607578E+00 0.135896713E+00 0.122870483E+00 0.108062290E+00
 0.973695964E-01 0.915879309E-01 0.878966302E-01 0.844566375E-01 0.810248405E-01
 0.774209276E-01 0.735814124E-01 0.695595220E-01 0.654763207E-01 0.614676066E-01
 0.576509908E-01 0.541118085E-01 0.508978739E-01 0.480153449E-01 0.454243384E-01
 0.430390500E-01 0.407399870E-01 0.383990929E-01 0.359059833E-01 0.331837907E-01
 0.301961415E-01 0.269555207E-01 0.235442091E-01 0.201557707E-01 0.171412248E-01
 0.149776759E-01 0.141129568E-01 0.148420837E-01 0.172930546E-01 0.214304980E-01
 0.270305146E-01 0.336840041E-01 0.409303457E-01 0.484254397E-01 0.559758544E-01
 0.634913370E-01 0.709387287E-01 0.783135295E-01 0.856238604E-01 0.928815231E-01
 0.100096755E+00 0.107275106E+00 0.114415348E+00 0.121507898E+00 0.128533602E+00
 0.135462776E+00 0.142254829E+00 0.148858562E+00 0.155213997E+00 0.161255643E+00
 0.166917533E+00 0.172139302E+00 0.176872313E+00 0.181084856E+00 0.184765086E+00
 0.187921569E+00 0.190581083E+00 0.192784414E+00 0.194581017E+00 0.196023762E+00
 0.168439507E+00 0.161305487E+00 0.152074113E+00 0.141046107E+00 0.129606396E+00
 0.121159032E+00 0.113979526E+00 0.107666716E+00 0.101945333E+00 0.966135859E-01
 0.915302187E-01 0.866125822E-01 0.818309262E-01 0.771947876E-01 0.727353692E-01
 0.684893876E-01 0.644870922E-01 0.607445166E-01 0.572591759E-01 0.540088490E-01
 0.509539545E-01 0.480439849E-01 0.452272184E-01 0.424616560E-01 0.397251248E-01
 0.370241664E-01 0.344025008E-01 0.319494344E-01 0.298055448E-01 0.281582233E-01
 0.272191595E-01 0.271863155E-01 0.282061622E-01 0.303491652E-01 0.335996263E-01
 0.378586538E-01 0.429640003E-01 0.487267300E-01 0.549704693E-01 0.615553334E-01
 0.683827549E-01 0.753890350E-01 0.825357810E-01 0.898010135E-01 0.971722454E-01
 0.104641132E+00 0.112199344E+00 0.119835101E+00 0.127529949E+00 0.135255560E+00
 0.142970368E+00 0.150616318E+00 0.158116609E+00 0.165375695E+00 0.172283247E+00
 0.178723261E+00 0.184587061E+00 0.189787254E+00 0.194268897E+00 0.198016033E+00
 0.201052234E+00 0.203434944E+00 0.205244809E+00 0.206572697E+00 0.207508236E+00
 0.187617868E+00 0.183753282E+00 0.173647940E+00 0.162077546E+00 0.151353538E+00
 0.141601562E+00 0.132825926E+00 0.124893621E+00 0.117649823E+00 0.110956810E+00
 0.104704604E+00 0.988132656E-01 0.932310745E-01 0.879295766E-01 0.828967243E-01
 0.781295896E-01 0.736279637E-01 0.693895295E-01 0.654069409E-01 0.616669245E-01
 0.581514798E-01 0.548409186E-01 0.517183878E-01 0.487751588E-01 0.460159592E-01
 0.434637666E-01 0.411634594E-01 0.391835682E-01 0.376147740E-01 0.365636870E-01
 0.361414589E-01 0.364487879E-01 0.375609361E-01 0.395166501E-01 0.423133448E-01
 0.459092446E-01 0.502320752E-01 0.551923178E-01 0.606973507E-01 0.666626468E-01
 0.730180442E-01 0.797095001E-01 0.866977721E-01 0.939556584E-01 0.101464733E+00
 0.109212108E+00 0.117187195E+00 0.125378430E+00 0.133769453E+00 0.142334387E+00
 0.151031464E+00 0.159794688E+00 0.168523565E+00 0.177073866E+00 0.185256556E+00
 0.192854524E+00 0.199657097E+00 0.205496609E+00 0.210272714E+00 0.213964358E+00
 0.216632456E+00 0.218408793E+00 0.219466209E+00 0.219980881E+00 0.220105395E+00
 0.204202712E+00 0.202461004E+00 0.192252576E+00 0.179624930E+00 0.168105170E+00
 0.157568052E+00 0.147907317E+00 0.139026284E+00 0.130828500E+00 0.123222418E+00
 0.116127275E+00 0.109476447E+00 0.103218243E+00 0.973147526E-01 0.917393118E-01
 0.864734948E-01 0.815040693E-01 0.768205002E-01 0.724133402E-01 0.682735965E-01
 0.643932149E-01 0.607664660E-01 0.573920645E-01 0.542756990E-01 0.514325537E-01
 0.488893874E-01 0.466857627E-01 0.448738337E-01 0.435162783E-01 0.426820219E-01
 0.424397588E-01 0.428500511E-01 0.439570546E-01 0.457834601E-01 0.483297817E-01
 0.515761785E-01 0.554866344E-01 0.600147061E-01 0.651096702E-01 0.707220361E-01
 0.768075362E-01 0.833295509E-01 0.902599320E-01 0.975788385E-01 0.105273902E+00
 0.113338947E+00 0.121772505E+00 0.130575895E+00 0.139750570E+00 0.149294153E+00
 0.159193546E+00 0.169412449E+00 0.179867730E+00 0.190385818E+00 0.200643092E+00
 0.210167959E+00 0.218493491E+00 0.225295842E+00 0.230399519E+00 0.233762950E+00
 0.235511988E+00 0.235977277E+00 0.235596493E+00 0.234731451E+00 0.233614624E+00
 0.215454981E+00 0.214791805E+00 0.204714492E+00 0.192075461E+00 0.180346236E+00
 0.169461399E+00 0.159358680E+00 0.149970114E+00 0.141226783E+00 0.133062333E+00
 0.125415921E+00 0.118234210E+00 0.111472473E+00 0.105094470E+00 0.990717635E-01
 0.933824629E-01 0.880099311E-01 0.829416364E-01 0.781683102E-01 0.736836120E-01
 0.694843307E-01 0.655709729E-01 0.619488060E-01 0.586290471E-01 0.556300543E-01
 0.529782958E-01 0.507088453E-01 0.488651358E-01 0.474977195E-01 0.466617569E-01
 0.464129075E-01 0.468017831E-01 0.478595197E-01 0.495945960E-01 0.520026460E-01
 0.550688580E-01 0.587707981E-01 0.630811900E-01 0.679707229E-01 0.734106749E-01
 0.793752000E-01 0.858431011E-01 0.927990675E-01 0.100234471E+00 0.108147889E+00
 0.116545513E+00 0.125441492E+00 0.134858549E+00 0.144828543E+00 0.155393392E+00
 0.166605651E+00 0.178528383E+00 0.191231966E+00 0.204781517E+00 0.219080389E+00
 0.232368901E+00 0.243231863E+00 0.251512915E+00 0.257067949E+00 0.259702891E+00
 0.259194493E+00 0.256330580E+00 0.253216863E+00 0.250214875E+00 0.247402534E+00
 0.222115546E+00 0.221971288E+00 0.212460130E+00 0.200083867E+00 0.188461170E+00
 0.177569300E+00 0.167367652E+00 0.157805949E+00 0.148831382E+00 0.140392721E+00
 0.132442713E+00 0.124939345E+00 0.117846459E+00 0.111133739E+00 0.104776472E+00
 0.987550318E-01 0.930543020E-01 0.876631588E-01 0.825740919E-01 0.777830407E-01
 0.732894912E-01 0.690967590E-01 0.652125105E-01 0.616493933E-01 0.584257096E-01
 0.555661581E-01 0.531024933E-01 0.510742292E-01 0.495292656E-01 0.485240147E-01
 0.481212363E-01 0.484125838E-01 0.494266823E-01 0.511223935E-01 0.534810908E-01
 0.564822853E-01 0.601062775E-01 0.643343627E-01 0.691488460E-01 0.745336488E-01
 0.804753304E-01 0.869642347E-01 0.939956382E-01 0.101570912E+00 0.109698795E+00
 0.118396908E+00 0.127693683E+00 0.137631118E+00 0.148268819E+00 0.159690231E+00
 0.172012538E+00 0.185403869E+00 0.200114623E+00 0.216537282E+00 0.234937117E+00
 0.251792550E+00 0.265262544E+00 0.275291532E+00 0.281748235E+00 0.284229875E+00
 0.282526851E+00 0.276560605E+00 0.270280361E+00 0.264861166E+00 0.260230452E+00
 0.225114927E+00 0.225210533E+00 0.216178164E+00 0.204161122E+00 0.192845747E+00
 0.182205334E+00 0.172181606E+00 0.162719160E+00 0.153768912E+00 0.145288274E+00
 0.137240514E+00 0.129594177E+00 0.122322544E+00 0.115403235E+00 0.108817935E+00
 0.102552049E+00 0.965944603E-01 0.909372866E-01 0.855757296E-01 0.805080384E-01
 0.757355168E-01 0.712627247E-01 0.670976862E-01 0.632522330E-01 0.597423725E-01
 0.565888621E-01 0.538181104E-01 0.514639728E-01 0.495717339E-01 0.482074134E-01
 0.473620892E-01 0.474933423E-01 0.486475788E-01 0.504058935E-01 0.528225079E-01
 0.558616519E-01 0.595056340E-01 0.637441054E-01 0.685687214E-01 0.739725232E-01
 0.799506456E-01 0.865011886E-01 0.936263278E-01 0.101333536E+00 0.109637097E+00
 0.118559964E+00 0.128136262E+00 0.138414666E+00 0.149463251E+00 0.161376402E+00
 0.174285069E+00 0.188371643E+00 0.203890786E+00 0.221191958E+00 0.240710914E+00
 0.260448992E+00 0.276289344E+00 0.288065493E+00 0.295799732E+00 0.299431443E+00
 0.298503935E+00 0.292860061E+00 0.283933401E+00 0.276520580E+00 0.270488143E+00
 0.224814728E+00 0.225065231E+00 0.215945691E+00 0.204443187E+00 0.193747178E+00
 0.183669224E+00 0.174103871E+00 0.164986417E+00 0.156274840E+00 0.147939324E+00
 0.139956996E+00 0.132309362E+00 0.124981105E+00 0.117959522E+00 0.111234277E+00
 0.104797296E+00 0.986426845E-01 0.927667096E-01 0.871678293E-01 0.818466619E-01
 0.768060833E-01 0.720512420E-01 0.675896034E-01 0.634309426E-01 0.595872663E-01
 0.560724698E-01 0.529016294E-01 0.500894114E-01 0.476464182E-01 0.459857620E-01
 0.450888798E-01 0.450165235E-01 0.458058640E-01 0.474681892E-01 0.501029007E-01
 0.532740578E-01 0.570047125E-01 0.613120459E-01 0.661991388E-01 0.716660023E-01
 0.777131766E-01 0.843429863E-01 0.915604830E-01 0.993744284E-01 0.107798629E+00
 0.116853453E+00 0.126567826E+00 0.136981711E+00 0.148149252E+00 0.160142824E+00
 0.173058167E+00 0.187020376E+00 0.202190295E+00 0.218769923E+00 0.237007275E+00
 0.257103890E+00 0.274536908E+00 0.287739545E+00 0.296812356E+00 0.301791102E+00
 0.302795678E+00 0.299347132E+00 0.291398436E+00 0.283081949E+00 0.276643038E+00
 0.219062522E+00 0.218599901E+00 0.210820466E+00 0.200925544E+00 0.191525608E+00
 0.182425797E+00 0.173591644E+00 0.165015906E+00 0.156697184E+00 0.148634911E+00
 0.140828133E+00 0.133275315E+00 0.125974581E+00 0.118923962E+00 0.112121813E+00
 0.105567023E+00 0.992593020E-01 0.931993574E-01 0.873890147E-01 0.818313956E-01
 0.765309036E-01 0.714933276E-01 0.667257458E-01 0.622364134E-01 0.580345280E-01
 0.541297644E-01 0.505315922E-01 0.472482555E-01 0.446853489E-01 0.428555235E-01
 0.417759307E-01 0.414764658E-01 0.419916138E-01 0.433607362E-01 0.456381366E-01
 0.488869846E-01 0.526712649E-01 0.570641719E-01 0.620408393E-01 0.675952956E-01
 0.737291425E-01 0.804458708E-01 0.877499878E-01 0.956473723E-01 0.104146153E+00
 0.113257721E+00 0.122997724E+00 0.133386955E+00 0.144452125E+00 0.156226367E+00
 0.168749079E+00 0.182064861E+00 0.196221024E+00 0.211264178E+00 0.227240875E+00
 0.244230822E+00 0.261392564E+00 0.274534941E+00 0.284135163E+00 0.290444791E+00
 0.293343961E+00 0.293095946E+00 0.289284587E+00 0.282725930E+00 0.277721912E+00
 0.210353106E+00 0.208340630E+00 0.202641800E+00 0.195263997E+00 0.187417924E+00
 0.179395929E+00 0.171349660E+00 0.163360909E+00 0.155478299E+00 0.147732973E+00
 0.140145808E+00 0.132731304E+00 0.125499874E+00 0.118459277E+00 0.111615658E+00
 0.104974195E+00 0.985396877E-01 0.923168883E-01 0.863108039E-01 0.805269182E-01
 0.749712586E-01 0.696504787E-01 0.645718426E-01 0.597430728E-01 0.551721565E-01
 0.508670397E-01 0.468351766E-01 0.434679091E-01 0.407758802E-01 0.387755744E-01
 0.374886915E-01 0.369421206E-01 0.371663980E-01 0.381943733E-01 0.400594324E-01
 0.427896194E-01 0.463958122E-01 0.509905927E-01 0.561046787E-01 0.617669187E-01
 0.680004433E-01 0.748130083E-01 0.822074413E-01 0.901837200E-01 0.987408683E-01
 0.107877918E+00 0.117594123E+00 0.127888456E+00 0.138758421E+00 0.150197864E+00
 0.162193298E+00 0.174717799E+00 0.187720552E+00 0.201108456E+00 0.214710385E+00
 0.228198767E+00 0.240951419E+00 0.252163887E+00 0.261346877E+00 0.268333018E+00
 0.273101002E+00 0.275736302E+00 0.276488215E+00 0.275912404E+00 0.274794072E+00
 0.204841182E+00 0.202570647E+00 0.196928784E+00 0.190099224E+00 0.182952121E+00
 0.175589398E+00 0.168106601E+00 0.160578415E+00 0.153060332E+00 0.145593241E+00
 0.138207555E+00 0.130926281E+00 0.123767152E+00 0.116744243E+00 0.109869026E+00
 0.103151232E+00 0.965994596E-01 0.902216062E-01 0.840252638E-01 0.780179203E-01
 0.722071379E-01 0.666006431E-01 0.612063259E-01 0.560321659E-01 0.510861278E-01
 0.463759266E-01 0.422784947E-01 0.388013087E-01 0.359585211E-01 0.337697789E-01
 0.322592594E-01 0.314547941E-01 0.313869938E-01 0.320884474E-01 0.335933119E-01
 0.359377377E-01 0.391631573E-01 0.433279946E-01 0.485010967E-01 0.542136319E-01
 0.605438687E-01 0.674662739E-01 0.749744698E-01 0.830556452E-01 0.916961282E-01
 0.100881845E+00 0.110597149E+00 0.120822974E+00 0.131534472E+00 0.142697915E+00
 0.154266357E+00 0.166173443E+00 0.178324789E+00 0.190586105E+00 0.202768952E+00
 0.214619800E+00 0.225829333E+00 0.236079723E+00 0.245111555E+00 0.252763361E+00
 0.258977085E+00 0.263794392E+00 0.267354786E+00 0.269881040E+00 0.271630287E+00
 0.199978203E+00 0.197527602E+00 0.192027479E+00 0.185372382E+00 0.178497449E+00
 0.171452433E+00 0.164286911E+00 0.157047704E+00 0.149775937E+00 0.142506227E+00
 0.135267273E+00 0.128082663E+00 0.120971940E+00 0.113951415E+00 0.107034989E+00
 0.100234710E+00 0.935613662E-01 0.870248303E-01 0.806344226E-01 0.743991211E-01
 0.683277771E-01 0.624291636E-01 0.567120723E-01 0.511852615E-01 0.458573811E-01
 0.410912074E-01 0.368916467E-01 0.332709886E-01 0.302476678E-01 0.278451126E-01
 0.260906853E-01 0.250146743E-01 0.246493593E-01 0.250281990E-01 0.261851978E-01
 0.281544719E-01 0.309699476E-01 0.346642435E-01 0.392630249E-01 0.447735935E-01
 0.513165742E-01 0.583954118E-01 0.660853907E-01 0.743410438E-01 0.831342116E-01
 0.924417451E-01 0.102239311E+00 0.112497635E+00 0.123179831E+00 0.134238869E+00
 0.145614579E+00 0.157230124E+00 0.168988079E+00 0.180766687E+00 0.192418158E+00
 0.203771383E+00 0.214641914E+00 0.224849269E+00 0.234237254E+00 0.242690608E+00
 0.250144333E+00 0.256585807E+00 0.262050778E+00 0.266612291E+00 0.270363659E+00
 0.195553571E+00 0.192965761E+00 0.187362015E+00 0.180731714E+00 0.173952758E+00
 0.167046487E+00 0.160038322E+00 0.152955249E+00 0.145823881E+00 0.138669163E+00
 0.131513774E+00 0.124377854E+00 0.117279179E+00 0.110233419E+00 0.103254467E+00
 0.963548422E-01 0.895459875E-01 0.828385800E-01 0.762428045E-01 0.697685406E-01
 0.634255558E-01 0.572235547E-01 0.511723086E-01 0.452816263E-01 0.399000831E-01
 0.350304842E-01 0.306837298E-01 0.268776417E-01 0.236357860E-01 0.209863428E-01
 0.189609770E-01 0.175937358E-01 0.169200040E-01 0.169755444E-01 0.177956242E-01
 0.194142945E-01 0.218637399E-01 0.251736529E-01 0.293706693E-01 0.344790965E-01
 0.405262746E-01 0.475176200E-01 0.555732362E-01 0.641232282E-01 0.731691122E-01
 0.827006027E-01 0.926978365E-01 0.103130430E+00 0.113958068E+00 0.125130460E+00
 0.136586502E+00 0.148253083E+00 0.160043806E+00 0.171858460E+00 0.183583841E+00
 0.195096627E+00 0.206268728E+00 0.216974437E+00 0.227098480E+00 0.236542985E+00
 0.245232239E+00 0.253114641E+00 0.260161966E+00 0.266366035E+00 0.271734208E+00
 0.191079736E+00 0.188340589E+00 0.182599083E+00 0.175939366E+00 0.169181764E+00
 0.162328333E+00 0.155388966E+00 0.148377717E+00 0.141310915E+00 0.134205610E+00
 0.127078548E+00 0.119945541E+00 0.112821251E+00 0.105719194E+00 0.986518413E-01
 0.916308165E-01 0.846670792E-01 0.777711645E-01 0.709533617E-01 0.642238706E-01
 0.575929768E-01 0.510711297E-01 0.446690395E-01 0.387207344E-01 0.332269482E-01
 0.281972736E-01 0.236490853E-01 0.196064506E-01 0.160989966E-01 0.131607559E-01
 0.108289616E-01 0.914285611E-02 0.814251043E-02 0.786771625E-02 0.835699495E-02
 0.964679196E-02 0.117709124E-01 0.147603247E-01 0.186435059E-01 0.234477054E-01
 0.292014107E-01 0.359375849E-01 0.437059887E-01 0.525621995E-01 0.619136058E-01
 0.717543066E-01 0.820719004E-01 0.928324237E-01 0.103991970E+00 0.115499698E+00
 0.127298042E+00 0.139322057E+00 0.151498854E+00 0.163747400E+00 0.175979018E+00
 0.188098684E+00 0.200007051E+00 0.211603001E+00 0.222786278E+00 0.233459786E+00
 0.243531317E+00 0.252914786E+00 0.261531323E+00 0.269310653E+00 0.276193470E+00
 0.186164275E+00 0.183221668E+00 0.177492365E+00 0.170823067E+00 0.164080530E+00
 0.157252207E+00 0.150339261E+00 0.143350810E+00 0.136298835E+00 0.129196003E+00
 0.122054785E+00 0.114887163E+00 0.107704461E+00 0.100517429E+00 0.933363140E-01
 0.861710012E-01 0.790311769E-01 0.719264895E-01 0.648666918E-01 0.578618236E-01
 0.509223007E-01 0.440590605E-01 0.375910476E-01 0.315164663E-01 0.258431789E-01
 0.205877684E-01 0.157745834E-01 0.114347050E-01 0.760482345E-02 0.432602502E-02
 0.164249958E-02-0.399797951E-03-0.175449369E-02-0.237609120E-02-0.222114869E-02
-0.124925864E-02 0.576258928E-03 0.328805251E-02 0.691493414E-02 0.114826895E-01
 0.170155820E-01 0.235385541E-01 0.310802907E-01 0.396752991E-01 0.493696071E-01
 0.595789663E-01 0.703511387E-01 0.816068649E-01 0.932876766E-01 0.105341524E+00
 0.117716558E+00 0.130358189E+00 0.143207654E+00 0.156201288E+00 0.169270173E+00
 0.182339922E+00 0.195330352E+00 0.208155066E+00 0.220720500E+00 0.232924566E+00
 0.244655073E+00 0.255788773E+00 0.266192138E+00 0.275725424E+00 0.284251273E+00
 0.180747733E+00 0.177489623E+00 0.171812773E+00 0.165311158E+00 0.158631325E+00
 0.151819333E+00 0.144904420E+00 0.137904570E+00 0.130832747E+00 0.123699464E+00
 0.116513796E+00 0.109284014E+00 0.102017872E+00 0.947228894E-01 0.874065310E-01
 0.800763294E-01 0.727400929E-01 0.654060096E-01 0.580827966E-01 0.507798530E-01
 0.435073636E-01 0.365686603E-01 0.299585387E-01 0.236822236E-01 0.177546218E-01
 0.121995630E-01 0.704893144E-02 0.234166393E-02-0.187739357E-02-0.555878226E-02
-0.864985771E-02-0.110963192E-01-0.128437914E-01-0.138393790E-01-0.140331360E-01
-0.133793317E-01-0.118374471E-01-0.937280059E-02-0.595674803E-02-0.156644045E-02
 0.381580321E-02 0.102032898E-01 0.176054388E-01 0.260269176E-01 0.354636386E-01
 0.458906628E-01 0.574151836E-01 0.693867654E-01 0.817838311E-01 0.945756882E-01
 0.107726619E+00 0.121197417E+00 0.134945944E+00 0.148927048E+00 0.163092017E+00
 0.177387625E+00 0.191754267E+00 0.206123263E+00 0.220412701E+00 0.234521642E+00
 0.248322904E+00 0.261655182E+00 0.274317265E+00 0.286069632E+00 0.296649635E+00
 0.175689474E+00 0.172245055E+00 0.166363731E+00 0.159712151E+00 0.152946651E+00
 0.146073312E+00 0.139108598E+00 0.132063955E+00 0.124946818E+00 0.117762260E+00
 0.110514194E+00 0.103206053E+00 0.958412066E-01 0.884233043E-01 0.809564218E-01
 0.734452605E-01 0.658952445E-01 0.583126321E-01 0.507046692E-01 0.430796742E-01
 0.357250497E-01 0.286310222E-01 0.217988957E-01 0.152405696E-01 0.897800550E-02
 0.304259756E-02-0.252561667E-02-0.767892692E-02-0.123631395E-01-0.165189821E-01
-0.200837143E-01-0.229929034E-01-0.251823086E-01-0.265897792E-01-0.271571018E-01
-0.268316325E-01-0.255676731E-01-0.233274214E-01-0.200814661E-01-0.158087406E-01
-0.104959439E-01-0.413643429E-02 0.327140605E-02 0.117264753E-01 0.212285761E-01
 0.317853950E-01 0.434288494E-01 0.562052391E-01 0.694383457E-01 0.831040889E-01
 0.971771404E-01 0.111631773E+00 0.126442462E+00 0.141584039E+00 0.157031342E+00
 0.172757909E+00 0.188733920E+00 0.204922274E+00 0.221272454E+00 0.237710729E+00
 0.254125029E+00 0.270342112E+00 0.286096603E+00 0.300999463E+00 0.314540744E+00
 0.170505583E+00 0.166892707E+00 0.160792455E+00 0.153894737E+00 0.146957830E+00
 0.139972195E+00 0.132930398E+00 0.125827253E+00 0.118658356E+00 0.111419603E+00
 0.104107395E+00 0.967188850E-01 0.892521366E-01 0.817062929E-01 0.740816295E-01
 0.663796291E-01 0.586029738E-01 0.507556684E-01 0.428430662E-01 0.351367779E-01
 0.276211929E-01 0.202922616E-01 0.131572504E-01 0.623448612E-02-0.446973427E-03
-0.684782490E-02-0.129192136E-01-0.186036862E-01-0.238364264E-01-0.285468083E-01
-0.326602161E-01-0.361001343E-01-0.387904122E-01-0.406575762E-01-0.416331626E-01
-0.416557975E-01-0.406730026E-01-0.386425219E-01-0.355330594E-01-0.313243531E-01
-0.260065012E-01-0.195785239E-01-0.120461043E-01-0.341845467E-02 0.629579788E-02
 0.170937870E-01 0.289842039E-01 0.419909135E-01 0.561578013E-01 0.707982555E-01
 0.858941227E-01 0.101431012E+00 0.117399298E+00 0.133795053E+00 0.150620252E+00
 0.167882472E+00 0.185593814E+00 0.203768760E+00 0.222419992E+00 0.241550669E+00
 0.261139691E+00 0.281113684E+00 0.301288664E+00 0.321222067E+00 0.339835942E+00
 0.164787203E+00 0.160976812E+00 0.154568881E+00 0.147509530E+00 0.140457183E+00
 0.133394435E+00 0.126304254E+00 0.119169451E+00 0.111973949E+00 0.104703575E+00
 0.973463506E-01 0.898925439E-01 0.823346302E-01 0.746671408E-01 0.668865144E-01
 0.589909516E-01 0.509803444E-01 0.428562276E-01 0.348751768E-01 0.270146951E-01
 0.192640331E-01 0.116241667E-01 0.410784502E-02-0.326040108E-02-0.104443766E-01
-0.173965357E-01-0.240585599E-01-0.303622838E-01-0.362309813E-01-0.415810719E-01
-0.463242158E-01-0.503697433E-01-0.536274016E-01-0.560101829E-01-0.574372187E-01
-0.578364395E-01-0.571469069E-01-0.553205833E-01-0.523233786E-01-0.481354035E-01
-0.427502580E-01-0.361734144E-01-0.284196269E-01-0.195094645E-01-0.946506765E-02
 0.169478334E-02 0.139599647E-01 0.273344666E-01 0.418423824E-01 0.575348474E-01
 0.737165585E-01 0.903809369E-01 0.107531182E+00 0.125183776E+00 0.143369019E+00
 0.162131712E+00 0.181532621E+00 0.201650634E+00 0.222585544E+00 0.244461164E+00
 0.267429203E+00 0.291674107E+00 0.317419738E+00 0.344917923E+00 0.372878671E+00
 0.158080459E+00 0.154017001E+00 0.147535175E+00 0.140381545E+00 0.133289903E+00
 0.126230672E+00 0.119169489E+00 0.112073012E+00 0.104911745E+00 0.976608470E-01
 0.903001875E-01 0.828137845E-01 0.751892850E-01 0.674173906E-01 0.594913661E-01
 0.514066517E-01 0.431606062E-01 0.349964015E-01 0.268841535E-01 0.188054871E-01
 0.107537480E-01 0.273431931E-02-0.523501635E-02-0.131237870E-01-0.208886862E-01
-0.284736790E-01-0.358104371E-01-0.428191982E-01-0.494101234E-01-0.554851331E-01
-0.609403215E-01-0.656688139E-01-0.695640072E-01-0.725230947E-01-0.744505748E-01
-0.752616674E-01-0.748852715E-01-0.732662752E-01-0.703670532E-01-0.661679357E-01
-0.606665015E-01-0.538758487E-01-0.458216518E-01-0.365383178E-01-0.260642748E-01
-0.144366296E-01-0.168542261E-02 0.121724252E-01 0.271394216E-01 0.432441868E-01
 0.605489351E-01 0.783433765E-01 0.966314450E-01 0.115448892E+00 0.134852439E+00
 0.154919505E+00 0.175752491E+00 0.197485760E+00 0.220295608E+00 0.244414628E+00
 0.270152718E+00 0.297930777E+00 0.328339696E+00 0.362263978E+00 0.397920549E+00
 0.150366798E+00 0.146021172E+00 0.139431596E+00 0.132289991E+00 0.125302449E+00
 0.118396007E+00 0.111501098E+00 0.104560651E+00 0.975303352E-01 0.903763101E-01
 0.830728561E-01 0.756004155E-01 0.679441914E-01 0.600930676E-01 0.520387143E-01
 0.437749363E-01 0.355342887E-01 0.272799134E-01 0.189857315E-01 0.106368009E-01
 0.222990056E-02-0.622577919E-02-0.147079304E-01-0.231804959E-01-0.315932259E-01
-0.398815200E-01-0.479666889E-01-0.557567179E-01-0.631476343E-01-0.700255483E-01
-0.762693360E-01-0.817539915E-01-0.863544941E-01-0.899500102E-01-0.924283043E-01
-0.936898887E-01-0.936518461E-01-0.922507867E-01-0.894448534E-01-0.852145031E-01
-0.795618817E-01-0.725088641E-01-0.640937835E-01-0.543669723E-01-0.433854051E-01
-0.312065799E-01-0.178820286E-01-0.345059205E-02 0.120681664E-01 0.286797844E-01
 0.464184135E-01 0.653436929E-01 0.846589208E-01 0.104459144E+00 0.124829531E+00
 0.145866677E+00 0.167691872E+00 0.190462545E+00 0.214385793E+00 0.239736095E+00
 0.266879499E+00 0.296305239E+00 0.328660876E+00 0.364773005E+00 0.403706461E+00
 0.141179055E+00 0.136483997E+00 0.129746288E+00 0.122915156E+00 0.116354927E+00
 0.109876923E+00 0.103363827E+00 0.967425480E-01 0.899654776E-01 0.829998478E-01
 0.758220032E-01 0.684142932E-01 0.607635006E-01 0.528600067E-01 0.446964018E-01
 0.364990011E-01 0.282258540E-01 0.198442899E-01 0.113314791E-01 0.267527578E-02
-0.612478238E-02-0.150563670E-01-0.240932573E-01-0.331943296E-01-0.423027650E-01
-0.513455868E-01-0.602336973E-01-0.688625053E-01-0.771132931E-01-0.848554149E-01
-0.919492841E-01-0.982502401E-01-0.103613093E+00-0.107897170E+00-0.110971600E+00
-0.112720467E+00-0.113047525E+00-0.111880004E+00-0.109171182E+00-0.104901575E+00
-0.990783647E-01-0.917333066E-01-0.829189196E-01-0.727034137E-01-0.611644275E-01
-0.483819619E-01-0.344306491E-01-0.193714462E-01-0.324245193E-02 0.139522068E-01
 0.322580524E-01 0.517970212E-01 0.718156248E-01 0.923148766E-01 0.113333389E+00
 0.134941667E+00 0.157241300E+00 0.180368751E+00 0.204503357E+00 0.229880467E+00
 0.256811708E+00 0.285716534E+00 0.317172825E+00 0.351992100E+00 0.389548898E+00
 0.128591061E+00 0.123001695E+00 0.117468573E+00 0.112049744E+00 0.106574610E+00
 0.100915857E+00 0.950268507E-01 0.888828561E-01 0.824672133E-01 0.757668614E-01
 0.687703937E-01 0.614674091E-01 0.538491607E-01 0.459125601E-01 0.378849432E-01
 0.297232661E-01 0.213909503E-01 0.128589347E-01 0.410692627E-02-0.487521011E-02
-0.140859745E-01-0.235106945E-01-0.331199951E-01-0.428683981E-01-0.526931398E-01
-0.625133887E-01-0.722299814E-01-0.817259252E-01-0.908676833E-01-0.995075107E-01
-0.107486762E+00-0.114640281E+00-0.120801635E+00-0.125809059E+00-0.129511729E+00
-0.131776050E+00-0.132491305E+00-0.131574437E+00-0.128973335E+00-0.124668427E+00
-0.118672267E+00-0.111027233E+00-0.101801291E+00-0.910821930E-01-0.789704621E-01
-0.655715019E-01-0.509872995E-01-0.353079885E-01-0.186036453E-01-0.916526711E-03
 0.177454483E-01 0.374119803E-01 0.581440702E-01 0.792210028E-01 0.100656889E+00
 0.122500829E+00 0.144823804E+00 0.167715788E+00 0.191286594E+00 0.215668336E+00
 0.241019100E+00 0.267529547E+00 0.295440286E+00 0.325119644E+00 0.356547862E+00
 0.114915602E+00 0.108059704E+00 0.104450747E+00 0.101103559E+00 0.969588459E-01
 0.922352821E-01 0.870369524E-01 0.814147592E-01 0.753943101E-01 0.689875409E-01
 0.621973537E-01 0.550181232E-01 0.474315844E-01 0.396921411E-01 0.317652225E-01
 0.236146785E-01 0.152075747E-01 0.651690550E-02-0.247636437E-02-0.117814373E-01
-0.213958099E-01-0.313033648E-01-0.414724611E-01-0.518541411E-01-0.623805821E-01
-0.729639456E-01-0.834958404E-01-0.938475877E-01-0.103871480E+00-0.113403149E+00
-0.122265205E+00-0.130272090E+00-0.137236044E+00-0.142973915E+00-0.147314534E+00
-0.150106072E+00-0.151222810E+00-0.150570899E+00-0.148092419E+00-0.143767461E+00
-0.137613907E+00-0.129684940E+00-0.120064348E+00-0.108860023E+00-0.961961746E-01
-0.822045952E-01-0.670157522E-01-0.507499762E-01-0.335093811E-01-0.153707238E-01
 0.362014235E-02 0.234516542E-01 0.441465788E-01 0.657575503E-01 0.874448493E-01
 0.109283648E+00 0.131325364E+00 0.153611228E+00 0.176173806E+00 0.199030921E+00
 0.222171187E+00 0.245524034E+00 0.268896341E+00 0.291832954E+00 0.313385725E+00
 0.105452240E+00 0.981579646E-01 0.950108916E-01 0.922799334E-01 0.888076127E-01
 0.846920386E-01 0.800074637E-01 0.748065338E-01 0.691245720E-01 0.629849955E-01
 0.564041100E-01 0.493955128E-01 0.419747531E-01 0.343611054E-01 0.264988001E-01
 0.183438808E-01 0.986064319E-02 0.102109485E-02-0.819420721E-02-0.177946277E-01
-0.277775452E-01-0.381262340E-01-0.488076545E-01-0.597703382E-01-0.709424540E-01
-0.822303370E-01-0.935176611E-01-0.104665451E+00-0.115513250E+00-0.125881523E+00
-0.135575548E+00-0.144390687E+00-0.152119040E+00-0.158557072E+00-0.163514078E+00
-0.166820481E+00-0.168335855E+00-0.167955637E+00-0.165615886E+00-0.161296025E+00
-0.155018687E+00-0.146847188E+00-0.136880308E+00-0.125245199E+00-0.112088680E+00
-0.975677073E-01-0.818395838E-01-0.650524721E-01-0.473364666E-01-0.287955441E-01
-0.949981157E-02 0.105228899E-01 0.312990621E-01 0.529323407E-01 0.745974928E-01
 0.962430984E-01 0.117851056E+00 0.139406249E+00 0.160880774E+00 0.182220817E+00
 0.203330472E+00 0.224049732E+00 0.244126603E+00 0.263191849E+00 0.280763149E+00
 0.992254987E-01 0.917394832E-01 0.883186683E-01 0.857326463E-01 0.825193971E-01
 0.787027329E-01 0.743147954E-01 0.693844184E-01 0.639344752E-01 0.579821393E-01
 0.515413880E-01 0.446287841E-01 0.374571979E-01 0.299963392E-01 0.222105552E-01
 0.140645253E-01 0.552623579E-02-0.343087688E-02-0.128258942E-01-0.226682797E-01
-0.329555720E-01-0.436709374E-01-0.547806472E-01-0.662316233E-01-0.779491961E-01
-0.898353308E-01-0.101767458E+00-0.113598317E+00-0.125156954E+00-0.136251181E+00
-0.146671548E+00-0.156197071E+00-0.164602339E+00-0.171665967E+00-0.177179858E+00
-0.180958614E+00-0.182848424E+00-0.182734698E+00-0.180547729E+00-0.176265761E+00
-0.169915125E+00-0.161567628E+00-0.151334971E+00-0.139360994E+00-0.125812352E+00
-0.110868089E+00-0.947092324E-01-0.775086880E-01-0.594221391E-01-0.405801684E-01
-0.210819822E-01-0.990982982E-03 0.196664743E-01 0.408952646E-01 0.627068281E-01
 0.842066482E-01 0.105414629E+00 0.126313299E+00 0.146858349E+00 0.166977614E+00
 0.186565429E+00 0.205475956E+00 0.223518506E+00 0.240460128E+00 0.256040275E+00
 0.947415009E-01 0.871124119E-01 0.836990997E-01 0.811443403E-01 0.780191794E-01
 0.743317530E-01 0.700938404E-01 0.653160959E-01 0.600052699E-01 0.541618131E-01
 0.477762111E-01 0.410977341E-01 0.341047458E-01 0.267681479E-01 0.190552939E-01
 0.109332046E-01 0.237119850E-02-0.665677572E-02-0.161698461E-01-0.261778310E-01
-0.366787016E-01-0.476558991E-01-0.590755902E-01-0.708839670E-01-0.830047280E-01
-0.953370556E-01-0.107754223E+00-0.120103233E+00-0.132205665E+00-0.143860087E+00
-0.154846221E+00-0.164930716E+00-0.173874840E+00-0.181443378E+00-0.187414601E+00
-0.191590443E+00-0.193806201E+00-0.193938911E+00-0.191913635E+00-0.187706918E+00
-0.181347325E+00-0.172912613E+00-0.162523955E+00-0.150337875E+00-0.136536181E+00
-0.121315099E+00-0.104874209E+00-0.874059126E-01-0.690859705E-01-0.500654057E-01
-0.304638222E-01-0.103637585E-01 0.101949843E-01 0.312238336E-01 0.528043546E-01
 0.740607157E-01 0.949025452E-01 0.115271181E+00 0.135108724E+00 0.154344529E+00
 0.172888935E+00 0.190630987E+00 0.207439587E+00 0.223168910E+00 0.237668499E+00
 0.919267163E-01 0.842192248E-01 0.808802173E-01 0.782990530E-01 0.751749277E-01
 0.715253353E-01 0.673562363E-01 0.626684055E-01 0.574593693E-01 0.517244563E-01
 0.454574823E-01 0.389071628E-01 0.320318155E-01 0.247925054E-01 0.171519909E-01
 0.907518156E-02 0.530337216E-03-0.850927178E-02-0.180633627E-01-0.281423423E-01
-0.387447700E-01-0.498546064E-01-0.614383630E-01-0.734422430E-01-0.857895166E-01
-0.983783007E-01-0.111079998E+00-0.123738796E+00-0.136172414E+00-0.148174450E+00
-0.159518480E+00-0.169964075E+00-0.179264545E+00-0.187176242E+00-0.193468839E+00
-0.197936073E+00-0.200405881E+00-0.200749293E+00-0.198887140E+00-0.194793954E+00
-0.188498557E+00-0.180081427E+00-0.169668838E+00-0.157424524E+00-0.143539369E+00
-0.128220201E+00-0.111678474E+00-0.941194072E-01-0.757324845E-01-0.566835292E-01
-0.371085592E-01-0.171097443E-01 0.324634067E-02 0.239269789E-01 0.449244715E-01
 0.662294701E-01 0.868821368E-01 0.106893294E+00 0.126239747E+00 0.144875079E+00
 0.162734702E+00 0.179739371E+00 0.195799306E+00 0.210819334E+00 0.224705771E+00
 0.910963342E-01 0.834543556E-01 0.798049867E-01 0.770591125E-01 0.738442540E-01
 0.701746270E-01 0.660361126E-01 0.614113808E-01 0.562856980E-01 0.506470911E-01
 0.444859825E-01 0.380406566E-01 0.312666558E-01 0.241223257E-01 0.165685583E-01
 0.856912881E-02 0.916400459E-04-0.889104698E-02-0.183989760E-01-0.284428988E-01
-0.390217900E-01-0.501201153E-01-0.617049783E-01-0.737232417E-01-0.860988423E-01
-0.987305269E-01-0.111490220E+00-0.124222443E+00-0.136744946E+00-0.148851037E+00
-0.160313532E+00-0.170890793E+00-0.180334419E+00-0.188398540E+00-0.194850266E+00
-0.199480399E+00-0.202113792E+00-0.202618480E+00-0.200912490E+00-0.196968004E+00
-0.190812156E+00-0.182524487E+00-0.172231287E+00-0.160097212E+00-0.146315157E+00
-0.131094903E+00-0.114651822E+00-0.971959680E-01-0.789225623E-01-0.600039214E-01
-0.405832380E-01-0.207700394E-01-0.637107878E-03 0.197816901E-01 0.404940359E-01
 0.615557581E-01 0.819439068E-01 0.101643801E+00 0.120628126E+00 0.138856426E+00
 0.156276435E+00 0.172826618E+00 0.188439384E+00 0.203045443E+00 0.216578573E+00
 0.918504447E-01 0.845625624E-01 0.802280679E-01 0.770542845E-01 0.737601072E-01
 0.701106116E-01 0.660317093E-01 0.614861622E-01 0.564505011E-01 0.509074852E-01
 0.448432341E-01 0.384953618E-01 0.318209641E-01 0.247801039E-01 0.173348859E-01
 0.944993924E-02 0.109352614E-02-0.776095595E-02-0.171331409E-01-0.270335469E-01
-0.374611542E-01-0.484007522E-01-0.598201491E-01-0.716673806E-01-0.838680863E-01
-0.963232517E-01-0.108907670E+00-0.121469274E+00-0.133829817E+00-0.145787001E+00
-0.157118380E+00-0.167587131E+00-0.176949546E+00-0.184964091E+00-0.191401467E+00
-0.196055174E+00-0.198751643E+00-0.199359089E+00-0.197794437E+00-0.194027409E+00
-0.188081488E+00-0.180031687E+00-0.169999093E+00-0.158142880E+00-0.144650549E+00
-0.129726887E+00-0.113582946E+00-0.964253917E-01-0.784470588E-01-0.598189272E-01
-0.406838246E-01-0.211515371E-01-0.129515841E-02 0.188520197E-01 0.392999910E-01
 0.601068065E-01 0.802452266E-01 0.996940434E-01 0.118423373E+00 0.136393592E+00
 0.153555885E+00 0.169854179E+00 0.185228020E+00 0.199616224E+00 0.212961033E+00
 0.912039205E-01 0.835896060E-01 0.802085772E-01 0.777049214E-01 0.747026727E-01
 0.712330788E-01 0.672919005E-01 0.628667995E-01 0.579445325E-01 0.525107533E-01
 0.465466008E-01 0.402843393E-01 0.337025039E-01 0.267694034E-01 0.194508042E-01
 0.117134200E-01 0.352704478E-02-0.513363397E-02-0.142871728E-01-0.239432938E-01
-0.341005735E-01-0.447439328E-01-0.558419898E-01-0.673444271E-01-0.791795254E-01
-0.912520513E-01-0.103441797E+00-0.115603022E+00-0.127565086E+00-0.139134467E+00
-0.150098503E+00-0.160230801E+00-0.169298321E+00-0.177069843E+00-0.183325574E+00
-0.187866971E+00-0.190526336E+00-0.191175312E+00-0.189731359E+00-0.186161801E+00
-0.180484891E+00-0.172767788E+00-0.163121685E+00-0.151694357E+00-0.138660997E+00
-0.124213941E+00-0.108552150E+00-0.918710977E-01-0.743536726E-01-0.561624952E-01
-0.374337286E-01-0.182725079E-01 0.125038147E-02 0.211009681E-01 0.412850119E-01
 0.618548654E-01 0.817819908E-01 0.101049311E+00 0.119628064E+00 0.137477085E+00
 0.154544100E+00 0.170768008E+00 0.186082199E+00 0.200418472E+00 0.213711843E+00
 0.927209780E-01 0.851720795E-01 0.819486082E-01 0.797107890E-01 0.769462958E-01
 0.736645386E-01 0.698750690E-01 0.655827001E-01 0.607894547E-01 0.554967374E-01
 0.497087538E-01 0.434407443E-01 0.369119048E-01 0.300741773E-01 0.228883140E-01
 0.153203066E-01 0.734085543E-02-0.107391109E-02-0.994109642E-02-0.192692596E-01
-0.290563330E-01-0.392873101E-01-0.499318205E-01-0.609417185E-01-0.722488314E-01
-0.837630779E-01-0.953711718E-01-0.106936164E+00-0.118298098E+00-0.129275918E+00
-0.139670968E+00-0.149271935E+00-0.157861322E+00-0.165223330E+00-0.171152413E+00
-0.175462395E+00-0.177995175E+00-0.178628460E+00-0.177281797E+00-0.173920289E+00
-0.168555751E+00-0.161244974E+00-0.152085409E+00-0.141208529E+00-0.128771499E+00
-0.114947818E+00-0.999175757E-01-0.838581100E-01-0.669353902E-01-0.492967479E-01
-0.310649723E-01-0.123340869E-01 0.683282781E-02 0.264025554E-01 0.463635176E-01
 0.666991398E-01 0.864397213E-01 0.105592236E+00 0.124131218E+00 0.142009303E+00
 0.159162238E+00 0.175512254E+00 0.190971911E+00 0.205449060E+00 0.218853191E+00
 0.956311077E-01 0.882025883E-01 0.854161605E-01 0.833408311E-01 0.807117671E-01
 0.775453523E-01 0.738550052E-01 0.696535483E-01 0.649508163E-01 0.597521812E-01
 0.540565997E-01 0.478518903E-01 0.413886979E-01 0.346447788E-01 0.275922399E-01
 0.202025939E-01 0.124501968E-01 0.431395089E-02-0.422112457E-02-0.131621417E-01
-0.225063544E-01-0.322390161E-01-0.423311628E-01-0.527374409E-01-0.633941293E-01
-0.742175132E-01-0.851027891E-01-0.959237814E-01-0.106533572E+00-0.116766334E+00
-0.126440480E+00-0.135363162E+00-0.143336028E+00-0.150162190E+00-0.155653849E+00
-0.159640342E+00-0.161975771E+00-0.162545964E+00-0.161273688E+00-0.158122152E+00
-0.153096005E+00-0.146240026E+00-0.137635276E+00-0.127393484E+00-0.115649551E+00
-0.102553308E+00-0.882606879E-01-0.729251727E-01-0.566897765E-01-0.396799333E-01
-0.219973009E-01-0.371404085E-02 0.151335401E-01 0.345551297E-01 0.546276346E-01
 0.744599700E-01 0.939550251E-01 0.113049716E+00 0.131683588E+00 0.149785280E+00
 0.167266339E+00 0.184018880E+00 0.199916795E+00 0.214820594E+00 0.228586897E+00
 0.100755192E+00 0.935702473E-01 0.906747505E-01 0.886797681E-01 0.860955194E-01
 0.829481557E-01 0.792692676E-01 0.750865415E-01 0.704214051E-01 0.652887747E-01
 0.596980378E-01 0.536548756E-01 0.471658222E-01 0.404619500E-01 0.335114598E-01
 0.262828507E-01 0.187524576E-01 0.109016811E-01 0.271739112E-02-0.580651453E-02
-0.146671794E-01-0.238507520E-01-0.333303697E-01-0.430642627E-01-0.529940538E-01
-0.630434304E-01-0.731172860E-01-0.831015781E-01-0.928639993E-01-0.102255680E+00
-0.111113988E+00-0.119266510E+00-0.126536056E+00-0.132746696E+00-0.137730315E+00
-0.141333506E+00-0.143424168E+00-0.143897370E+00-0.142679989E+00-0.139733613E+00
-0.135055572E+00-0.128677815E+00-0.120663755E+00-0.111103393E+00-0.100106932E+00
-0.877975002E-01-0.743033662E-01-0.597502515E-01-0.442540273E-01-0.279143415E-01
-0.108094541E-01 0.700718956E-02 0.255078599E-01 0.446876809E-01 0.645565614E-01
 0.842058063E-01 0.103651978E+00 0.122874156E+00 0.141825467E+00 0.160432994E+00
 0.178592920E+00 0.196164519E+00 0.212965950E+00 0.228776649E+00 0.243350908E+00
 0.107603267E+00 0.100721300E+00 0.979345664E-01 0.958967283E-01 0.931876376E-01
 0.898946822E-01 0.860872641E-01 0.818126649E-01 0.771017224E-01 0.719740987E-01
 0.664420202E-01 0.605127066E-01 0.541894548E-01 0.474702008E-01 0.405853391E-01
 0.334765315E-01 0.261358023E-01 0.185498409E-01 0.107067525E-01 0.259997370E-02
-0.576897198E-02-0.143883573E-01-0.232344586E-01-0.322699845E-01-0.414427482E-01
-0.506846309E-01-0.599110201E-01-0.690207928E-01-0.778970197E-01-0.864085332E-01
-0.944123790E-01-0.101757228E+00-0.108287714E+00-0.113849401E+00-0.118294425E+00
-0.121487156E+00-0.123309746E+00-0.123667024E+00-0.122490339E+00-0.119740061E+00
-0.115406424E+00-0.109508671E+00-0.102092415E+00-0.932255313E-01-0.829927325E-01
-0.714892074E-01-0.588137582E-01-0.450616665E-01-0.303177554E-01-0.146497814E-01
 0.189741375E-02 0.193062332E-01 0.375868566E-01 0.567673072E-01 0.760693476E-01
 0.954545215E-01 0.114902705E+00 0.134392723E+00 0.153890878E+00 0.173339725E+00
 0.192643330E+00 0.211647034E+00 0.230111569E+00 0.247689709E+00 0.263930261E+00
 0.116859809E+00 0.110458948E+00 0.107778996E+00 0.105239622E+00 0.102006942E+00
 0.982847959E-01 0.941550955E-01 0.896560401E-01 0.848073438E-01 0.796198919E-01
 0.741002485E-01 0.682531521E-01 0.620836131E-01 0.555997491E-01 0.488186665E-01
 0.417115316E-01 0.344877802E-01 0.271183345E-01 0.195821747E-01 0.118665667E-01
 0.396867516E-02-0.410364103E-02-0.123309018E-01-0.206810869E-01-0.291087944E-01
-0.375545919E-01-0.459446982E-01-0.541911274E-01-0.621923991E-01-0.698349401E-01
-0.769952014E-01-0.835425630E-01-0.893428922E-01-0.942627266E-01-0.981738418E-01
-0.100957900E+00-0.102510966E+00-0.102747478E+00-0.101603404E+00-0.990382582E-01
-0.950358063E-01-0.896033570E-01-0.827696472E-01-0.745813325E-01-0.650984496E-01
-0.543889292E-01-0.425224639E-01-0.295639243E-01-0.155663490E-01-0.563180482E-03
 0.154412109E-01 0.324853435E-01 0.506751686E-01 0.692162365E-01 0.880793259E-01
 0.107260771E+00 0.126771703E+00 0.146629855E+00 0.166852027E+00 0.187444821E+00
 0.208389252E+00 0.229612470E+00 0.250928760E+00 0.271910816E+00 0.291676462E+00
 0.130447954E+00 0.125367358E+00 0.120692857E+00 0.116364144E+00 0.112087987E+00
 0.107688487E+00 0.103101842E+00 0.982973427E-01 0.932575315E-01 0.879714787E-01
 0.824320540E-01 0.766346008E-01 0.705761462E-01 0.642546043E-01 0.576670505E-01
 0.508046597E-01 0.436575823E-01 0.364638828E-01 0.291949939E-01 0.218292382E-01
 0.143598178E-01 0.679086428E-02-0.862333924E-03-0.857311580E-02-0.163029842E-01
-0.240012482E-01-0.316048972E-01-0.390388258E-01-0.462165102E-01-0.530412383E-01
-0.594078936E-01-0.652053505E-01-0.703194067E-01-0.746361539E-01-0.780456588E-01
-0.804456845E-01-0.817452818E-01-0.818679929E-01-0.807542950E-01-0.783632249E-01
-0.746729523E-01-0.696801692E-01-0.633983016E-01-0.558547117E-01-0.470867977E-01
-0.371374264E-01-0.260496940E-01-0.138613619E-01-0.599200255E-03 0.137264179E-01
 0.291260369E-01 0.456331261E-01 0.632990748E-01 0.813085958E-01 0.997485071E-01
 0.118688352E+00 0.138199076E+00 0.158362061E+00 0.179274186E+00 0.201051682E+00
 0.223834023E+00 0.247790113E+00 0.273134232E+00 0.300198078E+00 0.328954875E+00
 0.141867891E+00 0.137494728E+00 0.132383242E+00 0.127237961E+00 0.122273445E+00
 0.117355935E+00 0.112393953E+00 0.107328892E+00 0.102122977E+00 0.967513174E-01
 0.911971629E-01 0.854489803E-01 0.794986114E-01 0.733398348E-01 0.669671074E-01
 0.603742190E-01 0.535536446E-01 0.464944988E-01 0.394564606E-01 0.323822796E-01
 0.252774749E-01 0.181439314E-01 0.109942136E-01 0.384995434E-02-0.325710094E-02
-0.102848569E-01-0.171807799E-01-0.238821339E-01-0.303165577E-01-0.364030860E-01
-0.420536287E-01-0.471749082E-01-0.516708232E-01-0.554451570E-01-0.584044531E-01
-0.604609996E-01-0.615356266E-01-0.615601726E-01-0.604794361E-01-0.582523942E-01
-0.548525974E-01-0.502676480E-01-0.444977134E-01-0.375531465E-01-0.294512566E-01
-0.202123076E-01-0.985490344E-02 0.160917616E-02 0.141803604E-01 0.278766677E-01
 0.427394845E-01 0.588402636E-01 0.754701197E-01 0.926496014E-01 0.110432424E+00
 0.128894776E+00 0.148135737E+00 0.168282583E+00 0.189499632E+00 0.212000936E+00
 0.236069292E+00 0.262085348E+00 0.290574282E+00 0.322275043E+00 0.356599271E+00
 0.151236355E+00 0.147279799E+00 0.142258734E+00 0.137025520E+00 0.131873921E+00
 0.126751021E+00 0.121608444E+00 0.116406284E+00 0.111113884E+00 0.105708458E+00
 0.100173377E+00 0.944966674E-01 0.886698365E-01 0.826870650E-01 0.765447691E-01
 0.702415630E-01 0.637792125E-01 0.571649633E-01 0.504173450E-01 0.435007066E-01
 0.366709083E-01 0.298777074E-01 0.231379811E-01 0.164656714E-01 0.988569390E-02
 0.343139679E-02-0.285495841E-02-0.892253127E-02-0.147123123E-01-0.201578513E-01
-0.251864996E-01-0.297209825E-01-0.336812846E-01-0.369867757E-01-0.395585150E-01
-0.413215607E-01-0.422071666E-01-0.421546549E-01-0.411129072E-01-0.390412360E-01
-0.359096453E-01-0.316983163E-01-0.263963267E-01-0.199996345E-01-0.125083653E-01
-0.392334675E-02 0.575825293E-02 0.165484063E-01 0.284744669E-01 0.415833853E-01
 0.559475422E-01 0.708858520E-01 0.864243284E-01 0.102603272E+00 0.119482674E+00
 0.137145326E+00 0.155701458E+00 0.175295979E+00 0.196119398E+00 0.218423471E+00
 0.242542937E+00 0.268923998E+00 0.298155785E+00 0.330988348E+00 0.366541684E+00
 0.159464523E+00 0.155850902E+00 0.151106998E+00 0.145991489E+00 0.140872583E+00
 0.135735631E+00 0.130562142E+00 0.125334218E+00 0.120036036E+00 0.114654452E+00
 0.109178960E+00 0.103601553E+00 0.979164690E-01 0.921200439E-01 0.862106457E-01
 0.801887959E-01 0.740573481E-01 0.678217933E-01 0.614898056E-01 0.550685041E-01
 0.485762805E-01 0.419777036E-01 0.355442539E-01 0.292328577E-01 0.230708197E-01
 0.170807578E-01 0.112950820E-01 0.575274788E-02 0.499812129E-03-0.441051461E-02
-0.891937315E-02-0.129636461E-01-0.164773632E-01-0.193933360E-01-0.216450859E-01
-0.231687054E-01-0.239045508E-01-0.237986483E-01-0.228037499E-01-0.208799709E-01
-0.179948714E-01-0.141229304E-01-0.924430788E-02-0.334305805E-02 0.359486975E-02
 0.115838842E-01 0.206421502E-01 0.307987481E-01 0.421109945E-01 0.546550155E-01
 0.677674115E-01 0.814713612E-01 0.957978591E-01 0.110788919E+00 0.126501113E+00
 0.143009380E+00 0.160411552E+00 0.178834766E+00 0.198444277E+00 0.219456509E+00
 0.242158368E+00 0.266937673E+00 0.294336110E+00 0.325156987E+00 0.357723176E+00
 0.167170510E+00 0.163892671E+00 0.159377679E+00 0.154433072E+00 0.149424031E+00
 0.144353479E+00 0.139223084E+00 0.134032637E+00 0.128780290E+00 0.123463161E+00
 0.118078098E+00 0.112622179E+00 0.107093222E+00 0.101490095E+00 0.958129764E-01
 0.900635645E-01 0.842452422E-01 0.783631429E-01 0.724240616E-01 0.664362609E-01
 0.604097582E-01 0.543540604E-01 0.482903831E-01 0.421828069E-01 0.363282524E-01
 0.306862537E-01 0.252899732E-01 0.201630592E-01 0.153366067E-01 0.108535178E-01
 0.676080864E-02 0.310884067E-02-0.486371100E-04-0.265544793E-02-0.465536956E-02
-0.599387754E-02-0.661932444E-02-0.648380630E-02-0.554383546E-02-0.376079744E-02
-0.110105122E-02 0.246463576E-02 0.696278131E-02 0.124201383E-01 0.188647471E-01
 0.263239946E-01 0.348179564E-01 0.443460196E-01 0.550464131E-01 0.662839860E-01
 0.780825168E-01 0.904636160E-01 0.103452437E+00 0.117080905E+00 0.131390020E+00
 0.146431834E+00 0.162271500E+00 0.178989470E+00 0.196684241E+00 0.215475574E+00
 0.235508800E+00 0.256961286E+00 0.280053854E+00 0.305058122E+00 0.330801487E+00
 0.174602047E+00 0.171658024E+00 0.167373046E+00 0.162593648E+00 0.157689601E+00
 0.152686834E+00 0.147608370E+00 0.142469957E+00 0.137280911E+00 0.132046029E+00
 0.126767412E+00 0.121445827E+00 0.116081625E+00 0.110675447E+00 0.105228692E+00
 0.997438431E-01 0.942246765E-01 0.886764377E-01 0.831058770E-01 0.775213093E-01
 0.719326288E-01 0.663512424E-01 0.607904568E-01 0.552629940E-01 0.497936718E-01
 0.443432741E-01 0.392408036E-01 0.344324745E-01 0.299174190E-01 0.257537272E-01
 0.219768658E-01 0.186216235E-01 0.157299954E-01 0.133524602E-01 0.115379402E-01
 0.103326514E-01 0.978057273E-02 0.992374029E-02 0.108021088E-01 0.124529535E-01
 0.149098858E-01 0.182019565E-01 0.223555379E-01 0.274096951E-01 0.334202126E-01
 0.404594541E-01 0.486066416E-01 0.572810471E-01 0.665712804E-01 0.764370263E-01
 0.868646875E-01 0.978541747E-01 0.109413594E+00 0.121556982E+00 0.134303167E+00
 0.147674739E+00 0.161696717E+00 0.176394165E+00 0.191788167E+00 0.207888559E+00
 0.224680677E+00 0.242099881E+00 0.259977669E+00 0.277899057E+00 0.294823200E+00
 0.182039797E+00 0.179450080E+00 0.175415188E+00 0.170708075E+00 0.165801689E+00
 0.160788029E+00 0.155715019E+00 0.150606349E+00 0.145473823E+00 0.140323132E+00
 0.135156855E+00 0.129976124E+00 0.124781609E+00 0.119574234E+00 0.114355601E+00
 0.109128311E+00 0.103896186E+00 0.986644402E-01 0.934397951E-01 0.882306024E-01
 0.830469802E-01 0.779009387E-01 0.728066936E-01 0.677810609E-01 0.628447756E-01
 0.580219105E-01 0.533586331E-01 0.488491133E-01 0.444401242E-01 0.404933952E-01
 0.369522125E-01 0.338056535E-01 0.310775246E-01 0.288459882E-01 0.271542780E-01
 0.260363556E-01 0.255255122E-01 0.256569888E-01 0.264684632E-01 0.279993005E-01
 0.302870590E-01 0.333558619E-01 0.371809006E-01 0.418047011E-01 0.473183692E-01
 0.538827404E-01 0.609137155E-01 0.684415475E-01 0.764860585E-01 0.850479528E-01
 0.941239819E-01 0.103711657E+00 0.113810204E+00 0.124419935E+00 0.135540918E+00
 0.147170857E+00 0.159301966E+00 0.171916589E+00 0.184980586E+00 0.198433533E+00
 0.212174132E+00 0.226038337E+00 0.239769444E+00 0.252987087E+00 0.265189052E+00
 0.190566242E+00 0.188788787E+00 0.184222355E+00 0.178928107E+00 0.173736215E+00
 0.168580964E+00 0.163453221E+00 0.158349454E+00 0.153266981E+00 0.148203313E+00
 0.143156186E+00 0.138123780E+00 0.133104980E+00 0.128099516E+00 0.123108253E+00
 0.118133247E+00 0.113177896E+00 0.108247079E+00 0.103347205E+00 0.984863490E-01
 0.936743468E-01 0.889229700E-01 0.842461139E-01 0.796600431E-01 0.751836896E-01
 0.708388239E-01 0.666501746E-01 0.626405254E-01 0.588387139E-01 0.553040728E-01
 0.520495027E-01 0.490570851E-01 0.462634377E-01 0.440899692E-01 0.424803384E-01
 0.414237753E-01 0.409322940E-01 0.410317443E-01 0.417600088E-01 0.431711860E-01
 0.453487672E-01 0.484380424E-01 0.519538745E-01 0.560155362E-01 0.606835969E-01
 0.659687072E-01 0.717942044E-01 0.781237110E-01 0.849383473E-01 0.922254920E-01
 0.999754146E-01 0.108179927E+00 0.116831303E+00 0.125920832E+00 0.135436967E+00
 0.145362630E+00 0.155671969E+00 0.166325942E+00 0.177266940E+00 0.188412040E+00
 0.199645430E+00 0.210810497E+00 0.221704647E+00 0.232081354E+00 0.241665974E+00
 0.197951630E+00 0.196707755E+00 0.192094803E+00 0.186462775E+00 0.181047678E+00
 0.175782666E+00 0.170625344E+00 0.165549994E+00 0.160540089E+00 0.155584380E+00
 0.150674984E+00 0.145806327E+00 0.140974849E+00 0.136178613E+00 0.131417289E+00
 0.126692131E+00 0.122005858E+00 0.117362775E+00 0.112768739E+00 0.108231232E+00
 0.103759423E+00 0.993642434E-01 0.950584784E-01 0.908569098E-01 0.867763534E-01
 0.828357115E-01 0.790559649E-01 0.754599124E-01 0.720731542E-01 0.689244643E-01
 0.660388097E-01 0.634410456E-01 0.611678474E-01 0.592983030E-01 0.578700714E-01
 0.569079407E-01 0.564340167E-01 0.564710610E-01 0.570431352E-01 0.581742749E-01
 0.598836169E-01 0.621709973E-01 0.649762899E-01 0.682861879E-01 0.720968693E-01
 0.763980001E-01 0.811673328E-01 0.863838717E-01 0.920304433E-01 0.980931893E-01
 0.104560681E+00 0.111422874E+00 0.118669964E+00 0.126290858E+00 0.134271130E+00
 0.142590508E+00 0.151219696E+00 0.160116851E+00 0.169223815E+00 0.178462371E+00
 0.187731490E+00 0.196905971E+00 0.205838099E+00 0.214363530E+00 0.222312048E+00
 0.203602538E+00 0.202652410E+00 0.198259011E+00 0.192710549E+00 0.187337399E+00
 0.182121769E+00 0.177037880E+00 0.172063366E+00 0.167180225E+00 0.162374496E+00
 0.157635674E+00 0.152956098E+00 0.148330569E+00 0.143756017E+00 0.139231250E+00
 0.134756804E+00 0.130334854E+00 0.125969112E+00 0.121664859E+00 0.117428869E+00
 0.113269433E+00 0.109196417E+00 0.105221249E+00 0.101356976E+00 0.976182818E-01
 0.940214992E-01 0.905845910E-01 0.873271227E-01 0.842703283E-01 0.814369470E-01
 0.788507909E-01 0.765376315E-01 0.745270774E-01 0.728529766E-01 0.715442002E-01
 0.706245601E-01 0.701142773E-01 0.700309053E-01 0.703892782E-01 0.712005347E-01
 0.724699274E-01 0.741938800E-01 0.763588175E-01 0.789524615E-01 0.819634348E-01
 0.853790864E-01 0.891848281E-01 0.933659002E-01 0.979087576E-01 0.102801695E+00
 0.108035080E+00 0.113601118E+00 0.119493254E+00 0.125704989E+00 0.132228062E+00
 0.139049858E+00 0.146150187E+00 0.153497785E+00 0.161046922E+00 0.168734863E+00
 0.176480591E+00 0.184185609E+00 0.191737071E+00 0.199013472E+00 0.205892369E+00
 0.208134502E+00 0.207471684E+00 0.203118861E+00 0.197743043E+00 0.192546070E+00
 0.187503636E+00 0.182597011E+00 0.177807420E+00 0.173118204E+00 0.168515638E+00
 0.163988993E+00 0.159530371E+00 0.155134365E+00 0.150797710E+00 0.146519065E+00
 0.142298833E+00 0.138138920E+00 0.134042770E+00 0.130015150E+00 0.126062244E+00
 0.122191466E+00 0.118411593E+00 0.114732668E+00 0.111166023E+00 0.107724257E+00
 0.104421228E+00 0.101272017E+00 0.982928947E-01 0.955012292E-01 0.929154679E-01
 0.905549601E-01 0.884400308E-01 0.865918621E-01 0.850317851E-01 0.837796479E-01
 0.828529745E-01 0.822666734E-01 0.820329264E-01 0.821608678E-01 0.826561078E-01
 0.835200846E-01 0.847496539E-01 0.863375068E-01 0.882739425E-01 0.905476809E-01
 0.931461900E-01 0.960561186E-01 0.992641672E-01 0.102758072E+00 0.106527627E+00
 0.110565588E+00 0.114868492E+00 0.119437024E+00 0.124275744E+00 0.129391700E+00
 0.134791464E+00 0.140476823E+00 0.146439329E+00 0.152655199E+00 0.159081489E+00
 0.165654495E+00 0.172290951E+00 0.178892121E+00 0.185350239E+00 0.191556811E+00
 0.211215854E+00 0.210711166E+00 0.206734344E+00 0.201624185E+00 0.196695149E+00
 0.191925406E+00 0.187289655E+00 0.182766408E+00 0.178338766E+00 0.173993900E+00
 0.169722423E+00 0.165517762E+00 0.161375642E+00 0.157293797E+00 0.153271630E+00
 0.149310008E+00 0.145411164E+00 0.141578540E+00 0.137816757E+00 0.134131506E+00
 0.130529508E+00 0.127018556E+00 0.123607405E+00 0.120305747E+00 0.117124245E+00
 0.114074454E+00 0.111168765E+00 0.108420357E+00 0.105843134E+00 0.103451557E+00
 0.101260573E+00 0.992853791E-01 0.975411385E-01 0.960425586E-01 0.948032439E-01
 0.938352123E-01 0.931484699E-01 0.927506983E-01 0.926469490E-01 0.928393155E-01
 0.933267400E-01 0.941048563E-01 0.951662436E-01 0.965007916E-01 0.980962440E-01
 0.999386087E-01 0.102012783E+00 0.104303397E+00 0.106795989E+00 0.109478496E+00
 0.112343244E+00 0.115389325E+00 0.118625239E+00 0.122071221E+00 0.125759825E+00
 0.129733190E+00 0.134035215E+00 0.138699964E+00 0.143739641E+00 0.149136379E+00
 0.154838964E+00 0.160764083E+00 0.166802213E+00 0.172828272E+00 0.178715870E+00
 0.213148296E+00 0.212768614E+00 0.209070906E+00 0.204329982E+00 0.199802086E+00
 0.195425659E+00 0.191160321E+00 0.186982796E+00 0.182879135E+00 0.178840607E+00
 0.174861714E+00 0.170939207E+00 0.167071536E+00 0.163258478E+00 0.159501031E+00
 0.155801252E+00 0.152162105E+00 0.148587465E+00 0.145082042E+00 0.141651288E+00
 0.138301417E+00 0.135039374E+00 0.131872758E+00 0.128809810E+00 0.125859439E+00
 0.123031050E+00 0.120334640E+00 0.117780626E+00 0.115379803E+00 0.113143206E+00
 0.111082010E+00 0.109207287E+00 0.107529789E+00 0.106059648E+00 0.104806006E+00
 0.103776678E+00 0.102977790E+00 0.102413513E+00 0.102085717E+00 0.101993762E+00
 0.102134250E+00 0.102500886E+00 0.103084423E+00 0.103872716E+00 0.104850844E+00
 0.106001265E+00 0.107304260E+00 0.108738475E+00 0.110282041E+00 0.111914322E+00
 0.113618761E+00 0.115387283E+00 0.117226928E+00 0.119168974E+00 0.121279374E+00
 0.123664282E+00 0.126457378E+00 0.129783183E+00 0.133719251E+00 0.138281420E+00
 0.143424898E+00 0.149046004E+00 0.154984742E+00 0.161041319E+00 0.167016014E+00
 0.213550344E+00 0.213090032E+00 0.209797472E+00 0.205841273E+00 0.201972395E+00
 0.198137701E+00 0.194334835E+00 0.190564841E+00 0.186829194E+00 0.183129430E+00
 0.179467201E+00 0.175844416E+00 0.172263354E+00 0.168726668E+00 0.165237531E+00
 0.161799535E+00 0.158416748E+00 0.155093759E+00 0.151835546E+00 0.148647532E+00
 0.145535588E+00 0.142505929E+00 0.139565170E+00 0.136720270E+00 0.133978501E+00
 0.131347388E+00 0.128834754E+00 0.126448557E+00 0.124196917E+00 0.122087948E+00
 0.120129682E+00 0.118329935E+00 0.116696090E+00 0.115234889E+00 0.113952197E+00
 0.112852715E+00 0.111939728E+00 0.111214779E+00 0.110677429E+00 0.110324912E+00
 0.110151932E+00 0.110150307E+00 0.110308766E+00 0.110612653E+00 0.111043639E+00
 0.111579485E+00 0.112193733E+00 0.112855606E+00 0.113530129E+00 0.114178851E+00
 0.114761785E+00 0.115241490E+00 0.115591392E+00 0.115811840E+00 0.115963414E+00
 0.116238408E+00 0.117036648E+00 0.118759476E+00 0.121568188E+00 0.125480354E+00
 0.130449757E+00 0.136363894E+00 0.142980814E+00 0.149842829E+00 0.156469867E+00
 0.212970898E+00 0.212159589E+00 0.209831551E+00 0.206834957E+00 0.203652039E+00
 0.200369328E+00 0.197036371E+00 0.193680882E+00 0.190319791E+00 0.186964408E+00
 0.183623135E+00 0.180302739E+00 0.177009150E+00 0.173747852E+00 0.170524120E+00
 0.167343199E+00 0.164210349E+00 0.161130890E+00 0.158110261E+00 0.155153915E+00
 0.152267471E+00 0.149456561E+00 0.146726891E+00 0.144084215E+00 0.141534373E+00
 0.139083132E+00 0.136736318E+00 0.134499729E+00 0.132379070E+00 0.130379945E+00
 0.128507763E+00 0.126767695E+00 0.125164464E+00 0.123702295E+00 0.122384652E+00
 0.121214069E+00 0.120191872E+00 0.119317941E+00 0.118590415E+00 0.118005320E+00
 0.117556281E+00 0.117234088E+00 0.117026255E+00 0.116916455E+00 0.116883911E+00
 0.116902471E+00 0.116939552E+00 0.116954722E+00 0.116897881E+00 0.116707183E+00
 0.116306812E+00 0.115605250E+00 0.114495099E+00 0.112854935E+00 0.110548943E+00
 0.107389376E+00 0.105002232E+00 0.104912758E+00 0.106689319E+00 0.110106260E+00
 0.115335375E+00 0.122223422E+00 0.131045341E+00 0.140260085E+00 0.147935107E+00
 0.213591248E+00 0.212878928E+00 0.210747987E+00 0.208087415E+00 0.205305815E+00
 0.202430680E+00 0.199488565E+00 0.196501210E+00 0.193485528E+00 0.190454856E+00
 0.187420025E+00 0.184390277E+00 0.181373775E+00 0.178378016E+00 0.175410002E+00
 0.172476336E+00 0.169583380E+00 0.166737154E+00 0.163943499E+00 0.161208004E+00
 0.158535987E+00 0.155932590E+00 0.153402656E+00 0.150950804E+00 0.148581445E+00
 0.146298707E+00 0.144106507E+00 0.142008543E+00 0.140008315E+00 0.138109133E+00
 0.136314094E+00 0.134626105E+00 0.133047760E+00 0.131581366E+00 0.130228698E+00
 0.128990918E+00 0.127868310E+00 0.126860067E+00 0.125963926E+00 0.125175864E+00
 0.124489702E+00 0.123896636E+00 0.123384699E+00 0.122938074E+00 0.122536235E+00
 0.122152746E+00 0.121753566E+00 0.121294618E+00 0.120718069E+00 0.119946793E+00
 0.118876129E+00 0.117362268E+00 0.115208142E+00 0.112151340E+00 0.107861653E+00
 0.102731027E+00 0.997888222E-01 0.990184471E-01 0.100236766E+00 0.103545681E+00
 0.108910590E+00 0.116757199E+00 0.126688018E+00 0.135482967E+00 0.142965436E+00
 0.214463279E+00 0.213882998E+00 0.211914331E+00 0.209497899E+00 0.207003444E+00
 0.204438478E+00 0.201813772E+00 0.199140608E+00 0.196430057E+00 0.193692774E+00
 0.190938890E+00 0.188178107E+00 0.185419634E+00 0.182672232E+00 0.179944158E+00
 0.177243203E+00 0.174576581E+00 0.171951041E+00 0.169372737E+00 0.166847318E+00
 0.164379895E+00 0.161975026E+00 0.159636721E+00 0.157368466E+00 0.155173182E+00
 0.153053328E+00 0.151010826E+00 0.149047270E+00 0.147163868E+00 0.145361617E+00
 0.143641353E+00 0.142003879E+00 0.140449956E+00 0.138980344E+00 0.137595743E+00
 0.136296660E+00 0.135083228E+00 0.133954898E+00 0.132910237E+00 0.131946445E+00
 0.131059036E+00 0.130241364E+00 0.129484132E+00 0.128774866E+00 0.128097072E+00
 0.127429411E+00 0.126744241E+00 0.126005560E+00 0.125165686E+00 0.124159425E+00
 0.122893415E+00 0.121225148E+00 0.118921950E+00 0.115594298E+00 0.110730626E+00
 0.106797136E+00 0.104630746E+00 0.104090407E+00 0.105192959E+00 0.107972026E+00
 0.112962119E+00 0.120610371E+00 0.128602654E+00 0.135561600E+00 0.141712725E+00
 0.215317979E+00 0.214870602E+00 0.213133335E+00 0.210942760E+00 0.208700702E+00
 0.206406444E+00 0.204059929E+00 0.201664031E+00 0.199224353E+00 0.196748689E+00
 0.194246277E+00 0.191727132E+00 0.189201474E+00 0.186679363E+00 0.184170336E+00
 0.181683302E+00 0.179226384E+00 0.176806912E+00 0.174431413E+00 0.172105536E+00
 0.169834107E+00 0.167621151E+00 0.165469751E+00 0.163382173E+00 0.161359832E+00
 0.159403250E+00 0.157512218E+00 0.155685827E+00 0.153922692E+00 0.152221128E+00
 0.150579438E+00 0.148996085E+00 0.147469968E+00 0.146000519E+00 0.144587800E+00
 0.143232331E+00 0.141934976E+00 0.140696630E+00 0.139517814E+00 0.138398334E+00
 0.137336865E+00 0.136330515E+00 0.135374591E+00 0.134462163E+00 0.133583888E+00
 0.132727757E+00 0.131878912E+00 0.131019697E+00 0.130129755E+00 0.129186824E+00
 0.128168419E+00 0.127055153E+00 0.125832513E+00 0.124432415E+00 0.122993596E+00
 0.122086041E+00 0.121605851E+00 0.121709391E+00 0.122408025E+00 0.123843677E+00
 0.126075119E+00 0.129957646E+00 0.134253860E+00 0.138653100E+00 0.142968133E+00
 0.216156006E+00 0.215862289E+00 0.214292273E+00 0.212338775E+00 0.210360840E+00
 0.208339036E+00 0.206261188E+00 0.204123139E+00 0.201927662E+00 0.199682593E+00
 0.197398782E+00 0.195088536E+00 0.192764521E+00 0.190438926E+00 0.188123107E+00
 0.185827315E+00 0.183560625E+00 0.181330964E+00 0.179145098E+00 0.177008644E+00
 0.174926162E+00 0.172901034E+00 0.170935512E+00 0.169030577E+00 0.167185947E+00
 0.165400028E+00 0.163669989E+00 0.161991879E+00 0.160360873E+00 0.158771753E+00
 0.157219306E+00 0.155698985E+00 0.154207274E+00 0.152742207E+00 0.151303455E+00
 0.149892375E+00 0.148511648E+00 0.147164866E+00 0.145856008E+00 0.144588888E+00
 0.143366620E+00 0.142191276E+00 0.141063690E+00 0.139983416E+00 0.138948917E+00
 0.137958020E+00 0.137008846E+00 0.136101514E+00 0.135241032E+00 0.134443030E+00
 0.133744746E+00 0.133228153E+00 0.133070961E+00 0.133641779E+00 0.135101348E+00
 0.136099175E+00 0.136666074E+00 0.137129575E+00 0.137579754E+00 0.137869909E+00
 0.137687802E+00 0.138160884E+00 0.139892086E+00 0.142325655E+00 0.145096853E+00
 0.216699868E+00 0.216563970E+00 0.215253830E+00 0.213627636E+00 0.211988956E+00
 0.210283920E+00 0.208486810E+00 0.206593096E+00 0.204611391E+00 0.202557206E+00
 0.200448796E+00 0.198304698E+00 0.196142375E+00 0.193977490E+00 0.191823736E+00
 0.189692810E+00 0.187594578E+00 0.185537264E+00 0.183527693E+00 0.181571350E+00
 0.179672450E+00 0.177833900E+00 0.176057190E+00 0.174342200E+00 0.172687024E+00
 0.171087772E+00 0.169538423E+00 0.168030962E+00 0.166555732E+00 0.165102080E+00
 0.163659319E+00 0.162217975E+00 0.160770833E+00 0.159313843E+00 0.157846659E+00
 0.156372473E+00 0.154897600E+00 0.153430417E+00 0.151980445E+00 0.150557235E+00
 0.149169669E+00 0.147825494E+00 0.146531150E+00 0.145292029E+00 0.144112810E+00
 0.142998308E+00 0.141954482E+00 0.140990168E+00 0.140119255E+00 0.139363810E+00
 0.138757512E+00 0.138347358E+00 0.138185814E+00 0.138297230E+00 0.138622239E+00
 0.139033914E+00 0.139449745E+00 0.139861554E+00 0.140288159E+00 0.140760735E+00
 0.141361222E+00 0.142235860E+00 0.143487573E+00 0.145098746E+00 0.146981180E+00
 0.216563806E+00 0.216523156E+00 0.215819567E+00 0.214842573E+00 0.213727891E+00
 0.212414920E+00 0.210897401E+00 0.209204331E+00 0.207373276E+00 0.205441147E+00
 0.203441381E+00 0.201402918E+00 0.199349865E+00 0.197301760E+00 0.195274130E+00
 0.193279207E+00 0.191326678E+00 0.189424306E+00 0.187578350E+00 0.185793877E+00
 0.184074834E+00 0.182423979E+00 0.180842623E+00 0.179330274E+00 0.177884012E+00
 0.176498011E+00 0.175162822E+00 0.173865139E+00 0.172587946E+00 0.171311527E+00
 0.170015410E+00 0.168680966E+00 0.167294025E+00 0.165846944E+00 0.164339736E+00
 0.162779823E+00 0.161180764E+00 0.159559950E+00 0.157936126E+00 0.156327412E+00
 0.154749960E+00 0.153217494E+00 0.151741430E+00 0.150331303E+00 0.148995489E+00
 0.147741973E+00 0.146579221E+00 0.145517036E+00 0.144567490E+00 0.143745333E+00
 0.143067449E+00 0.142550379E+00 0.142204747E+00 0.142027974E+00 0.142000616E+00
 0.142093152E+00 0.142280370E+00 0.142551541E+00 0.142912120E+00 0.143382594E+00
 0.143995896E+00 0.144788444E+00 0.145783797E+00 0.146980509E+00 0.148353383E+00
 0.216365397E+00 0.216483027E+00 0.216489106E+00 0.216414154E+00 0.216173410E+00
 0.215166941E+00 0.213781476E+00 0.212137610E+00 0.210317463E+00 0.208384871E+00
 0.206390873E+00 0.204375103E+00 0.202366829E+00 0.200386599E+00 0.198448554E+00
 0.196562499E+00 0.194735512E+00 0.192973122E+00 0.191280022E+00 0.189660415E+00
 0.188118204E+00 0.186656758E+00 0.185278580E+00 0.183984593E+00 0.182773113E+00
 0.181638464E+00 0.180569172E+00 0.179546177E+00 0.178541526E+00 0.177519202E+00
 0.176438987E+00 0.175263017E+00 0.173962548E+00 0.172522783E+00 0.170945153E+00
 0.169246972E+00 0.167458132E+00 0.165614858E+00 0.163752958E+00 0.161903381E+00
 0.160090759E+00 0.158333898E+00 0.156647131E+00 0.155041665E+00 0.153526679E+00
 0.152110234E+00 0.150799885E+00 0.149603307E+00 0.148528323E+00 0.147582963E+00
 0.146774590E+00 0.146108821E+00 0.145587772E+00 0.145208865E+00 0.144964963E+00
 0.144846573E+00 0.144845232E+00 0.144956529E+00 0.145181686E+00 0.145527154E+00
 0.146002501E+00 0.146616653E+00 0.147373587E+00 0.148269191E+00 0.149290696E+00
 0.216566399E+00 0.216949761E+00 0.217427894E+00 0.218074977E+00 0.218861356E+00
 0.218699262E+00 0.217394486E+00 0.215510145E+00 0.213472232E+00 0.211356685E+00
 0.209230348E+00 0.207140312E+00 0.205112934E+00 0.203160197E+00 0.201286539E+00
 0.199493244E+00 0.197780803E+00 0.196150005E+00 0.194602594E+00 0.193141580E+00
 0.191771254E+00 0.190496996E+00 0.189324826E+00 0.188260511E+00 0.187308311E+00
 0.186468929E+00 0.185736030E+00 0.185090587E+00 0.184492871E+00 0.183875814E+00
 0.183151856E+00 0.182236910E+00 0.181071445E+00 0.179626733E+00 0.177906483E+00
 0.175950304E+00 0.173830658E+00 0.171631396E+00 0.169421822E+00 0.167248279E+00
 0.165139571E+00 0.163113773E+00 0.161183015E+00 0.159356043E+00 0.157639697E+00
 0.156039655E+00 0.154560879E+00 0.153207839E+00 0.151984513E+00 0.150894359E+00
 0.149939910E+00 0.149122447E+00 0.148441583E+00 0.147895068E+00 0.147479162E+00
 0.147189364E+00 0.147021428E+00 0.146972358E+00 0.147040784E+00 0.147226781E+00
 0.147531003E+00 0.147953227E+00 0.148491040E+00 0.149138674E+00 0.149886698E+00
 0.216621757E+00 0.217181906E+00 0.217891008E+00 0.218830809E+00 0.220069349E+00
 0.220646515E+00 0.220288754E+00 0.218969807E+00 0.216698200E+00 0.214147180E+00
 0.211728752E+00 0.209492773E+00 0.207423776E+00 0.205498219E+00 0.203696743E+00
 0.202005193E+00 0.200413972E+00 0.198917404E+00 0.197513506E+00 0.196203873E+00
 0.194993943E+00 0.193892956E+00 0.192913264E+00 0.192069516E+00 0.191378370E+00
 0.190857679E+00 0.190524593E+00 0.190390229E+00 0.190443054E+00 0.190584421E+00
 0.190538019E+00 0.190083399E+00 0.189139649E+00 0.187668830E+00 0.185655311E+00
 0.183139846E+00 0.180339113E+00 0.177533984E+00 0.174827158E+00 0.172242299E+00
 0.169784844E+00 0.167456403E+00 0.165258497E+00 0.163193062E+00 0.161262169E+00
 0.159467787E+00 0.157811433E+00 0.156294152E+00 0.154916510E+00 0.153678432E+00
 0.152579278E+00 0.151617661E+00 0.150791377E+00 0.150097549E+00 0.149532691E+00
 0.149093002E+00 0.148774758E+00 0.148574516E+00 0.148489237E+00 0.148516119E+00
 0.148652256E+00 0.148894072E+00 0.149236858E+00 0.149674311E+00 0.150198385E+00
 0.216352105E+00 0.217007205E+00 0.217728466E+00 0.218499675E+00 0.219304681E+00
 0.220103666E+00 0.220561445E+00 0.220077947E+00 0.218571350E+00 0.215968356E+00
 0.213337764E+00 0.211077273E+00 0.209073335E+00 0.207257122E+00 0.205588788E+00
 0.204042748E+00 0.202602044E+00 0.201255888E+00 0.199998721E+00 0.198829994E+00
 0.197755158E+00 0.196791634E+00 0.195961893E+00 0.195289567E+00 0.194805264E+00
 0.194549009E+00 0.194573984E+00 0.194953889E+00 0.195800573E+00 0.197279617E+00
 0.198269695E+00 0.198401973E+00 0.197772875E+00 0.196297348E+00 0.193922997E+00
 0.190503687E+00 0.186441451E+00 0.182882965E+00 0.179650605E+00 0.176656246E+00
 0.173855484E+00 0.171227202E+00 0.168762565E+00 0.166458413E+00 0.164313495E+00
 0.162326679E+00 0.160496324E+00 0.158820093E+00 0.157295153E+00 0.155918255E+00
 0.154685870E+00 0.153594196E+00 0.152639180E+00 0.151816636E+00 0.151122227E+00
 0.150551558E+00 0.150100321E+00 0.149764240E+00 0.149539158E+00 0.149420843E+00
 0.149404854E+00 0.149486363E+00 0.149659842E+00 0.149919003E+00 0.150256634E+00
 0.215824053E+00 0.216702864E+00 0.217479691E+00 0.218072593E+00 0.218459979E+00
 0.218658909E+00 0.218689412E+00 0.218546793E+00 0.217783064E+00 0.215756178E+00
 0.213546142E+00 0.211617172E+00 0.209898040E+00 0.208332762E+00 0.206894234E+00
 0.205561116E+00 0.204316512E+00 0.203147784E+00 0.202046767E+00 0.201009914E+00
 0.200038359E+00 0.199161485E+00 0.198411822E+00 0.197816730E+00 0.197415248E+00
 0.197259307E+00 0.197418019E+00 0.197986647E+00 0.199101701E+00 0.200915903E+00
 0.202259660E+00 0.202689365E+00 0.202278510E+00 0.200953126E+00 0.198609933E+00
 0.195065528E+00 0.190801680E+00 0.187006772E+00 0.183526546E+00 0.180269137E+00
 0.177196711E+00 0.174301147E+00 0.171585619E+00 0.169054076E+00 0.166707247E+00
 0.164542481E+00 0.162554726E+00 0.160737708E+00 0.159084648E+00 0.157588780E+00
 0.156243548E+00 0.155042663E+00 0.153980121E+00 0.153050214E+00 0.152247444E+00
 0.151566505E+00 0.151002258E+00 0.150549710E+00 0.150203928E+00 0.149959937E+00
 0.149812639E+00 0.149756730E+00 0.149786502E+00 0.149895877E+00 0.150078312E+00
 0.735836208E+00 0.751206756E+00 0.762087703E+00 0.775252640E+00 0.789010704E+00
 0.803417921E+00 0.818442941E+00 0.834017992E+00 0.850185335E+00 0.866942763E+00
 0.884477913E+00 0.902289331E+00 0.920754731E+00 0.940331280E+00 0.960440278E+00
 0.981382549E+00 0.100308383E+01 0.102571976E+01 0.104915750E+01 0.107370341E+01
 0.109917164E+01 0.112568700E+01 0.115327466E+01 0.118203902E+01 0.121207941E+01
 0.124335957E+01 0.127606571E+01 0.131016076E+01 0.134571719E+01 0.138306820E+01
 0.142200410E+01 0.146275115E+01 0.150543511E+01 0.155002046E+01 0.159705818E+01
 0.164629316E+01 0.169762719E+01 0.175179398E+01 0.180871737E+01 0.186859357E+01
 0.193156028E+01 0.199719238E+01 0.206697226E+01 0.214049792E+01 0.221760416E+01
 0.229857898E+01 0.238430095E+01 0.247489214E+01 0.256970453E+01 0.267036724E+01
 0.277633905E+01 0.288765073E+01 0.300558639E+01 0.313010883E+01 0.326035237E+01
 0.339963245E+01 0.354615426E+01 0.370395517E+01 0.387041616E+01 0.405121946E+01
 0.424477243E+01 0.446171188E+01 0.471817970E+01 0.507284594E+01 0.635639477E+01
   85  117
 0.111876738E+01-0.200000003E+00 0.110418987E+01-0.150000006E+00 0.108995235E+01
-0.500000007E-01 0.109861219E+01 0.500000007E-01 0.111235273E+01 0.100000001E+00
 0.113218749E+01 0.152320534E+00 0.115875006E+01 0.206801236E+00 0.118531251E+01
 0.254003972E+00 0.121448171E+01 0.300000012E+00 0.124841070E+01 0.349999994E+00
 0.128544140E+01 0.400000006E+00 0.131812501E+01 0.439525783E+00 0.134468746E+01
 0.469971418E+00 0.137308192E+01 0.500000000E+00 0.142437506E+01 0.549336374E+00
 0.145093751E+01 0.572700024E+00 0.148565078E+01 0.600000024E+00 0.153062499E+01
 0.631451011E+00 0.156157279E+01 0.649999976E+00 0.161031246E+01 0.675751090E+00
 0.166343749E+01 0.696931839E+00 0.169000006E+01 0.706232309E+00 0.174312496E+01
 0.718326747E+00 0.179624999E+01 0.723187506E+00 0.184937501E+01 0.720811188E+00
 0.190250003E+01 0.709537208E+00 0.192906249E+01 0.698949635E+00 0.198218751E+01
 0.672224283E+00 0.201199865E+01 0.649999976E+00 0.206029224E+01 0.600000024E+00
 0.208843756E+01 0.564592898E+00 0.211500001E+01 0.523231626E+00 0.214156246E+01
 0.475007683E+00 0.216812491E+01 0.420372903E+00 0.219468760E+01 0.359419465E+00
 0.221752048E+01 0.300000012E+00 0.223583865E+01 0.250000000E+00 0.225240278E+01
 0.200000003E+00 0.227437496E+01 0.110634491E+00 0.228320289E+01 0.500000007E-01
 0.228399420E+01-0.500000007E-01 0.227437496E+01-0.120284177E+00 0.225661230E+01
-0.200000003E+00 0.224190521E+01-0.250000000E+00 0.222125006E+01-0.314197659E+00
 0.219468760E+01-0.387223482E+00 0.217051506E+01-0.449999988E+00 0.214904857E+01
-0.500000000E+00 0.212562823E+01-0.550000012E+00 0.209993172E+01-0.600000024E+00
 0.207163048E+01-0.649999976E+00 0.204045367E+01-0.699999988E+00 0.200874996E+01
-0.745511293E+00 0.198218751E+01-0.782769382E+00 0.195562506E+01-0.818602562E+00
 0.192906249E+01-0.852774441E+00 0.188952780E+01-0.899999976E+00 0.184937501E+01
-0.947943926E+00 0.182281256E+01-0.981276691E+00 0.179624999E+01-0.101374722E+01
 0.176342654E+01-0.104999995E+01 0.172314608E+01-0.110000002E+01 0.169000006E+01
-0.114073849E+01 0.165931916E+01-0.117171001E+01 0.164075172E+01-0.119342017E+01
 0.161031246E+01-0.114805996E+01 0.157858765E+01-0.110000002E+01 0.155012524E+01
-0.104999995E+01 0.152215242E+01-0.100000000E+01 0.149422026E+01-0.949999988E+00
 0.146621358E+01-0.899999976E+00 0.143813312E+01-0.850000024E+00 0.141005182E+01
-0.800000012E+00 0.138209093E+01-0.750000000E+00 0.135439813E+01-0.699999988E+00
 0.132712471E+01-0.649999976E+00 0.130040634E+01-0.600000024E+00 0.127434814E+01
-0.550000012E+00 0.124902070E+01-0.500000000E+00 0.122446716E+01-0.449999988E+00
 0.120073152E+01-0.400000006E+00 0.117792046E+01-0.349999994E+00 0.115633547E+01
-0.300000012E+00 0.113218749E+01-0.236633360E+00 0.111876738E+01-0.200000003E+00
 0.101600003E+01 0.000000000E+00 0.101600003E+01 0.963999987E+00 0.101600003E+01
 0.967999995E+00 0.101600003E+01 0.100100005E+01 0.101600003E+01 0.101900005E+01
 0.101600003E+01 0.107700002E+01 0.101600003E+01 0.107000005E+01 0.101600003E+01
 0.109599996E+01 0.101600003E+01 0.111300004E+01 0.101600003E+01 0.113800001E+01
 0.101600003E+01 0.114699996E+01 0.101199996E+01 0.116499996E+01 0.100100005E+01
 0.121700001E+01 0.102900004E+01 0.121700001E+01 0.104200006E+01 0.116240001E+01
 0.104600000E+01 0.116237998E+01 0.105599999E+01 0.116260004E+01 0.109700000E+01
 0.116450000E+01 0.110800004E+01 0.116594005E+01 0.111600006E+01 0.116591001E+01
 0.113399994E+01 0.116895998E+01 0.114800000E+01 0.117174995E+01 0.116199994E+01
 0.117556000E+01 0.118099999E+01 0.118299997E+01 0.118200004E+01 0.118350005E+01
 0.118499994E+01 0.118499994E+01 0.119000006E+01 0.118799996E+01 0.119500005E+01
 0.119099998E+01 0.120099998E+01 0.119599998E+01 0.120899999E+01 0.120200002E+01
 0.121500003E+01 0.120799994E+01 0.122200000E+01 0.121399999E+01 0.122800004E+01
 0.122099996E+01 0.123399997E+01 0.123099995E+01 0.123899996E+01 0.123800004E+01
 0.124199998E+01 0.124399996E+01 0.124800003E+01 0.125399995E+01 0.125800002E+01
 0.127800000E+01 0.126300001E+01 0.128999996E+01 0.127999997E+01 0.133099997E+01
 0.127999997E+01 0.134700000E+01 0.127999997E+01 0.134800005E+01 0.130999994E+01
 0.134800005E+01 0.132799995E+01 0.134800005E+01 0.136099994E+01 0.134800005E+01
 0.138000000E+01 0.134800005E+01 0.141900003E+01 0.134800005E+01 0.141900003E+01
 0.130999994E+01 0.137199998E+01 0.130999994E+01 0.137167001E+01 0.129237998E+01
 0.137003005E+01 0.128268003E+01 0.136688006E+01 0.125644004E+01 0.136719000E+01
 0.122955000E+01 0.137178004E+01 0.119576001E+01 0.137223995E+01 0.119402003E+01
 0.138662004E+01 0.116487002E+01 0.138707995E+01 0.116420996E+01 0.140382004E+01
 0.115696001E+01 0.141127002E+01 0.115730000E+01 0.141857004E+01 0.116131997E+01
 0.142100000E+01 0.116400003E+01 0.148662996E+01 0.124049997E+01 0.149730003E+01
 0.123458004E+01 0.149761999E+01 0.123427999E+01 0.149744999E+01 0.123174000E+01
 0.149275005E+01 0.121329999E+01 0.149259996E+01 0.121061003E+01 0.149260998E+01
 0.120485997E+01 0.149278998E+01 0.120213997E+01 0.149339998E+01 0.119641995E+01
 0.149469995E+01 0.118510997E+01 0.149621999E+01 0.116069996E+01 0.147981000E+01
 0.112425995E+01 0.148081994E+01 0.112256002E+01 0.148149002E+01 0.112137997E+01
 0.148645997E+01 0.111691999E+01 0.149094999E+01 0.111439002E+01 0.150304997E+01
 0.111243999E+01 0.159696996E+01 0.109489000E+01 0.162549996E+01 0.108529997E+01
 0.163751996E+01 0.107988000E+01 0.164699996E+01 0.107700002E+01 0.178499997E+01
 0.107700002E+01 0.206999993E+01 0.103999996E+01 0.212800002E+01 0.992999971E+00
 0.224499989E+01 0.708999991E+00 0.233956003E+01 0.461430013E+00 0.234707999E+01
 0.415829986E+00 0.234912992E+01 0.272179991E+00 0.235103011E+01 0.170179993E+00
 0.235157990E+01 0.701199993E-01 0.235124993E+01-0.317899995E-01 0.235050988E+01
-0.144350007E+00 0.234964991E+01-0.214829996E+00 0.234870005E+01-0.326689988E+00
 0.234759998E+01-0.386770010E+00 0.234019995E+01-0.453040004E+00 0.232942009E+01
-0.477569997E+00 0.213400006E+01-0.972999990E+00 0.178600001E+01-0.117400002E+01
 0.176800001E+01-0.121099997E+01 0.176800001E+01-0.125000000E+01 0.168200004E+01
-0.125000000E+01 0.137199998E+01-0.125000000E+01 0.137199998E+01-0.132900000E+01
 0.141999996E+01-0.132900000E+01 0.141999996E+01-0.136300004E+01 0.127300000E+01
-0.136300004E+01 0.115300000E+01-0.136300004E+01 0.101600003E+01-0.122300005E+01
 0.101600003E+01-0.122300005E+01 0.101600003E+01-0.829999983E+00 0.101600003E+01
-0.800000012E+00 0.101600003E+01-0.414999992E+00 0.101600003E+01-0.400000006E+00
 0.101600003E+01-0.100000005E-02 0.101600003E+01 0.000000000E+00
    0 0.170000005E+01    1
 0.000000000E+00 0.000000000E+00 0.000000000E+00 0.000000000E+00 0.000000000E+00
 0.000000000E+00 0.000000000E+00 0.000000000E+00 0.000000000E+00 0.000000000E+00
 0.000000000E+00 0.000000000E+00 0.000000000E+00 0.000000000E+00 0.000000000E+00
 0.000000000E+00 0.000000000E+00 0.000000000E+00 0.000000000E+00 0.000000000E+00
 0.000000000E+00 0.000000000E+00 0.000000000E+00 0.000000000E+00 0.000000000E+00
 0.000000000E+00 0.000000000E+00 0.000000000E+00 0.000000000E+00 0.000000000E+00
 0.000000000E+00 0.000000000E+00 0.000000000E+00 0.000000000E+00 0.000000000E+00
 0.000000000E+00 0.000000000E+00 0.000000000E+00 0.000000000E+00 0.000000000E+00
 0.000000000E+00 0.000000000E+00 0.000000000E+00 0.000000000E+00 0.000000000E+00
 0.000000000E+00 0.000000000E+00 0.000000000E+00 0.000000000E+00 0.000000000E+00
 0.000000000E+00 0.000000000E+00 0.000000000E+00 0.000000000E+00 0.000000000E+00
 0.000000000E+00 0.000000000E+00 0.000000000E+00 0.000000000E+00 0.000000000E+00
 0.000000000E+00 0.000000000E+00 0.000000000E+00 0.000000000E+00 0.000000000E+00
 0.000000000E+00 0.767893642E-01 0.109430708E+00 0.134721771E+00 0.156357110E+00
 0.175692856E+00 0.193401992E+00 0.209933951E+00 0.225546524E+00 0.239092141E+00
 0.253468722E+00 0.267408341E+00 0.280821115E+00 0.293922216E+00 0.306772918E+00
 0.319356710E+00 0.331686080E+00 0.343829095E+00 0.355874121E+00 0.367750287E+00
 0.379531831E+00 0.391236931E+00 0.402846724E+00 0.414432347E+00 0.425978363E+00
 0.437483191E+00 0.449005485E+00 0.460529894E+00 0.472043902E+00 0.483633369E+00
 0.495217770E+00 0.506879926E+00 0.518613100E+00 0.530372977E+00 0.542278528E+00
 0.554271340E+00 0.566306710E+00 0.578523517E+00 0.590844512E+00 0.603312671E+00
 0.615944445E+00 0.628662527E+00 0.641632020E+00 0.654783905E+00 0.668106675E+00
 0.681627750E+00 0.695370078E+00 0.709390938E+00 0.723594248E+00 0.738118708E+00
 0.752876103E+00 0.767925143E+00 0.783290029E+00 0.798985064E+00 0.814959526E+00
 0.831322670E+00 0.848032236E+00 0.865146995E+00 0.882635713E+00 0.900580585E+00
 0.918978453E+00 0.937928617E+00 0.957507908E+00 0.977920353E+00 0.100000000E+01
    1
 0.000000000E+00 0.000000000E+00 0.000000000E+00 0.000000000E+00 0.000000000E+00
 0.000000000E+00 0.000000000E+00 0.000000000E+00 0.000000000E+00 0.000000000E+00
 0.000000000E+00 0.000000000E+00 0.000000000E+00 0.000000000E+00 0.000000000E+00
 0.000000000E+00 0.000000000E+00 0.000000000E+00 0.000000000E+00 0.000000000E+00
 0.000000000E+00 0.000000000E+00 0.000000000E+00 0.000000000E+00 0.000000000E+00
 0.000000000E+00 0.000000000E+00 0.000000000E+00 0.000000000E+00 0.000000000E+00
 0.000000000E+00 0.000000000E+00 0.000000000E+00 0.000000000E+00 0.000000000E+00
 0.000000000E+00 0.000000000E+00 0.000000000E+00 0.000000000E+00 0.000000000E+00
 0.000000000E+00 0.000000000E+00 0.000000000E+00 0.000000000E+00 0.000000000E+00
 0.000000000E+00 0.000000000E+00 0.000000000E+00 0.000000000E+00 0.000000000E+00
 0.000000000E+00 0.000000000E+00 0.000000000E+00 0.000000000E+00 0.000000000E+00
 0.000000000E+00 0.000000000E+00 0.000000000E+00 0.000000000E+00 0.000000000E+00
 0.000000000E+00 0.000000000E+00 0.000000000E+00 0.000000000E+00 0.000000000E+00
&BASIS
 EE2BDRY= 32*0.00000000      ,
 EEBDRY= 32*0.00000000      ,
 EEKNT= 32*0.00000000      ,
 EETENS=  5.00000000    ,
 FF2BDRY= 64*0.00000000      ,
 FFBDRY=  2.65815854    , -9.20682526    ,  6.60105658    , 61*0.00000000      ,
 FFKNT= 64*0.00000000      ,
 FFTENS=  0.00000000    ,
 KEE2BDRY= 32*0          ,
 KEEBDRY= 32*0          ,
 KEEFNC=          0,
 KEEKNT=          0,
 KFF2BDRY= 64*0          ,
 KFFBDRY= 64*0          ,
 KFFFNC=          0,
 KFFKNT=          0,
 KPP2BDRY= 64*0          ,
 KPPBDRY= 64*0          ,
 KPPFNC=          0,
 KPPKNT=          0,
 KWW2BDRY= 64*0          ,
 KWWBDRY= 64*0          ,
 KWWFNC=          0,
 KWWKNT=          0,
 PP2BDRY= 64*0.00000000      ,
 PPBDRY=  603374.938    , -382646.562    , 62*0.00000000      ,
 PPKNT= 64*0.00000000      ,
 PPTENS=  0.00000000    ,
 WW2BDRY= 64*0.00000000      ,
 WWBDRY= -942.612976    , -64029.2734    , 62*0.00000000      ,
 WWKNT= 64*0.00000000      ,
 WWTENS=  0.00000000    ,
 /
