  EFITD    01/21/2000    #180533  2300ms           7  65  65
 0.170000005E+01 0.320000005E+01 0.169550002E+01 0.839999974E+00 0.000000000E+00
 0.177706993E+01-0.568264350E-01-0.298885107E+00-0.189260743E-02-0.197406387E+01
 0.884981250E+06-0.298885107E+00 0.000000000E+00 0.177706993E+01 0.000000000E+00
-0.568264350E-01 0.000000000E+00-0.189260743E-02 0.000000000E+00 0.000000000E+00
-0.348099065E+01-0.347256398E+01-0.346446276E+01-0.345668221E+01-0.344921756E+01
-0.344206381E+01-0.343521619E+01-0.342866945E+01-0.342241812E+01-0.341645718E+01
-0.341078091E+01-0.340538359E+01-0.340025973E+01-0.339540339E+01-0.339080882E+01
-0.338646960E+01-0.338238025E+01-0.337853408E+01-0.337492514E+01-0.337154675E+01
-0.336839294E+01-0.336545682E+01-0.336273217E+01-0.336021209E+01-0.335789013E+01
-0.335575938E+01-0.335381317E+01-0.335204458E+01-0.335044718E+01-0.334901333E+01
-0.334773660E+01-0.334661007E+01-0.334562635E+01-0.334477854E+01-0.334405994E+01
-0.334346294E+01-0.334298086E+01-0.334260631E+01-0.334233212E+01-0.334215140E+01
-0.334205699E+01-0.334204173E+01-0.334209824E+01-0.334221935E+01-0.334239817E+01
-0.334262729E+01-0.334289980E+01-0.334320807E+01-0.334354544E+01-0.334390426E+01
-0.334427786E+01-0.334465861E+01-0.334503984E+01-0.334541392E+01-0.334577394E+01
-0.334611273E+01-0.334642291E+01-0.334669781E+01-0.334692979E+01-0.334711218E+01
-0.334723735E+01-0.334729838E+01-0.334728813E+01-0.334719968E+01-0.334702539E+01
 0.495661094E+05 0.488122461E+05 0.480577305E+05 0.473025586E+05 0.465467344E+05
 0.457902539E+05 0.450331211E+05 0.442753320E+05 0.435168906E+05 0.427577969E+05
 0.419980469E+05 0.412376406E+05 0.404765820E+05 0.397148711E+05 0.389525039E+05
 0.381894805E+05 0.374258047E+05 0.366614766E+05 0.358964922E+05 0.351308555E+05
 0.343645625E+05 0.335976133E+05 0.328300117E+05 0.320617578E+05 0.312928477E+05
 0.305232852E+05 0.297530664E+05 0.289821953E+05 0.282106680E+05 0.274384883E+05
 0.266656523E+05 0.258921641E+05 0.251180215E+05 0.243432227E+05 0.235677715E+05
 0.227916660E+05 0.220149043E+05 0.212374902E+05 0.204594219E+05 0.196806992E+05
 0.189013223E+05 0.181212910E+05 0.173406055E+05 0.165592656E+05 0.157772705E+05
 0.149946221E+05 0.142113193E+05 0.134273633E+05 0.126427520E+05 0.118574863E+05
 0.110715674E+05 0.102849932E+05 0.949776562E+04 0.870988379E+04 0.792134717E+04
 0.713215625E+04 0.634231152E+04 0.555181250E+04 0.476065918E+04 0.396885132E+04
 0.317638965E+04 0.238327344E+04 0.158950330E+04 0.795078735E+03 0.000000000E+00
-0.644381046E+01-0.618305159E+01-0.592745256E+01-0.567701340E+01-0.543173456E+01
-0.519161558E+01-0.495665693E+01-0.472685814E+01-0.450221920E+01-0.428274059E+01
-0.406842136E+01-0.385926270E+01-0.365526414E+01-0.345642519E+01-0.326274657E+01
-0.307422781E+01-0.289086914E+01-0.271267056E+01-0.253963184E+01-0.237175322E+01
-0.220903468E+01-0.205147624E+01-0.189907753E+01-0.175183904E+01-0.160976052E+01
-0.147284210E+01-0.134108365E+01-0.121448517E+01-0.109304667E+01-0.976768315E+00
-0.865649939E+00-0.759691536E+00-0.658893228E+00-0.563254893E+00-0.472776562E+00
-0.387458265E+00-0.307300001E+00-0.232301772E+00-0.162463546E+00-0.977853388E-01
-0.382671542E-01 0.160910096E-01 0.652891546E-01 0.109327272E+00 0.148205370E+00
 0.181923464E+00 0.210481524E+00 0.233879566E+00 0.252117574E+00 0.265195578E+00
 0.273113549E+00 0.275871515E+00 0.273469448E+00 0.265907377E+00 0.253185272E+00
 0.235303149E+00 0.212261006E+00 0.184058845E+00 0.150696665E+00 0.112174451E+00
 0.684922263E-01 0.196499825E-01-0.343522839E-01-0.935145691E-01-0.157836869E+00
-0.162382016E+06-0.162523000E+06-0.162663984E+06-0.162804969E+06-0.162945953E+06
-0.163086922E+06-0.163227906E+06-0.163368891E+06-0.163509875E+06-0.163650859E+06
-0.163791844E+06-0.163932828E+06-0.164073812E+06-0.164214797E+06-0.164355781E+06
-0.164496750E+06-0.164637734E+06-0.164778719E+06-0.164919703E+06-0.165060688E+06
-0.165201672E+06-0.165342656E+06-0.165483641E+06-0.165624625E+06-0.165765609E+06
-0.165906594E+06-0.166047562E+06-0.166188547E+06-0.166329531E+06-0.166470516E+06
-0.166611500E+06-0.166752484E+06-0.166893469E+06-0.167034453E+06-0.167175438E+06
-0.167316406E+06-0.167457391E+06-0.167598375E+06-0.167739359E+06-0.167880344E+06
-0.168021328E+06-0.168162312E+06-0.168303297E+06-0.168444281E+06-0.168585266E+06
-0.168726250E+06-0.168867219E+06-0.169008203E+06-0.169149188E+06-0.169290172E+06
-0.169431156E+06-0.169572141E+06-0.169713125E+06-0.169854109E+06-0.169995094E+06
-0.170136078E+06-0.170277047E+06-0.170418031E+06-0.170559016E+06-0.170700000E+06
-0.170840984E+06-0.170981969E+06-0.171122953E+06-0.171263938E+06-0.171404922E+06
 0.967623740E-01 0.899231881E-01 0.823955163E-01 0.741291568E-01 0.651809350E-01
 0.557092391E-01 0.459424332E-01 0.361337215E-01 0.283505004E-01 0.246993285E-01
 0.205862522E-01 0.140236914E-01 0.638054125E-02 0.110418652E-03-0.516660465E-02
-0.958989095E-02-0.131709203E-01-0.158475079E-01-0.174503624E-01-0.176216569E-01
-0.156633202E-01-0.139454203E-01-0.143013243E-01-0.162146818E-01-0.194759220E-01
-0.240653865E-01-0.301161204E-01-0.379356928E-01-0.480832569E-01-0.613400824E-01
-0.717596412E-01-0.773796737E-01-0.788146034E-01-0.757298321E-01-0.679470822E-01
-0.548374653E-01-0.386853404E-01-0.255680233E-01-0.145475417E-01-0.501395157E-02
 0.344149861E-02 0.111039858E-01 0.181762781E-01 0.248022992E-01 0.310830716E-01
 0.370884649E-01 0.428657867E-01 0.484458841E-01 0.538473427E-01 0.590794906E-01
 0.641445592E-01 0.690393820E-01 0.737568587E-01 0.782872140E-01 0.826192573E-01
 0.867415592E-01 0.906435251E-01 0.943163559E-01 0.977538228E-01 0.100952782E+00
 0.103913441E+00 0.106639333E+00 0.109137066E+00 0.111415863E+00 0.113487028E+00
 0.955419168E-01 0.876976773E-01 0.789385960E-01 0.691423565E-01 0.583057776E-01
 0.466113985E-01 0.356003828E-01 0.274887122E-01 0.227295961E-01 0.214304682E-01
 0.192980673E-01 0.151308924E-01 0.999467820E-02 0.502016814E-02 0.468319951E-03
-0.356946234E-02-0.702121761E-02-0.980426837E-02-0.118160499E-01-0.129453158E-01
-0.132066309E-01-0.135647235E-01-0.149190081E-01-0.173604600E-01-0.209147707E-01
-0.256628431E-01-0.317806527E-01-0.395879038E-01-0.496397093E-01-0.626686737E-01
-0.729886144E-01-0.785848424E-01-0.799774081E-01-0.770042390E-01-0.693672076E-01
-0.563394539E-01-0.403675810E-01-0.272097308E-01-0.160010885E-01-0.616608607E-02
 0.266826642E-02 0.107573867E-01 0.182823762E-01 0.253737848E-01 0.321258344E-01
 0.386056863E-01 0.448598042E-01 0.509185232E-01 0.567993410E-01 0.625093877E-01
 0.680473968E-01 0.734053701E-01 0.785701349E-01 0.835249797E-01 0.882513002E-01
 0.927303508E-01 0.969449505E-01 0.100881070E+00 0.104529031E+00 0.107884392E+00
 0.110948235E+00 0.113727011E+00 0.116231874E+00 0.118477792E+00 0.120482415E+00
 0.961780995E-01 0.878507420E-01 0.783161819E-01 0.671602637E-01 0.542278029E-01
 0.432966575E-01 0.352597348E-01 0.302779488E-01 0.284752492E-01 0.270607360E-01
 0.247789249E-01 0.216288362E-01 0.179125909E-01 0.139701245E-01 0.100613665E-01
 0.635452010E-02 0.295444834E-02-0.776631132E-04-0.272398791E-02-0.503126252E-02
-0.714708678E-02-0.932189450E-02-0.118211685E-01-0.148402499E-01-0.185069609E-01
-0.229169466E-01-0.281569399E-01-0.343054757E-01-0.413844883E-01-0.489976220E-01
-0.552137606E-01-0.587378889E-01-0.593049340E-01-0.567906164E-01-0.511072613E-01
-0.423540697E-01-0.319280364E-01-0.217936933E-01-0.123140067E-01-0.346126454E-02
 0.485231681E-02 0.127199525E-01 0.202252734E-01 0.274381079E-01 0.344139300E-01
 0.411945917E-01 0.478094481E-01 0.542764179E-01 0.606030039E-01 0.667871386E-01
 0.728180259E-01 0.786771625E-01 0.843395516E-01 0.897754580E-01 0.949525535E-01
 0.998385772E-01 0.104404174E+00 0.108625591E+00 0.112486906E+00 0.115981430E+00
 0.119112097E+00 0.121890835E+00 0.124337047E+00 0.126475647E+00 0.128334805E+00
 0.991974622E-01 0.911755636E-01 0.820055827E-01 0.713773742E-01 0.596243665E-01
 0.510532558E-01 0.461943410E-01 0.429091789E-01 0.398017094E-01 0.366712064E-01
 0.333717242E-01 0.298502352E-01 0.261447709E-01 0.223461725E-01 0.185568575E-01
 0.148651097E-01 0.113340132E-01 0.799713936E-02 0.485513452E-02 0.187209656E-02
-0.102444412E-02-0.393381482E-02-0.696212891E-02-0.102010006E-01-0.137138721E-01
-0.175282042E-01-0.216244422E-01-0.259111281E-01-0.301781408E-01-0.340453945E-01
-0.369961858E-01-0.385455489E-01-0.383742750E-01-0.363443457E-01-0.324950479E-01
-0.270704497E-01-0.205159336E-01-0.133331055E-01-0.589727797E-02 0.157964451E-02
 0.899768807E-02 0.163189303E-01 0.235368200E-01 0.306589957E-01 0.376977585E-01
 0.446646512E-01 0.515672415E-01 0.584070794E-01 0.651782379E-01 0.718662217E-01
 0.784471259E-01 0.848873407E-01 0.911438987E-01 0.971660316E-01 0.102898084E+00
 0.108283840E+00 0.113271795E+00 0.117820486E+00 0.121902891E+00 0.125509098E+00
 0.128646761E+00 0.131339297E+00 0.133622289E+00 0.135538936E+00 0.137135550E+00
 0.104581542E+00 0.975545272E-01 0.896606296E-01 0.809637681E-01 0.722308084E-01
 0.658164173E-01 0.603518225E-01 0.554938056E-01 0.510143228E-01 0.467518046E-01
 0.425966755E-01 0.384873003E-01 0.344040096E-01 0.303577371E-01 0.263759494E-01
 0.224899389E-01 0.187254492E-01 0.150966430E-01 0.116028078E-01 0.822752435E-02
 0.494076777E-02 0.170434290E-02-0.151988550E-02-0.476049352E-02-0.802718382E-02
-0.113018649E-01-0.145293530E-01-0.176076759E-01-0.203812104E-01-0.226448607E-01
-0.241679996E-01-0.247353818E-01-0.241879448E-01-0.224493071E-01-0.195367895E-01
-0.155582167E-01-0.106904181E-01-0.513942773E-02 0.902137137E-03 0.728110084E-02
 0.138890352E-01 0.206553806E-01 0.275371484E-01 0.345094986E-01 0.415583365E-01
 0.486747883E-01 0.558509491E-01 0.630764738E-01 0.703355372E-01 0.776038393E-01
 0.848456323E-01 0.920109302E-01 0.990335345E-01 0.105831057E+00 0.112308443E+00
 0.118365794E+00 0.123909481E+00 0.128864124E+00 0.133182213E+00 0.136849761E+00
 0.139886811E+00 0.142342776E+00 0.144287273E+00 0.145799100E+00 0.146956399E+00
 0.112096310E+00 0.106479220E+00 0.993664116E-01 0.918907002E-01 0.847379342E-01
 0.781053379E-01 0.720213652E-01 0.664018393E-01 0.611437857E-01 0.561563075E-01
 0.513689369E-01 0.467333943E-01 0.422220379E-01 0.378239937E-01 0.335398316E-01
 0.293760169E-01 0.253400616E-01 0.214369614E-01 0.176671464E-01 0.140260952E-01
 0.105055971E-01 0.709661981E-02 0.379342516E-02 0.598445709E-03-0.247264048E-02
-0.538615417E-02-0.808655471E-02-0.104944240E-01-0.125077954E-01-0.140085239E-01
-0.148743074E-01-0.149946762E-01-0.142870629E-01-0.127087478E-01-0.102620795E-01
-0.699219946E-02-0.297764759E-02 0.168401049E-02 0.689153234E-02 0.125521766E-01
 0.185885746E-01 0.249406751E-01 0.315644108E-01 0.384288058E-01 0.455125645E-01
 0.528007336E-01 0.602814555E-01 0.679427460E-01 0.757689029E-01 0.837361962E-01
 0.918072462E-01 0.999237224E-01 0.107997611E+00 0.115903437E+00 0.123477578E+00
 0.130532712E+00 0.136887088E+00 0.142395779E+00 0.146971479E+00 0.150595009E+00
 0.153317660E+00 0.155251831E+00 0.156545877E+00 0.157351986E+00 0.157803103E+00
 0.119385235E+00 0.114759319E+00 0.108223505E+00 0.101124212E+00 0.942826942E-01
 0.877356455E-01 0.814979374E-01 0.755592808E-01 0.698916689E-01 0.644606128E-01
 0.592334047E-01 0.541835651E-01 0.492925495E-01 0.445494987E-01 0.399498269E-01
 0.354932547E-01 0.311818346E-01 0.270183850E-01 0.230055749E-01 0.191458184E-01
 0.154420156E-01 0.118990652E-01 0.852598064E-02 0.533833774E-02 0.236073951E-02
-0.371102680E-03-0.280911569E-02-0.489296112E-02-0.655202474E-02-0.770970155E-02
-0.829000864E-02-0.822596531E-02-0.746829109E-02-0.599088427E-02-0.379185961E-02
-0.891729724E-03 0.267101685E-02 0.684608985E-02 0.115780877E-01 0.168124679E-01
 0.224999618E-01 0.285991561E-01 0.350774862E-01 0.419110805E-01 0.490838476E-01
 0.565862060E-01 0.644135028E-01 0.725640878E-01 0.810368210E-01 0.898273066E-01
 0.989216566E-01 0.108285487E+00 0.117843419E+00 0.127442226E+00 0.136801347E+00
 0.145515993E+00 0.153185323E+00 0.159529135E+00 0.164393917E+00 0.167741895E+00
 0.169679195E+00 0.170486405E+00 0.170536667E+00 0.170142263E+00 0.169507623E+00
 0.125654548E+00 0.121642970E+00 0.115503408E+00 0.108725771E+00 0.102086976E+00
 0.956120417E-01 0.893200934E-01 0.832199976E-01 0.773117840E-01 0.715896338E-01
 0.660450831E-01 0.606697015E-01 0.554567687E-01 0.504021011E-01 0.455041528E-01
 0.407637209E-01 0.361834466E-01 0.317673907E-01 0.275208429E-01 0.234504398E-01
 0.195646770E-01 0.158747360E-01 0.123956045E-01 0.914728642E-02 0.615599519E-02
 0.345508405E-02 0.108554494E-02-0.904131331E-03-0.245890836E-02-0.351917231E-02
-0.402419502E-02-0.391863938E-02-0.316695520E-02-0.175676646E-02 0.309999916E-03
 0.301948260E-02 0.634876359E-02 0.102688977E-01 0.147479875E-01 0.197541006E-01
 0.252577830E-01 0.312339943E-01 0.376634337E-01 0.445333645E-01 0.518380776E-01
 0.595791750E-01 0.677658096E-01 0.764149949E-01 0.855519995E-01 0.952107534E-01
 0.105433963E+00 0.116272114E+00 0.127778962E+00 0.139996946E+00 0.152821600E+00
 0.164767548E+00 0.174634203E+00 0.182267249E+00 0.187532574E+00 0.190263227E+00
 0.190278351E+00 0.188244328E+00 0.185927212E+00 0.183659256E+00 0.181527659E+00
 0.131093919E+00 0.127476737E+00 0.121693969E+00 0.115149729E+00 0.108643979E+00
 0.102207556E+00 0.958669707E-01 0.896429569E-01 0.835504457E-01 0.775993988E-01
 0.717960671E-01 0.661444142E-01 0.606473424E-01 0.553076454E-01 0.501285829E-01
 0.451142676E-01 0.402698182E-01 0.356015116E-01 0.311169401E-01 0.268252660E-01
 0.227376129E-01 0.188675653E-01 0.152317612E-01 0.118505210E-01 0.874844007E-02
 0.595490914E-02 0.350456592E-02 0.143776706E-02-0.198570677E-03-0.134898012E-02
-0.194447394E-02-0.189044792E-02-0.115380110E-02 0.231885191E-03 0.225166115E-02
 0.488714501E-02 0.811924785E-02 0.119286356E-01 0.162960514E-01 0.212031696E-01
 0.266337618E-01 0.325749591E-01 0.390184298E-01 0.459615476E-01 0.534085520E-01
 0.613718778E-01 0.698738471E-01 0.789490119E-01 0.886476338E-01 0.990409628E-01
 0.110229835E+00 0.122359335E+00 0.135645866E+00 0.150429666E+00 0.166945085E+00
 0.182100296E+00 0.194299176E+00 0.203489482E+00 0.209550872E+00 0.212127149E+00
 0.211039051E+00 0.206176594E+00 0.200997829E+00 0.196550384E+00 0.192780569E+00
 0.136058748E+00 0.132717296E+00 0.127177089E+00 0.120764680E+00 0.114303149E+00
 0.107836120E+00 0.101400338E+00 0.950277299E-01 0.887442753E-01 0.825701952E-01
 0.765208751E-01 0.706080571E-01 0.648410171E-01 0.592275374E-01 0.537747331E-01
 0.484896265E-01 0.433796011E-01 0.384527594E-01 0.337182321E-01 0.291864630E-01
 0.248695109E-01 0.207813401E-01 0.169381145E-01 0.133584542E-01 0.100636184E-01
 0.707763480E-02 0.442733942E-02 0.214235066E-02 0.254928658E-03-0.120041799E-02
-0.218800525E-02-0.226616324E-02-0.138934958E-02 0.594483208E-04 0.213091238E-02
 0.479228143E-02 0.802645925E-02 0.118223755E-01 0.161702558E-01 0.210612342E-01
 0.264880601E-01 0.324460790E-01 0.389343128E-01 0.459566377E-01 0.535231791E-01
 0.616519973E-01 0.703712851E-01 0.797223747E-01 0.897640288E-01 0.100578666E+00
 0.112281561E+00 0.125034556E+00 0.139065474E+00 0.154690340E+00 0.172308803E+00
 0.190142661E+00 0.204513371E+00 0.215280667E+00 0.222467974E+00 0.226019844E+00
 0.225519612E+00 0.220812157E+00 0.213166967E+00 0.206875935E+00 0.201814562E+00
 0.140917048E+00 0.137819409E+00 0.132296100E+00 0.125877246E+00 0.119333051E+00
 0.112720497E+00 0.106096543E+00 0.995068699E-01 0.929861888E-01 0.865604654E-01
 0.802492574E-01 0.740675554E-01 0.680273026E-01 0.621384867E-01 0.564099997E-01
 0.508503057E-01 0.454679355E-01 0.402718745E-01 0.352718830E-01 0.304787531E-01
 0.259045120E-01 0.215625744E-01 0.174678192E-01 0.136365648E-01 0.100864219E-01
 0.683600735E-02 0.390459225E-02 0.131172931E-02-0.923407497E-03-0.278329034E-02
-0.386099052E-02-0.413564453E-02-0.359125086E-02-0.222694012E-02 0.442336132E-04
 0.282211625E-02 0.612632791E-02 0.997095369E-02 0.143571151E-01 0.192829166E-01
 0.247467775E-01 0.307486840E-01 0.372911021E-01 0.443800054E-01 0.520260185E-01
 0.602458157E-01 0.690638497E-01 0.785145834E-01 0.886453316E-01 0.995200202E-01
 0.111223899E+00 0.123869285E+00 0.137601644E+00 0.152604938E+00 0.169106230E+00
 0.187292010E+00 0.203110099E+00 0.215158835E+00 0.223530173E+00 0.228255317E+00
 0.229438156E+00 0.226643384E+00 0.219822347E+00 0.212676749E+00 0.207216904E+00
 0.145829052E+00 0.142886251E+00 0.137415677E+00 0.130796298E+00 0.123934925E+00
 0.116984271E+00 0.110031374E+00 0.103126831E+00 0.963031277E-01 0.895827934E-01
 0.829824284E-01 0.765149295E-01 0.701908246E-01 0.640192628E-01 0.580086596E-01
 0.521672107E-01 0.465032868E-01 0.410257429E-01 0.357441641E-01 0.306690522E-01
 0.258119572E-01 0.211855490E-01 0.168035775E-01 0.126806498E-01 0.883175712E-02
 0.527141429E-02 0.201265281E-02-0.932678115E-03-0.355403172E-02-0.546536734E-02
-0.665237149E-02-0.709638605E-02-0.677485531E-02-0.565889711E-02-0.370343192E-02
-0.852507481E-03 0.249819341E-02 0.641369354E-02 0.108703552E-01 0.158613436E-01
 0.213864464E-01 0.274471249E-01 0.340459794E-01 0.411872528E-01 0.488775298E-01
 0.571264550E-01 0.659475401E-01 0.753589347E-01 0.853841454E-01 0.960525796E-01
 0.107399575E+00 0.119465545E+00 0.132293895E+00 0.145928055E+00 0.160411954E+00
 0.175819516E+00 0.191398069E+00 0.203388974E+00 0.212220997E+00 0.218119174E+00
 0.220974207E+00 0.221019611E+00 0.217878938E+00 0.212281242E+00 0.208083421E+00
 0.152586296E+00 0.150300607E+00 0.143560007E+00 0.135715976E+00 0.128068194E+00
 0.120537400E+00 0.113118581E+00 0.105817072E+00 0.986398235E-01 0.915937051E-01
 0.846851841E-01 0.779203549E-01 0.713051558E-01 0.648455396E-01 0.585476980E-01
 0.524182469E-01 0.464643911E-01 0.406940840E-01 0.351161398E-01 0.297403783E-01
 0.245777220E-01 0.196403097E-01 0.149415694E-01 0.104961600E-01 0.631943904E-02
 0.242535141E-02-0.118045870E-02-0.449347170E-02-0.714870496E-02-0.913912710E-02
-0.104518430E-01-0.110694561E-01-0.109709734E-01-0.101323687E-01-0.852763839E-02
-0.613374868E-02-0.294102286E-02 0.115544582E-02 0.573172141E-02 0.108127128E-01
 0.164173655E-01 0.225505866E-01 0.292133987E-01 0.364060104E-01 0.441284552E-01
 0.523807555E-01 0.611627847E-01 0.704738423E-01 0.803117082E-01 0.906708091E-01
 0.101539090E+00 0.112892590E+00 0.124686144E+00 0.136836931E+00 0.149192274E+00
 0.161459208E+00 0.173080340E+00 0.183334440E+00 0.191782504E+00 0.198273927E+00
 0.202788547E+00 0.205401629E+00 0.206335142E+00 0.206085846E+00 0.205356494E+00
 0.157603368E+00 0.155696586E+00 0.148150697E+00 0.139429510E+00 0.131070524E+00
 0.122977607E+00 0.115097903E+00 0.107402362E+00 0.998751819E-01 0.925079137E-01
 0.852964446E-01 0.782394037E-01 0.713373870E-01 0.645924881E-01 0.580080748E-01
 0.515886582E-01 0.453398302E-01 0.392682515E-01 0.333816372E-01 0.276888050E-01
 0.221997593E-01 0.169259235E-01 0.118806856E-01 0.708071841E-02 0.254918309E-02
-0.167644024E-02-0.562359951E-02-0.895587448E-02-0.116730556E-01-0.137660997E-01
-0.152203385E-01-0.160171930E-01-0.161351468E-01-0.155502278E-01-0.142360460E-01
-0.121630542E-01-0.929518882E-02-0.557894912E-02-0.949185516E-03 0.417729467E-02
 0.986667164E-02 0.160908122E-01 0.228382293E-01 0.301026609E-01 0.378770679E-01
 0.461520925E-01 0.549152903E-01 0.641501024E-01 0.738342181E-01 0.839371160E-01
 0.944163576E-01 0.105212189E+00 0.116239779E+00 0.127378628E+00 0.138459757E+00
 0.149255827E+00 0.159489363E+00 0.168875188E+00 0.177180335E+00 0.184259474E+00
 0.190059826E+00 0.194617957E+00 0.198058054E+00 0.200578928E+00 0.202410206E+00
 0.159389764E+00 0.157500863E+00 0.150082126E+00 0.141081959E+00 0.132370114E+00
 0.123923019E+00 0.115709364E+00 0.107703008E+00 0.998840779E-01 0.922382995E-01
 0.847559869E-01 0.774310753E-01 0.702603832E-01 0.632430613E-01 0.563801751E-01
 0.496744551E-01 0.431300588E-01 0.367524326E-01 0.305481646E-01 0.245248303E-01
 0.186908133E-01 0.130550005E-01 0.762622664E-02 0.241213781E-02-0.258341851E-02
-0.702026486E-02-0.109422226E-01-0.143197542E-01-0.171312559E-01-0.193565823E-01
-0.209748037E-01-0.219636485E-01-0.222995244E-01-0.219576936E-01-0.209123325E-01
-0.191364344E-01-0.166016016E-01-0.132785859E-01-0.914212316E-02-0.418157596E-02
 0.171549746E-02 0.809283648E-02 0.149674136E-01 0.223478563E-01 0.302253570E-01
 0.385836735E-01 0.474013612E-01 0.566512384E-01 0.662990063E-01 0.763012692E-01
 0.866030306E-01 0.971344858E-01 0.107807457E+00 0.118512146E+00 0.129115447E+00
 0.139463440E+00 0.149390250E+00 0.158733591E+00 0.167352930E+00 0.175144449E+00
 0.182049379E+00 0.188055933E+00 0.193195671E+00 0.197533593E+00 0.201152891E+00
 0.159446701E+00 0.157533526E+00 0.149919197E+00 0.140768826E+00 0.131884128E+00
 0.123246603E+00 0.114833646E+00 0.106622949E+00 0.985952616E-01 0.907353312E-01
 0.830318853E-01 0.754771829E-01 0.680664703E-01 0.607975535E-01 0.536703765E-01
 0.466867425E-01 0.398500711E-01 0.331651978E-01 0.266381856E-01 0.202761237E-01
 0.140868882E-01 0.807880145E-02 0.226018112E-02-0.336129195E-02-0.844826084E-02
-0.130128944E-01-0.170596782E-01-0.205785446E-01-0.235524513E-01-0.259604231E-01
-0.277790204E-01-0.289832931E-01-0.295474734E-01-0.294455085E-01-0.286514014E-01
-0.271393135E-01-0.248834118E-01-0.218573418E-01-0.180329382E-01-0.133761512E-01
-0.783497468E-02-0.134531513E-02 0.564502180E-02 0.131910676E-01 0.212461967E-01
 0.297790077E-01 0.387606621E-01 0.481579304E-01 0.579310209E-01 0.680323765E-01
 0.784053579E-01 0.889828727E-01 0.996861830E-01 0.110424288E+00 0.121094704E+00
 0.131585956E+00 0.141782418E+00 0.151570693E+00 0.160846904E+00 0.169522852E+00
 0.177530333E+00 0.184822947E+00 0.191375300E+00 0.197180092E+00 0.202243954E+00
 0.157612175E+00 0.155591831E+00 0.147792548E+00 0.138580516E+00 0.129647657E+00
 0.120953448E+00 0.112465337E+00 0.104156956E+00 0.960083082E-01 0.880047679E-01
 0.801359192E-01 0.723947436E-01 0.647769943E-01 0.572807454E-01 0.499060862E-01
 0.426549092E-01 0.355307348E-01 0.285385679E-01 0.216847528E-01 0.149768470E-01
 0.842343457E-02 0.203392794E-02-0.418167235E-02-0.989733916E-02-0.151232928E-01
-0.198608302E-01-0.241030883E-01-0.278353970E-01-0.310371108E-01-0.336834155E-01
-0.357468762E-01-0.371987186E-01-0.380099155E-01-0.381520279E-01-0.375978351E-01
-0.363217108E-01-0.342996679E-01-0.315091237E-01-0.279282965E-01-0.235354118E-01
-0.183086712E-01-0.122307250E-01-0.529926596E-02 0.259739393E-02 0.109586436E-01
 0.197832249E-01 0.290596019E-01 0.387559459E-01 0.488311984E-01 0.592380501E-01
 0.699231625E-01 0.808266550E-01 0.918816030E-01 0.103013873E+00 0.114142589E+00
 0.125181317E+00 0.136039898E+00 0.146626800E+00 0.156851441E+00 0.166626364E+00
 0.175868794E+00 0.184501752E+00 0.192455053E+00 0.199666411E+00 0.206083462E+00
 0.153455809E+00 0.151176617E+00 0.143570960E+00 0.134489730E+00 0.125697911E+00
 0.117111281E+00 0.108680256E+00 0.100378715E+00 0.921916962E-01 0.841098726E-01
 0.761271939E-01 0.682398602E-01 0.604458861E-01 0.527449325E-01 0.451382138E-01
 0.376284719E-01 0.302199721E-01 0.229184926E-01 0.157312881E-01 0.866706762E-02
 0.173592754E-02-0.505072949E-02-0.113801491E-01-0.172632262E-01-0.227006804E-01
-0.276842788E-01-0.321979672E-01-0.362190306E-01-0.397195071E-01-0.426676981E-01
-0.450296812E-01-0.467707627E-01-0.478567965E-01-0.482553057E-01-0.479364060E-01
-0.468734130E-01-0.450431257E-01-0.424257405E-01-0.390043445E-01-0.347639918E-01
-0.296903197E-01-0.237672273E-01-0.169716217E-01-0.925963558E-02-0.571912329E-03
 0.860033836E-02 0.182977524E-01 0.284500886E-01 0.390043296E-01 0.499125086E-01
 0.611264519E-01 0.725953653E-01 0.842646733E-01 0.960754231E-01 0.107964039E+00
 0.119862147E+00 0.131696388E+00 0.143388078E+00 0.154852375E+00 0.165997237E+00
 0.176722124E+00 0.186917156E+00 0.196463928E+00 0.205239117E+00 0.213121846E+00
 0.146867707E+00 0.144011214E+00 0.136846185E+00 0.128530875E+00 0.120220728E+00
 0.111924738E+00 0.103662908E+00 0.954459831E-01 0.872795060E-01 0.791662559E-01
 0.711075962E-01 0.631044060E-01 0.551576950E-01 0.472690947E-01 0.394411869E-01
 0.316777639E-01 0.239840206E-01 0.163667165E-01 0.883427542E-02 0.139688153E-02
-0.593347335E-02-0.128582865E-01-0.193902235E-01-0.255305115E-01-0.312700979E-01
-0.365908109E-01-0.414665714E-01-0.458647236E-01-0.497475304E-01-0.530737676E-01
-0.558004268E-01-0.578844026E-01-0.592841171E-01-0.599609800E-01-0.598806441E-01
-0.590138733E-01-0.573370941E-01-0.548324138E-01-0.514872111E-01-0.472931899E-01
-0.422449522E-01-0.363381207E-01-0.295672528E-01-0.219245963E-01-0.134038171E-01
-0.401054043E-02 0.637296261E-02 0.171821062E-01 0.283956658E-01 0.399839468E-01
 0.519125536E-01 0.641438887E-01 0.766376778E-01 0.893509835E-01 0.102237791E+00
 0.115248092E+00 0.128326401E+00 0.141409278E+00 0.154421762E+00 0.167272374E+00
 0.179846808E+00 0.192001283E+00 0.203557670E+00 0.214305177E+00 0.224013686E+00
 0.139536917E+00 0.136080980E+00 0.129477337E+00 0.121765934E+00 0.113844804E+00
 0.105803743E+00 0.977038369E-01 0.895792767E-01 0.814488977E-01 0.733231157E-01
 0.652077422E-01 0.571062490E-01 0.490211844E-01 0.409551039E-01 0.329112001E-01
 0.248937868E-01 0.169086177E-01 0.896318443E-02 0.106692361E-02-0.676857773E-02
-0.142597407E-01-0.214222129E-01-0.282590128E-01-0.347614475E-01-0.409100763E-01
-0.466757603E-01-0.520209186E-01-0.569009446E-01-0.612658821E-01-0.650622621E-01
-0.682351217E-01-0.707300901E-01-0.724954307E-01-0.734839886E-01-0.736548007E-01
-0.729744062E-01-0.714176297E-01-0.689677745E-01-0.656162128E-01-0.613613762E-01
-0.562070385E-01-0.501600802E-01-0.432277508E-01-0.354143977E-01-0.267174616E-01
-0.171206146E-01-0.657863589E-02 0.497479597E-02 0.169637036E-01 0.293630976E-01
 0.421468690E-01 0.552886315E-01 0.687622428E-01 0.825419873E-01 0.966021866E-01
 0.110916175E+00 0.125454292E+00 0.140180513E+00 0.155046925E+00 0.169985116E+00
 0.184892803E+00 0.199614197E+00 0.213913411E+00 0.227448314E+00 0.239774004E+00
 0.133145407E+00 0.129424825E+00 0.122684106E+00 0.114914402E+00 0.107035682E+00
 0.990729481E-01 0.910476670E-01 0.829761252E-01 0.748687238E-01 0.667312816E-01
 0.585667081E-01 0.503764376E-01 0.421615094E-01 0.339233465E-01 0.256643258E-01
 0.173882358E-01 0.910060387E-02 0.809020130E-03-0.747658918E-02-0.154879475E-01
-0.232452340E-01-0.307550076E-01-0.380107835E-01-0.449936278E-01-0.516729169E-01
-0.580072850E-01-0.639458448E-01-0.694297552E-01-0.743940994E-01-0.787701085E-01
-0.824876055E-01-0.854776278E-01-0.876751095E-01-0.890213922E-01-0.894664675E-01
-0.889707282E-01-0.875061527E-01-0.850566849E-01-0.816178396E-01-0.771954879E-01
-0.718038082E-01-0.654624403E-01-0.581930205E-01-0.500150248E-01-0.409409553E-01
-0.309708100E-01-0.200860593E-01-0.824562646E-02 0.461935438E-02 0.179330800E-01
 0.316747688E-01 0.458272547E-01 0.603778623E-01 0.753191635E-01 0.906491578E-01
 0.106370911E+00 0.122491546E+00 0.139020234E+00 0.155964315E+00 0.173322141E+00
 0.191069722E+00 0.209135234E+00 0.227347180E+00 0.245307431E+00 0.262079358E+00
 0.126567662E+00 0.122595780E+00 0.115528911E+00 0.107647181E+00 0.997323617E-01
 0.917802006E-01 0.837878585E-01 0.757509768E-01 0.676642582E-01 0.595221519E-01
 0.513194613E-01 0.430518501E-01 0.347162373E-01 0.263110753E-01 0.178365838E-01
 0.929496717E-02 0.690635003E-03-0.796954613E-02-0.164325312E-01-0.247247759E-01
-0.328584947E-01-0.408318117E-01-0.486289300E-01-0.562203825E-01-0.635635257E-01
-0.706033558E-01-0.772737116E-01-0.834989697E-01-0.891962200E-01-0.942779034E-01
-0.986548960E-01-0.102239832E+00-0.104950607E+00-0.106713668E+00-0.107467100E+00
-0.107163034E+00-0.105769284E+00-0.103270091E+00-0.996656939E-01-0.949709117E-01
-0.892125890E-01-0.824262053E-01-0.746515766E-01-0.659280345E-01-0.562891029E-01
-0.457568876E-01-0.343363881E-01-0.220098551E-01-0.873070490E-02 0.558349118E-02
 0.203553177E-01 0.355738811E-01 0.512373708E-01 0.673561171E-01 0.839529559E-01
 0.101063840E+00 0.118739009E+00 0.137044787E+00 0.156065777E+00 0.175907284E+00
 0.196698084E+00 0.218593150E+00 0.241775781E+00 0.266433865E+00 0.291395634E+00
 0.119083069E+00 0.114809543E+00 0.107666254E+00 0.996980369E-01 0.917697549E-01
 0.838566497E-01 0.759299994E-01 0.679625720E-01 0.599308833E-01 0.518158078E-01
 0.436023884E-01 0.352793857E-01 0.268388037E-01 0.182755198E-01 0.958704203E-02
 0.773405540E-03-0.816279929E-02-0.169829074E-01-0.257212240E-01-0.343977213E-01
-0.430177785E-01-0.515718348E-01-0.600350797E-01-0.683673099E-01-0.765131190E-01
-0.844024718E-01-0.919519141E-01-0.990663543E-01-0.105641589E+00-0.111567482E+00
-0.116731822E+00-0.121024534E+00-0.124342233E+00-0.126592651E+00-0.127698720E+00
-0.127601862E+00-0.126264408E+00-0.123670615E+00-0.119826369E+00-0.114757426E+00
-0.108506329E+00-0.101128116E+00-0.926851481E-01-0.832412541E-01-0.728555173E-01
-0.615759678E-01-0.494332984E-01-0.364346765E-01-0.225575864E-01-0.774334837E-02
 0.811027363E-02 0.244140550E-01 0.411668010E-01 0.583956912E-01 0.761469454E-01
 0.944856480E-01 0.113499396E+00 0.133304417E+00 0.154054344E+00 0.175952837E+00
 0.199272364E+00 0.224384353E+00 0.251813352E+00 0.282351494E+00 0.314426363E+00
 0.110616200E+00 0.106013224E+00 0.987407491E-01 0.907800943E-01 0.829647705E-01
 0.752199441E-01 0.674754158E-01 0.596752279E-01 0.517773442E-01 0.437509790E-01
 0.355738401E-01 0.272299498E-01 0.187080614E-01 0.100005791E-01 0.110287219E-02
-0.798711646E-02-0.170429740E-01-0.261076503E-01-0.352103934E-01-0.443661138E-01
-0.535745434E-01-0.628193170E-01-0.720670968E-01-0.812669843E-01-0.903502554E-01
-0.992306769E-01-0.107805610E+00-0.115957879E+00-0.123558670E+00-0.130471379E+00
-0.136556298E+00-0.141676068E+00-0.145701483E+00-0.148517311E+00-0.150027752E+00
-0.150160924E+00-0.148872152E+00-0.146145537E+00-0.141993672E+00-0.136455595E+00
-0.129592896E+00-0.121484362E+00-0.112219542E+00-0.101891555E+00-0.905895755E-01
-0.783914402E-01-0.653563961E-01-0.515183769E-01-0.368797965E-01-0.214061588E-01
-0.502266502E-02 0.123838931E-01 0.301439613E-01 0.483358465E-01 0.670309886E-01
 0.863120258E-01 0.106284097E+00 0.127085000E+00 0.148897082E+00 0.171963096E+00
 0.196608052E+00 0.223267823E+00 0.252521217E+00 0.285109371E+00 0.320205390E+00
 0.100632384E+00 0.956318825E-01 0.881661400E-01 0.805255994E-01 0.731570944E-01
 0.658590496E-01 0.585086197E-01 0.510311015E-01 0.433793850E-01 0.355224423E-01
 0.274390932E-01 0.191145223E-01 0.105382726E-01 0.170289550E-02-0.739689311E-02
-0.165428687E-01-0.257859323E-01-0.351648517E-01-0.447052866E-01-0.544185005E-01
-0.642998591E-01-0.743272752E-01-0.844596773E-01-0.946358368E-01-0.104773551E+00
-0.114769630E+00-0.124500766E+00-0.133825481E+00-0.142587379E+00-0.150619701E+00
-0.157751083E+00-0.163812339E+00-0.168643862E+00-0.172103181E+00-0.174072102E+00
-0.174462721E+00-0.173221782E+00-0.170332968E+00-0.165816754E+00-0.159727812E+00
-0.152150273E+00-0.143190920E+00-0.132971227E+00-0.121618420E+00-0.109256417E+00
-0.959968492E-01-0.819305554E-01-0.671194270E-01-0.515881591E-01-0.353148431E-01
-0.182176549E-01-0.131751178E-03 0.183696095E-01 0.372870415E-01 0.566538125E-01
 0.765313208E-01 0.970086530E-01 0.118206076E+00 0.140282348E+00 0.163446471E+00
 0.187975988E+00 0.214245275E+00 0.242770880E+00 0.274278551E+00 0.308213741E+00
 0.869869217E-01 0.809903741E-01 0.748419911E-01 0.687116608E-01 0.624866858E-01
 0.560419224E-01 0.493316501E-01 0.423322320E-01 0.350284800E-01 0.274092890E-01
 0.194660053E-01 0.111918552E-01 0.258180941E-02-0.636845129E-02-0.154422550E-01
-0.246956721E-01-0.341753885E-01-0.439173654E-01-0.539451502E-01-0.642678440E-01
-0.748778880E-01-0.857487917E-01-0.968328789E-01-0.108059362E+00-0.119332999E+00
-0.130533516E+00-0.141516164E+00-0.152113765E+00-0.162140161E+00-0.171395615E+00
-0.179673657E+00-0.186769411E+00-0.192488894E+00-0.196658581E+00-0.199134558E+00
-0.199810296E+00-0.198622480E+00-0.195554093E+00-0.190634370E+00-0.183935791E+00
-0.175568029E+00-0.165669724E+00-0.154398471E+00-0.141920045E+00-0.128397554E+00
-0.113980994E+00-0.987978727E-01-0.829448774E-01-0.664807707E-01-0.494203418E-01
-0.317295790E-01-0.133235389E-01 0.592835480E-02 0.254663751E-01 0.453033745E-01
 0.654827133E-01 0.860671327E-01 0.107136317E+00 0.128787726E+00 0.151138932E+00
 0.174330905E+00 0.198533967E+00 0.223963365E+00 0.250948608E+00 0.279473364E+00
 0.723506063E-01 0.649977177E-01 0.608418360E-01 0.568724982E-01 0.520323738E-01
 0.465525389E-01 0.405438431E-01 0.340607390E-01 0.271307733E-01 0.197673142E-01
 0.119757932E-01 0.375794922E-02-0.488223275E-02-0.137197077E-01-0.228105579E-01
-0.322058089E-01-0.419494845E-01-0.520763509E-01-0.626094416E-01-0.735572875E-01
-0.849109963E-01-0.966411531E-01-0.108694904E+00-0.120993227E+00-0.133428842E+00
-0.145865127E+00-0.158136263E+00-0.170049086E+00-0.181386977E+00-0.191915855E+00
-0.201392204E+00-0.209573209E+00-0.216227859E+00-0.221148983E+00-0.224164486E+00
-0.225147337E+00-0.224022955E+00-0.220773160E+00-0.215436473E+00-0.208104417E+00
-0.198914245E+00-0.188038826E+00-0.175674587E+00-0.162028566E+00-0.147305608E+00
-0.131696373E+00-0.115366966E+00-0.984503031E-01-0.810394064E-01-0.631825328E-01
-0.448800549E-01-0.260833111E-01-0.669591641E-02 0.134216370E-01 0.335811339E-01
 0.538484231E-01 0.742691234E-01 0.948799923E-01 0.115710080E+00 0.136775345E+00
 0.158065677E+00 0.179518297E+00 0.200961262E+00 0.221989170E+00 0.241757140E+00
 0.622199997E-01 0.543853417E-01 0.506812409E-01 0.473348908E-01 0.431779735E-01
 0.383122303E-01 0.328146107E-01 0.267388243E-01 0.201190636E-01 0.129742725E-01
 0.531013636E-02-0.288345618E-02-0.113446917E-01-0.201195069E-01-0.292582177E-01
-0.388097800E-01-0.488180555E-01-0.593186729E-01-0.703358874E-01-0.818792507E-01
-0.939400271E-01-0.106487490E+00-0.119465180E+00-0.132787481E+00-0.146336854E+00
-0.159961969E+00-0.173477530E+00-0.186665893E+00-0.199281126E+00-0.211055651E+00
-0.221709475E+00-0.230961829E+00-0.238544524E+00-0.244216129E+00-0.247775733E+00
-0.249075070E+00-0.248027563E+00-0.244613469E+00-0.238880277E+00-0.230938479E+00
-0.220952943E+00-0.209130883E+00-0.195707634E+00-0.180931404E+00-0.165048391E+00
-0.148289219E+00-0.130857348E+00-0.112919793E+00-0.946001485E-01-0.759734660E-01
-0.570621416E-01-0.378313176E-01-0.181807559E-01 0.207343465E-02 0.223142188E-01
 0.425011627E-01 0.626207516E-01 0.826607794E-01 0.102596954E+00 0.122381464E+00
 0.141928717E+00 0.161095887E+00 0.179658026E+00 0.197285652E+00 0.213548541E+00
 0.555229485E-01 0.474675931E-01 0.434667394E-01 0.402525924E-01 0.363461785E-01
 0.317712836E-01 0.265602469E-01 0.207417645E-01 0.143381096E-01 0.736562302E-02
-0.161614938E-03-0.822243840E-02-0.165955853E-01-0.253513064E-01-0.345503762E-01
-0.442470647E-01-0.544887744E-01-0.653140992E-01-0.767499432E-01-0.888080224E-01
-0.101480938E+00-0.114737913E+00-0.128520444E+00-0.142738238E+00-0.157265648E+00
-0.171939388E+00-0.186557636E+00-0.200881615E+00-0.214639634E+00-0.227534235E+00
-0.239252493E+00-0.249479070E+00-0.257911503E+00-0.264276564E+00-0.268346220E+00
-0.269952029E+00-0.268995702E+00-0.265455306E+00-0.259386122E+00-0.250915617E+00
-0.240233779E+00-0.227579117E+00-0.213222474E+00-0.197449580E+00-0.180544227E+00
-0.162773192E+00-0.144373551E+00-0.125543013E+00-0.106432952E+00-0.871441811E-01
-0.677247569E-01-0.481696501E-01-0.284228008E-01-0.838440005E-02 0.120666884E-01
 0.322045125E-01 0.520468839E-01 0.715785250E-01 0.907599777E-01 0.109526619E+00
 0.127783656E+00 0.145400196E+00 0.162205294E+00 0.177990228E+00 0.192521706E+00
 0.507227890E-01 0.425030105E-01 0.384920910E-01 0.352935046E-01 0.314610079E-01
 0.270017665E-01 0.219267756E-01 0.162458420E-01 0.996459648E-02 0.308210636E-02
-0.441269856E-02-0.122734234E-01-0.205387324E-01-0.292599220E-01-0.384916998E-01
-0.482874364E-01-0.586957820E-01-0.697574541E-01-0.815017596E-01-0.939426869E-01
-0.107074536E+00-0.120867223E+00-0.135261461E+00-0.150164112E+00-0.165444121E+00
-0.180929586E+00-0.196406588E+00-0.211620361E+00-0.226279423E+00-0.240063101E+00
-0.252632439E+00-0.263644487E+00-0.272769153E+00-0.279707193E+00-0.284208208E+00
-0.286086619E+00-0.285233855E+00-0.281625420E+00-0.275321960E+00-0.266463935E+00
-0.255260885E+00-0.241976157E+00-0.226908773E+00-0.210374370E+00-0.192686796E+00
-0.174141720E+00-0.155003145E+00-0.135493234E+00-0.115785420E+00-0.960004181E-01
-0.762043297E-01-0.564079471E-01-0.365656726E-01-0.165711213E-01 0.375762419E-02
 0.237570889E-01 0.433495529E-01 0.624836572E-01 0.811076313E-01 0.991576016E-01
 0.116552211E+00 0.133190751E+00 0.148954317E+00 0.163710847E+00 0.177324176E+00
 0.477345251E-01 0.394237675E-01 0.354745276E-01 0.322343297E-01 0.283871572E-01
 0.239501633E-01 0.189286973E-01 0.133224335E-01 0.712722912E-02 0.336069294E-03
-0.706035923E-02-0.148221906E-01-0.230115242E-01-0.316888578E-01-0.409131758E-01
-0.507404916E-01-0.612216070E-01-0.723992661E-01-0.843047127E-01-0.969537497E-01
-0.110342152E+00-0.124440774E+00-0.139190421E+00-0.154496849E+00-0.170226350E+00
-0.186202481E+00-0.202204540E+00-0.217968568E+00-0.233191356E+00-0.247538209E+00
-0.260654151E+00-0.272179008E+00-0.281764984E+00-0.289095998E+00-0.293906689E+00
-0.295999676E+00-0.295258731E+00-0.291656405E+00-0.285255462E+00-0.276203483E+00
-0.264721364E+00-0.251087368E+00-0.235617831E+00-0.218647063E+00-0.200507954E+00
-0.181514710E+00-0.161948904E+00-0.142048985E+00-0.122003630E+00-0.101948015E+00
-0.819630027E-01-0.620762408E-01-0.422649905E-01-0.224612039E-01-0.256161741E-02
 0.175477583E-01 0.370428599E-01 0.559319891E-01 0.741927922E-01 0.917816535E-01
 0.108638138E+00 0.124688342E+00 0.139848575E+00 0.154030323E+00 0.167146549E+00
 0.468809903E-01 0.386345349E-01 0.343605429E-01 0.309369229E-01 0.269794632E-01
 0.225045960E-01 0.174982790E-01 0.119419098E-01 0.581866829E-02-0.886226189E-03
-0.818602741E-02-0.158535056E-01-0.239545461E-01-0.325529464E-01-0.417099111E-01
-0.514828786E-01-0.619236045E-01-0.730755851E-01-0.849707872E-01-0.976256803E-01
-0.111036777E+00-0.125175625E+00-0.139983639E+00-0.155367047E+00-0.171192273E+00
-0.187282622E+00-0.203416571E+00-0.219328672E+00-0.234713465E+00-0.249233052E+00
-0.262528598E+00-0.274235249E+00-0.283999979E+00-0.291501194E+00-0.296468228E+00
-0.298698634E+00-0.298072100E+00-0.294558138E+00-0.288217962E+00-0.279198945E+00
-0.267723471E+00-0.254072517E+00-0.238566354E+00-0.221544191E+00-0.203344420E+00
-0.184287235E+00-0.164660424E+00-0.144708842E+00-0.124627665E+00-0.104558803E+00
-0.845900476E-01-0.647560582E-01-0.450402275E-01-0.253764298E-01-0.564886769E-02
 0.143137649E-01 0.336473025E-01 0.523368455E-01 0.703556165E-01 0.876640230E-01
 0.104210868E+00 0.119935788E+00 0.134772554E+00 0.148653224E+00 0.161512867E+00
 0.477898084E-01 0.399172828E-01 0.349218771E-01 0.310270619E-01 0.269603785E-01
 0.224850457E-01 0.175242461E-01 0.120378556E-01 0.599953718E-02-0.610591844E-03
-0.780882267E-02-0.153663056E-01-0.233491100E-01-0.318205468E-01-0.408408642E-01
-0.504662804E-01-0.607472435E-01-0.717260018E-01-0.834334195E-01-0.958852097E-01
-0.109077528E+00-0.122982159E+00-0.137541503E+00-0.152663603E+00-0.168217808E+00
-0.184031382E+00-0.199888065E+00-0.215528741E+00-0.230655372E+00-0.244938329E+00
-0.258027375E+00-0.269566208E+00-0.279209763E+00-0.286643118E+00-0.291600376E+00
-0.293881685E+00-0.293366492E+00-0.290021598E+00-0.283902764E+00-0.275149971E+00
-0.263976455E+00-0.250653267E+00-0.235490516E+00-0.218817666E+00-0.200964332E+00
-0.182243317E+00-0.162936524E+00-0.143284693E+00-0.123480409E+00-0.103664584E+00
-0.839253291E-01-0.642987564E-01-0.447706804E-01-0.252781752E-01-0.570924813E-02
 0.141030876E-01 0.332929939E-01 0.518435426E-01 0.697265789E-01 0.869019628E-01
 0.103318930E+00 0.118918575E+00 0.133637190E+00 0.147410169E+00 0.160176411E+00
 0.473905802E-01 0.392213278E-01 0.351412781E-01 0.318759903E-01 0.280772429E-01
 0.237680059E-01 0.189378951E-01 0.135695562E-01 0.764551805E-02 0.114886637E-02
-0.593692716E-02-0.133664878E-01-0.212021023E-01-0.295022726E-01-0.383226573E-01
-0.477153324E-01-0.577270575E-01-0.683968216E-01-0.797527358E-01-0.918084085E-01
-0.104558729E+00-0.117975369E+00-0.132002100E+00-0.146550208E+00-0.161494479E+00
-0.176670179E+00-0.191871792E+00-0.206853807E+00-0.221334502E+00-0.235002756E+00
-0.247528449E+00-0.258575886E+00-0.267819941E+00-0.274963379E+00-0.279754549E+00
-0.282002985E+00-0.281591922E+00-0.278485686E+00-0.272731602E+00-0.264455587E+00
-0.253852576E+00-0.241172105E+00-0.226701245E+00-0.210746288E+00-0.193614781E+00
-0.175599515E+00-0.156965107E+00-0.137937918E+00-0.118699111E+00-0.993808582E-01
-0.800648704E-01-0.607830733E-01-0.415198542E-01-0.222166777E-01-0.278165750E-02
 0.168864131E-01 0.359583683E-01 0.544358492E-01 0.722918138E-01 0.894804448E-01
 0.105942242E+00 0.121607773E+00 0.136401579E+00 0.150246546E+00 0.163069069E+00
 0.491285808E-01 0.410427153E-01 0.371286012E-01 0.341301598E-01 0.305701196E-01
 0.264526810E-01 0.217816439E-01 0.165552609E-01 0.107669029E-01 0.440424029E-02
-0.255425065E-02-0.985448807E-02-0.175351650E-01-0.256415680E-01-0.342208296E-01
-0.433187298E-01-0.529768988E-01-0.632299706E-01-0.741024166E-01-0.856050551E-01
-0.977311656E-01-0.110452406E+00-0.123714581E+00-0.137433648E+00-0.151492193E+00
-0.165736943E+00-0.179977790E+00-0.193988711E+00-0.207511351E+00-0.220261306E+00
-0.231937513E+00-0.242234260E+00-0.250855476E+00-0.257530361E+00-0.262028635E+00
-0.264174759E+00-0.263858825E+00-0.261043251E+00-0.255764693E+00-0.248130381E+00
-0.238309845E+00-0.226522401E+00-0.213022113E+00-0.198081419E+00-0.181975111E+00
-0.164965585E+00-0.147290438E+00-0.129152700E+00-0.110713951E+00-0.920898691E-01
-0.733477101E-01-0.545049384E-01-0.355274938E-01-0.163247902E-01 0.326548144E-02
 0.225638412E-01 0.414788350E-01 0.599467605E-01 0.779059231E-01 0.952863619E-01
 0.112006240E+00 0.127971739E+00 0.143079519E+00 0.157221511E+00 0.170291752E+00
 0.522816442E-01 0.443367325E-01 0.408706740E-01 0.380522460E-01 0.346467346E-01
 0.306670777E-01 0.261231828E-01 0.210244618E-01 0.153779304E-01 0.918799452E-02
 0.245805946E-02-0.480447384E-02-0.123787755E-01-0.203096252E-01-0.286414158E-01
-0.374163613E-01-0.466723144E-01-0.564402267E-01-0.667413175E-01-0.775839388E-01
-0.889601707E-01-0.100842290E+00-0.113179155E+00-0.125892878E+00-0.138875917E+00
-0.151989162E+00-0.165061340E+00-0.177890033E+00-0.190245032E+00-0.201873988E+00
-0.212510556E+00-0.221884832E+00-0.229735598E+00-0.235823542E+00-0.239944443E+00
-0.241940960E+00-0.241712108E+00-0.239219010E+00-0.234486610E+00-0.227600902E+00
-0.218701988E+00-0.207973704E+00-0.195630848E+00-0.181905255E+00-0.167031690E+00
-0.151234925E+00-0.134718433E+00-0.117655203E+00-0.100180954E+00-0.823893696E-01
-0.643293187E-01-0.460039489E-01-0.273721758E-01-0.835557468E-02 0.111398408E-01
 0.303679500E-01 0.493247695E-01 0.679734424E-01 0.862543955E-01 0.104086600E+00
 0.121366486E+00 0.137967184E+00 0.153740346E+00 0.168521911E+00 0.182142973E+00
 0.576570630E-01 0.499782376E-01 0.464347601E-01 0.437239334E-01 0.403930135E-01
 0.364658907E-01 0.319718532E-01 0.269366261E-01 0.213802680E-01 0.153173711E-01
 0.875828136E-02 0.171039335E-02-0.582193304E-02-0.136200273E-01-0.217273757E-01
-0.301845782E-01-0.390274338E-01-0.482846871E-01-0.579754785E-01-0.681067184E-01
-0.786702782E-01-0.896401033E-01-0.100969344E+00-0.112587661E+00-0.124399059E+00
-0.136280432E+00-0.148081392E+00-0.159625351E+00-0.170712635E+00-0.181125268E+00
-0.190634042E+00-0.199007109E+00-0.206020221E+00-0.211467549E+00-0.215172440E+00
-0.216997191E+00-0.216850683E+00-0.214693263E+00-0.210538268E+00-0.204449877E+00
-0.196537688E+00-0.186948314E+00-0.175854966E+00-0.163445845E+00-0.149912298E+00
-0.135437593E+00-0.120186754E+00-0.104298145E+00-0.878764242E-01-0.709870830E-01
-0.536517575E-01-0.358433090E-01-0.174781047E-01 0.160105387E-02 0.207488462E-01
 0.398974493E-01 0.590025894E-01 0.780175775E-01 0.968801081E-01 0.115502603E+00
 0.133763120E+00 0.151496798E+00 0.168490499E+00 0.184485003E+00 0.199191034E+00
 0.647813231E-01 0.574318506E-01 0.540273301E-01 0.513075441E-01 0.478890389E-01
 0.438568480E-01 0.392783768E-01 0.341993645E-01 0.286495239E-01 0.226478111E-01
 0.162061416E-01 0.933173299E-02 0.202838425E-02-0.570278103E-02-0.136352694E-01
-0.218105372E-01-0.302648954E-01-0.390272588E-01-0.481163412E-01-0.575389005E-01
-0.672878101E-01-0.773399174E-01-0.876538903E-01-0.981681496E-01-0.108799331E+00
-0.119441345E+00-0.129965410E+00-0.140221328E+00-0.150040016E+00-0.159237832E+00
-0.167622134E+00-0.174998507E+00-0.181178778E+00-0.185989767E+00-0.189281777E+00
-0.190936327E+00-0.190872237E+00-0.189049542E+00-0.185470805E+00-0.180179581E+00
-0.173256218E+00-0.164811298E+00-0.154977322E+00-0.143899351E+00-0.131725207E+00
-0.118595868E+00-0.104636699E+00-0.899495333E-01-0.746059865E-01-0.586418994E-01
-0.420530215E-01-0.247928724E-01-0.677584531E-02 0.121044349E-01 0.311333034E-01
 0.503442511E-01 0.697449446E-01 0.893250257E-01 0.109053217E+00 0.128867790E+00
 0.148660526E+00 0.168253243E+00 0.187367156E+00 0.205595195E+00 0.222406417E+00
 0.743310452E-01 0.674888492E-01 0.642213970E-01 0.610434525E-01 0.571465567E-01
 0.527315661E-01 0.478790849E-01 0.426264033E-01 0.369923636E-01 0.309869070E-01
 0.246152468E-01 0.178798120E-01 0.107811708E-01 0.331839221E-02-0.451088045E-02
-0.124645876E-01-0.205839574E-01-0.289033260E-01-0.374416821E-01-0.462061092E-01
-0.551914237E-01-0.643785372E-01-0.737327486E-01-0.832021832E-01-0.927167162E-01
-0.102187417E+00-0.111506835E+00-0.120550163E+00-0.129177570E+00-0.137237579E+00
-0.144571722E+00-0.151020125E+00-0.156427860E+00-0.160651699E+00-0.163566679E+00
-0.165072009E+00-0.165095866E+00-0.163598374E+00-0.160572737E+00-0.156044111E+00
-0.150066465E+00-0.142717570E+00-0.134092495E+00-0.124296106E+00-0.113435119E+00
-0.101610035E+00-0.889073610E-01-0.753923208E-01-0.611018538E-01-0.460375771E-01
-0.301574580E-01-0.133633800E-01 0.452188496E-02 0.228685886E-01 0.416537337E-01
 0.608926713E-01 0.806153491E-01 0.100855723E+00 0.121644065E+00 0.142996982E+00
 0.164900109E+00 0.187274948E+00 0.209909096E+00 0.232303560E+00 0.253419638E+00
 0.882024765E-01 0.826994404E-01 0.775015056E-01 0.725913271E-01 0.677009746E-01
 0.626577139E-01 0.573986322E-01 0.518932045E-01 0.461238883E-01 0.400795341E-01
 0.337526239E-01 0.271378830E-01 0.202314090E-01 0.130299581E-01 0.552991079E-02
-0.227479450E-02-0.101247001E-01-0.180867929E-01-0.261642877E-01-0.343617015E-01
-0.426770411E-01-0.510969609E-01-0.595947094E-01-0.681288913E-01-0.766427889E-01
-0.850642025E-01-0.933058783E-01-0.101266608E+00-0.108833209E+00-0.115883246E+00
-0.122288726E+00-0.127920359E+00-0.132652506E+00-0.136368185E+00-0.138964146E+00
-0.140355214E+00-0.140477985E+00-0.139293045E+00-0.136785865E+00-0.132966056E+00
-0.127864972E+00-0.121531926E+00-0.114029154E+00-0.105425917E+00-0.957919955E-01
-0.851910114E-01-0.736736804E-01-0.612713993E-01-0.479901806E-01-0.338053033E-01
-0.186570603E-01-0.244839047E-02 0.149546405E-01 0.328583606E-01 0.513532385E-01
 0.705211684E-01 0.904510245E-01 0.111246184E+00 0.133029282E+00 0.155946493E+00
 0.180172205E+00 0.205916584E+00 0.233444676E+00 0.263161421E+00 0.295046806E+00
 0.999915078E-01 0.952306762E-01 0.896257311E-01 0.839354768E-01 0.783997178E-01
 0.728847682E-01 0.672995225E-01 0.615857542E-01 0.557061471E-01 0.496364087E-01
 0.433606207E-01 0.368686058E-01 0.301544853E-01 0.232162159E-01 0.160560887E-01
 0.868305191E-02 0.111892377E-02-0.666369824E-02-0.144178383E-01-0.221712403E-01
-0.299398974E-01-0.377207920E-01-0.454970188E-01-0.532381199E-01-0.609005019E-01
-0.684277266E-01-0.757511035E-01-0.827907026E-01-0.894569531E-01-0.956528336E-01
-0.101276673E+00-0.106225461E+00-0.110398494E+00-0.113701165E+00-0.116048671E+00
-0.117369279E+00-0.117606945E+00-0.116723083E+00-0.114697196E+00-0.111526296E+00
-0.107223175E+00-0.101813503E+00-0.953319371E-01-0.878174007E-01-0.793077648E-01
-0.698340833E-01-0.594144538E-01-0.480477102E-01-0.357069112E-01-0.223331396E-01
-0.783116277E-02 0.792792998E-02 0.243715607E-01 0.415279642E-01 0.594623871E-01
 0.782679021E-01 0.980662256E-01 0.119013689E+00 0.141311377E+00 0.165220425E+00
 0.191085115E+00 0.219368264E+00 0.250707388E+00 0.285997093E+00 0.324561477E+00
 0.109764725E+00 0.105453357E+00 0.999709889E-01 0.942302719E-01 0.885482058E-01
 0.828717873E-01 0.771528333E-01 0.713518932E-01 0.654389337E-01 0.593920909E-01
 0.531960279E-01 0.468405187E-01 0.403194949E-01 0.336303376E-01 0.267733857E-01
 0.197511725E-01 0.125664016E-01 0.521566346E-02-0.230722409E-02-0.971568096E-02
-0.170685276E-01-0.243535060E-01-0.315611251E-01-0.386694893E-01-0.456468239E-01
-0.524510145E-01-0.590301491E-01-0.653232113E-01-0.712611973E-01-0.767688528E-01
-0.817668363E-01-0.861741975E-01-0.899111181E-01-0.929016545E-01-0.950764790E-01
-0.963751748E-01-0.967482179E-01-0.961581916E-01-0.945802629E-01-0.920017660E-01
-0.884208903E-01-0.838444456E-01-0.782848671E-01-0.717564225E-01-0.642708242E-01
-0.558321625E-01-0.464311577E-01-0.360381678E-01-0.245940890E-01-0.119966222E-01
 0.192386587E-02 0.165823046E-01 0.319914706E-01 0.481970645E-01 0.652735233E-01
 0.833240002E-01 0.102484353E+00 0.122931235E+00 0.144894913E+00 0.168678209E+00
 0.194683552E+00 0.223449171E+00 0.255690426E+00 0.292325735E+00 0.332354397E+00
 0.118420824E+00 0.114484303E+00 0.109317623E+00 0.103732288E+00 0.981227979E-01
 0.924746245E-01 0.867694467E-01 0.809897631E-01 0.751204193E-01 0.691492036E-01
 0.630669072E-01 0.568671636E-01 0.505462922E-01 0.441030972E-01 0.375387222E-01
 0.308565330E-01 0.240621027E-01 0.171637889E-01 0.101759853E-01 0.312584569E-02
-0.401679287E-02-0.109668737E-01-0.177764446E-01-0.244232696E-01-0.308892913E-01
-0.371457525E-01-0.431565978E-01-0.488780886E-01-0.542590469E-01-0.592426434E-01
-0.637682229E-01-0.677731633E-01-0.711949542E-01-0.739731789E-01-0.760514215E-01
-0.773789138E-01-0.779118836E-01-0.776144341E-01-0.764589384E-01-0.744256824E-01
-0.715018362E-01-0.676798075E-01-0.629548430E-01-0.573221147E-01-0.507732704E-01
-0.432925001E-01-0.348522812E-01-0.254088864E-01-0.148981474E-01-0.323262857E-02
 0.969604682E-02 0.232360847E-01 0.374781862E-01 0.525020584E-01 0.683933347E-01
 0.852532163E-01 0.103205979E+00 0.122407131E+00 0.143054038E+00 0.165401071E+00
 0.189782605E+00 0.216650620E+00 0.246644735E+00 0.280744255E+00 0.317058355E+00
 0.126582280E+00 0.123015150E+00 0.118111178E+00 0.112733923E+00 0.107273601E+00
 0.101732887E+00 0.961134881E-01 0.904154778E-01 0.846375674E-01 0.787777603E-01
 0.728340298E-01 0.668049455E-01 0.606900752E-01 0.544903800E-01 0.482084267E-01
 0.418486185E-01 0.354174562E-01 0.289238673E-01 0.223796237E-01 0.157990884E-01
 0.919627585E-02 0.259748311E-02-0.402920041E-02-0.103821000E-01-0.165110230E-01
-0.223896150E-01-0.280005764E-01-0.333185941E-01-0.383063108E-01-0.429219604E-01
-0.471205041E-01-0.508543849E-01-0.540754646E-01-0.567364842E-01-0.587921217E-01
-0.601999462E-01-0.609213375E-01-0.609222576E-01-0.601735674E-01-0.586507879E-01
-0.563332364E-01-0.532026589E-01-0.492413379E-01-0.444297455E-01-0.387437269E-01
-0.321512148E-01-0.246085804E-01-0.160567053E-01-0.641638786E-02 0.441741152E-02
 0.158867463E-01 0.280106608E-01 0.408309251E-01 0.544013605E-01 0.687855929E-01
 0.840576291E-01 0.100303471E+00 0.117623061E+00 0.136132404E+00 0.155965567E+00
 0.177276239E+00 0.200237453E+00 0.225034580E+00 0.251802683E+00 0.279042155E+00
 0.134489894E+00 0.131289229E+00 0.126649648E+00 0.121475525E+00 0.116159692E+00
 0.110727198E+00 0.105200842E+00 0.995965376E-01 0.939240903E-01 0.881890878E-01
 0.823946446E-01 0.765427575E-01 0.706352741E-01 0.646745786E-01 0.586640425E-01
 0.526084118E-01 0.465140603E-01 0.403892063E-01 0.342440344E-01 0.280906223E-01
 0.219427254E-01 0.158160720E-01 0.972568989E-02 0.369874900E-02-0.230150553E-02
-0.794884190E-02-0.133075910E-01-0.183867533E-01-0.231375974E-01-0.275317039E-01
-0.315395296E-01-0.351245664E-01-0.382508896E-01-0.408835076E-01-0.429876149E-01
-0.445283093E-01-0.454712063E-01-0.457840823E-01-0.454374366E-01-0.444041304E-01
-0.426584408E-01-0.401747525E-01-0.369259268E-01-0.328813978E-01-0.280047618E-01
-0.222506803E-01-0.155609362E-01-0.786195137E-02 0.939273508E-03 0.103117581E-01
 0.202770680E-01 0.308606140E-01 0.420938097E-01 0.540130511E-01 0.666582063E-01
 0.800708830E-01 0.942921788E-01 0.109359212E+00 0.125299424E+00 0.142120808E+00
 0.159794495E+00 0.178222671E+00 0.197175488E+00 0.216148436E+00 0.234041020E+00
 0.142414048E+00 0.139597073E+00 0.135249957E+00 0.130191237E+00 0.124914683E+00
 0.119511731E+00 0.114030525E+00 0.108495235E+00 0.102918267E+00 0.973060653E-01
 0.916621089E-01 0.859885663E-01 0.802873224E-01 0.745606273E-01 0.688115880E-01
 0.630444735E-01 0.572649539E-01 0.514802597E-01 0.456993245E-01 0.399328507E-01
 0.341933891E-01 0.284955315E-01 0.228561480E-01 0.172956362E-01 0.118371174E-01
 0.652485481E-02 0.135117548E-02-0.373514066E-02-0.839789398E-02-0.127007440E-01
-0.166524332E-01-0.202027690E-01-0.233291164E-01-0.260135811E-01-0.282348767E-01
-0.299650878E-01-0.311695691E-01-0.318167396E-01-0.318782032E-01-0.313269012E-01
-0.301351920E-01-0.282731839E-01-0.257073138E-01-0.223991666E-01-0.183042642E-01
-0.133690471E-01-0.751819741E-02-0.663692015E-03 0.667870091E-02 0.145338178E-01
 0.229257308E-01 0.318787172E-01 0.414175279E-01 0.515664518E-01 0.623474047E-01
 0.737769976E-01 0.858624205E-01 0.985957459E-01 0.111945905E+00 0.125847250E+00
 0.140183300E+00 0.154763907E+00 0.169296175E+00 0.183358133E+00 0.196406975E+00
 0.151455566E+00 0.149481148E+00 0.144645974E+00 0.139044255E+00 0.133522555E+00
 0.128016427E+00 0.122517787E+00 0.117023841E+00 0.111532636E+00 0.106042415E+00
 0.100551710E+00 0.950595289E-01 0.895656422E-01 0.840707421E-01 0.785766616E-01
 0.730865076E-01 0.676047578E-01 0.621373802E-01 0.566918962E-01 0.512774512E-01
 0.459048823E-01 0.405868292E-01 0.353378281E-01 0.301744454E-01 0.251151603E-01
 0.201801397E-01 0.153856697E-01 0.107508283E-01 0.631777802E-02 0.207457622E-02
-0.203962112E-02-0.565488124E-02-0.884570275E-02-0.116420863E-01-0.140491752E-01
-0.160473641E-01-0.175678246E-01-0.185799543E-01-0.190632734E-01-0.189971607E-01
-0.183567535E-01-0.171108153E-01-0.152203655E-01-0.126390001E-01-0.931894872E-02
-0.523535348E-02-0.253071572E-03 0.512843905E-02 0.109416768E-01 0.172120817E-01
 0.239626318E-01 0.312154386E-01 0.389916226E-01 0.473099090E-01 0.561840832E-01
 0.656194389E-01 0.756081492E-01 0.861235708E-01 0.971134976E-01 0.108492449E+00
 0.120133393E+00 0.131860211E+00 0.143443614E+00 0.154605433E+00 0.165037125E+00
 0.159417257E+00 0.158012077E+00 0.153164312E+00 0.147257790E+00 0.141547129E+00
 0.135965586E+00 0.130471215E+00 0.125038862E+00 0.119652636E+00 0.114301972E+00
 0.108979613E+00 0.103680655E+00 0.984020904E-01 0.931425542E-01 0.879022181E-01
 0.826827362E-01 0.774872005E-01 0.723201632E-01 0.671875924E-01 0.620969348E-01
 0.570570864E-01 0.520784296E-01 0.471728183E-01 0.423535518E-01 0.376352556E-01
 0.330336839E-01 0.285653584E-01 0.242484864E-01 0.201037116E-01 0.161493570E-01
 0.124103464E-01 0.894436520E-02 0.576388184E-02 0.285934866E-02 0.198871465E-03
-0.229210616E-02-0.420015864E-02-0.559708104E-02-0.650729099E-02-0.693091145E-02
-0.685248291E-02-0.624235068E-02-0.505226199E-02-0.320258294E-02-0.552099780E-03
 0.243076752E-02 0.583710335E-02 0.964580104E-02 0.138555802E-01 0.184758417E-01
 0.235225540E-01 0.290159024E-01 0.349781588E-01 0.414311290E-01 0.483927727E-01
 0.558729284E-01 0.638682172E-01 0.723564550E-01 0.812910050E-01 0.905958042E-01
 0.100161873E+00 0.109846428E+00 0.119475789E+00 0.128853351E+00 0.137772873E+00
 0.165690079E+00 0.164613649E+00 0.160020322E+00 0.154230595E+00 0.148594081E+00
 0.143093318E+00 0.137702987E+00 0.132401347E+00 0.127171099E+00 0.121998943E+00
 0.116874896E+00 0.111791790E+00 0.106744744E+00 0.101730853E+00 0.967489555E-01
 0.917994604E-01 0.868842155E-01 0.820064321E-01 0.771706477E-01 0.723826289E-01
 0.676493943E-01 0.629791394E-01 0.583812445E-01 0.538662001E-01 0.494455732E-01
 0.451319590E-01 0.409389548E-01 0.368813016E-01 0.329749659E-01 0.292370003E-01
 0.256865192E-01 0.223447848E-01 0.192271229E-01 0.163443945E-01 0.137082785E-01
 0.113430349E-01 0.931574963E-02 0.765144732E-02 0.636247965E-02 0.545913260E-02
 0.495329499E-02 0.485931942E-02 0.519285910E-02 0.596597884E-02 0.717260549E-02
 0.874808244E-02 0.106703797E-01 0.129267182E-01 0.155150201E-01 0.184433591E-01
 0.217290949E-01 0.253978632E-01 0.294820629E-01 0.340184122E-01 0.390441231E-01
 0.445916057E-01 0.506818146E-01 0.573169962E-01 0.644738674E-01 0.720983744E-01
 0.801033005E-01 0.883693397E-01 0.967502818E-01 0.105081849E+00 0.113193609E+00
 0.170897201E+00 0.170146346E+00 0.165625885E+00 0.160040662E+00 0.154610187E+00
 0.149310768E+00 0.144124687E+00 0.139034271E+00 0.134023830E+00 0.129080415E+00
 0.124193899E+00 0.119356677E+00 0.114563413E+00 0.109810673E+00 0.105096698E+00
 0.100421205E+00 0.957852155E-01 0.911909342E-01 0.866416767E-01 0.821417645E-01
 0.776964948E-01 0.733120814E-01 0.689956322E-01 0.647550598E-01 0.605991073E-01
 0.565372854E-01 0.525798649E-01 0.487378761E-01 0.450230874E-01 0.414479524E-01
 0.380255505E-01 0.347691886E-01 0.316915400E-01 0.288050827E-01 0.261236914E-01
 0.236647744E-01 0.214497838E-01 0.194949508E-01 0.178114232E-01 0.164069124E-01
 0.152868014E-01 0.144543573E-01 0.139099183E-01 0.136490194E-01 0.136598246E-01
 0.139225163E-01 0.144214304E-01 0.151473321E-01 0.160995908E-01 0.172881242E-01
 0.187352244E-01 0.204771236E-01 0.225648209E-01 0.250633191E-01 0.280481800E-01
 0.315984674E-01 0.357860774E-01 0.406627320E-01 0.462473333E-01 0.525163971E-01
 0.593997128E-01 0.667820722E-01 0.745111629E-01 0.824106708E-01 0.902965590E-01
 0.174714744E+00 0.174161553E+00 0.170053542E+00 0.164763212E+00 0.159625754E+00
 0.154621661E+00 0.149728060E+00 0.144925490E+00 0.140198603E+00 0.135535568E+00
 0.130927578E+00 0.126368195E+00 0.121852957E+00 0.117379017E+00 0.112944908E+00
 0.108550340E+00 0.104196027E+00 0.998836085E-01 0.956154987E-01 0.913948491E-01
 0.872254893E-01 0.831118375E-01 0.790589079E-01 0.750722215E-01 0.711578354E-01
 0.673222542E-01 0.635724589E-01 0.599158555E-01 0.563602485E-01 0.529137552E-01
 0.495847464E-01 0.463816784E-01 0.433129668E-01 0.403870456E-01 0.376125723E-01
 0.349984765E-01 0.325533599E-01 0.302838758E-01 0.281939637E-01 0.262846667E-01
 0.245540645E-01 0.229971260E-01 0.216054115E-01 0.203667916E-01 0.192655623E-01
 0.182837620E-01 0.174043477E-01 0.166142397E-01 0.159076415E-01 0.152899809E-01
 0.147827370E-01 0.144292060E-01 0.143007329E-01 0.145019079E-01 0.151715884E-01
 0.164751951E-01 0.185848437E-01 0.216496773E-01 0.257656947E-01 0.309546646E-01
 0.371553898E-01 0.442261621E-01 0.519581400E-01 0.601003766E-01 0.683932826E-01
 0.177474290E+00 0.177090332E+00 0.173292473E+00 0.168391272E+00 0.163668618E+00
 0.159069747E+00 0.154559329E+00 0.150117368E+00 0.145731851E+00 0.141395032E+00
 0.137101695E+00 0.132848382E+00 0.128632888E+00 0.124453992E+00 0.120311342E+00
 0.116205290E+00 0.112136774E+00 0.108107239E+00 0.104118578E+00 0.100173034E+00
 0.962731838E-01 0.924218670E-01 0.886221454E-01 0.848772973E-01 0.811907947E-01
 0.775662586E-01 0.740074962E-01 0.705184266E-01 0.671031103E-01 0.637656823E-01
 0.605103001E-01 0.573410466E-01 0.542618558E-01 0.512763970E-01 0.483879298E-01
 0.455990434E-01 0.429111794E-01 0.403240025E-01 0.378348008E-01 0.354380384E-01
 0.331249423E-01 0.308831464E-01 0.286963973E-01 0.265444051E-01 0.244030412E-01
 0.222450998E-01 0.200417936E-01 0.177649669E-01 0.153903393E-01 0.129023539E-01
 0.103014866E-01 0.761521235E-02 0.491397269E-02 0.233289716E-02 0.961901096E-04
-0.147101399E-02-0.197597989E-02-0.105105224E-02 0.155144138E-02 0.592184160E-02
 0.119953882E-01 0.195570141E-01 0.282477960E-01 0.376066118E-01 0.471684225E-01
 0.178845271E+00 0.178439483E+00 0.175056517E+00 0.170927048E+00 0.166848972E+00
 0.162784442E+00 0.158737049E+00 0.154710233E+00 0.150706217E+00 0.146726459E+00
 0.142772064E+00 0.138843983E+00 0.134943247E+00 0.131070971E+00 0.127228454E+00
 0.123417117E+00 0.119638488E+00 0.115894176E+00 0.112185784E+00 0.108514898E+00
 0.104883030E+00 0.101291575E+00 0.977417827E-01 0.942347720E-01 0.907714739E-01
 0.873527080E-01 0.839791372E-01 0.806513131E-01 0.773696899E-01 0.741346031E-01
 0.709462911E-01 0.678048059E-01 0.647099465E-01 0.616611205E-01 0.586570986E-01
 0.556957386E-01 0.527735427E-01 0.498851538E-01 0.470227785E-01 0.441755950E-01
 0.413291454E-01 0.384646952E-01 0.355586074E-01 0.325817391E-01 0.294989478E-01
 0.262687467E-01 0.228432752E-01 0.191687085E-01 0.151865035E-01 0.108362380E-01
 0.606130855E-02 0.819825509E-03-0.489502447E-02-0.110161863E-01-0.173230730E-01
-0.232686605E-01-0.277965926E-01-0.298546404E-01-0.289947968E-01-0.251366757E-01
-0.183693450E-01-0.895513222E-02 0.251736864E-02 0.149232475E-01 0.270815156E-01
 0.179468349E+00 0.178832129E+00 0.176306650E+00 0.173024446E+00 0.169579625E+00
 0.166043580E+00 0.162459880E+00 0.158852905E+00 0.155237123E+00 0.151621863E+00
 0.148013636E+00 0.144417390E+00 0.140837133E+00 0.137276292E+00 0.133737877E+00
 0.130224571E+00 0.126738653E+00 0.123282090E+00 0.119856425E+00 0.116462722E+00
 0.113101564E+00 0.109773010E+00 0.106476553E+00 0.103211135E+00 0.999751762E-01
 0.967665762E-01 0.935828313E-01 0.904210508E-01 0.872780532E-01 0.841504708E-01
 0.810347572E-01 0.779272467E-01 0.748240948E-01 0.717211515E-01 0.686138049E-01
 0.654966012E-01 0.623628609E-01 0.592041314E-01 0.560095273E-01 0.527649932E-01
 0.494524576E-01 0.460488982E-01 0.425252393E-01 0.388451330E-01 0.349634960E-01
 0.308247842E-01 0.263608973E-01 0.214886349E-01 0.161067080E-01 0.100924643E-01
 0.329893455E-02-0.444664387E-02-0.133411856E-01-0.236011185E-01-0.354672559E-01
-0.493055619E-01-0.610072762E-01-0.667305738E-01-0.674950108E-01-0.638385341E-01
-0.553417578E-01-0.424063019E-01-0.243832264E-01-0.510999607E-02 0.106161535E-01
 0.181076899E+00 0.180612057E+00 0.178275675E+00 0.175300345E+00 0.172236755E+00
 0.169101685E+00 0.165913612E+00 0.162688479E+00 0.159438953E+00 0.156174988E+00
 0.152904689E+00 0.149634883E+00 0.146371469E+00 0.143119648E+00 0.139883965E+00
 0.136668310E+00 0.133475885E+00 0.130309120E+00 0.127169639E+00 0.124058127E+00
 0.120974354E+00 0.117917076E+00 0.114884019E+00 0.111871883E+00 0.108876385E+00
 0.105892330E+00 0.102913730E+00 0.999339595E-01 0.969459563E-01 0.939423889E-01
 0.909158885E-01 0.878591686E-01 0.847651213E-01 0.816267803E-01 0.784372017E-01
 0.751891211E-01 0.718745440E-01 0.684840977E-01 0.650063232E-01 0.614267401E-01
 0.577268191E-01 0.538827889E-01 0.498642065E-01 0.456322394E-01 0.411375239E-01
 0.363173448E-01 0.310918223E-01 0.253585819E-01 0.189851075E-01 0.117977271E-01
 0.356595032E-02-0.601861905E-02-0.173669532E-01-0.310135633E-01-0.476238802E-01
-0.660617575E-01-0.786883011E-01-0.854349658E-01-0.867014676E-01-0.822438225E-01
-0.722121745E-01-0.556570813E-01-0.336694345E-01-0.142927505E-01 0.198535668E-02
 0.182720259E+00 0.182442784E+00 0.180296510E+00 0.177591741E+00 0.174837753E+00
 0.172035769E+00 0.169190854E+00 0.166309178E+00 0.163397655E+00 0.160463482E+00
 0.157514095E+00 0.154556885E+00 0.151599005E+00 0.148647159E+00 0.145707458E+00
 0.142785117E+00 0.139884442E+00 0.137008533E+00 0.134159282E+00 0.131337211E+00
 0.128541335E+00 0.125769183E+00 0.123016655E+00 0.120278038E+00 0.117546044E+00
 0.114811920E+00 0.112065636E+00 0.109296128E+00 0.106491692E+00 0.103640378E+00
 0.100730412E+00 0.977506042E-01 0.946906656E-01 0.915413499E-01 0.882944316E-01
 0.849424452E-01 0.814781711E-01 0.778939649E-01 0.741808265E-01 0.703273639E-01
 0.663186163E-01 0.621347278E-01 0.577494726E-01 0.531285070E-01 0.482272543E-01
 0.429881029E-01 0.373365916E-01 0.311758108E-01 0.243778918E-01 0.167702418E-01
 0.811216608E-02-0.194691285E-02-0.139423814E-01-0.287035722E-01-0.472092479E-01
-0.629781038E-01-0.736208856E-01-0.793062821E-01-0.799250752E-01-0.754321218E-01
-0.646935776E-01-0.469341092E-01-0.281889979E-01-0.120321494E-01 0.204901933E-02
 0.184157684E+00 0.184062168E+00 0.182216957E+00 0.179788470E+00 0.177334547E+00
 0.174849853E+00 0.172328934E+00 0.169769958E+00 0.167174876E+00 0.164548799E+00
 0.161899090E+00 0.159234390E+00 0.156563848E+00 0.153896362E+00 0.151240140E+00
 0.148602292E+00 0.145988539E+00 0.143403068E+00 0.140848354E+00 0.138324931E+00
 0.135831371E+00 0.133364007E+00 0.130916953E+00 0.128481895E+00 0.126048103E+00
 0.123602569E+00 0.121130191E+00 0.118614189E+00 0.116036721E+00 0.113379635E+00
 0.110625327E+00 0.107757613E+00 0.104762465E+00 0.101628542E+00 0.983473361E-01
 0.949129835E-01 0.913216174E-01 0.875704810E-01 0.836567283E-01 0.795761123E-01
 0.753216743E-01 0.708823949E-01 0.662419051E-01 0.613772497E-01 0.562575087E-01
 0.508423708E-01 0.450803451E-01 0.389065929E-01 0.322400630E-01 0.249796659E-01
 0.169988554E-01 0.813651644E-02-0.182655884E-02-0.133033944E-01-0.255695358E-01
-0.353139155E-01-0.422236621E-01-0.460043736E-01-0.465981513E-01-0.434560254E-01
-0.363802761E-01-0.248691253E-01-0.132190976E-01-0.201902841E-02 0.851602480E-02
 0.185452312E+00 0.185567141E+00 0.183940247E+00 0.181817487E+00 0.179698959E+00
 0.177555665E+00 0.175367877E+00 0.173126325E+00 0.170831069E+00 0.168488935E+00
 0.166110918E+00 0.163709983E+00 0.161299556E+00 0.158892423E+00 0.156500041E+00
 0.154132172E+00 0.151796564E+00 0.149498925E+00 0.147242621E+00 0.145028695E+00
 0.142855555E+00 0.140718803E+00 0.138610899E+00 0.136520952E+00 0.134434447E+00
 0.132333204E+00 0.130195558E+00 0.127996817E+00 0.125710234E+00 0.123308346E+00
 0.120764561E+00 0.118055031E+00 0.115160249E+00 0.112066269E+00 0.108765274E+00
 0.105255358E+00 0.101539567E+00 0.976243466E-01 0.935177207E-01 0.892273262E-01
 0.847587362E-01 0.801140592E-01 0.752909556E-01 0.702820867E-01 0.650749207E-01
 0.596520156E-01 0.539918952E-01 0.480709337E-01 0.418671370E-01 0.353677273E-01
 0.285849497E-01 0.215905271E-01 0.145937558E-01 0.809719507E-02 0.265563047E-02
-0.228863163E-02-0.625805603E-02-0.869544689E-02-0.936702732E-02-0.835213438E-02
-0.603640731E-02-0.187455630E-02 0.408441294E-02 0.109311501E-01 0.180876665E-01
 0.186257184E+00 0.186587051E+00 0.185309350E+00 0.183623567E+00 0.181954175E+00
 0.180225909E+00 0.178401783E+00 0.176473513E+00 0.174450681E+00 0.172352046E+00
 0.170200035E+00 0.168017417E+00 0.165825397E+00 0.163642704E+00 0.161485195E+00
 0.159365818E+00 0.157294676E+00 0.155279115E+00 0.153323874E+00 0.151430920E+00
 0.149599269E+00 0.147824556E+00 0.146098539E+00 0.144408390E+00 0.142736003E+00
 0.141057447E+00 0.139342606E+00 0.137555555E+00 0.135655791E+00 0.133600414E+00
 0.131347358E+00 0.128859118E+00 0.126106441E+00 0.123071022E+00 0.119746901E+00
 0.116140075E+00 0.112266541E+00 0.108149067E+00 0.103813611E+00 0.992858931E-01
 0.945888162E-01 0.897408575E-01 0.847554654E-01 0.796412975E-01 0.744031817E-01
 0.690436885E-01 0.635655671E-01 0.579751879E-01 0.522876903E-01 0.465344824E-01
 0.407737680E-01 0.351032428E-01 0.296681374E-01 0.246460419E-01 0.201987084E-01
 0.164572094E-01 0.135706170E-01 0.116954539E-01 0.109376414E-01 0.113297896E-01
 0.128570125E-01 0.154757258E-01 0.190575495E-01 0.233723652E-01 0.281642005E-01
 0.186070174E+00 0.186517462E+00 0.186067745E+00 0.185266808E+00 0.184306487E+00
 0.183103934E+00 0.181650281E+00 0.179984555E+00 0.178157151E+00 0.176217288E+00
 0.174209371E+00 0.172171578E+00 0.170135543E+00 0.168126673E+00 0.166164860E+00
 0.164265424E+00 0.162440032E+00 0.160697296E+00 0.159043297E+00 0.157481521E+00
 0.156012788E+00 0.154634565E+00 0.153340101E+00 0.152117059E+00 0.150945857E+00
 0.149797782E+00 0.148633286E+00 0.147400960E+00 0.146038324E+00 0.144475237E+00
 0.142640159E+00 0.140468523E+00 0.137911260E+00 0.134941310E+00 0.131556734E+00
 0.127779782E+00 0.123652041E+00 0.119226761E+00 0.114560567E+00 0.109706581E+00
 0.104710311E+00 0.996081904E-01 0.944280997E-01 0.891910419E-01 0.839134529E-01
 0.786097795E-01 0.732953772E-01 0.679897815E-01 0.627203211E-01 0.575261265E-01
 0.524618328E-01 0.475997590E-01 0.430286005E-01 0.388473719E-01 0.351569727E-01
 0.320542715E-01 0.296287443E-01 0.279560164E-01 0.270880945E-01 0.270460490E-01
 0.278174914E-01 0.293552130E-01 0.315759815E-01 0.343659446E-01 0.375954397E-01
 0.185759112E+00 0.186406016E+00 0.186921746E+00 0.187350810E+00 0.187579900E+00
 0.186788052E+00 0.185506612E+00 0.183900937E+00 0.182083175E+00 0.180140153E+00
 0.178141102E+00 0.176139936E+00 0.174176544E+00 0.172279313E+00 0.170468062E+00
 0.168756858E+00 0.167156115E+00 0.165674105E+00 0.164317623E+00 0.163092375E+00
 0.162002772E+00 0.161051199E+00 0.160236835E+00 0.159553543E+00 0.158986896E+00
 0.158509925E+00 0.158077717E+00 0.157621518E+00 0.157045051E+00 0.156227097E+00
 0.155034408E+00 0.153343052E+00 0.151060343E+00 0.148140043E+00 0.144589216E+00
 0.140466362E+00 0.135869652E+00 0.130915835E+00 0.125717923E+00 0.120370358E+00
 0.114944533E+00 0.109491184E+00 0.104045443E+00 0.986319631E-01 0.932693109E-01
 0.879736245E-01 0.827616006E-01 0.776531175E-01 0.726734698E-01 0.678552315E-01
 0.632393882E-01 0.588754602E-01 0.548201837E-01 0.511348136E-01 0.478815660E-01
 0.451197624E-01 0.429018922E-01 0.412695371E-01 0.402493142E-01 0.398496054E-01
 0.400586240E-01 0.408440307E-01 0.421543904E-01 0.439229235E-01 0.460732765E-01
 0.185977966E+00 0.186969742E+00 0.188112542E+00 0.189513847E+00 0.191137120E+00
 0.191492662E+00 0.190314740E+00 0.188375324E+00 0.186257660E+00 0.184064880E+00
 0.181888029E+00 0.179791942E+00 0.177813783E+00 0.175971910E+00 0.174274996E+00
 0.172727957E+00 0.171335012E+00 0.170101225E+00 0.169033170E+00 0.168139279E+00
 0.167429730E+00 0.166915953E+00 0.166609690E+00 0.166521013E+00 0.166654989E+00
 0.167005539E+00 0.167544752E+00 0.168204889E+00 0.168852374E+00 0.169266611E+00
 0.169162333E+00 0.168268815E+00 0.166398540E+00 0.163466588E+00 0.159494758E+00
 0.154621303E+00 0.149089262E+00 0.143174902E+00 0.137101203E+00 0.131010994E+00
 0.124985173E+00 0.119066976E+00 0.113279052E+00 0.107633717E+00 0.102138981E+00
 0.968022123E-01 0.916324481E-01 0.866419971E-01 0.818475038E-01 0.772706196E-01
 0.729381815E-01 0.688817725E-01 0.651366934E-01 0.617402904E-01 0.587298609E-01
 0.561402626E-01 0.540014058E-01 0.523358285E-01 0.511565171E-01 0.504652560E-01
 0.502516963E-01 0.504933707E-01 0.511567108E-01 0.521990359E-01 0.535713248E-01
 0.185996845E+00 0.187186852E+00 0.188606232E+00 0.190377355E+00 0.192599803E+00
 0.193958551E+00 0.194076806E+00 0.192915186E+00 0.190481529E+00 0.187696278E+00
 0.185123086E+00 0.182830885E+00 0.180801228E+00 0.179006204E+00 0.177424550E+00
 0.176042795E+00 0.174854532E+00 0.173859656E+00 0.173063844E+00 0.172478601E+00
 0.172121391E+00 0.172015935E+00 0.172192499E+00 0.172687903E+00 0.173545331E+00
 0.174812749E+00 0.176537529E+00 0.178750098E+00 0.181410432E+00 0.184196219E+00
 0.186204344E+00 0.186722234E+00 0.185503066E+00 0.182444721E+00 0.177518100E+00
 0.170876518E+00 0.163247198E+00 0.155560479E+00 0.148147777E+00 0.141070604E+00
 0.134323075E+00 0.127883062E+00 0.121727481E+00 0.115837097E+00 0.110197805E+00
 0.104800694E+00 0.996419564E-01 0.947226733E-01 0.900486261E-01 0.856300667E-01
 0.814812332E-01 0.776197314E-01 0.740655512E-01 0.708398968E-01 0.679637641E-01
 0.654563978E-01 0.633337423E-01 0.616069697E-01 0.602812096E-01 0.593546405E-01
 0.588180237E-01 0.586547181E-01 0.588412620E-01 0.593484417E-01 0.601427108E-01
 0.185572386E+00 0.186799988E+00 0.188158914E+00 0.189647615E+00 0.191252053E+00
 0.192914546E+00 0.194165200E+00 0.194168746E+00 0.192802250E+00 0.189957649E+00
 0.187097043E+00 0.184765607E+00 0.182815209E+00 0.181162775E+00 0.179761037E+00
 0.178583145E+00 0.177615598E+00 0.176854998E+00 0.176306695E+00 0.175984755E+00
 0.175912812E+00 0.176126748E+00 0.176675156E+00 0.177621558E+00 0.179050684E+00
 0.181077182E+00 0.183860183E+00 0.187630758E+00 0.192752689E+00 0.199777097E+00
 0.205015153E+00 0.207277119E+00 0.206921965E+00 0.203716680E+00 0.197536945E+00
 0.187941357E+00 0.176284999E+00 0.166363850E+00 0.157577693E+00 0.149603188E+00
 0.142248154E+00 0.135391504E+00 0.128954589E+00 0.122885048E+00 0.117147401E+00
 0.111717537E+00 0.106579639E+00 0.101724342E+00 0.971476063E-01 0.928499028E-01
 0.888353586E-01 0.851110518E-01 0.816860721E-01 0.785705969E-01 0.757748485E-01
 0.733080283E-01 0.711773038E-01 0.693868622E-01 0.679371208E-01 0.668241754E-01
 0.660394952E-01 0.655699149E-01 0.653979704E-01 0.655024275E-01 0.658590645E-01
 0.184785545E+00 0.186113223E+00 0.187398911E+00 0.188571870E+00 0.189604074E+00
 0.190490574E+00 0.191219836E+00 0.191751763E+00 0.191449761E+00 0.189421445E+00
 0.187143683E+00 0.185252085E+00 0.183664262E+00 0.182327911E+00 0.181212947E+00
 0.180300638E+00 0.179580897E+00 0.179051414E+00 0.178717792E+00 0.178594500E+00
 0.178706452E+00 0.179096356E+00 0.179821610E+00 0.180956036E+00 0.182600111E+00
 0.184891760E+00 0.188025817E+00 0.192288175E+00 0.198110715E+00 0.205994025E+00
 0.212091625E+00 0.214983493E+00 0.214988023E+00 0.211960241E+00 0.205665126E+00
 0.195588306E+00 0.183380708E+00 0.172985941E+00 0.163866609E+00 0.155649915E+00
 0.148113161E+00 0.141124442E+00 0.134602353E+00 0.128492728E+00 0.122756623E+00
 0.117364876E+00 0.112295575E+00 0.107532822E+00 0.103065744E+00 0.988877937E-01
 0.949959382E-01 0.913899019E-01 0.880713835E-01 0.850432515E-01 0.823087543E-01
 0.798707306E-01 0.777308866E-01 0.758891329E-01 0.743430853E-01 0.730876625E-01
 0.721148849E-01 0.714138225E-01 0.709707662E-01 0.707694814E-01 0.707917139E-01
 0.558832526E+00 0.570934772E+00 0.579026818E+00 0.588497400E+00 0.598840177E+00
 0.609842241E+00 0.621365190E+00 0.633426189E+00 0.645922720E+00 0.658980131E+00
 0.672591984E+00 0.686427176E+00 0.701154947E+00 0.716696739E+00 0.732523382E+00
 0.749324322E+00 0.766891599E+00 0.785248697E+00 0.804400623E+00 0.824430287E+00
 0.845288396E+00 0.867177904E+00 0.890128672E+00 0.914139986E+00 0.939323664E+00
 0.965762615E+00 0.993443191E+00 0.102246213E+01 0.105305624E+01 0.108519447E+01
 0.111906517E+01 0.115473056E+01 0.119213557E+01 0.123173606E+01 0.127355766E+01
 0.131773853E+01 0.136445343E+01 0.141378176E+01 0.146612358E+01 0.152165401E+01
 0.158053863E+01 0.164292860E+01 0.170953751E+01 0.178028166E+01 0.185550284E+01
 0.193566537E+01 0.202128601E+01 0.211308908E+01 0.221026659E+01 0.231440449E+01
 0.242665243E+01 0.254566741E+01 0.267298365E+01 0.281059480E+01 0.295621634E+01
 0.311360502E+01 0.328158236E+01 0.346246123E+01 0.365615392E+01 0.386816263E+01
 0.409828615E+01 0.435375071E+01 0.464671993E+01 0.502806711E+01 0.650505590E+01
   85  117
 0.111150014E+01-0.200000003E+00 0.109687746E+01-0.150000006E+00 0.108291340E+01
-0.500000007E-01 0.109065866E+01 0.500000007E-01 0.110562503E+01 0.106082477E+00
 0.113218749E+01 0.171949551E+00 0.115875006E+01 0.224695995E+00 0.118531251E+01
 0.270830303E+00 0.121187496E+01 0.312779754E+00 0.123843753E+01 0.351507097E+00
 0.127545559E+01 0.400000006E+00 0.131684422E+01 0.449999988E+00 0.134468746E+01
 0.480257988E+00 0.137125003E+01 0.507841825E+00 0.141601872E+01 0.550000012E+00
 0.145093751E+01 0.579961240E+00 0.147749996E+01 0.601262510E+00 0.153062499E+01
 0.638758659E+00 0.155718756E+01 0.656180561E+00 0.161031246E+01 0.686399341E+00
 0.163687503E+01 0.700329125E+00 0.169000006E+01 0.723618746E+00 0.174312496E+01
 0.742478371E+00 0.176968753E+01 0.751274645E+00 0.182281256E+01 0.763784826E+00
 0.187593746E+01 0.770122647E+00 0.192906249E+01 0.769356728E+00 0.198218751E+01
 0.756860793E+00 0.200874996E+01 0.742058694E+00 0.205285740E+01 0.699999988E+00
 0.208347416E+01 0.649999976E+00 0.210629654E+01 0.600000024E+00 0.212596416E+01
 0.550000012E+00 0.214420891E+01 0.500000000E+00 0.216812491E+01 0.430172414E+00
 0.219468760E+01 0.352428049E+00 0.221164632E+01 0.300000012E+00 0.222804713E+01
 0.250000000E+00 0.224781251E+01 0.182194978E+00 0.226731086E+01 0.100000001E+00
 0.227550554E+01 0.500000007E-01 0.227930403E+01-0.500000007E-01 0.227437496E+01
-0.104882799E+00 0.225617695E+01-0.200000003E+00 0.224254322E+01-0.250000000E+00
 0.222125006E+01-0.318818569E+00 0.219468760E+01-0.393129230E+00 0.217282224E+01
-0.449999988E+00 0.215127826E+01-0.500000000E+00 0.212759304E+01-0.550000012E+00
 0.210144758E+01-0.600000024E+00 0.207252932E+01-0.649999976E+00 0.204059768E+01
-0.699999988E+00 0.200874996E+01-0.744651616E+00 0.198218751E+01-0.780847251E+00
 0.195562506E+01-0.815326512E+00 0.192660999E+01-0.850000024E+00 0.188601410E+01
-0.899999976E+00 0.184937501E+01-0.943925738E+00 0.182281256E+01-0.976984203E+00
 0.179624999E+01-0.100916052E+01 0.175951314E+01-0.104999995E+01 0.171986568E+01
-0.110000002E+01 0.169000006E+01-0.113739371E+01 0.164943993E+01-0.118499053E+01
 0.163032579E+01-0.114999998E+01 0.159833312E+01-0.110000002E+01 0.156744051E+01
-0.104999995E+01 0.153675079E+01-0.100000000E+01 0.150586641E+01-0.949999988E+00
 0.147749996E+01-0.906224072E+00 0.145093751E+01-0.862269878E+00 0.142437506E+01
-0.817364335E+00 0.139781249E+01-0.771922171E+00 0.137125003E+01-0.726005733E+00
 0.134468746E+01-0.679539502E+00 0.131812501E+01-0.632375956E+00 0.129156256E+01
-0.584316790E+00 0.126499999E+01-0.535117984E+00 0.123843753E+01-0.484487742E+00
 0.121187496E+01-0.432073742E+00 0.118531251E+01-0.377405256E+00 0.115875006E+01
-0.319679201E+00 0.113218749E+01-0.257068902E+00 0.111150014E+01-0.200000003E+00
 0.101600003E+01 0.000000000E+00 0.101600003E+01 0.963999987E+00 0.101600003E+01
 0.967999995E+00 0.101600003E+01 0.100100005E+01 0.101600003E+01 0.101900005E+01
 0.101600003E+01 0.107700002E+01 0.101600003E+01 0.107000005E+01 0.101600003E+01
 0.109599996E+01 0.101600003E+01 0.111300004E+01 0.101600003E+01 0.113800001E+01
 0.101600003E+01 0.114699996E+01 0.101199996E+01 0.116499996E+01 0.100100005E+01
 0.121700001E+01 0.102900004E+01 0.121700001E+01 0.104200006E+01 0.116240001E+01
 0.104600000E+01 0.116237998E+01 0.105599999E+01 0.116260004E+01 0.109700000E+01
 0.116450000E+01 0.110800004E+01 0.116594005E+01 0.111600006E+01 0.116591001E+01
 0.113399994E+01 0.116895998E+01 0.114800000E+01 0.117174995E+01 0.116199994E+01
 0.117556000E+01 0.118099999E+01 0.118299997E+01 0.118200004E+01 0.118350005E+01
 0.118499994E+01 0.118499994E+01 0.119000006E+01 0.118799996E+01 0.119500005E+01
 0.119099998E+01 0.120099998E+01 0.119599998E+01 0.120899999E+01 0.120200002E+01
 0.121500003E+01 0.120799994E+01 0.122200000E+01 0.121399999E+01 0.122800004E+01
 0.122099996E+01 0.123399997E+01 0.123099995E+01 0.123899996E+01 0.123800004E+01
 0.124199998E+01 0.124399996E+01 0.124800003E+01 0.125399995E+01 0.125800002E+01
 0.127800000E+01 0.126300001E+01 0.128999996E+01 0.127999997E+01 0.133099997E+01
 0.127999997E+01 0.134700000E+01 0.127999997E+01 0.134800005E+01 0.130999994E+01
 0.134800005E+01 0.132799995E+01 0.134800005E+01 0.136099994E+01 0.134800005E+01
 0.138000000E+01 0.134800005E+01 0.141900003E+01 0.134800005E+01 0.141900003E+01
 0.130999994E+01 0.137199998E+01 0.130999994E+01 0.137167001E+01 0.129237998E+01
 0.137003005E+01 0.128268003E+01 0.136688006E+01 0.125644004E+01 0.136719000E+01
 0.122955000E+01 0.137178004E+01 0.119576001E+01 0.137223995E+01 0.119402003E+01
 0.138662004E+01 0.116487002E+01 0.138707995E+01 0.116420996E+01 0.140382004E+01
 0.115696001E+01 0.141127002E+01 0.115730000E+01 0.141857004E+01 0.116131997E+01
 0.142100000E+01 0.116400003E+01 0.148662996E+01 0.124049997E+01 0.149730003E+01
 0.123458004E+01 0.149761999E+01 0.123427999E+01 0.149744999E+01 0.123174000E+01
 0.149275005E+01 0.121329999E+01 0.149259996E+01 0.121061003E+01 0.149260998E+01
 0.120485997E+01 0.149278998E+01 0.120213997E+01 0.149339998E+01 0.119641995E+01
 0.149469995E+01 0.118510997E+01 0.149621999E+01 0.116069996E+01 0.147981000E+01
 0.112425995E+01 0.148081994E+01 0.112256002E+01 0.148149002E+01 0.112137997E+01
 0.148645997E+01 0.111691999E+01 0.149094999E+01 0.111439002E+01 0.150304997E+01
 0.111243999E+01 0.159696996E+01 0.109489000E+01 0.162549996E+01 0.108529997E+01
 0.163751996E+01 0.107988000E+01 0.164699996E+01 0.107700002E+01 0.178499997E+01
 0.107700002E+01 0.206999993E+01 0.103999996E+01 0.212800002E+01 0.992999971E+00
 0.224499989E+01 0.708999991E+00 0.233956003E+01 0.461430013E+00 0.234707999E+01
 0.415829986E+00 0.234912992E+01 0.272179991E+00 0.235103011E+01 0.170179993E+00
 0.235157990E+01 0.701199993E-01 0.235124993E+01-0.317899995E-01 0.235050988E+01
-0.144350007E+00 0.234964991E+01-0.214829996E+00 0.234870005E+01-0.326689988E+00
 0.234759998E+01-0.386770010E+00 0.234019995E+01-0.453040004E+00 0.232942009E+01
-0.477569997E+00 0.213400006E+01-0.972999990E+00 0.178600001E+01-0.117400002E+01
 0.176800001E+01-0.121099997E+01 0.176800001E+01-0.125000000E+01 0.168200004E+01
-0.125000000E+01 0.137199998E+01-0.125000000E+01 0.137199998E+01-0.132900000E+01
 0.141999996E+01-0.132900000E+01 0.141999996E+01-0.136300004E+01 0.127300000E+01
-0.136300004E+01 0.115300000E+01-0.136300004E+01 0.101600003E+01-0.122300005E+01
 0.101600003E+01-0.122300005E+01 0.101600003E+01-0.829999983E+00 0.101600003E+01
-0.800000012E+00 0.101600003E+01-0.414999992E+00 0.101600003E+01-0.400000006E+00
 0.101600003E+01-0.100000005E-02 0.101600003E+01 0.000000000E+00
    0 0.170000005E+01    1
 0.000000000E+00 0.000000000E+00 0.000000000E+00 0.000000000E+00 0.000000000E+00
 0.000000000E+00 0.000000000E+00 0.000000000E+00 0.000000000E+00 0.000000000E+00
 0.000000000E+00 0.000000000E+00 0.000000000E+00 0.000000000E+00 0.000000000E+00
 0.000000000E+00 0.000000000E+00 0.000000000E+00 0.000000000E+00 0.000000000E+00
 0.000000000E+00 0.000000000E+00 0.000000000E+00 0.000000000E+00 0.000000000E+00
 0.000000000E+00 0.000000000E+00 0.000000000E+00 0.000000000E+00 0.000000000E+00
 0.000000000E+00 0.000000000E+00 0.000000000E+00 0.000000000E+00 0.000000000E+00
 0.000000000E+00 0.000000000E+00 0.000000000E+00 0.000000000E+00 0.000000000E+00
 0.000000000E+00 0.000000000E+00 0.000000000E+00 0.000000000E+00 0.000000000E+00
 0.000000000E+00 0.000000000E+00 0.000000000E+00 0.000000000E+00 0.000000000E+00
 0.000000000E+00 0.000000000E+00 0.000000000E+00 0.000000000E+00 0.000000000E+00
 0.000000000E+00 0.000000000E+00 0.000000000E+00 0.000000000E+00 0.000000000E+00
 0.000000000E+00 0.000000000E+00 0.000000000E+00 0.000000000E+00 0.000000000E+00
 0.000000000E+00 0.718147606E-01 0.102336146E+00 0.126124397E+00 0.146420941E+00
 0.164538637E+00 0.181154773E+00 0.196643710E+00 0.211308807E+00 0.225281581E+00
 0.238713294E+00 0.250521481E+00 0.263221413E+00 0.275570691E+00 0.287659496E+00
 0.299486309E+00 0.311158329E+00 0.322687715E+00 0.334074467E+00 0.345305324E+00
 0.356492043E+00 0.367604524E+00 0.378661811E+00 0.389689326E+00 0.400716275E+00
 0.411737263E+00 0.422757626E+00 0.433800876E+00 0.444895327E+00 0.456027806E+00
 0.467251420E+00 0.478553176E+00 0.489895046E+00 0.501376748E+00 0.512977004E+00
 0.524690211E+00 0.536554337E+00 0.548566282E+00 0.560735822E+00 0.573099792E+00
 0.585654974E+00 0.598404527E+00 0.611419618E+00 0.624648869E+00 0.638134241E+00
 0.651907027E+00 0.665971041E+00 0.680397809E+00 0.695082545E+00 0.710160673E+00
 0.725666046E+00 0.741512001E+00 0.757786691E+00 0.774581790E+00 0.791782498E+00
 0.809535384E+00 0.827819049E+00 0.846667409E+00 0.866100550E+00 0.886205614E+00
 0.906969607E+00 0.928469777E+00 0.950885177E+00 0.974367201E+00 0.100000000E+01
    1
 0.000000000E+00 0.000000000E+00 0.000000000E+00 0.000000000E+00 0.000000000E+00
 0.000000000E+00 0.000000000E+00 0.000000000E+00 0.000000000E+00 0.000000000E+00
 0.000000000E+00 0.000000000E+00 0.000000000E+00 0.000000000E+00 0.000000000E+00
 0.000000000E+00 0.000000000E+00 0.000000000E+00 0.000000000E+00 0.000000000E+00
 0.000000000E+00 0.000000000E+00 0.000000000E+00 0.000000000E+00 0.000000000E+00
 0.000000000E+00 0.000000000E+00 0.000000000E+00 0.000000000E+00 0.000000000E+00
 0.000000000E+00 0.000000000E+00 0.000000000E+00 0.000000000E+00 0.000000000E+00
 0.000000000E+00 0.000000000E+00 0.000000000E+00 0.000000000E+00 0.000000000E+00
 0.000000000E+00 0.000000000E+00 0.000000000E+00 0.000000000E+00 0.000000000E+00
 0.000000000E+00 0.000000000E+00 0.000000000E+00 0.000000000E+00 0.000000000E+00
 0.000000000E+00 0.000000000E+00 0.000000000E+00 0.000000000E+00 0.000000000E+00
 0.000000000E+00 0.000000000E+00 0.000000000E+00 0.000000000E+00 0.000000000E+00
 0.000000000E+00 0.000000000E+00 0.000000000E+00 0.000000000E+00 0.000000000E+00
&BASIS
 EE2BDRY= 32*0.00000000      ,
 EEBDRY= 32*0.00000000      ,
 EEKNT= 32*0.00000000      ,
 EETENS=  5.00000000    ,
 FF2BDRY= 64*0.00000000      ,
 FFBDRY=  6.44381046    , -16.8536949    ,  10.5677223    , 61*0.00000000      ,
 FFKNT= 64*0.00000000      ,
 FFTENS=  0.00000000    ,
 KEE2BDRY= 32*0          ,
 KEEBDRY= 32*0          ,
 KEEFNC=          0,
 KEEKNT=          0,
 KFF2BDRY= 64*0          ,
 KFFBDRY= 64*0          ,
 KFFFNC=          0,
 KFFKNT=          0,
 KPP2BDRY= 64*0          ,
 KPPBDRY= 64*0          ,
 KPPFNC=          0,
 KPPKNT=          0,
 KWW2BDRY= 64*0          ,
 KWWBDRY= 64*0          ,
 KWWFNC=          0,
 KWWKNT=          0,
 PP2BDRY= 64*0.00000000      ,
 PPBDRY=  162382.016    ,  9022.90234    , 62*0.00000000      ,
 PPKNT= 64*0.00000000      ,
 PPTENS=  0.00000000    ,
 WW2BDRY= 64*0.00000000      ,
 WWBDRY= -398.602905    , -30779.6484    , 62*0.00000000      ,
 WWKNT= 64*0.00000000      ,
 WWTENS=  0.00000000    ,
 /
