  EFITD    01/21/2000    #180528  3300ms           7  65  65
 0.170000005E+01 0.320000005E+01 0.169550002E+01 0.839999974E+00 0.000000000E+00
 0.180452883E+01-0.458281897E-01-0.327215344E+00-0.516829602E-01-0.197254038E+01
 0.880842125E+06-0.327215344E+00 0.000000000E+00 0.180452883E+01 0.000000000E+00
-0.458281897E-01 0.000000000E+00-0.516829602E-01 0.000000000E+00 0.000000000E+00
-0.339849186E+01-0.339360714E+01-0.338894820E+01-0.338451123E+01-0.338029170E+01
-0.337628579E+01-0.337248874E+01-0.336889648E+01-0.336550474E+01-0.336230850E+01
-0.335930371E+01-0.335648537E+01-0.335384941E+01-0.335139060E+01-0.334910464E+01
-0.334698653E+01-0.334503174E+01-0.334323502E+01-0.334159184E+01-0.334009743E+01
-0.333874631E+01-0.333753419E+01-0.333645558E+01-0.333550596E+01-0.333467984E+01
-0.333397245E+01-0.333337855E+01-0.333289337E+01-0.333251166E+01-0.333222842E+01
-0.333203840E+01-0.333193660E+01-0.333191776E+01-0.333197689E+01-0.333210874E+01
-0.333230829E+01-0.333257031E+01-0.333288956E+01-0.333326125E+01-0.333367991E+01
-0.333414054E+01-0.333463788E+01-0.333516693E+01-0.333572245E+01-0.333629918E+01
-0.333689237E+01-0.333749676E+01-0.333810687E+01-0.333871794E+01-0.333932471E+01
-0.333992195E+01-0.334050488E+01-0.334106827E+01-0.334160686E+01-0.334211564E+01
-0.334258962E+01-0.334302330E+01-0.334341216E+01-0.334375072E+01-0.334403396E+01
-0.334425688E+01-0.334441423E+01-0.334450102E+01-0.334451199E+01-0.334444237E+01
 0.954320625E+05 0.932221797E+05 0.910351094E+05 0.888708594E+05 0.867294297E+05
 0.846108125E+05 0.825150156E+05 0.804420391E+05 0.783918750E+05 0.763645312E+05
 0.743600078E+05 0.723782969E+05 0.704194062E+05 0.684833359E+05 0.665700781E+05
 0.646796406E+05 0.628120234E+05 0.609672227E+05 0.591452383E+05 0.573460703E+05
 0.555697227E+05 0.538161914E+05 0.520854805E+05 0.503775859E+05 0.486925078E+05
 0.470302500E+05 0.453908086E+05 0.437741836E+05 0.421803789E+05 0.406093906E+05
 0.390612188E+05 0.375358672E+05 0.360333320E+05 0.345536133E+05 0.330967148E+05
 0.316626328E+05 0.302513691E+05 0.288629238E+05 0.274972949E+05 0.261544844E+05
 0.248344922E+05 0.235373184E+05 0.222629609E+05 0.210114219E+05 0.197826992E+05
 0.185767949E+05 0.173937090E+05 0.162334414E+05 0.150959902E+05 0.139813574E+05
 0.128895430E+05 0.118205459E+05 0.107743662E+05 0.975100488E+04 0.875046094E+04
 0.777273486E+04 0.681782666E+04 0.588573584E+04 0.497646338E+04 0.409000830E+04
 0.322637109E+04 0.238555176E+04 0.156755005E+04 0.772366089E+03 0.000000000E+00
-0.394591761E+01-0.376054955E+01-0.357915187E+01-0.340172434E+01-0.322826743E+01
-0.305878067E+01-0.289326429E+01-0.273171806E+01-0.257414246E+01-0.242053699E+01
-0.227090192E+01-0.212523723E+01-0.198354280E+01-0.184581876E+01-0.171206498E+01
-0.158228159E+01-0.145646858E+01-0.133462584E+01-0.121675336E+01-0.110285139E+01
-0.992919624E+00-0.886958241E+00-0.784967184E+00-0.686946511E+00-0.592896104E+00
-0.502816081E+00-0.416706353E+00-0.334566981E+00-0.256397933E+00-0.182199210E+00
-0.111970842E+00-0.457127988E-01 0.165749062E-01 0.748922750E-01 0.129239306E+00
 0.179616019E+00 0.226022378E+00 0.268458396E+00 0.306924105E+00 0.341419458E+00
 0.371944487E+00 0.398499191E+00 0.421083540E+00 0.439697564E+00 0.454341263E+00
 0.465014607E+00 0.471717626E+00 0.474450320E+00 0.473212659E+00 0.468004674E+00
 0.458826363E+00 0.445677727E+00 0.428558737E+00 0.407469392E+00 0.382409751E+00
 0.353379756E+00 0.320379436E+00 0.283408761E+00 0.242467761E+00 0.197556436E+00
 0.148674771E+00 0.958227739E-01 0.390004367E-01-0.217922349E-01-0.865552351E-01
-0.515957031E+06-0.510656969E+06-0.505356906E+06-0.500056844E+06-0.494756781E+06
-0.489456719E+06-0.484156688E+06-0.478856625E+06-0.473556562E+06-0.468256500E+06
-0.462956438E+06-0.457656375E+06-0.452356312E+06-0.447056281E+06-0.441756219E+06
-0.436456156E+06-0.431156094E+06-0.425856031E+06-0.420555969E+06-0.415255906E+06
-0.409955875E+06-0.404655812E+06-0.399355750E+06-0.394055688E+06-0.388755625E+06
-0.383455562E+06-0.378155500E+06-0.372855469E+06-0.367555406E+06-0.362255344E+06
-0.356955281E+06-0.351655219E+06-0.346355156E+06-0.341055125E+06-0.335755062E+06
-0.330455000E+06-0.325154938E+06-0.319854875E+06-0.314554812E+06-0.309254750E+06
-0.303954719E+06-0.298654656E+06-0.293354594E+06-0.288054531E+06-0.282754469E+06
-0.277454406E+06-0.272154344E+06-0.266854312E+06-0.261554234E+06-0.256254188E+06
-0.250954125E+06-0.245654062E+06-0.240354016E+06-0.235053953E+06-0.229753891E+06
-0.224453844E+06-0.219153781E+06-0.213853719E+06-0.208553656E+06-0.203253609E+06
-0.197953547E+06-0.192653484E+06-0.187353438E+06-0.182053375E+06-0.176753312E+06
 0.330582187E-01 0.252643377E-01 0.166838039E-01 0.729611050E-02-0.281533133E-02
-0.134602897E-01-0.243638530E-01-0.352087617E-01-0.432918705E-01-0.458361804E-01
-0.487774014E-01-0.545966066E-01-0.617193803E-01-0.673831478E-01-0.719805732E-01
-0.756424591E-01-0.783608109E-01-0.800479203E-01-0.804985464E-01-0.792990699E-01
-0.756585225E-01-0.721924603E-01-0.709188804E-01-0.712430179E-01-0.729038343E-01
-0.758393630E-01-0.801375583E-01-0.860473886E-01-0.940417349E-01-0.104789369E+00
-0.113106713E+00-0.117276326E+00-0.117821656E+00-0.114439674E+00-0.106963605E+00
-0.948362872E-01-0.800380707E-01-0.678528324E-01-0.574648194E-01-0.483472012E-01
-0.401507318E-01-0.326346643E-01-0.256293379E-01-0.190147478E-01-0.127065647E-01
-0.664622802E-02-0.793912739E-03 0.487639429E-02 0.103803221E-01 0.157255474E-01
 0.209136028E-01 0.259413105E-01 0.308020152E-01 0.354867093E-01 0.399851054E-01
 0.442866683E-01 0.483815558E-01 0.522614717E-01 0.559203513E-01 0.593548268E-01
 0.625644773E-01 0.655518547E-01 0.683222786E-01 0.708834603E-01 0.732450411E-01
 0.322992541E-01 0.234205630E-01 0.133894039E-01 0.207064627E-02-0.105235698E-01
-0.241460837E-01-0.367804095E-01-0.455286726E-01-0.497892164E-01-0.494055040E-01
-0.499589518E-01-0.530062281E-01-0.572733544E-01-0.614485964E-01-0.652039200E-01
-0.684095323E-01-0.709630623E-01-0.727537796E-01-0.736509040E-01-0.735151172E-01
-0.723469108E-01-0.712009296E-01-0.710570812E-01-0.719934106E-01-0.740084648E-01
-0.771506801E-01-0.815555006E-01-0.874870941E-01-0.954170674E-01-0.105973102E+00
-0.114199363E+00-0.118334725E+00-0.118823573E+00-0.115517110E+00-0.108148828E+00
-0.960803106E-01-0.814357027E-01-0.692221373E-01-0.586866215E-01-0.493296087E-01
-0.408291705E-01-0.329664759E-01-0.255875587E-01-0.185822081E-01-0.118713509E-01
-0.539895054E-02 0.873474637E-03 0.697070220E-02 0.129065746E-01 0.186860729E-01
 0.243069530E-01 0.297611784E-01 0.350362584E-01 0.401166379E-01 0.449851491E-01
 0.496244915E-01 0.540187396E-01 0.581546649E-01 0.620228536E-01 0.656184405E-01
 0.689414218E-01 0.719965622E-01 0.747928843E-01 0.773428977E-01 0.796616897E-01
 0.340708494E-01 0.246732142E-01 0.136974920E-01 0.617634971E-03-0.147513784E-01
-0.274619218E-01-0.363334268E-01-0.411436073E-01-0.417218506E-01-0.417061560E-01
-0.427390002E-01-0.448398963E-01-0.476492047E-01-0.507620387E-01-0.538662523E-01
-0.567554869E-01-0.592967384E-01-0.614076369E-01-0.630553365E-01-0.642794445E-01
-0.652317405E-01-0.661777705E-01-0.673987493E-01-0.690962076E-01-0.713942051E-01
-0.743780211E-01-0.781201646E-01-0.826840326E-01-0.880831182E-01-0.939668491E-01
-0.986494645E-01-0.100998774E+00-0.100778848E+00-0.978765786E-01-0.922111943E-01
-0.838652402E-01-0.740512460E-01-0.644765645E-01-0.554562397E-01-0.469664261E-01
-0.389318615E-01-0.312731788E-01-0.239197165E-01-0.168129876E-01-0.990699511E-02
-0.316751585E-02 0.342888990E-02 0.989583042E-02 0.162379220E-01 0.224515349E-01
 0.285255294E-01 0.344421305E-01 0.401780307E-01 0.457058810E-01 0.509961955E-01
 0.560195707E-01 0.607491322E-01 0.651628375E-01 0.692453906E-01 0.729894787E-01
 0.763961822E-01 0.794745088E-01 0.822402537E-01 0.847142786E-01 0.869207159E-01
 0.391678251E-01 0.302413814E-01 0.197488405E-01 0.730191125E-02-0.663256831E-02
-0.164009277E-01-0.212844927E-01-0.240561590E-01-0.265281815E-01-0.289602093E-01
-0.315473378E-01-0.343698338E-01-0.373938680E-01-0.405181609E-01-0.436241291E-01
-0.466070920E-01-0.493898392E-01-0.519279279E-01-0.542136841E-01-0.562802590E-01
-0.582016334E-01-0.600818619E-01-0.620329417E-01-0.641515553E-01-0.665048063E-01
-0.691234916E-01-0.719936043E-01-0.750359967E-01-0.780666694E-01-0.807527974E-01
-0.826422200E-01-0.833101273E-01-0.824758857E-01-0.800165981E-01-0.759638548E-01
-0.705277547E-01-0.640940368E-01-0.570979156E-01-0.498653315E-01-0.425806567E-01
-0.353314392E-01-0.281517077E-01-0.210485682E-01-0.140170585E-01-0.704837684E-02
-0.134534479E-03 0.672887266E-02 0.135409003E-01 0.202940144E-01 0.269731618E-01
 0.335551463E-01 0.400083996E-01 0.462934226E-01 0.523641780E-01 0.581706315E-01
 0.636624172E-01 0.687932447E-01 0.735253692E-01 0.778333396E-01 0.817062780E-01
 0.851484686E-01 0.881779715E-01 0.908238441E-01 0.931223780E-01 0.951133370E-01
 0.477702357E-01 0.402366444E-01 0.313297138E-01 0.212037154E-01 0.109733138E-01
 0.378593989E-02-0.210737647E-02-0.713740895E-02-0.115956916E-01-0.156939309E-01
-0.195808243E-01-0.233459175E-01-0.270260479E-01-0.306187030E-01-0.340988860E-01
-0.374345146E-01-0.405978486E-01-0.435729101E-01-0.463596731E-01-0.489753820E-01
-0.514525622E-01-0.538333915E-01-0.561610684E-01-0.584700145E-01-0.607766770E-01
-0.630712584E-01-0.653096437E-01-0.674053133E-01-0.692237765E-01-0.705866292E-01
-0.712927058E-01-0.711539313E-01-0.700309128E-01-0.678560734E-01-0.646433309E-01
-0.604853891E-01-0.555351637E-01-0.499712192E-01-0.439607836E-01-0.376371071E-01
-0.310948901E-01-0.243962444E-01-0.175796393E-01-0.106680719E-01-0.367549784E-02
 0.338834687E-02 0.105142649E-01 0.176906064E-01 0.249006171E-01 0.321199074E-01
 0.393139794E-01 0.464360118E-01 0.534254573E-01 0.602083765E-01 0.667006075E-01
 0.728143230E-01 0.784671754E-01 0.835920572E-01 0.881451666E-01 0.921107978E-01
 0.955021530E-01 0.983578265E-01 0.100734718E+00 0.102699116E+00 0.104318455E+00
 0.601068065E-01 0.548384860E-01 0.463271998E-01 0.370868519E-01 0.284545366E-01
 0.206424054E-01 0.136749092E-01 0.743284915E-02 0.177239021E-02-0.343542849E-02
-0.829381775E-02-0.128777018E-01-0.172352716E-01-0.213925075E-01-0.253595375E-01
-0.291373879E-01-0.327239819E-01-0.361186638E-01-0.393249616E-01-0.423514880E-01
-0.452109799E-01-0.479175746E-01-0.504827797E-01-0.529106893E-01-0.551931001E-01
-0.573050976E-01-0.592015982E-01-0.608157292E-01-0.620602071E-01-0.628332049E-01
-0.630291328E-01-0.625526831E-01-0.613326989E-01-0.593323074E-01-0.565534905E-01
-0.530352034E-01-0.488453582E-01-0.440684445E-01-0.387922972E-01-0.330975689E-01
-0.270517841E-01-0.207077060E-01-0.141044846E-01-0.727022020E-02-0.224946431E-03
 0.701639475E-02 0.144410701E-01 0.220356397E-01 0.297827441E-01 0.376572683E-01
 0.456215031E-01 0.536191463E-01 0.615685247E-01 0.693571568E-01 0.768423006E-01
 0.838630646E-01 0.902635977E-01 0.959178433E-01 0.100746892E+00 0.104728192E+00
 0.107898004E+00 0.110344321E+00 0.112187661E+00 0.113556020E+00 0.114565544E+00
 0.713303983E-01 0.675918758E-01 0.595407784E-01 0.502830632E-01 0.416606739E-01
 0.336641930E-01 0.262698848E-01 0.194339529E-01 0.130962348E-01 0.719175627E-02
 0.165996794E-02-0.355002750E-02-0.847751461E-02-0.131505104E-01-0.175875705E-01
-0.218003038E-01-0.257959478E-01-0.295795277E-01-0.331552662E-01-0.365271084E-01
-0.396982692E-01-0.426699705E-01-0.454394780E-01-0.479977950E-01-0.503273346E-01
-0.523999743E-01-0.541759431E-01-0.556039773E-01-0.566233769E-01-0.571682416E-01
-0.571740121E-01-0.565853864E-01-0.553625748E-01-0.534845665E-01-0.509503484E-01
-0.477776937E-01-0.439996906E-01-0.396596231E-01-0.348053053E-01-0.294839814E-01
-0.237385146E-01-0.176051762E-01-0.111128036E-01-0.428298069E-02 0.286913803E-02
 0.103336163E-01 0.181042235E-01 0.261765663E-01 0.345455594E-01 0.432016887E-01
 0.521250106E-01 0.612750687E-01 0.705736279E-01 0.798766389E-01 0.889409110E-01
 0.974316075E-01 0.105016954E+00 0.111455545E+00 0.116607770E+00 0.120432667E+00
 0.123008527E+00 0.124552302E+00 0.125360116E+00 0.125695318E+00 0.125745565E+00
 0.798678175E-01 0.769887269E-01 0.693131238E-01 0.603274219E-01 0.518155247E-01
 0.437751189E-01 0.361985266E-01 0.290663224E-01 0.223504677E-01 0.160182416E-01
 0.100362292E-01 0.437344937E-02-0.996720744E-03-0.609573396E-02-0.109399380E-01
-0.155411838E-01-0.199076682E-01-0.240447167E-01-0.279553328E-01-0.316403694E-01
-0.350982547E-01-0.383243561E-01-0.413100012E-01-0.440413319E-01-0.464981720E-01
-0.486530662E-01-0.504707545E-01-0.519082099E-01-0.529156551E-01-0.534390211E-01
-0.534255467E-01-0.528369136E-01-0.516529754E-01-0.498648584E-01-0.474741608E-01
-0.444917940E-01-0.409363844E-01-0.368320271E-01-0.322056711E-01-0.270845648E-01
-0.214940272E-01-0.154557545E-01-0.898664352E-02-0.209809281E-02 0.520438561E-02
 0.129213566E-01 0.210595541E-01 0.296319313E-01 0.386575833E-01 0.481613316E-01
 0.581722893E-01 0.687198266E-01 0.798227564E-01 0.914619043E-01 0.103463501E+00
 0.114705823E+00 0.124256767E+00 0.131906390E+00 0.137500867E+00 0.140900418E+00
 0.141999468E+00 0.141306311E+00 0.140106574E+00 0.138763532E+00 0.137431920E+00
 0.860820785E-01 0.836905316E-01 0.764989108E-01 0.678057000E-01 0.594594851E-01
 0.514737181E-01 0.438510217E-01 0.365853310E-01 0.296646561E-01 0.230734199E-01
 0.167944804E-01 0.108107962E-01 0.510668941E-02-0.331354182E-03-0.551428786E-02
-0.104504079E-01-0.151454350E-01-0.196026489E-01-0.238229688E-01-0.278049074E-01
-0.315443501E-01-0.350341871E-01-0.382637791E-01-0.412183553E-01-0.438783504E-01
-0.462187305E-01-0.482082181E-01-0.498081632E-01-0.509704016E-01-0.516325310E-01
-0.517068915E-01-0.511593223E-01-0.500142053E-01-0.482779071E-01-0.459594429E-01
-0.430693068E-01-0.396205336E-01-0.356279984E-01-0.311073475E-01-0.260738023E-01
-0.205409583E-01-0.145196402E-01-0.801680330E-02-0.103449752E-02 0.643119775E-02
 0.143913785E-01 0.228658356E-01 0.318851322E-01 0.414936058E-01 0.517539270E-01
 0.627543405E-01 0.746209696E-01 0.875406861E-01 0.101809777E+00 0.117649972E+00
 0.132229641E+00 0.144168109E+00 0.153403938E+00 0.159806609E+00 0.163039535E+00
 0.162957296E+00 0.159294337E+00 0.155181557E+00 0.151642635E+00 0.148668125E+00
 0.905253887E-01 0.884284675E-01 0.816036165E-01 0.731653646E-01 0.649988130E-01
 0.571208261E-01 0.495314635E-01 0.422283560E-01 0.352073833E-01 0.284629241E-01
 0.219882615E-01 0.157761741E-01 0.981954578E-02 0.411193259E-02-0.135200890E-02
-0.657621631E-02-0.115630236E-01-0.163130257E-01-0.208249446E-01-0.250955038E-01
-0.291192289E-01-0.328882299E-01-0.363919288E-01-0.396168083E-01-0.425461456E-01
-0.451598093E-01-0.474341400E-01-0.493419431E-01-0.508527048E-01-0.519334599E-01
-0.521832630E-01-0.515572615E-01-0.503965989E-01-0.486489385E-01-0.463350527E-01
-0.434614345E-01-0.400381982E-01-0.360751413E-01-0.315809399E-01-0.265630484E-01
-0.210272986E-01-0.149772326E-01-0.841317885E-02-0.133114343E-02 0.627851719E-02
 0.144327348E-01 0.231578778E-01 0.324927121E-01 0.424926318E-01 0.532359779E-01
 0.648335889E-01 0.774437040E-01 0.912947804E-01 0.106715523E+00 0.124142103E+00
 0.141852900E+00 0.156221449E+00 0.167143658E+00 0.174657017E+00 0.178702012E+00
 0.178834200E+00 0.174842715E+00 0.167934120E+00 0.162364140E+00 0.157989010E+00
 0.935464799E-01 0.916806608E-01 0.848669559E-01 0.766573250E-01 0.687134862E-01
 0.609954745E-01 0.534951836E-01 0.462137163E-01 0.391544811E-01 0.323203430E-01
 0.257128663E-01 0.193324294E-01 0.131786363E-01 0.725079793E-02 0.154838467E-02
-0.392860034E-02-0.917931832E-02-0.142018562E-01-0.189930312E-01-0.235482287E-01
-0.278612506E-01-0.319241993E-01-0.357273817E-01-0.392592698E-01-0.425065458E-01
-0.454542637E-01-0.480862260E-01-0.503856689E-01-0.523364693E-01-0.535697602E-01
-0.540640354E-01-0.538023785E-01-0.527813882E-01-0.509182326E-01-0.485566780E-01
-0.456354320E-01-0.421758294E-01-0.381853767E-01-0.336661711E-01-0.286191832E-01
-0.230447669E-01-0.169422254E-01-0.103088766E-01-0.313895196E-02 0.457766233E-02
 0.128568849E-01 0.217222404E-01 0.312071927E-01 0.413582176E-01 0.522389337E-01
 0.639355332E-01 0.765636712E-01 0.902762488E-01 0.105270632E+00 0.121793881E+00
 0.140056849E+00 0.156022131E+00 0.168302178E+00 0.176996678E+00 0.182133764E+00
 0.183803856E+00 0.181548789E+00 0.175294712E+00 0.168728605E+00 0.163848668E+00
 0.944038033E-01 0.923739746E-01 0.861379504E-01 0.784697086E-01 0.708786771E-01
 0.633735582E-01 0.559896789E-01 0.487529226E-01 0.416812524E-01 0.347872153E-01
 0.280796252E-01 0.215647276E-01 0.152470861E-01 0.913024694E-02 0.321728946E-02
-0.248874864E-02-0.798453204E-02-0.132661620E-01-0.183289703E-01-0.231673643E-01
-0.277747232E-01-0.321433470E-01-0.362644531E-01-0.401282497E-01-0.437241271E-01
-0.470409282E-01-0.500674360E-01-0.527930409E-01-0.548663065E-01-0.562720336E-01
-0.569922030E-01-0.570076071E-01-0.562981404E-01-0.548393838E-01-0.526201688E-01
-0.495481491E-01-0.459993593E-01-0.419487506E-01-0.373764597E-01-0.322750881E-01
-0.266410355E-01-0.204724781E-01-0.137674669E-01-0.652260054E-02 0.126792642E-02
 0.961314887E-02 0.185261779E-01 0.280250981E-01 0.381338783E-01 0.488831811E-01
 0.603107922E-01 0.724612623E-01 0.853842348E-01 0.991317108E-01 0.113758087E+00
 0.129348651E+00 0.145159408E+00 0.157431304E+00 0.166597173E+00 0.172880739E+00
 0.176165983E+00 0.176676810E+00 0.174024016E+00 0.168926239E+00 0.165237993E+00
 0.950485542E-01 0.927938744E-01 0.867019296E-01 0.793695375E-01 0.719730854E-01
 0.645850897E-01 0.572632402E-01 0.500433967E-01 0.429491363E-01 0.359969102E-01
 0.291986894E-01 0.225635339E-01 0.160985831E-01 0.980977248E-02 0.370235066E-02
-0.221871352E-02-0.794841908E-02-0.134814922E-01-0.188122056E-01-0.239342544E-01
-0.288406909E-01-0.335239060E-01-0.379756689E-01-0.421872661E-01-0.461496748E-01
-0.498538651E-01-0.532911941E-01-0.561247543E-01-0.583442338E-01-0.599345677E-01
-0.608770363E-01-0.611499511E-01-0.607286319E-01-0.595843792E-01-0.576826856E-01
-0.549744889E-01-0.514018126E-01-0.473374203E-01-0.427141376E-01-0.375473984E-01
-0.318368524E-01-0.255863722E-01-0.187993608E-01-0.114780124E-01-0.362361665E-02
 0.476315385E-02 0.136819705E-01 0.231323987E-01 0.331129953E-01 0.436196290E-01
 0.546424575E-01 0.661606118E-01 0.781329721E-01 0.904815122E-01 0.103058726E+00
 0.115576498E+00 0.127480924E+00 0.138052419E+00 0.146852136E+00 0.153727815E+00
 0.158655673E+00 0.161705717E+00 0.163093776E+00 0.163310751E+00 0.163054183E+00
 0.959463492E-01 0.938143730E-01 0.873251483E-01 0.797456205E-01 0.722478703E-01
 0.648208484E-01 0.574742965E-01 0.502225757E-01 0.430795550E-01 0.360572040E-01
 0.291655641E-01 0.224130936E-01 0.158070866E-01 0.935405400E-02 0.306004612E-02
-0.306907645E-02-0.902742334E-02-0.148088988E-01-0.204070769E-01-0.258151107E-01
-0.310256984E-01-0.360310897E-01-0.408231542E-01-0.453934893E-01-0.497336201E-01
-0.538352430E-01-0.573747382E-01-0.603455640E-01-0.627355129E-01-0.645278245E-01
-0.657021850E-01-0.662354603E-01-0.661022216E-01-0.652751401E-01-0.637254491E-01
-0.614240952E-01-0.583464913E-01-0.544818826E-01-0.497278161E-01-0.444729440E-01
-0.386489406E-01-0.322820656E-01-0.253837127E-01-0.179605298E-01-0.100199105E-01
-0.157137366E-02 0.737272156E-02 0.167961903E-01 0.266774427E-01 0.369870588E-01
 0.476841070E-01 0.587107353E-01 0.699843615E-01 0.813869163E-01 0.927517861E-01
 0.103853643E+00 0.114416339E+00 0.124155119E+00 0.132836416E+00 0.140313298E+00
 0.146530360E+00 0.151520804E+00 0.155404896E+00 0.158377394E+00 0.160663918E+00
 0.953056440E-01 0.931277052E-01 0.867751390E-01 0.791232288E-01 0.715488940E-01
 0.640598685E-01 0.566595271E-01 0.493528843E-01 0.421459526E-01 0.350451320E-01
 0.280568171E-01 0.211872384E-01 0.144424541E-01 0.782840606E-02 0.135101925E-02
-0.498369103E-02-0.111695062E-01-0.171999112E-01-0.230680164E-01-0.287665166E-01
-0.342876650E-01-0.396233015E-01-0.447649211E-01-0.497037731E-01-0.544310287E-01
-0.586357601E-01-0.623142049E-01-0.654561371E-01-0.680460557E-01-0.700642243E-01
-0.714876726E-01-0.722910836E-01-0.724475682E-01-0.719293728E-01-0.707085729E-01
-0.687577426E-01-0.660506040E-01-0.625615641E-01-0.582614392E-01-0.531372949E-01
-0.470832400E-01-0.405377075E-01-0.334837921E-01-0.259130411E-01-0.178341866E-01
-0.926332548E-02-0.221673792E-03 0.926393084E-02 0.191596765E-01 0.294228420E-01
 0.399992280E-01 0.508199558E-01 0.617978498E-01 0.728240162E-01 0.837661251E-01
 0.944706500E-01 0.104771696E+00 0.114506371E+00 0.123532973E+00 0.131745860E+00
 0.139083967E+00 0.145532772E+00 0.151120842E+00 0.155910090E+00 0.159980610E+00
 0.938639939E-01 0.916309059E-01 0.851418972E-01 0.774261430E-01 0.698013827E-01
 0.622669458E-01 0.548215210E-01 0.474644378E-01 0.401964113E-01 0.330195464E-01
 0.259370543E-01 0.189529471E-01 0.120718088E-01 0.529867411E-02-0.136102934E-02
-0.790147856E-02-0.143164238E-01-0.205991473E-01-0.267424230E-01-0.327384807E-01
-0.385790169E-01-0.442551933E-01-0.497577041E-01-0.550768562E-01-0.599142723E-01
-0.642683432E-01-0.681301802E-01-0.714847744E-01-0.743120462E-01-0.765879899E-01
-0.782856494E-01-0.793761313E-01-0.798294842E-01-0.796155110E-01-0.787043795E-01
-0.770670399E-01-0.746751949E-01-0.715005919E-01-0.675132275E-01-0.626788437E-01
-0.569483899E-01-0.502644032E-01-0.430652909E-01-0.352972187E-01-0.270057060E-01
-0.182217024E-01-0.897382665E-02 0.704887731E-03 0.107748816E-01 0.211888310E-01
 0.318903364E-01 0.428125039E-01 0.538766645E-01 0.649917424E-01 0.760549009E-01
 0.869540125E-01 0.975723714E-01 0.107795149E+00 0.117516577E+00 0.126646236E+00
 0.135113448E+00 0.142869174E+00 0.149885356E+00 0.156152070E+00 0.161673486E+00
 0.913503915E-01 0.890097469E-01 0.823742375E-01 0.746187195E-01 0.669792145E-01
 0.594358258E-01 0.519759282E-01 0.445916988E-01 0.372794941E-01 0.300386529E-01
 0.228705369E-01 0.157778356E-01 0.876417663E-02 0.183390721E-02-0.500800740E-02
-0.117560057E-01-0.184039138E-01-0.249449071E-01-0.313714668E-01-0.376753509E-01
-0.438475646E-01-0.498783700E-01-0.557572991E-01-0.611986816E-01-0.662029311E-01
-0.707622617E-01-0.748617575E-01-0.784804896E-01-0.815925747E-01-0.841683224E-01
-0.861753598E-01-0.875796974E-01-0.883467942E-01-0.884425119E-01-0.878338739E-01
-0.864896625E-01-0.843807012E-01-0.814798027E-01-0.777615532E-01-0.732020661E-01
-0.677796379E-01-0.614796095E-01-0.543051623E-01-0.461581908E-01-0.375265740E-01
-0.284124035E-01-0.188277345E-01-0.880450848E-02 0.161618693E-02 0.123869525E-01
 0.234542638E-01 0.347578935E-01 0.462303534E-01 0.577966794E-01 0.693748295E-01
 0.808768272E-01 0.922105461E-01 0.103282064E+00 0.113998063E+00 0.124268100E+00
 0.134006292E+00 0.143132716E+00 0.151574418E+00 0.159266829E+00 0.166155636E+00
 0.873869583E-01 0.848351642E-01 0.783137530E-01 0.706268027E-01 0.630688518E-01
 0.555914007E-01 0.481695756E-01 0.407938808E-01 0.334616564E-01 0.261733159E-01
 0.189308040E-01 0.117369471E-01 0.459520798E-02-0.249037682E-02-0.951517839E-02
-0.164739117E-01-0.233605579E-01-0.301682781E-01-0.368893370E-01-0.435150228E-01
-0.500356033E-01-0.564402789E-01-0.624564663E-01-0.680869073E-01-0.733251423E-01
-0.781565160E-01-0.825591609E-01-0.865050629E-01-0.899611935E-01-0.928906873E-01
-0.952541158E-01-0.970107689E-01-0.981198698E-01-0.985417664E-01-0.982389972E-01
-0.971770808E-01-0.953251570E-01-0.926562101E-01-0.891470686E-01-0.847780406E-01
-0.795320570E-01-0.733930767E-01-0.663414448E-01-0.583411641E-01-0.493454151E-01
-0.398426391E-01-0.297938418E-01-0.192684531E-01-0.831935648E-02 0.300528179E-02
 0.146568380E-01 0.265838224E-01 0.387306660E-01 0.510370694E-01 0.634376556E-01
 0.758617297E-01 0.882330611E-01 0.100469448E+00 0.112482071E+00 0.124174520E+00
 0.135441825E+00 0.146170065E+00 0.156237632E+00 0.165519148E+00 0.173892826E+00
 0.819042698E-01 0.789261386E-01 0.726620927E-01 0.654481798E-01 0.581681989E-01
 0.508479811E-01 0.435110889E-01 0.361710452E-01 0.288363248E-01 0.215127468E-01
 0.142046940E-01 0.691585662E-02-0.350258080E-03-0.758997397E-02-0.147991665E-01
-0.219730455E-01-0.291059744E-01-0.361913107E-01-0.432212763E-01-0.501868278E-01
-0.570775494E-01-0.636343658E-01-0.698630661E-01-0.757592767E-01-0.813092813E-01
-0.864908397E-01-0.912741050E-01-0.956227481E-01-0.994950756E-01-0.102845371E+00
-0.105625361E+00-0.107785679E+00-0.109277405E+00-0.110053577E+00-0.110070504E+00
-0.109288961E+00-0.107675053E+00-0.105200730E+00-0.101843916E+00-0.975882038E-01
-0.924220681E-01-0.863376632E-01-0.793293715E-01-0.713930950E-01-0.625303835E-01
-0.527590364E-01-0.419832058E-01-0.307546165E-01-0.190953761E-01-0.703586265E-02
 0.538881123E-02 0.181401689E-01 0.311767682E-01 0.444540717E-01 0.579238981E-01
 0.715333819E-01 0.852232650E-01 0.989253521E-01 0.112558827E+00 0.126025364E+00
 0.139203340E+00 0.151941985E+00 0.164058089E+00 0.175339028E+00 0.185556561E+00
 0.761637613E-01 0.728056282E-01 0.667421594E-01 0.597735979E-01 0.526572615E-01
 0.454418436E-01 0.381660499E-01 0.308524650E-01 0.235139281E-01 0.161578134E-01
 0.878853071E-02 0.140900281E-02-0.597839616E-02-0.133712227E-01-0.207665395E-01
-0.281605944E-01-0.355485901E-01-0.429244675E-01-0.502807386E-01-0.576083139E-01
-0.646619201E-01-0.714514777E-01-0.779758990E-01-0.842235982E-01-0.901731551E-01
-0.957939774E-01-0.101047210E+00-0.105886780E+00-0.110260688E+00-0.114112481E+00
-0.117382921E+00-0.120011806E+00-0.121939868E+00-0.123110622E+00-0.123472169E+00
-0.122978702E+00-0.121591762E+00-0.119280986E+00-0.116024427E+00-0.111808226E+00
-0.106625818E+00-0.100476399E+00-0.933629945E-01-0.852898434E-01-0.762590617E-01
-0.662643835E-01-0.552770421E-01-0.432537235E-01-0.307650398E-01-0.178363640E-01
-0.449426379E-02 0.923423469E-02 0.233220737E-01 0.377421752E-01 0.524668880E-01
 0.674666762E-01 0.827078000E-01 0.981485024E-01 0.113732956E+00 0.129382133E+00
 0.144980252E+00 0.160356060E+00 0.175259948E+00 0.189345285E+00 0.202178285E+00
 0.708066747E-01 0.672458485E-01 0.610203259E-01 0.539160669E-01 0.467481278E-01
 0.395251103E-01 0.322546661E-01 0.249427613E-01 0.175925810E-01 0.102050537E-01
 0.277977018E-02-0.468418142E-02-0.121875638E-01-0.197305307E-01-0.273122936E-01
-0.349308737E-01-0.425828919E-01-0.502634011E-01-0.579656735E-01-0.654582530E-01
-0.727565065E-01-0.798640922E-01-0.867732763E-01-0.934652016E-01-0.999102890E-01
-0.106068864E+00-0.111891881E+00-0.117322080E+00-0.122295305E+00-0.126742244E+00
-0.130590335E+00-0.133766070E+00-0.136197209E+00-0.137815297E+00-0.138557866E+00
-0.138370499E+00-0.137208477E+00-0.135037899E+00-0.131836161E+00-0.127591714E+00
-0.122303039E+00-0.115976878E+00-0.108625688E+00-0.100264333E+00-0.909059793E-01
-0.805571675E-01-0.692123100E-01-0.568501204E-01-0.434289239E-01-0.295253191E-01
-0.151599720E-01-0.350046408E-03 0.148916040E-01 0.305570774E-01 0.466434136E-01
 0.631519631E-01 0.800869241E-01 0.974526629E-01 0.115248621E+00 0.133460298E+00
 0.152042761E+00 0.170890406E+00 0.189780176E+00 0.208258390E+00 0.225427628E+00
 0.650786906E-01 0.613076761E-01 0.547826476E-01 0.475537106E-01 0.403198972E-01
 0.330713429E-01 0.257989708E-01 0.184927545E-01 0.111426404E-01 0.373921660E-02
-0.372582744E-02-0.112594189E-01-0.188669395E-01-0.265521444E-01-0.343171135E-01
-0.421622023E-01-0.500859730E-01-0.580850840E-01-0.659414381E-01-0.736770853E-01
-0.813020468E-01-0.888143256E-01-0.961998254E-01-0.103432365E+00-0.110473894E+00
-0.117274851E+00-0.123774908E+00-0.129904017E+00-0.135583982E+00-0.140730292E+00
-0.145254523E+00-0.149067000E+00-0.152079731E+00-0.154209420E+00-0.155380428E+00
-0.155527443E+00-0.154597715E+00-0.152552605E+00-0.149368316E+00-0.145035759E+00
-0.139559388E+00-0.132955164E+00-0.125247523E+00-0.116465613E+00-0.106638812E+00
-0.957917422E-01-0.839390159E-01-0.710798502E-01-0.571923703E-01-0.422269925E-01
-0.267651528E-01-0.108168684E-01 0.561702205E-02 0.225478113E-01 0.399992988E-01
 0.580082498E-01 0.766254142E-01 0.959168375E-01 0.115965225E+00 0.136870742E+00
 0.158750251E+00 0.181732178E+00 0.205937549E+00 0.231379762E+00 0.256648630E+00
 0.584095195E-01 0.543763489E-01 0.477851108E-01 0.404749475E-01 0.332216024E-01
 0.259991754E-01 0.187774710E-01 0.115274917E-01 0.422381423E-02-0.315468013E-02
-0.106249349E-01-0.182001796E-01-0.258904584E-01-0.337030776E-01-0.416429639E-01
-0.497128814E-01-0.579135530E-01-0.660390407E-01-0.741189867E-01-0.821711123E-01
-0.902009457E-01-0.982014164E-01-0.106152430E+00-0.114020593E+00-0.121759102E+00
-0.129307896E+00-0.136594281E+00-0.143533960E+00-0.150032684E+00-0.155988425E+00
-0.161294147E+00-0.165841073E+00-0.169522315E+00-0.172236696E+00-0.173892573E+00
-0.174411252E+00-0.173730075E+00-0.171804398E+00-0.168608829E+00-0.164137140E+00
-0.158401042E+00-0.151427731E+00-0.143256426E+00-0.133933842E+00-0.123509169E+00
-0.112028316E+00-0.995280817E-01-0.860300660E-01-0.715345293E-01-0.560139008E-01
-0.394057184E-01-0.223020334E-01-0.470170705E-02 0.134249590E-01 0.321273133E-01
 0.514744408E-01 0.715591311E-01 0.925043970E-01 0.114472814E+00 0.137680113E+00
 0.162415966E+00 0.189078763E+00 0.218243271E+00 0.250812054E+00 0.285144299E+00
 0.507547110E-01 0.464310497E-01 0.397307724E-01 0.324356370E-01 0.252926778E-01
 0.182306152E-01 0.111820223E-01 0.409244653E-02-0.307968864E-02-0.103654573E-01
-0.177879557E-01-0.253643394E-01-0.331073403E-01-0.410263278E-01-0.491280779E-01
-0.574172139E-01-0.656976923E-01-0.740068108E-01-0.823706314E-01-0.908034667E-01
-0.993071496E-01-0.107870221E+00-0.116467118E+00-0.125057474E+00-0.133585662E+00
-0.141980708E+00-0.150156677E+00-0.158013731E+00-0.165439755E+00-0.172312960E+00
-0.178505018E+00-0.183885083E+00-0.188324198E+00-0.191700190E+00-0.193902358E+00
-0.194836125E+00-0.194426864E+00-0.192622706E+00-0.189396232E+00-0.184744567E+00
-0.178688049E+00-0.171267286E+00-0.162539065E+00-0.152570948E+00-0.141435251E+00
-0.129202396E+00-0.115933992E+00-0.101676106E+00-0.864525884E-01-0.702593774E-01
-0.530606210E-01-0.347904973E-01-0.161128081E-01 0.305348355E-02 0.227841306E-01
 0.431679450E-01 0.643187389E-01 0.863863677E-01 0.109570116E+00 0.134136960E+00
 0.160447016E+00 0.188987970E+00 0.220414728E+00 0.255575448E+00 0.293597460E+00
 0.416300558E-01 0.369496495E-01 0.300889313E-01 0.231043603E-01 0.163896866E-01
 0.975601934E-02 0.308724632E-02-0.368793239E-02-0.106150508E-01-0.177246183E-01
-0.250379592E-01-0.325704589E-01-0.403334908E-01-0.483357348E-01-0.565840006E-01
-0.648883060E-01-0.732923672E-01-0.818300620E-01-0.905247182E-01-0.993881151E-01
-0.108419254E+00-0.117603093E+00-0.126909256E+00-0.136290908E+00-0.145683840E+00
-0.155006051E+00-0.164157897E+00-0.173023000E+00-0.181470022E+00-0.189355448E+00
-0.196527362E+00-0.202830121E+00-0.208109796E+00-0.212220132E+00-0.215028629E+00
-0.216422215E+00-0.216312334E+00-0.214638650E+00-0.211371243E+00-0.206511080E+00
-0.200088382E+00-0.192159340E+00-0.182801023E+00-0.172105074E+00-0.160170302E+00
-0.147094920E+00-0.132968202E+00-0.117862068E+00-0.101822220E+00-0.848578438E-01
-0.669276491E-01-0.479167029E-01-0.284351315E-01-0.847940519E-02 0.119882794E-01
 0.330358297E-01 0.547614731E-01 0.772981420E-01 0.100822136E+00 0.125566840E+00
 0.151843801E+00 0.180075228E+00 0.210845083E+00 0.244973525E+00 0.281867415E+00
 0.290633552E-01 0.234708320E-01 0.178375337E-01 0.122743202E-01 0.664411020E-02
 0.824780029E-03-0.522811897E-02-0.115376692E-01-0.181188378E-01-0.249827038E-01
-0.321380608E-01-0.395919643E-01-0.473499522E-01-0.554169528E-01-0.636031926E-01
-0.719558299E-01-0.805145577E-01-0.893106237E-01-0.983654857E-01-0.107689314E+00
-0.117279261E+00-0.127117664E+00-0.137170210E+00-0.147384360E+00-0.157687888E+00
-0.167988136E+00-0.178171739E+00-0.188105419E+00-0.197637856E+00-0.206602588E+00
-0.214822412E+00-0.222114891E+00-0.228298783E+00-0.233201370E+00-0.236665830E+00
-0.238558516E+00-0.238775134E+00-0.237245679E+00-0.233937323E+00-0.228855103E+00
-0.222040266E+00-0.213566288E+00-0.203532949E+00-0.192058802E+00-0.179272562E+00
-0.165304124E+00-0.150275275E+00-0.134290978E+00-0.117431052E+00-0.997427180E-01
-0.812344253E-01-0.618725047E-01-0.415858664E-01-0.209591389E-01 0.240700738E-04
 0.214119442E-01 0.432738550E-01 0.656984374E-01 0.887949467E-01 0.112696148E+00
 0.137562409E+00 0.163588464E+00 0.191020712E+00 0.220233679E+00 0.251219958E+00
 0.154728359E-01 0.861220527E-02 0.488215405E-02 0.137508020E-02-0.293529406E-02
-0.783059373E-02-0.132063627E-01-0.190112926E-01-0.252193529E-01-0.318177752E-01
-0.388012044E-01-0.461677909E-01-0.539139062E-01-0.618415549E-01-0.699965134E-01
-0.784208104E-01-0.871511698E-01-0.962172523E-01-0.105639741E+00-0.115428291E+00
-0.125579268E+00-0.136073455E+00-0.146873713E+00-0.157922775E+00-0.169141412E+00
-0.180427074E+00-0.191653386E+00-0.202670619E+00-0.213307530E+00-0.223374560E+00
-0.232668668E+00-0.240979686E+00-0.248097926E+00-0.253822714E+00-0.257971555E+00
-0.260388643E+00-0.260952771E+00-0.259583354E+00-0.256244093E+00-0.250944138E+00
-0.243736237E+00-0.234712124E+00-0.223995581E+00-0.211733729E+00-0.198087037E+00
-0.183218986E+00-0.167285889E+00-0.150427476E+00-0.132758513E+00-0.114361957E+00
-0.952836648E-01-0.755293891E-01-0.550646558E-01-0.338184275E-01-0.124821272E-01
 0.901131611E-02 0.307100285E-01 0.526542366E-01 0.748769492E-01 0.973978490E-01
 0.120208926E+00 0.143244922E+00 0.166320682E+00 0.188993245E+00 0.210333452E+00
 0.609581312E-02-0.120759173E-02-0.449139439E-02-0.739460951E-02-0.110449828E-01
-0.153454151E-01-0.202225260E-01-0.256249048E-01-0.315194800E-01-0.378873497E-01
-0.447217338E-01-0.520299450E-01-0.595816821E-01-0.674125180E-01-0.755623877E-01
-0.840706900E-01-0.929732025E-01-0.102299623E+00-0.112071201E+00-0.122298233E+00
-0.132977411E+00-0.144089058E+00-0.155594334E+00-0.167432487E+00-0.179518551E+00
-0.191741452E+00-0.203963161E+00-0.216018856E+00-0.227718666E+00-0.238851026E+00
-0.249188080E+00-0.258492619E+00-0.266526878E+00-0.273062617E+00-0.277891368E+00
-0.280835122E+00-0.281755298E+00-0.280560225E+00-0.277209729E+00-0.271716654E+00
-0.264144808E+00-0.254603893E+00-0.243241429E+00-0.230232790E+00-0.215769783E+00
-0.200048953E+00-0.183260232E+00-0.165576428E+00-0.147144213E+00-0.128076300E+00
-0.108444676E+00-0.882735178E-01-0.675294772E-01-0.461028591E-01-0.246575586E-01
-0.323437550E-02 0.181527697E-01 0.394909605E-01 0.607542731E-01 0.818913281E-01
 0.102809578E+00 0.123353682E+00 0.143277869E+00 0.162220865E+00 0.179709807E+00
-0.590583477E-04-0.755989132E-02-0.111178737E-01-0.138842519E-01-0.172851179E-01
-0.212971270E-01-0.258887466E-01-0.310318209E-01-0.367041491E-01-0.428890288E-01
-0.495719537E-01-0.567323491E-01-0.641728789E-01-0.719496310E-01-0.801109597E-01
-0.887001157E-01-0.977552310E-01-0.107307903E+00-0.117381141E+00-0.127986804E+00
-0.139122799E+00-0.150769904E+00-0.162888601E+00-0.175415948E+00-0.188262731E+00
-0.201311171E+00-0.214413643E+00-0.227392524E+00-0.240041897E+00-0.252130926E+00
-0.263409615E+00-0.273616463E+00-0.282488257E+00-0.289771199E+00-0.295232981E+00
-0.298674524E+00-0.299940825E+00-0.298929334E+00-0.295595706E+00-0.289955437E+00
-0.282082081E+00-0.272101343E+00-0.260182202E+00-0.246525705E+00-0.231352210E+00
-0.214888349E+00-0.197354600E+00-0.178954020E+00-0.159862772E+00-0.140222579E+00
-0.120135181E+00-0.996590108E-01-0.788087696E-01-0.575610735E-01-0.358759239E-01
-0.144900838E-01 0.661185896E-02 0.274117980E-01 0.478662513E-01 0.679046065E-01
 0.874233842E-01 0.106279500E+00 0.124285758E+00 0.141213194E+00 0.156805590E+00
-0.446113711E-02-0.121092610E-01-0.156665929E-01-0.184083898E-01-0.217288174E-01
-0.256201234E-01-0.300708674E-01-0.350705460E-01-0.406122580E-01-0.466947891E-01
-0.533256195E-01-0.602874123E-01-0.676082298E-01-0.753273666E-01-0.834874287E-01
-0.921303928E-01-0.101294942E+00-0.111014031E+00-0.121312350E+00-0.132203519E+00
-0.143686920E+00-0.155744299E+00-0.168336332E+00-0.181398988E+00-0.194840431E+00
-0.208538249E+00-0.222337916E+00-0.236052290E+00-0.249463156E+00-0.262324721E+00
-0.274369448E+00-0.285316408E+00-0.294881672E+00-0.302790552E+00-0.308790773E+00
-0.312665552E+00-0.314245582E+00-0.313418716E+00-0.310136169E+00-0.304414839E+00
-0.296335369E+00-0.286035925E+00-0.273702532E+00-0.259556800E+00-0.243842185E+00
-0.226809755E+00-0.208704904E+00-0.189755350E+00-0.170161158E+00-0.150087059E+00
-0.129656658E+00-0.108948208E+00-0.879908428E-01-0.667584613E-01-0.451548323E-01
-0.238875262E-01-0.303422380E-02 0.173515603E-01 0.372141525E-01 0.564840548E-01
 0.750724226E-01 0.928690955E-01 0.109743908E+00 0.125552088E+00 0.140144229E+00
-0.718705915E-02-0.149161601E-01-0.184063446E-01-0.211798791E-01-0.245057307E-01
-0.283669531E-01-0.327578038E-01-0.376776569E-01-0.431290977E-01-0.491169468E-01
-0.556476191E-01-0.625089854E-01-0.697495714E-01-0.774165839E-01-0.855561718E-01
-0.942123756E-01-0.103425533E+00-0.113230191E+00-0.123652637E+00-0.134708017E+00
-0.146397144E+00-0.158702940E+00-0.171586663E+00-0.184984252E+00-0.198802784E+00
-0.212917596E+00-0.227170303E+00-0.241368234E+00-0.255285710E+00-0.268667608E+00
-0.281235188E+00-0.292694807E+00-0.302748770E+00-0.311108142E+00-0.317506790E+00
-0.321715266E+00-0.323553801E+00-0.322902441E+00-0.319708318E+00-0.313987970E+00
-0.305825621E+00-0.295366794E+00-0.282808095E+00-0.268384397E+00-0.252354324E+00
-0.234985322E+00-0.216539755E+00-0.197262421E+00-0.177370399E+00-0.157045364E+00
-0.136428490E+00-0.115617625E+00-0.946669728E-01-0.735898539E-01-0.523673110E-01
-0.309715979E-01-0.102079604E-01 0.992868934E-02 0.294122007E-01 0.481941625E-01
 0.662082657E-01 0.833736658E-01 0.995988846E-01 0.114787161E+00 0.128843278E+00
-0.792714581E-02-0.155935669E-01-0.193910226E-01-0.223320946E-01-0.257543046E-01
-0.296431445E-01-0.340123251E-01-0.388791412E-01-0.442586504E-01-0.501635373E-01
-0.566045418E-01-0.633806437E-01-0.705438107E-01-0.781440437E-01-0.862293690E-01
-0.948451161E-01-0.104032613E+00-0.113827288E+00-0.124256298E+00-0.135335714E+00
-0.147067294E+00-0.159434885E+00-0.172400624E+00-0.185901180E+00-0.199844062E+00
-0.214104667E+00-0.228524104E+00-0.242908582E+00-0.257030487E+00-0.270631880E+00
-0.283430308E+00-0.295127511E+00-0.305420429E+00-0.314014167E+00-0.320636392E+00
-0.325051546E+00-0.327074021E+00-0.326579154E+00-0.323510289E+00-0.317881852E+00
-0.309777498E+00-0.299343914E+00-0.286780447E+00-0.272326231E+00-0.256245345E+00
-0.238811746E+00-0.220294952E+00-0.200947434E+00-0.180994347E+00-0.160625666E+00
-0.139991060E+00-0.119196773E+00-0.983043984E-01-0.773303658E-01-0.562447719E-01
-0.349660143E-01-0.143463621E-01 0.559844263E-02 0.248393044E-01 0.433331430E-01
 0.610243343E-01 0.778473392E-01 0.937303081E-01 0.108599499E+00 0.122384444E+00
-0.705975341E-02-0.143760042E-01-0.188521873E-01-0.222248286E-01-0.257358793E-01
-0.296143610E-01-0.339333415E-01-0.387301929E-01-0.440290160E-01-0.498480164E-01
-0.562023669E-01-0.628913045E-01-0.699657649E-01-0.774744079E-01-0.854642466E-01
-0.939798802E-01-0.103062086E+00-0.112745896E+00-0.123058245E+00-0.134015188E+00
-0.145618677E+00-0.157853097E+00-0.170681551E+00-0.184042007E+00-0.197843850E+00
-0.211964786E+00-0.226248831E+00-0.240505517E+00-0.254511029E+00-0.268011361E+00
-0.280728310E+00-0.292367607E+00-0.302629799E+00-0.311223060E+00-0.317877114E+00
-0.322357386E+00-0.324478060E+00-0.324112833E+00-0.321202219E+00-0.315756649E+00
-0.307854980E+00-0.297638476E+00-0.285301000E+00-0.271076262E+00-0.255223304E+00
-0.238011852E+00-0.219708025E+00-0.200561866E+00-0.180797055E+00-0.160603091E+00
-0.140129983E+00-0.119485117E+00-0.987318754E-01-0.778892040E-01-0.569305122E-01
-0.357783698E-01-0.152836330E-01 0.453628786E-02 0.236513019E-01 0.420182832E-01
 0.595827028E-01 0.762813464E-01 0.920458585E-01 0.106806934E+00 0.120499030E+00
-0.751292519E-02-0.151367057E-01-0.187000521E-01-0.214363337E-01-0.246732999E-01
-0.283835847E-01-0.325735845E-01-0.372571759E-01-0.424489230E-01-0.481642857E-01
-0.544227175E-01-0.610256307E-01-0.680048019E-01-0.754012764E-01-0.832584575E-01
-0.916186795E-01-0.100520983E+00-0.109998912E+00-0.120078154E+00-0.130773813E+00
-0.142087415E+00-0.154003471E+00-0.166486010E+00-0.179474980E+00-0.192882895E+00
-0.206591964E+00-0.220452234E+00-0.234280825E+00-0.247862995E+00-0.260955304E+00
-0.273291051E+00-0.284588188E+00-0.294559479E+00-0.302924663E+00-0.309423536E+00
-0.313829452E+00-0.315961599E+00-0.315695405E+00-0.312969536E+00-0.307788968E+00
-0.300223887E+00-0.290404081E+00-0.278510064E+00-0.264760852E+00-0.249400645E+00
-0.232684478E+00-0.214864850E+00-0.196179509E+00-0.176841378E+00-0.157030761E+00
-0.136889920E+00-0.116519928E+00-0.959801376E-01-0.752908513E-01-0.544424355E-01
-0.334193967E-01-0.130242398E-01 0.674161548E-02 0.258480236E-01 0.442457311E-01
 0.618713647E-01 0.786511898E-01 0.945051014E-01 0.109351285E+00 0.123111606E+00
-0.586250052E-02-0.134171126E-01-0.168250445E-01-0.193033740E-01-0.223100483E-01
-0.258380231E-01-0.298801884E-01-0.344339944E-01-0.394995809E-01-0.450778343E-01
-0.511673503E-01-0.577572994E-01-0.646655262E-01-0.719466358E-01-0.796475410E-01
-0.878103897E-01-0.964726582E-01-0.105665945E+00-0.115414068E+00-0.125730619E+00
-0.136616156E+00-0.148055181E+00-0.160012826E+00-0.172431603E+00-0.185228422E+00
-0.198291972E+00-0.211481094E+00-0.224624112E+00-0.237520039E+00-0.249941394E+00
-0.261639327E+00-0.272350788E+00-0.281807989E+00-0.289749324E+00-0.295931458E+00
-0.300141424E+00-0.302208066E+00-0.302011400E+00-0.299489260E+00-0.294640124E+00
-0.287522435E+00-0.278249741E+00-0.266982615E+00-0.253917873E+00-0.239276230E+00
-0.223289311E+00-0.206187069E+00-0.188186273E+00-0.169480756E+00-0.150233433E+00
-0.130570114E+00-0.110574484E+00-0.902832076E-01-0.696792752E-01-0.486793779E-01
-0.279997159E-01-0.773426518E-02 0.120500084E-01 0.312881842E-01 0.499068499E-01
 0.678201467E-01 0.849295035E-01 0.101126179E+00 0.116296269E+00 0.130327985E+00
-0.284115621E-02-0.102719702E-01-0.132513316E-01-0.155656319E-01-0.184344035E-01
-0.218437687E-01-0.257828515E-01-0.302413367E-01-0.352117009E-01-0.406905524E-01
-0.466802828E-01-0.531932190E-01-0.600133315E-01-0.671712235E-01-0.747023821E-01
-0.826427117E-01-0.910256654E-01-0.998797864E-01-0.109226391E+00-0.119077213E+00
-0.129431739E+00-0.140274525E+00-0.151572168E+00-0.163270548E+00-0.175292119E+00
-0.187533766E+00-0.199865326E+00-0.212129310E+00-0.224141911E+00-0.235695690E+00
-0.246564224E+00-0.256508529E+00-0.265285373E+00-0.272656947E+00-0.278401524E+00
-0.282324076E+00-0.284266412E+00-0.284115374E+00-0.281808794E+00-0.277338207E+00
-0.270748407E+00-0.262133300E+00-0.251629144E+00-0.239404961E+00-0.225651875E+00
-0.210571453E+00-0.194364309E+00-0.177219659E+00-0.159306198E+00-0.140764594E+00
-0.121701524E+00-0.102185190E+00-0.822413266E-01-0.618486702E-01-0.409317017E-01
-0.202890020E-01 0.550397090E-04 0.200573634E-01 0.396560319E-01 0.587677509E-01
 0.772853270E-01 0.950765535E-01 0.111985981E+00 0.127841115E+00 0.142463937E+00
 0.234272517E-02-0.484317122E-02-0.791612733E-02-0.101406109E-01-0.129530597E-01
-0.163305979E-01-0.202452131E-01-0.246725362E-01-0.295940861E-01-0.349973887E-01
-0.408750549E-01-0.472229607E-01-0.540360324E-01-0.611161478E-01-0.684995651E-01
-0.762217045E-01-0.843149647E-01-0.928061381E-01-0.101714678E+00-0.111050829E+00
-0.120813437E+00-0.130987540E+00-0.141541943E+00-0.152426690E+00-0.163570926E+00
-0.174881071E+00-0.186239704E+00-0.197505429E+00-0.208513916E+00-0.219080329E+00
-0.229003415E+00-0.238071099E+00-0.246067598E+00-0.252781808E+00-0.258016258E+00
-0.261596262E+00-0.263378531E+00-0.263258070E+00-0.261173457E+00-0.257109344E+00
-0.251095980E+00-0.243206143E+00-0.233549282E+00-0.222263709E+00-0.209507152E+00
-0.195446864E+00-0.180249453E+00-0.164071545E+00-0.147051409E+00-0.129302129E+00
-0.110906467E+00-0.919138491E-01-0.723400190E-01-0.521702208E-01-0.313667916E-01
-0.106995804E-01 0.984942075E-02 0.302614160E-01 0.504861958E-01 0.704399943E-01
 0.899992809E-01 0.108993277E+00 0.127198771E+00 0.144342914E+00 0.160120264E+00
 0.921490695E-02 0.233275001E-02-0.619761355E-03-0.286674895E-02-0.577897532E-02
-0.927595235E-02-0.132941855E-01-0.177909862E-01-0.227390956E-01-0.281216968E-01
-0.339288898E-01-0.401553325E-01-0.467987619E-01-0.538600236E-01-0.611363761E-01
-0.686667934E-01-0.764871612E-01-0.846231133E-01-0.930924341E-01-0.101904377E+00
-0.111057773E+00-0.120539024E+00-0.130319923E+00-0.140355691E+00-0.150583118E+00
-0.160919219E+00-0.171260387E+00-0.181482434E+00-0.191441536E+00-0.200976536E+00
-0.209912285E+00-0.218064517E+00-0.225245818E+00-0.231272504E+00-0.235972121E+00
-0.239191025E+00-0.240801349E+00-0.240706995E+00-0.238847837E+00-0.235201925E+00
-0.229785338E+00-0.222649649E+00-0.213877231E+00-0.203574792E+00-0.191865489E+00
-0.178880289E+00-0.164749235E+00-0.149592742E+00-0.133513719E+00-0.116590381E+00
-0.988703221E-01-0.803660676E-01-0.610538498E-01-0.408803672E-01-0.204759184E-01
 0.131611581E-03 0.209303703E-01 0.419051275E-01 0.630239919E-01 0.842245966E-01
 0.105395779E+00 0.126351938E+00 0.146800265E+00 0.166311011E+00 0.184321880E+00
 0.184231661E-01 0.120155709E-01 0.918958243E-02 0.649114046E-02 0.310769328E-02
-0.771414198E-03-0.507162558E-02-0.975901727E-02-0.148168458E-01-0.202366486E-01
-0.260144006E-01-0.321487412E-01-0.386402793E-01-0.454918593E-01-0.527100116E-01
-0.600844510E-01-0.676766038E-01-0.754978433E-01-0.835618377E-01-0.918776989E-01
-0.100445576E+00-0.109254390E+00-0.118280075E+00-0.127483949E+00-0.136811376E+00
-0.146190643E+00-0.155532494E+00-0.164730191E+00-0.173660532E+00-0.182185724E+00
-0.190156311E+00-0.197415188E+00-0.203802422E+00-0.209160894E+00-0.213342369E+00
-0.216213539E+00-0.217661738E+00-0.217599645E+00-0.215968847E+00-0.212741598E+00
-0.207920849E+00-0.201538250E+00-0.193650454E+00-0.184333786E+00-0.173677772E+00
-0.161777794E+00-0.148727298E+00-0.134609908E+00-0.119491376E+00-0.103411518E+00
-0.863751024E-01-0.683396459E-01-0.491942540E-01-0.295658726E-01-0.946640037E-02
 0.111157037E-01 0.322067402E-01 0.538399778E-01 0.760474801E-01 0.988488346E-01
 0.122232288E+00 0.146118820E+00 0.170287535E+00 0.194212168E+00 0.216790527E+00
 0.317790098E-01 0.266362187E-01 0.219558589E-01 0.176059604E-01 0.132713253E-01
 0.878270622E-02 0.407810789E-02-0.872615725E-03-0.608682632E-02-0.115755359E-01
-0.173460525E-01-0.234031361E-01-0.297493301E-01-0.363844931E-01-0.433038995E-01
-0.504931472E-01-0.579793379E-01-0.655696318E-01-0.732945278E-01-0.811747983E-01
-0.892154947E-01-0.974096656E-01-0.105738543E+00-0.114170544E+00-0.122660257E+00
-0.131147698E+00-0.139557943E+00-0.147801429E+00-0.155774787E+00-0.163362443E+00
-0.170439154E+00-0.176873118E+00-0.182529941E+00-0.187277123E+00-0.190988779E+00
-0.193550482E+00-0.194863692E+00-0.194849521E+00-0.193451554E+00-0.190637290E+00
-0.186398163E+00-0.180748120E+00-0.173720628E+00-0.165364444E+00-0.155738294E+00
-0.144904673E+00-0.132923245E+00-0.119843744E+00-0.105698988E+00-0.904980674E-01
-0.742210075E-01-0.568178445E-01-0.382216983E-01-0.190865938E-01 0.675537623E-03
 0.211465377E-01 0.424176343E-01 0.645973533E-01 0.878167152E-01 0.112233736E+00
 0.138038635E+00 0.165461838E+00 0.194794357E+00 0.226478234E+00 0.260502696E+00
 0.431510024E-01 0.386903621E-01 0.336499363E-01 0.285813604E-01 0.236366484E-01
 0.186914727E-01 0.136604868E-01 0.848891865E-02 0.314159878E-02-0.240441738E-02
-0.816425588E-02-0.141477995E-01-0.203612056E-01-0.268078856E-01-0.334894173E-01
-0.404073521E-01-0.475683361E-01-0.549810380E-01-0.624235794E-01-0.699470565E-01
-0.775449947E-01-0.852108300E-01-0.929314271E-01-0.100683153E+00-0.108430453E+00
-0.116125196E+00-0.123706557E+00-0.131101295E+00-0.138224572E+00-0.144981369E+00
-0.151268438E+00-0.156976864E+00-0.161995232E+00-0.166213036E+00-0.169524431E+00
-0.171831876E+00-0.173049688E+00-0.173106819E+00-0.171949118E+00-0.169540480E+00
-0.165862843E+00-0.160915151E+00-0.154710934E+00-0.147275046E+00-0.138639241E+00
-0.128837019E+00-0.117897913E+00-0.105840839E+00-0.926667675E-01-0.783492997E-01
-0.628211573E-01-0.459504724E-01-0.283482745E-01-0.100010391E-01 0.915494561E-02
 0.292165130E-01 0.503122211E-01 0.726082847E-01 0.963196456E-01 0.121726938E+00
 0.149201810E+00 0.179245815E+00 0.212551072E+00 0.250088543E+00 0.291156173E+00
 0.527433567E-01 0.487054624E-01 0.437886715E-01 0.386703014E-01 0.335791297E-01
 0.284664556E-01 0.232879445E-01 0.180074144E-01 0.125974007E-01 0.703787338E-02
 0.131461339E-02-0.458216108E-02-0.106588295E-01-0.169191044E-01-0.233645309E-01
-0.299947616E-01-0.368071534E-01-0.437940285E-01-0.509367362E-01-0.582589582E-01
-0.655356646E-01-0.727822036E-01-0.800034031E-01-0.871868655E-01-0.943080038E-01
-0.101330519E+00-0.108207054E+00-0.114879645E+00-0.121280432E+00-0.127332807E+00
-0.132953107E+00-0.138052657E+00-0.142540142E+00-0.146324322E+00-0.149316877E+00
-0.151435211E+00-0.152605012E+00-0.152762547E+00-0.151856229E+00-0.149847582E+00
-0.146711171E+00-0.142433807E+00-0.137012705E+00-0.130452797E+00-0.122763246E+00
-0.113953330E+00-0.104027756E+00-0.929817855E-01-0.807963610E-01-0.674339607E-01
-0.528358482E-01-0.369218998E-01-0.203352068E-01-0.297271297E-02 0.152676776E-01
 0.345048420E-01 0.548863187E-01 0.766003728E-01 0.998914167E-01 0.125081629E+00
 0.152601331E+00 0.183030203E+00 0.217145264E+00 0.255952686E+00 0.298423320E+00
 0.614274926E-01 0.577513352E-01 0.531205609E-01 0.481394231E-01 0.431007594E-01
 0.379921421E-01 0.327984765E-01 0.275054611E-01 0.221007112E-01 0.165741239E-01
 0.109178564E-01 0.512615871E-02-0.804816606E-03-0.687718764E-02-0.130914701E-01
-0.194466747E-01-0.259403996E-01-0.325691402E-01-0.393297859E-01-0.462249443E-01
-0.532602184E-01-0.601719283E-01-0.670056194E-01-0.737416819E-01-0.803639814E-01
-0.868457332E-01-0.931520388E-01-0.992391482E-01-0.105054349E+00-0.110537268E+00
-0.115621343E+00-0.120235391E+00-0.124305494E+00-0.127757072E+00-0.130516976E+00
-0.132515639E+00-0.133688912E+00-0.133979872E+00-0.133339927E+00-0.131729439E+00
-0.129117772E+00-0.125482544E+00-0.120808095E+00-0.115083374E+00-0.108298980E+00
-0.100443579E+00-0.914997011E-01-0.814391524E-01-0.702185333E-01-0.577765405E-01
-0.440381393E-01-0.295646414E-01-0.143317310E-01 0.171666883E-02 0.186591521E-01
 0.365964994E-01 0.556555390E-01 0.759961084E-01 0.978215486E-01 0.121394388E+00
 0.147060782E+00 0.175292030E+00 0.206766129E+00 0.242552370E+00 0.280722529E+00
 0.697871968E-01 0.664707869E-01 0.620901957E-01 0.572900176E-01 0.523651801E-01
 0.473231450E-01 0.421706513E-01 0.369122252E-01 0.315501057E-01 0.260847993E-01
 0.205158405E-01 0.148424609E-01 0.906412490E-02 0.318090781E-02-0.280621974E-02
-0.889519602E-02-0.150827169E-01-0.213641115E-01-0.277331676E-01-0.341814645E-01
-0.406953953E-01-0.472500920E-01-0.538741685E-01-0.602961406E-01-0.665588379E-01
-0.726364106E-01-0.785097554E-01-0.841510370E-01-0.895197764E-01-0.945694521E-01
-0.992483348E-01-0.103500158E+00-0.107265919E+00-0.110485457E+00-0.113098823E+00
-0.115047798E+00-0.116277419E+00-0.116737217E+00-0.116382115E+00-0.115172759E+00
-0.113075443E+00-0.110061429E+00-0.106105752E+00-0.101185381E+00-0.952767581E-01
-0.883524343E-01-0.803765655E-01-0.712983981E-01-0.610418990E-01-0.494862832E-01
-0.372221805E-01-0.242481101E-01-0.105385045E-01 0.394996535E-02 0.192749314E-01
 0.355070755E-01 0.527302027E-01 0.710420087E-01 0.905549377E-01 0.111396424E+00
 0.133706987E+00 0.157632649E+00 0.183298171E+00 0.210673869E+00 0.238058299E+00
 0.781137496E-01 0.751662925E-01 0.710301250E-01 0.663865283E-01 0.615465194E-01
 0.565482192E-01 0.514240377E-01 0.461963937E-01 0.408792496E-01 0.354806706E-01
 0.300050713E-01 0.244548470E-01 0.188315064E-01 0.131364660E-01 0.737159140E-02
 0.153960008E-02-0.435562897E-02-0.103087751E-01-0.163127761E-01-0.223584473E-01
-0.284340549E-01-0.345255174E-01-0.406191126E-01-0.466899276E-01-0.527701825E-01
-0.585669838E-01-0.641333908E-01-0.694723278E-01-0.745337307E-01-0.792837888E-01
-0.836858675E-01-0.876951888E-01-0.912655741E-01-0.943499580E-01-0.969002396E-01
-0.988680050E-01-0.100206450E+00-0.100871548E+00-0.100822538E+00-0.100021906E+00
-0.984351039E-01-0.960298404E-01-0.927751884E-01-0.886402503E-01-0.835926160E-01
-0.775963217E-01-0.706094801E-01-0.625819489E-01-0.534568503E-01-0.431768484E-01
-0.323671438E-01-0.209578015E-01-0.889864285E-02 0.385381281E-02 0.173411835E-01
 0.316041298E-01 0.466809012E-01 0.626037642E-01 0.793924928E-01 0.970429853E-01
 0.115507297E+00 0.134657428E+00 0.154218614E+00 0.173641488E+00 0.191877589E+00
 0.867833048E-01 0.842559785E-01 0.803390369E-01 0.756979212E-01 0.707835183E-01
 0.657124966E-01 0.605434589E-01 0.553052202E-01 0.500122979E-01 0.446719527E-01
 0.392876714E-01 0.338610820E-01 0.283930972E-01 0.228846725E-01 0.173373017E-01
 0.117533840E-01 0.613651238E-02 0.491720974E-03-0.517428666E-02-0.108529115E-01
-0.165334530E-01-0.222029649E-01-0.278460458E-01-0.334437378E-01-0.389742143E-01
-0.443961397E-01-0.497138575E-01-0.549703166E-01-0.598606244E-01-0.644338205E-01
-0.686890855E-01-0.725714341E-01-0.760482550E-01-0.790888667E-01-0.816572160E-01
-0.837106779E-01-0.852090791E-01-0.861154050E-01-0.863948837E-01-0.860140100E-01
-0.849397257E-01-0.831386372E-01-0.805761591E-01-0.772157386E-01-0.730181038E-01
-0.679406151E-01-0.619348176E-01-0.549349636E-01-0.468679704E-01-0.382777341E-01
-0.291518681E-01-0.194648951E-01-0.918906927E-02 0.170165498E-02 0.132291680E-01
 0.254083741E-01 0.382431634E-01 0.517206304E-01 0.658028126E-01 0.804150626E-01
 0.954298377E-01 0.110645123E+00 0.125759229E+00 0.140351787E+00 0.153897911E+00
 0.969984308E-01 0.954641849E-01 0.907994136E-01 0.853376389E-01 0.799985379E-01
 0.746916458E-01 0.693996772E-01 0.641150400E-01 0.588326566E-01 0.535483696E-01
 0.482586510E-01 0.429606289E-01 0.376522169E-01 0.323322862E-01 0.270007998E-01
 0.216589570E-01 0.163093321E-01 0.109559884E-01 0.560460426E-02 0.262597256E-03
-0.506076170E-02-0.103542330E-01-0.156044913E-01-0.207959842E-01-0.259110127E-01
-0.309298690E-01-0.358357728E-01-0.406088643E-01-0.452079140E-01-0.496392474E-01
-0.539526083E-01-0.578122176E-01-0.612744316E-01-0.643530041E-01-0.670300573E-01
-0.692387372E-01-0.709450990E-01-0.721242353E-01-0.727521777E-01-0.728031993E-01
-0.722487345E-01-0.710565448E-01-0.691897720E-01-0.666060150E-01-0.632578880E-01
-0.590991527E-01-0.541084148E-01-0.481594540E-01-0.417605415E-01-0.348862819E-01
-0.275169741E-01-0.196330901E-01-0.112154167E-01-0.224707602E-02 0.728351390E-02
 0.173788276E-01 0.280274935E-01 0.391985737E-01 0.508348756E-01 0.628454611E-01
 0.750979483E-01 0.874119177E-01 0.995562896E-01 0.111254938E+00 0.122205168E+00
 0.105828293E+00 0.104918063E+00 0.100167163E+00 0.942602381E-01 0.886037573E-01
 0.831133276E-01 0.777344331E-01 0.724333078E-01 0.671880543E-01 0.619836152E-01
 0.568092056E-01 0.516569987E-01 0.465214513E-01 0.413989164E-01 0.362874679E-01
 0.311867725E-01 0.260980651E-01 0.210241284E-01 0.159693137E-01 0.109395580E-01
 0.594242476E-02 0.987128704E-03-0.391544309E-02-0.875274651E-02-0.135106621E-01
-0.181736685E-01-0.227251444E-01-0.271465927E-01-0.314170271E-01-0.355174430E-01
-0.394233391E-01-0.430822298E-01-0.464853384E-01-0.496525504E-01-0.526453629E-01
-0.550832674E-01-0.570258014E-01-0.584907494E-01-0.594757013E-01-0.599672198E-01
-0.599443428E-01-0.593790486E-01-0.582341030E-01-0.564573184E-01-0.539686307E-01
-0.506308936E-01-0.469026342E-01-0.426974855E-01-0.380403809E-01-0.329355709E-01
-0.273759738E-01-0.213476159E-01-0.148329008E-01-0.781390630E-02-0.276228006E-03
 0.778645743E-02 0.163671598E-01 0.254399534E-01 0.349544324E-01 0.448309332E-01
 0.549573600E-01 0.651886985E-01 0.753503367E-01 0.852461681E-01 0.946717411E-01
 0.112674072E+00 0.112106174E+00 0.107595913E+00 0.101759650E+00 0.961167365E-01
 0.906434283E-01 0.853070617E-01 0.800794140E-01 0.749376714E-01 0.698639825E-01
 0.648446009E-01 0.598691292E-01 0.549299158E-01 0.500216186E-01 0.451408960E-01
 0.402861722E-01 0.354575031E-01 0.306564644E-01 0.258860961E-01 0.211508516E-01
 0.164565854E-01 0.118105197E-01 0.722123915E-02 0.269865920E-02-0.174600852E-02
-0.610029045E-02-0.103504555E-01-0.144814001E-01-0.184765812E-01-0.223181341E-01
-0.259859748E-01-0.294575132E-01-0.327141657E-01-0.357379615E-01-0.385007039E-01
-0.409361348E-01-0.430167690E-01-0.447273329E-01-0.460552871E-01-0.469875336E-01
-0.475093238E-01-0.476039872E-01-0.472531840E-01-0.464383475E-01-0.451454706E-01
-0.433791541E-01-0.412015654E-01-0.386333913E-01-0.356860831E-01-0.323598906E-01
-0.286443643E-01-0.245195497E-01-0.199578311E-01-0.149266915E-01-0.939277932E-02
-0.332737924E-02 0.328688510E-02 0.104488106E-01 0.181318633E-01 0.262791067E-01
 0.348009169E-01 0.435762703E-01 0.524579249E-01 0.612813234E-01 0.698762313E-01
 0.118298128E+00 0.118067160E+00 0.113599762E+00 0.107946277E+00 0.102480955E+00
 0.971751437E-01 0.920067430E-01 0.869536102E-01 0.819958746E-01 0.771168247E-01
 0.723029897E-01 0.675438419E-01 0.628314465E-01 0.581600554E-01 0.535258614E-01
 0.489267334E-01 0.443620197E-01 0.398324393E-01 0.353399701E-01 0.308877751E-01
 0.264801439E-01 0.221224651E-01 0.178211816E-01 0.135837719E-01 0.941872969E-02
 0.533554656E-02 0.134472118E-02-0.254222425E-02-0.631272048E-02-0.995314214E-02
-0.134487553E-01-0.167838521E-01-0.199422073E-01-0.229062270E-01-0.256552882E-01
-0.281653348E-01-0.304172914E-01-0.323968977E-01-0.340931565E-01-0.354970768E-01
-0.366010554E-01-0.373987518E-01-0.378855541E-01-0.380596556E-01-0.379239582E-01
-0.374884047E-01-0.367702506E-01-0.357817970E-01-0.345276743E-01-0.330022238E-01
-0.311873164E-01-0.290506389E-01-0.265449062E-01-0.236087162E-01-0.201700963E-01
-0.161535889E-01-0.114909010E-01-0.613378268E-02-0.665456464E-04 0.668455986E-02
 0.140471067E-01 0.219043028E-01 0.301028546E-01 0.384659879E-01 0.468095131E-01
 0.122362264E+00 0.122325867E+00 0.118288033E+00 0.112924561E+00 0.107741356E+00
 0.102715991E+00 0.978219882E-01 0.930364728E-01 0.883409008E-01 0.837205797E-01
 0.791640282E-01 0.746624246E-01 0.702091232E-01 0.657993183E-01 0.614297539E-01
 0.570985228E-01 0.528048873E-01 0.485491715E-01 0.443326421E-01 0.401574448E-01
 0.360265337E-01 0.319436416E-01 0.279132258E-01 0.239404589E-01 0.200312044E-01
 0.161920153E-01 0.124301231E-01 0.875344314E-02 0.517056650E-02 0.169075024E-02
-0.167611928E-02-0.491959555E-02-0.802875962E-02-0.109922169E-01-0.137981763E-01
-0.164350700E-01-0.188930482E-01-0.211646408E-01-0.232448876E-01-0.251312610E-01
-0.268236753E-01-0.283245947E-01-0.296392906E-01-0.307761598E-01-0.317468978E-01
-0.325661153E-01-0.332496129E-01-0.338106118E-01-0.342559516E-01-0.345817320E-01
-0.347682983E-01-0.347743668E-01-0.345308557E-01-0.339358039E-01-0.328534953E-01
-0.311221685E-01-0.285737440E-01-0.250631757E-01-0.204982217E-01-0.148602249E-01
-0.821266416E-02-0.698610733E-03 0.747257145E-02 0.160500482E-01 0.247745849E-01
 0.125262827E+00 0.125392377E+00 0.121669866E+00 0.116702721E+00 0.111939296E+00
 0.107319608E+00 0.102804750E+00 0.983722433E-01 0.940079838E-01 0.897022858E-01
 0.854481235E-01 0.812402666E-01 0.770748556E-01 0.729491487E-01 0.688613430E-01
 0.648104623E-01 0.607962608E-01 0.568190888E-01 0.528798699E-01 0.489800088E-01
 0.451213494E-01 0.413061269E-01 0.375369638E-01 0.338168181E-01 0.301489979E-01
 0.265371576E-01 0.229852982E-01 0.194977652E-01 0.160792582E-01 0.127347959E-01
 0.946968887E-02 0.628945138E-02 0.319968211E-02 0.205889213E-03-0.268679345E-02
-0.547405425E-02-0.815299526E-02-0.107226549E-01-0.131844087E-01-0.155423190E-01
-0.178034585E-01-0.199782494E-01-0.220807809E-01-0.241290275E-01-0.261448435E-01
-0.281534661E-01-0.301822703E-01-0.322584957E-01-0.344058685E-01-0.366395861E-01
-0.389589369E-01-0.413363688E-01-0.437017530E-01-0.459210575E-01-0.477725379E-01
-0.489353351E-01-0.490225740E-01-0.476728790E-01-0.446440093E-01-0.398496650E-01
-0.333571956E-01-0.253826659E-01-0.162842050E-01-0.652068108E-02 0.344534987E-02
 0.126658306E+00 0.126744360E+00 0.123448201E+00 0.119297259E+00 0.115204364E+00
 0.111131996E+00 0.107085578E+00 0.103068896E+00 0.990837440E-01 0.951307639E-01
 0.912099853E-01 0.873212665E-01 0.834644586E-01 0.796395838E-01 0.758468360E-01
 0.720866397E-01 0.683595985E-01 0.646664575E-01 0.610080473E-01 0.573852733E-01
 0.537990369E-01 0.502502359E-01 0.467397235E-01 0.432683118E-01 0.398367792E-01
 0.364458859E-01 0.330964103E-01 0.297891535E-01 0.265250001E-01 0.233048983E-01
 0.201298594E-01 0.170008950E-01 0.139189018E-01 0.108844843E-01 0.789767504E-02
 0.495757209E-02 0.206187903E-02-0.793590560E-03-0.361544383E-02-0.641326187E-02
-0.920019019E-02-0.119935628E-01-0.148155466E-01-0.176937766E-01-0.206619073E-01
-0.237599835E-01-0.270345006E-01-0.305378903E-01-0.343271308E-01-0.384607390E-01
-0.429929420E-01-0.479627438E-01-0.533738397E-01-0.591565371E-01-0.650896654E-01
-0.706309229E-01-0.747374818E-01-0.763721168E-01-0.750945434E-01-0.708285272E-01
-0.636665896E-01-0.538732447E-01-0.420349576E-01-0.292662717E-01-0.167364236E-01
 0.127304614E+00 0.127137318E+00 0.124722347E+00 0.121437207E+00 0.117990300E+00
 0.114455454E+00 0.110878661E+00 0.107285284E+00 0.103689916E+00 0.100101493E+00
 0.965259224E-01 0.929673985E-01 0.894291699E-01 0.859138742E-01 0.824237913E-01
 0.789608657E-01 0.755267441E-01 0.721227527E-01 0.687498450E-01 0.654085651E-01
 0.620990209E-01 0.588208288E-01 0.555731170E-01 0.523545332E-01 0.491632633E-01
 0.459970906E-01 0.428534523E-01 0.397295393E-01 0.366223678E-01 0.335288756E-01
 0.304459799E-01 0.273705758E-01 0.242994968E-01 0.212293826E-01 0.181564391E-01
 0.150760990E-01 0.119825769E-01 0.886831153E-02 0.572332228E-02 0.253446284E-02
-0.715420931E-03-0.404844712E-02-0.749278767E-02-0.110839112E-01-0.148660280E-01
-0.188937802E-01-0.232342407E-01-0.279692803E-01-0.331982821E-01-0.390410125E-01
-0.456400961E-01-0.531619601E-01-0.617948398E-01-0.717441514E-01-0.832378864E-01
-0.966270491E-01-0.107858516E+00-0.113145128E+00-0.113490276E+00-0.109427728E+00
-0.100552663E+00-0.872713476E-01-0.689566657E-01-0.493980162E-01-0.333279967E-01
 0.128981903E+00 0.128996342E+00 0.126750857E+00 0.123757713E+00 0.120688006E+00
 0.117555983E+00 0.114378773E+00 0.111171477E+00 0.107946061E+00 0.104711853E+00
 0.101476327E+00 0.982457250E-01 0.950254276E-01 0.918201432E-01 0.886339620E-01
 0.854703560E-01 0.823321268E-01 0.792213231E-01 0.761391670E-01 0.730859861E-01
 0.700611696E-01 0.670631006E-01 0.640891492E-01 0.611356795E-01 0.581981055E-01
 0.552709624E-01 0.523480587E-01 0.494226217E-01 0.464875214E-01 0.435354635E-01
 0.405592099E-01 0.375517122E-01 0.345062092E-01 0.314161740E-01 0.282751713E-01
 0.250765271E-01 0.218128525E-01 0.184754170E-01 0.150533747E-01 0.115328385E-01
 0.789581891E-02 0.411899714E-02 0.172279935E-03-0.398292299E-02-0.839584693E-02
-0.131291440E-01-0.182626024E-01-0.238982867E-01-0.301678237E-01-0.372427851E-01
-0.453493148E-01-0.547876395E-01-0.659546331E-01-0.793629736E-01-0.956486017E-01
-0.113671184E+00-0.125890687E+00-0.132227749E+00-0.133073270E+00-0.128194377E+00
-0.117755361E+00-0.100843996E+00-0.785576031E-01-0.588347614E-01-0.421687849E-01
 0.130626082E+00 0.130834058E+00 0.128773704E+00 0.126054063E+00 0.123298675E+00
 0.120506056E+00 0.117679171E+00 0.114822499E+00 0.111941583E+00 0.109042697E+00
 0.106132589E+00 0.103218213E+00 0.100306451E+00 0.974038616E-01 0.945164263E-01
 0.916493014E-01 0.888066515E-01 0.859914795E-01 0.832054764E-01 0.804489329E-01
 0.777206197E-01 0.750177130E-01 0.723357499E-01 0.696686208E-01 0.670086145E-01
 0.643465295E-01 0.616719127E-01 0.589732975E-01 0.562386215E-01 0.534556434E-01
 0.506124049E-01 0.476976372E-01 0.447010808E-01 0.416136608E-01 0.384274200E-01
 0.351352543E-01 0.317303725E-01 0.282055717E-01 0.245522801E-01 0.207594708E-01
 0.168124214E-01 0.126913469E-01 0.836987421E-02 0.381325046E-02-0.102383248E-02
-0.620006118E-02-0.117913596E-01-0.178964585E-01-0.246453341E-01-0.322126299E-01
-0.408401676E-01-0.508764498E-01-0.628460422E-01-0.775479823E-01-0.959038436E-01
-0.111474074E+00-0.121858850E+00-0.127199858E+00-0.127383605E+00-0.122376770E+00
-0.111098491E+00-0.928439051E-01-0.736113116E-01-0.569515191E-01-0.423712395E-01
 0.131976500E+00 0.132371426E+00 0.130638003E+00 0.128208786E+00 0.125767976E+00
 0.123307407E+00 0.120818458E+00 0.118296757E+00 0.115742505E+00 0.113159791E+00
 0.110555522E+00 0.107938357E+00 0.105317622E+00 0.102702595E+00 0.100101843E+00
 0.975228101E-01 0.949714929E-01 0.924522430E-01 0.899675488E-01 0.875179172E-01
 0.851016939E-01 0.827149525E-01 0.803513527E-01 0.780020952E-01 0.756558552E-01
 0.732989609E-01 0.709155723E-01 0.684881806E-01 0.659982190E-01 0.634268522E-01
 0.607559122E-01 0.579687692E-01 0.550511368E-01 0.519915894E-01 0.487817340E-01
 0.454159491E-01 0.418907627E-01 0.382038318E-01 0.343527049E-01 0.303334482E-01
 0.261392146E-01 0.217588376E-01 0.171754751E-01 0.123652453E-01 0.729578920E-02
 0.192466122E-02-0.380262337E-02-0.995509140E-02-0.166196525E-01-0.239057690E-01
-0.319523551E-01-0.409395359E-01-0.511163212E-01-0.629327968E-01-0.756172836E-01
-0.856037810E-01-0.924954712E-01-0.960216522E-01-0.961246490E-01-0.922358483E-01
-0.841561556E-01-0.716582239E-01-0.591779351E-01-0.472695716E-01-0.361079611E-01
 0.133127376E+00 0.133747309E+00 0.132242814E+00 0.130145058E+00 0.128068432E+00
 0.125976637E+00 0.123844326E+00 0.121658683E+00 0.119417988E+00 0.117128678E+00
 0.114802226E+00 0.112452611E+00 0.110094436E+00 0.107741661E+00 0.105406851E+00
 0.103100628E+00 0.100831471E+00 0.986055285E-01 0.964264795E-01 0.942954123E-01
 0.922106281E-01 0.901674032E-01 0.881577432E-01 0.861700773E-01 0.841890872E-01
 0.821956024E-01 0.801668540E-01 0.780769512E-01 0.758978948E-01 0.736009926E-01
 0.711585730E-01 0.685458705E-01 0.657427609E-01 0.627350137E-01 0.595148318E-01
 0.560806505E-01 0.524360649E-01 0.485881977E-01 0.445457026E-01 0.403167568E-01
 0.359071866E-01 0.313190110E-01 0.265493598E-01 0.215897989E-01 0.164260585E-01
 0.110381441E-01 0.540098688E-02-0.514055253E-03-0.673605734E-02-0.132880593E-01
-0.201733671E-01-0.273453090E-01-0.346381105E-01-0.416265465E-01-0.477419235E-01
-0.530837178E-01-0.571197942E-01-0.593461581E-01-0.595343746E-01-0.577199236E-01
-0.542230792E-01-0.488755368E-01-0.419795848E-01-0.343580619E-01-0.265302826E-01
 0.133673638E+00 0.134522945E+00 0.133407682E+00 0.131803513E+00 0.130233184E+00
 0.128604516E+00 0.126871660E+00 0.125023171E+00 0.123068973E+00 0.121030025E+00
 0.118931644E+00 0.116799608E+00 0.114657931E+00 0.112527750E+00 0.110426880E+00
 0.108369775E+00 0.106367655E+00 0.104428656E+00 0.102557942E+00 0.100757644E+00
 0.990266800E-01 0.973603651E-01 0.957498625E-01 0.941815227E-01 0.926361680E-01
 0.910884663E-01 0.895067006E-01 0.878530890E-01 0.860850736E-01 0.841576904E-01
 0.820269361E-01 0.796536878E-01 0.770075247E-01 0.740696341E-01 0.708341524E-01
 0.673078075E-01 0.635077059E-01 0.594580062E-01 0.551860146E-01 0.507186018E-01
 0.460794233E-01 0.412872098E-01 0.363551080E-01 0.312908627E-01 0.260977205E-01
 0.207760092E-01 0.153254345E-01 0.974845700E-02 0.405526580E-02-0.172881852E-02
-0.755263260E-02-0.133252675E-01-0.189036410E-01-0.240963884E-01-0.286967400E-01
-0.325060375E-01-0.353229195E-01-0.369674750E-01-0.373287462E-01-0.363848656E-01
-0.341888890E-01-0.308525972E-01-0.265675802E-01-0.215934776E-01-0.161910467E-01
 0.133017719E+00 0.133968413E+00 0.133825332E+00 0.133261129E+00 0.132514775E+00
 0.131487057E+00 0.130166829E+00 0.128599763E+00 0.126844883E+00 0.124959715E+00
 0.122995891E+00 0.120997660E+00 0.119001500E+00 0.117036529E+00 0.115125380E+00
 0.113285333E+00 0.111529380E+00 0.109866999E+00 0.108304709E+00 0.106846184E+00
 0.105492100E+00 0.104239553E+00 0.103081122E+00 0.102003507E+00 0.100985803E+00
 0.999975577E-01 0.989969596E-01 0.979298353E-01 0.967304558E-01 0.953251198E-01
 0.936388001E-01 0.916039422E-01 0.891693681E-01 0.863071382E-01 0.830157846E-01
 0.793192312E-01 0.752616003E-01 0.708991066E-01 0.662912130E-01 0.614934005E-01
 0.565527789E-01 0.515065789E-01 0.463826843E-01 0.412014276E-01 0.359779745E-01
 0.307250433E-01 0.254559107E-01 0.201878045E-01 0.149458032E-01 0.976721104E-02
 0.470606610E-02-0.163302378E-03-0.474556116E-02-0.892832782E-02-0.125903795E-01
-0.156111391E-01-0.178803168E-01-0.193093736E-01-0.198434275E-01-0.194691140E-01
-0.182164684E-01-0.161568206E-01-0.133975782E-01-0.100711333E-01-0.631832099E-02
 0.132227451E+00 0.133377805E+00 0.134368941E+00 0.135256395E+00 0.135907963E+00
 0.135345727E+00 0.134204283E+00 0.132680535E+00 0.130907282E+00 0.128986731E+00
 0.127000108E+00 0.125010252E+00 0.123063520E+00 0.121192537E+00 0.119419880E+00
 0.117761292E+00 0.116228223E+00 0.114829481E+00 0.113572113E+00 0.112461843E+00
 0.111502834E+00 0.110697083E+00 0.110043108E+00 0.109533854E+00 0.109153606E+00
 0.108873509E+00 0.108645916E+00 0.108398288E+00 0.108029202E+00 0.107411169E+00
 0.106404200E+00 0.104878359E+00 0.102736764E+00 0.999316424E-01 0.964713544E-01
 0.924184024E-01 0.878767893E-01 0.829697773E-01 0.778161958E-01 0.725148097E-01
 0.671396181E-01 0.617424659E-01 0.563583896E-01 0.510111451E-01 0.457179360E-01
 0.404932946E-01 0.353523195E-01 0.303135309E-01 0.254013874E-01 0.206484869E-01
 0.160971843E-01 0.118002249E-01 0.781991985E-02 0.422558049E-02 0.108936359E-02
-0.151899876E-02-0.353806023E-02-0.492058136E-02-0.563874701E-02-0.568776857E-02
-0.508722896E-02-0.388000067E-02-0.212879991E-02 0.893769175E-04 0.269013178E-02
 0.132122532E+00 0.133648962E+00 0.135354847E+00 0.137371987E+00 0.139659345E+00
 0.140440196E+00 0.139397219E+00 0.137450367E+00 0.135293752E+00 0.133048221E+00
 0.130820319E+00 0.128685653E+00 0.126687229E+00 0.124845840E+00 0.123170964E+00
 0.121667586E+00 0.120339803E+00 0.119192459E+00 0.118231952E+00 0.117466472E+00
 0.116905838E+00 0.116561078E+00 0.116443440E+00 0.116562478E+00 0.116922580E+00
 0.117516577E+00 0.118314542E+00 0.119244821E+00 0.120166607E+00 0.120847665E+00
 0.120987877E+00 0.120302849E+00 0.118596323E+00 0.115780473E+00 0.111880012E+00
 0.107042275E+00 0.101524718E+00 0.956191197E-01 0.895602927E-01 0.834975764E-01
 0.775143281E-01 0.716536641E-01 0.659366548E-01 0.603733771E-01 0.549694449E-01
 0.497299656E-01 0.446621068E-01 0.397768468E-01 0.350902416E-01 0.306242295E-01
 0.264069419E-01 0.224724207E-01 0.188595597E-01 0.156102944E-01 0.127670616E-01
 0.103697572E-01 0.845246762E-02 0.704030925E-02 0.614677416E-02 0.577192334E-02
 0.590170873E-02 0.650854036E-02 0.755304284E-02 0.898679346E-02 0.107556405E-01
 0.131834090E+00 0.133545607E+00 0.135533676E+00 0.137951255E+00 0.140921012E+00
 0.142873883E+00 0.143357784E+00 0.142321616E+00 0.139770091E+00 0.136797383E+00
 0.134072766E+00 0.131676242E+00 0.129584730E+00 0.127764642E+00 0.126190379E+00
 0.124845609E+00 0.123722181E+00 0.122819006E+00 0.122141346E+00 0.121700399E+00
 0.121513195E+00 0.121602833E+00 0.121999085E+00 0.122738905E+00 0.123866275E+00
 0.125430539E+00 0.127480730E+00 0.130048558E+00 0.133091867E+00 0.136271223E+00
 0.138634667E+00 0.139432222E+00 0.138406366E+00 0.135452732E+00 0.130543888E+00
 0.123844497E+00 0.116124205E+00 0.108365864E+00 0.100918397E+00 0.938443616E-01
 0.871341005E-01 0.807601586E-01 0.746938586E-01 0.689107403E-01 0.633921847E-01
 0.581256598E-01 0.531046353E-01 0.483284183E-01 0.438019186E-01 0.395353585E-01
 0.355437919E-01 0.318463743E-01 0.284653082E-01 0.254244339E-01 0.227475613E-01
 0.204565972E-01 0.185696241E-01 0.170991141E-01 0.160504635E-01 0.154210022E-01
 0.151996082E-01 0.153669668E-01 0.158964563E-01 0.167555287E-01 0.179074332E-01
 0.131070122E+00 0.132740200E+00 0.134581506E+00 0.136607796E+00 0.138807654E+00
 0.141108498E+00 0.142940059E+00 0.143294126E+00 0.142013639E+00 0.138961464E+00
 0.135876879E+00 0.133407310E+00 0.131377533E+00 0.129692078E+00 0.128295273E+00
 0.127155587E+00 0.126257390E+00 0.125596732E+00 0.125179440E+00 0.125020534E+00
 0.125144303E+00 0.125583217E+00 0.126383200E+00 0.127609089E+00 0.129348278E+00
 0.131719664E+00 0.134889394E+00 0.139100119E+00 0.144735619E+00 0.152378753E+00
 0.158136502E+00 0.160756648E+00 0.160623953E+00 0.157499060E+00 0.151257381E+00
 0.141438514E+00 0.129477128E+00 0.119382896E+00 0.110520095E+00 0.102542765E+00
 0.952415913E-01 0.884814113E-01 0.821719766E-01 0.762517303E-01 0.706781223E-01
 0.654219911E-01 0.604640581E-01 0.557928905E-01 0.514034443E-01 0.472960286E-01
 0.434753411E-01 0.399495326E-01 0.367291681E-01 0.338261202E-01 0.312523581E-01
 0.290186852E-01 0.271335524E-01 0.256019477E-01 0.244245231E-01 0.235969890E-01
 0.231098551E-01 0.229485314E-01 0.230937619E-01 0.235223472E-01 0.242080744E-01
 0.129922166E+00 0.131535143E+00 0.133158520E+00 0.134740070E+00 0.136246532E+00
 0.137648016E+00 0.138898075E+00 0.139920264E+00 0.139935195E+00 0.137866393E+00
 0.135470331E+00 0.133502111E+00 0.131870180E+00 0.130524412E+00 0.129429683E+00
 0.128565922E+00 0.127923861E+00 0.127503172E+00 0.127312213E+00 0.127368912E+00
 0.127702564E+00 0.128346294E+00 0.129350841E+00 0.130792797E+00 0.132774979E+00
 0.135438949E+00 0.138986319E+00 0.143715501E+00 0.150080368E+00 0.158609346E+00
 0.165243104E+00 0.168488428E+00 0.168691903E+00 0.165713921E+00 0.159320667E+00
 0.148981258E+00 0.136447117E+00 0.125885084E+00 0.116723806E+00 0.108560137E+00
 0.101145566E+00 0.943262801E-01 0.880035385E-01 0.821104795E-01 0.765996948E-01
 0.714367554E-01 0.665968135E-01 0.620625652E-01 0.578227974E-01 0.538713150E-01
 0.502059124E-01 0.468274653E-01 0.437389947E-01 0.409447663E-01 0.384493843E-01
 0.362568907E-01 0.343699642E-01 0.327891894E-01 0.315124877E-01 0.305347014E-01
 0.298474189E-01 0.294389706E-01 0.292946491E-01 0.293970909E-01 0.297267884E-01
 0.633160532E+00 0.646442711E+00 0.655892313E+00 0.667237997E+00 0.679147720E+00
 0.691616356E+00 0.704637110E+00 0.718211591E+00 0.732336879E+00 0.747063160E+00
 0.762301564E+00 0.778055012E+00 0.794351101E+00 0.811482310E+00 0.829236448E+00
 0.848018646E+00 0.867400527E+00 0.887514293E+00 0.908509016E+00 0.930409849E+00
 0.953374267E+00 0.977299869E+00 0.100229514E+01 0.102837682E+01 0.105565333E+01
 0.108418286E+01 0.111402273E+01 0.114542520E+01 0.117833805E+01 0.121275568E+01
 0.124882782E+01 0.128673542E+01 0.132675362E+01 0.136890566E+01 0.141316557E+01
 0.145969987E+01 0.150863266E+01 0.156074750E+01 0.161572528E+01 0.167369962E+01
 0.173473620E+01 0.179971302E+01 0.186876523E+01 0.194197118E+01 0.201913118E+01
 0.210148573E+01 0.218938565E+01 0.228248215E+01 0.238150883E+01 0.248727417E+01
 0.259996390E+01 0.271994591E+01 0.284866095E+01 0.298497963E+01 0.313178492E+01
 0.328844857E+01 0.345568824E+01 0.363672519E+01 0.383172512E+01 0.404456520E+01
 0.427955532E+01 0.454098845E+01 0.484521532E+01 0.526086235E+01 0.685707808E+01
   86  117
 0.111354518E+01-0.200000003E+00 0.109914088E+01-0.150000006E+00 0.108542764E+01
-0.500000007E-01 0.109409869E+01 0.500000007E-01 0.110780013E+01 0.100000001E+00
 0.113218749E+01 0.162447050E+00 0.115875006E+01 0.216090724E+00 0.118531251E+01
 0.262864500E+00 0.121187496E+01 0.305331826E+00 0.124274445E+01 0.349999994E+00
 0.127983034E+01 0.400000006E+00 0.131812501E+01 0.446647286E+00 0.134468746E+01
 0.477222770E+00 0.137125003E+01 0.506180942E+00 0.141568458E+01 0.550000012E+00
 0.145093751E+01 0.581563413E+00 0.147749996E+01 0.603853345E+00 0.153062499E+01
 0.643088818E+00 0.155718756E+01 0.661361456E+00 0.161031246E+01 0.693011880E+00
 0.163687503E+01 0.707727969E+00 0.169000006E+01 0.732346296E+00 0.173479640E+01
 0.750000000E+00 0.176968753E+01 0.761932790E+00 0.182281256E+01 0.774644196E+00
 0.187593746E+01 0.781819880E+00 0.192906249E+01 0.782577634E+00 0.198218751E+01
 0.773706734E+00 0.202674866E+01 0.750000000E+00 0.206187510E+01 0.716663301E+00
 0.208843756E+01 0.673820972E+00 0.211500001E+01 0.613278985E+00 0.213645792E+01
 0.550000012E+00 0.215329766E+01 0.500000000E+00 0.217000914E+01 0.449999988E+00
 0.219468760E+01 0.373514742E+00 0.221776390E+01 0.300000012E+00 0.223355699E+01
 0.250000000E+00 0.224840403E+01 0.200000003E+00 0.227054548E+01 0.100000001E+00
 0.227783132E+01 0.500000007E-01 0.228003955E+01-0.500000007E-01 0.227437496E+01
-0.104577720E+00 0.225498319E+01-0.200000003E+00 0.224086499E+01-0.250000000E+00
 0.222125006E+01-0.312455416E+00 0.219468760E+01-0.386420429E+00 0.217009306E+01
-0.449999988E+00 0.214845085E+01-0.500000000E+00 0.212473631E+01-0.550000012E+00
 0.209861660E+01-0.600000024E+00 0.206976223E+01-0.649999976E+00 0.203790593E+01
-0.699999988E+00 0.200874996E+01-0.741044521E+00 0.198218751E+01-0.777227283E+00
 0.195562506E+01-0.811557889E+00 0.192332959E+01-0.850000024E+00 0.188221312E+01
-0.899999976E+00 0.184937501E+01-0.938403726E+00 0.182281256E+01-0.969419956E+00
 0.179398108E+01-0.100000000E+01 0.175102103E+01-0.104999995E+01 0.171656251E+01
-0.108994246E+01 0.169000006E+01-0.112252641E+01 0.164559102E+01-0.116727209E+01
 0.162774444E+01-0.118787849E+01 0.160474598E+01-0.114999998E+01 0.157517874E+01
-0.110000002E+01 0.154660320E+01-0.104999995E+01 0.151838267E+01-0.100000000E+01
 0.149027967E+01-0.949999988E+00 0.146219349E+01-0.899999976E+00 0.143410921E+01
-0.850000024E+00 0.140607464E+01-0.800000012E+00 0.137818182E+01-0.750000000E+00
 0.135054743E+01-0.699999988E+00 0.132329512E+01-0.649999976E+00 0.129654086E+01
-0.600000024E+00 0.127038288E+01-0.550000012E+00 0.124489653E+01-0.500000000E+00
 0.122013903E+01-0.449999988E+00 0.119616914E+01-0.400000006E+00 0.117309654E+01
-0.349999994E+00 0.115118217E+01-0.300000012E+00 0.113101363E+01-0.250000000E+00
 0.111354518E+01-0.200000003E+00
 0.101600003E+01 0.000000000E+00 0.101600003E+01 0.963999987E+00 0.101600003E+01
 0.967999995E+00 0.101600003E+01 0.100100005E+01 0.101600003E+01 0.101900005E+01
 0.101600003E+01 0.107700002E+01 0.101600003E+01 0.107000005E+01 0.101600003E+01
 0.109599996E+01 0.101600003E+01 0.111300004E+01 0.101600003E+01 0.113800001E+01
 0.101600003E+01 0.114699996E+01 0.101199996E+01 0.116499996E+01 0.100100005E+01
 0.121700001E+01 0.102900004E+01 0.121700001E+01 0.104200006E+01 0.116240001E+01
 0.104600000E+01 0.116237998E+01 0.105599999E+01 0.116260004E+01 0.109700000E+01
 0.116450000E+01 0.110800004E+01 0.116594005E+01 0.111600006E+01 0.116591001E+01
 0.113399994E+01 0.116895998E+01 0.114800000E+01 0.117174995E+01 0.116199994E+01
 0.117556000E+01 0.118099999E+01 0.118299997E+01 0.118200004E+01 0.118350005E+01
 0.118499994E+01 0.118499994E+01 0.119000006E+01 0.118799996E+01 0.119500005E+01
 0.119099998E+01 0.120099998E+01 0.119599998E+01 0.120899999E+01 0.120200002E+01
 0.121500003E+01 0.120799994E+01 0.122200000E+01 0.121399999E+01 0.122800004E+01
 0.122099996E+01 0.123399997E+01 0.123099995E+01 0.123899996E+01 0.123800004E+01
 0.124199998E+01 0.124399996E+01 0.124800003E+01 0.125399995E+01 0.125800002E+01
 0.127800000E+01 0.126300001E+01 0.128999996E+01 0.127999997E+01 0.133099997E+01
 0.127999997E+01 0.134700000E+01 0.127999997E+01 0.134800005E+01 0.130999994E+01
 0.134800005E+01 0.132799995E+01 0.134800005E+01 0.136099994E+01 0.134800005E+01
 0.138000000E+01 0.134800005E+01 0.141900003E+01 0.134800005E+01 0.141900003E+01
 0.130999994E+01 0.137199998E+01 0.130999994E+01 0.137167001E+01 0.129237998E+01
 0.137003005E+01 0.128268003E+01 0.136688006E+01 0.125644004E+01 0.136719000E+01
 0.122955000E+01 0.137178004E+01 0.119576001E+01 0.137223995E+01 0.119402003E+01
 0.138662004E+01 0.116487002E+01 0.138707995E+01 0.116420996E+01 0.140382004E+01
 0.115696001E+01 0.141127002E+01 0.115730000E+01 0.141857004E+01 0.116131997E+01
 0.142100000E+01 0.116400003E+01 0.148662996E+01 0.124049997E+01 0.149730003E+01
 0.123458004E+01 0.149761999E+01 0.123427999E+01 0.149744999E+01 0.123174000E+01
 0.149275005E+01 0.121329999E+01 0.149259996E+01 0.121061003E+01 0.149260998E+01
 0.120485997E+01 0.149278998E+01 0.120213997E+01 0.149339998E+01 0.119641995E+01
 0.149469995E+01 0.118510997E+01 0.149621999E+01 0.116069996E+01 0.147981000E+01
 0.112425995E+01 0.148081994E+01 0.112256002E+01 0.148149002E+01 0.112137997E+01
 0.148645997E+01 0.111691999E+01 0.149094999E+01 0.111439002E+01 0.150304997E+01
 0.111243999E+01 0.159696996E+01 0.109489000E+01 0.162549996E+01 0.108529997E+01
 0.163751996E+01 0.107988000E+01 0.164699996E+01 0.107700002E+01 0.178499997E+01
 0.107700002E+01 0.206999993E+01 0.103999996E+01 0.212800002E+01 0.992999971E+00
 0.224499989E+01 0.708999991E+00 0.233956003E+01 0.461430013E+00 0.234707999E+01
 0.415829986E+00 0.234912992E+01 0.272179991E+00 0.235103011E+01 0.170179993E+00
 0.235157990E+01 0.701199993E-01 0.235124993E+01-0.317899995E-01 0.235050988E+01
-0.144350007E+00 0.234964991E+01-0.214829996E+00 0.234870005E+01-0.326689988E+00
 0.234759998E+01-0.386770010E+00 0.234019995E+01-0.453040004E+00 0.232942009E+01
-0.477569997E+00 0.213400006E+01-0.972999990E+00 0.178600001E+01-0.117400002E+01
 0.176800001E+01-0.121099997E+01 0.176800001E+01-0.125000000E+01 0.168200004E+01
-0.125000000E+01 0.137199998E+01-0.125000000E+01 0.137199998E+01-0.132900000E+01
 0.141999996E+01-0.132900000E+01 0.141999996E+01-0.136300004E+01 0.127300000E+01
-0.136300004E+01 0.115300000E+01-0.136300004E+01 0.101600003E+01-0.122300005E+01
 0.101600003E+01-0.122300005E+01 0.101600003E+01-0.829999983E+00 0.101600003E+01
-0.800000012E+00 0.101600003E+01-0.414999992E+00 0.101600003E+01-0.400000006E+00
 0.101600003E+01-0.100000005E-02 0.101600003E+01 0.000000000E+00
    0 0.170000005E+01    1
 0.000000000E+00 0.000000000E+00 0.000000000E+00 0.000000000E+00 0.000000000E+00
 0.000000000E+00 0.000000000E+00 0.000000000E+00 0.000000000E+00 0.000000000E+00
 0.000000000E+00 0.000000000E+00 0.000000000E+00 0.000000000E+00 0.000000000E+00
 0.000000000E+00 0.000000000E+00 0.000000000E+00 0.000000000E+00 0.000000000E+00
 0.000000000E+00 0.000000000E+00 0.000000000E+00 0.000000000E+00 0.000000000E+00
 0.000000000E+00 0.000000000E+00 0.000000000E+00 0.000000000E+00 0.000000000E+00
 0.000000000E+00 0.000000000E+00 0.000000000E+00 0.000000000E+00 0.000000000E+00
 0.000000000E+00 0.000000000E+00 0.000000000E+00 0.000000000E+00 0.000000000E+00
 0.000000000E+00 0.000000000E+00 0.000000000E+00 0.000000000E+00 0.000000000E+00
 0.000000000E+00 0.000000000E+00 0.000000000E+00 0.000000000E+00 0.000000000E+00
 0.000000000E+00 0.000000000E+00 0.000000000E+00 0.000000000E+00 0.000000000E+00
 0.000000000E+00 0.000000000E+00 0.000000000E+00 0.000000000E+00 0.000000000E+00
 0.000000000E+00 0.000000000E+00 0.000000000E+00 0.000000000E+00 0.000000000E+00
 0.000000000E+00 0.736823156E-01 0.104996078E+00 0.129279152E+00 0.150044441E+00
 0.168617725E+00 0.185650393E+00 0.201532274E+00 0.216534555E+00 0.230823874E+00
 0.243333325E+00 0.256752998E+00 0.269649714E+00 0.282259285E+00 0.294615418E+00
 0.306728810E+00 0.318670690E+00 0.330416262E+00 0.341964245E+00 0.353457987E+00
 0.364854634E+00 0.376172841E+00 0.387440443E+00 0.398639500E+00 0.409818649E+00
 0.421024799E+00 0.432182729E+00 0.443389058E+00 0.454644620E+00 0.465912431E+00
 0.477220774E+00 0.488605946E+00 0.500082076E+00 0.511660635E+00 0.523323715E+00
 0.535092473E+00 0.546954453E+00 0.559013844E+00 0.571216941E+00 0.583577394E+00
 0.596073925E+00 0.608785093E+00 0.621722817E+00 0.634897530E+00 0.648245275E+00
 0.661862433E+00 0.675788641E+00 0.689979732E+00 0.704452336E+00 0.719264925E+00
 0.734432697E+00 0.749945521E+00 0.765872061E+00 0.782155573E+00 0.798929870E+00
 0.816139638E+00 0.833815336E+00 0.852034986E+00 0.870794237E+00 0.890140951E+00
 0.910137951E+00 0.930843592E+00 0.952392340E+00 0.975066304E+00 0.100000000E+01
    1
 0.000000000E+00 0.000000000E+00 0.000000000E+00 0.000000000E+00 0.000000000E+00
 0.000000000E+00 0.000000000E+00 0.000000000E+00 0.000000000E+00 0.000000000E+00
 0.000000000E+00 0.000000000E+00 0.000000000E+00 0.000000000E+00 0.000000000E+00
 0.000000000E+00 0.000000000E+00 0.000000000E+00 0.000000000E+00 0.000000000E+00
 0.000000000E+00 0.000000000E+00 0.000000000E+00 0.000000000E+00 0.000000000E+00
 0.000000000E+00 0.000000000E+00 0.000000000E+00 0.000000000E+00 0.000000000E+00
 0.000000000E+00 0.000000000E+00 0.000000000E+00 0.000000000E+00 0.000000000E+00
 0.000000000E+00 0.000000000E+00 0.000000000E+00 0.000000000E+00 0.000000000E+00
 0.000000000E+00 0.000000000E+00 0.000000000E+00 0.000000000E+00 0.000000000E+00
 0.000000000E+00 0.000000000E+00 0.000000000E+00 0.000000000E+00 0.000000000E+00
 0.000000000E+00 0.000000000E+00 0.000000000E+00 0.000000000E+00 0.000000000E+00
 0.000000000E+00 0.000000000E+00 0.000000000E+00 0.000000000E+00 0.000000000E+00
 0.000000000E+00 0.000000000E+00 0.000000000E+00 0.000000000E+00 0.000000000E+00
&BASIS
 EE2BDRY= 32*0.00000000      ,
 EEBDRY= 32*0.00000000      ,
 EEKNT= 32*0.00000000      ,
 EETENS=  5.00000000    ,
 FF2BDRY= 64*0.00000000      ,
 FFBDRY=  3.94591761    , -11.9906082    ,  8.13124561    , 61*0.00000000      ,
 FFKNT= 64*0.00000000      ,
 FFTENS=  0.00000000    ,
 KEE2BDRY= 32*0          ,
 KEEBDRY= 32*0          ,
 KEEFNC=          0,
 KEEKNT=          0,
 KFF2BDRY= 64*0          ,
 KFFBDRY= 64*0          ,
 KFFFNC=          0,
 KFFKNT=          0,
 KPP2BDRY= 64*0          ,
 KPPBDRY= 64*0          ,
 KPPFNC=          0,
 KPPKNT=          0,
 KWW2BDRY= 64*0          ,
 KWWBDRY= 64*0          ,
 KWWFNC=          0,
 KWWKNT=          0,
 PP2BDRY= 64*0.00000000      ,
 PPBDRY=  515957.031    , -339203.719    , 62*0.00000000      ,
 PPKNT= 64*0.00000000      ,
 PPTENS=  0.00000000    ,
 WW2BDRY= 64*0.00000000      ,
 WWBDRY= -604.461548    ,  9784.49512    , 62*0.00000000      ,
 WWKNT= 64*0.00000000      ,
 WWTENS=  0.00000000    ,
 /
