  EFITD    01/21/2000    #171646  2310ms           7  65  65
 0.170000005E+01 0.320000005E+01 0.169550002E+01 0.839999974E+00 0.000000000E+00
 0.171487582E+01-0.910527597E-03-0.246694043E+00 0.716098584E-02-0.200369453E+01
 0.872521125E+06-0.246694043E+00 0.000000000E+00 0.171487582E+01 0.000000000E+00
-0.910527597E-03 0.000000000E+00 0.716098584E-02 0.000000000E+00 0.000000000E+00
-0.349321890E+01-0.348713970E+01-0.348146605E+01-0.347617602E+01-0.347124934E+01
-0.346666551E+01-0.346240497E+01-0.345844841E+01-0.345477748E+01-0.345137405E+01
-0.344822073E+01-0.344530106E+01-0.344259882E+01-0.344009900E+01-0.343778634E+01
-0.343564749E+01-0.343366861E+01-0.343183756E+01-0.343014216E+01-0.342857146E+01
-0.342711520E+01-0.342576313E+01-0.342450619E+01-0.342333555E+01-0.342224240E+01
-0.342121863E+01-0.342025685E+01-0.341934967E+01-0.341849017E+01-0.341767192E+01
-0.341688919E+01-0.341613626E+01-0.341540790E+01-0.341469955E+01-0.341400695E+01
-0.341332626E+01-0.341265416E+01-0.341198754E+01-0.341132402E+01-0.341066146E+01
-0.340999818E+01-0.340933299E+01-0.340866518E+01-0.340799427E+01-0.340732050E+01
-0.340664434E+01-0.340596676E+01-0.340528893E+01-0.340461326E+01-0.340394163E+01
-0.340327668E+01-0.340262198E+01-0.340198088E+01-0.340135741E+01-0.340075588E+01
-0.340018177E+01-0.339963984E+01-0.339913654E+01-0.339867735E+01-0.339826965E+01
-0.339792037E+01-0.339763689E+01-0.339742732E+01-0.339730024E+01-0.339726424E+01
 0.455734922E+05 0.464754688E+05 0.470114570E+05 0.472111836E+05 0.471033906E+05
 0.467158789E+05 0.460754648E+05 0.452080156E+05 0.441384297E+05 0.428906484E+05
 0.414876367E+05 0.399514062E+05 0.383030039E+05 0.365625156E+05 0.347490547E+05
 0.328807812E+05 0.309748887E+05 0.290476035E+05 0.271141914E+05 0.251889551E+05
 0.232852363E+05 0.214154082E+05 0.195908848E+05 0.178221133E+05 0.161185820E+05
 0.144888115E+05 0.129403613E+05 0.114798281E+05 0.101128438E+05 0.884407617E+04
 0.767723291E+04 0.661505518E+04 0.565932275E+04 0.481085059E+04 0.406949121E+04
 0.343413403E+04 0.290270459E+04 0.247216479E+04 0.213851416E+04 0.189678809E+04
 0.174105896E+04 0.166443555E+04 0.165906372E+04 0.171612549E+04 0.182583997E+04
 0.197746265E+04 0.215928564E+04 0.235863818E+04 0.256188550E+04 0.275442969E+04
 0.292070972E+04 0.304420117E+04 0.310773877E+04 0.309622656E+04 0.300009302E+04
 0.281636646E+04 0.254867944E+04 0.220726880E+04 0.180897644E+04 0.137724829E+04
 0.942135010E+03 0.540291687E+03 0.214977875E+03 0.160577793E+02 0.000000000E+00
-0.553674364E+01-0.516141748E+01-0.480680275E+01-0.447223759E+01-0.415706062E+01
-0.386061001E+01-0.358222485E+01-0.332124281E+01-0.307700276E+01-0.284884286E+01
-0.263610148E+01-0.243811727E+01-0.225422835E+01-0.208377337E+01-0.192609060E+01
-0.178051853E+01-0.164639544E+01-0.152305996E+01-0.140985036E+01-0.130610514E+01
-0.121118701E+01-0.112463915E+01-0.104608548E+01-0.975150228E+00-0.911457717E+00
-0.854632258E+00-0.804298103E+00-0.760079563E+00-0.721600950E+00-0.688486516E+00
-0.660360575E+00-0.636847377E+00-0.617571354E+00-0.602156639E+00-0.590227664E+00
-0.581408620E+00-0.575323880E+00-0.571597695E+00-0.569854379E+00-0.569718242E+00
-0.570813537E+00-0.572764635E+00-0.575195730E+00-0.577731252E+00-0.579995334E+00
-0.581612468E+00-0.582206786E+00-0.581402659E+00-0.578824401E+00-0.574096262E+00
-0.566842556E+00-0.556687653E+00-0.543255687E+00-0.526171148E+00-0.505058169E+00
-0.479541123E+00-0.449244291E+00-0.413791984E+00-0.372808456E+00-0.325918049E+00
-0.272745043E+00-0.212913722E+00-0.146048367E+00-0.717732757E-01 0.102872476E-01
 0.275436938E+06 0.179361266E+06 0.908988906E+05 0.980694824E+04-0.641574375E+05
-0.131237141E+06-0.191675062E+06-0.245714062E+06-0.293597031E+06-0.335566844E+06
-0.371866375E+06-0.402738500E+06-0.428426062E+06-0.449172000E+06-0.465219188E+06
-0.476810438E+06-0.484188656E+06-0.487596719E+06-0.487277500E+06-0.483473875E+06
-0.476428719E+06-0.466384906E+06-0.453585281E+06-0.438272750E+06-0.420690156E+06
-0.401080406E+06-0.379686344E+06-0.356750844E+06-0.332516781E+06-0.307227000E+06
-0.281124406E+06-0.254451875E+06-0.227452266E+06-0.200368422E+06-0.173443250E+06
-0.146919609E+06-0.121040367E+06-0.960483906E+05-0.721865547E+05-0.496977305E+05
-0.288247910E+05-0.981060352E+04 0.710195898E+04 0.216700254E+05 0.336507266E+05
 0.428011836E+05 0.488785352E+05 0.516398984E+05 0.508424062E+05 0.462431836E+05
 0.375993555E+05 0.246680527E+05 0.736920801E+04-0.131739580E+05-0.352989141E+05
-0.573405859E+05-0.776338984E+05-0.945137656E+05-0.106315133E+06-0.111372898E+06
-0.108022008E+06-0.945973672E+05-0.694339062E+05-0.308665410E+05 0.227698105E+05
 0.243359238E+00 0.242343366E+00 0.241025865E+00 0.239315540E+00 0.237213448E+00
 0.234790057E+00 0.232141733E+00 0.229354322E+00 0.226478755E+00 0.223541453E+00
 0.220586166E+00 0.217628345E+00 0.214677230E+00 0.211744964E+00 0.208824381E+00
 0.205908224E+00 0.202989459E+00 0.200062066E+00 0.197122812E+00 0.194173440E+00
 0.191223145E+00 0.188269466E+00 0.185320213E+00 0.182404160E+00 0.179554731E+00
 0.176810712E+00 0.174217522E+00 0.171830475E+00 0.169721559E+00 0.167974666E+00
 0.166001931E+00 0.163589925E+00 0.160760432E+00 0.157428727E+00 0.153520867E+00
 0.148926243E+00 0.143836990E+00 0.138839871E+00 0.133859918E+00 0.128878042E+00
 0.123911954E+00 0.118997417E+00 0.114172898E+00 0.109470867E+00 0.104915500E+00
 0.100524202E+00 0.963101909E-01 0.922846869E-01 0.884584785E-01 0.848427564E-01
 0.814494714E-01 0.782913119E-01 0.753814057E-01 0.727328658E-01 0.703581646E-01
 0.682684928E-01 0.664730668E-01 0.649784878E-01 0.637881681E-01 0.629019141E-01
 0.623156354E-01 0.620212704E-01 0.620068982E-01 0.622570664E-01 0.627532527E-01
 0.243870094E+00 0.242360279E+00 0.240638316E+00 0.238660112E+00 0.236416981E+00
 0.233930215E+00 0.231232792E+00 0.228360012E+00 0.225353107E+00 0.222246960E+00
 0.219090983E+00 0.215910450E+00 0.212719396E+00 0.209529296E+00 0.206344008E+00
 0.203164622E+00 0.199991316E+00 0.196824506E+00 0.193665817E+00 0.190519154E+00
 0.187390596E+00 0.184284225E+00 0.181208611E+00 0.178181455E+00 0.175225466E+00
 0.172368258E+00 0.169643849E+00 0.167096123E+00 0.164786756E+00 0.162788361E+00
 0.160537690E+00 0.157823280E+00 0.154675081E+00 0.151051655E+00 0.146897510E+00
 0.142118990E+00 0.136941224E+00 0.131924629E+00 0.126993060E+00 0.122109942E+00
 0.117267177E+00 0.112472907E+00 0.107743412E+00 0.103097841E+00 0.985554382E-01
 0.941346288E-01 0.898531228E-01 0.857285708E-01 0.817791447E-01 0.780240297E-01
 0.744835585E-01 0.711791143E-01 0.681326985E-01 0.653662756E-01 0.629009232E-01
 0.607558563E-01 0.589473881E-01 0.574879684E-01 0.563852936E-01 0.556415915E-01
 0.552532040E-01 0.552104488E-01 0.554978438E-01 0.560946390E-01 0.569756627E-01
 0.244738847E+00 0.243002251E+00 0.241016746E+00 0.238768190E+00 0.236266196E+00
 0.233518526E+00 0.230558872E+00 0.227427453E+00 0.224162057E+00 0.220810845E+00
 0.217407748E+00 0.213974580E+00 0.210527062E+00 0.207076624E+00 0.203631133E+00
 0.200195864E+00 0.196774453E+00 0.193369895E+00 0.189985201E+00 0.186623856E+00
 0.183290169E+00 0.179989487E+00 0.176728964E+00 0.173517957E+00 0.170367837E+00
 0.167291284E+00 0.164301232E+00 0.161408886E+00 0.158617496E+00 0.155886158E+00
 0.153019980E+00 0.149882749E+00 0.146436200E+00 0.142654195E+00 0.138514325E+00
 0.134014651E+00 0.129284337E+00 0.124513559E+00 0.119741701E+00 0.114975758E+00
 0.110221848E+00 0.105489172E+00 0.100790076E+00 0.961392745E-01 0.915531963E-01
 0.870497823E-01 0.826485604E-01 0.783710554E-01 0.742411688E-01 0.702854693E-01
 0.665332004E-01 0.630159751E-01 0.597671010E-01 0.568204597E-01 0.542091988E-01
 0.519641638E-01 0.501122512E-01 0.486747995E-01 0.476661213E-01 0.470922813E-01
 0.469503254E-01 0.472279713E-01 0.479039699E-01 0.489490367E-01 0.503273718E-01
 0.246192321E+00 0.244361520E+00 0.242142364E+00 0.239549547E+00 0.236639619E+00
 0.233461335E+00 0.230076998E+00 0.226550639E+00 0.222930595E+00 0.219249368E+00
 0.215531990E+00 0.211797372E+00 0.208059579E+00 0.204328939E+00 0.200612828E+00
 0.196916610E+00 0.193244129E+00 0.189598426E+00 0.185982063E+00 0.182397559E+00
 0.178847507E+00 0.175334811E+00 0.171862602E+00 0.168433994E+00 0.165051579E+00
 0.161716133E+00 0.158424675E+00 0.155167028E+00 0.151920453E+00 0.148644075E+00
 0.145281881E+00 0.141779274E+00 0.138096526E+00 0.134211004E+00 0.130117625E+00
 0.125832498E+00 0.121393502E+00 0.116846777E+00 0.112229288E+00 0.107565224E+00
 0.102870904E+00 0.981592759E-01 0.934425518E-01 0.887335986E-01 0.840468705E-01
 0.793991387E-01 0.748102739E-01 0.703041032E-01 0.659091547E-01 0.616592504E-01
 0.575937256E-01 0.537569970E-01 0.501975268E-01 0.469660498E-01 0.441133417E-01
 0.416876674E-01 0.397321545E-01 0.382821485E-01 0.373627022E-01 0.369863771E-01
 0.371516421E-01 0.378421433E-01 0.390270837E-01 0.406628326E-01 0.426957496E-01
 0.248736411E+00 0.246978387E+00 0.244400218E+00 0.241164237E+00 0.237535775E+00
 0.233681545E+00 0.229704246E+00 0.225658491E+00 0.221577704E+00 0.217483968E+00
 0.213392779E+00 0.209315255E+00 0.205259427E+00 0.201231107E+00 0.197234362E+00
 0.193272114E+00 0.189346313E+00 0.185458407E+00 0.181609362E+00 0.177799955E+00
 0.174030721E+00 0.170301884E+00 0.166613221E+00 0.162963673E+00 0.159350693E+00
 0.155769497E+00 0.152211800E+00 0.148664579E+00 0.145109028E+00 0.141520724E+00
 0.137871772E+00 0.134134829E+00 0.130287260E+00 0.126314059E+00 0.122209325E+00
 0.117976442E+00 0.113626398E+00 0.109174311E+00 0.104635514E+00 0.100023188E+00
 0.953479037E-01 0.906183869E-01 0.858426094E-01 0.810289755E-01 0.761875138E-01
 0.713311508E-01 0.664771944E-01 0.616489351E-01 0.568774007E-01 0.522029512E-01
 0.476763658E-01 0.433588699E-01 0.393206030E-01 0.356374793E-01 0.323870257E-01
 0.296441615E-01 0.274773892E-01 0.259448625E-01 0.250900574E-01 0.249375030E-01
 0.254894495E-01 0.267238431E-01 0.285940301E-01 0.310311131E-01 0.339495689E-01
 0.253759623E+00 0.252897859E+00 0.248676777E+00 0.243588403E+00 0.238697112E+00
 0.233897567E+00 0.229168683E+00 0.224502638E+00 0.219895869E+00 0.215346456E+00
 0.210853159E+00 0.206415057E+00 0.202031314E+00 0.197701141E+00 0.193423674E+00
 0.189198062E+00 0.185023367E+00 0.180898637E+00 0.176822826E+00 0.172794804E+00
 0.168813169E+00 0.164876178E+00 0.160981461E+00 0.157125682E+00 0.153304234E+00
 0.149510697E+00 0.145736367E+00 0.141969994E+00 0.138197646E+00 0.134403214E+00
 0.130569503E+00 0.126679659E+00 0.122718766E+00 0.118675157E+00 0.114541091E+00
 0.110312760E+00 0.105989605E+00 0.101573125E+00 0.970655233E-01 0.924686641E-01
 0.877835229E-01 0.830101818E-01 0.781482160E-01 0.731975138E-01 0.681592971E-01
 0.630377159E-01 0.578417927E-01 0.525881797E-01 0.473045073E-01 0.420334600E-01
 0.368368067E-01 0.317981094E-01 0.270215422E-01 0.226247590E-01 0.187275354E-01
 0.154436119E-01 0.128794350E-01 0.111318845E-01 0.102786766E-01 0.103675695E-01
 0.114109833E-01 0.133828921E-01 0.162129961E-01 0.197850447E-01 0.239495523E-01
 0.257036686E+00 0.256625414E+00 0.251565188E+00 0.245102122E+00 0.239095181E+00
 0.233415365E+00 0.227973029E+00 0.222713724E+00 0.217602700E+00 0.212616473E+00
 0.207738310E+00 0.202955887E+00 0.198259845E+00 0.193642929E+00 0.189099416E+00
 0.184624672E+00 0.180214927E+00 0.175866932E+00 0.171577811E+00 0.167344868E+00
 0.163165376E+00 0.159036368E+00 0.154954404E+00 0.150915354E+00 0.146914095E+00
 0.142944306E+00 0.138998270E+00 0.135066763E+00 0.131139144E+00 0.127203703E+00
 0.123248011E+00 0.119259678E+00 0.115226865E+00 0.111138843E+00 0.106986202E+00
 0.102760874E+00 0.984557346E-01 0.940641090E-01 0.895791277E-01 0.849931613E-01
 0.802973732E-01 0.754815638E-01 0.705342144E-01 0.654428825E-01 0.601949394E-01
 0.547788702E-01 0.491863601E-01 0.434156172E-01 0.374765322E-01 0.313985907E-01
 0.252424367E-01 0.191147048E-01 0.131803975E-01 0.765276141E-02 0.273401942E-02
-0.143851491E-02-0.472718803E-02-0.694680121E-02-0.793514028E-02-0.761109218E-02
-0.595768401E-02-0.297258678E-02 0.127982011E-02 0.657682167E-02 0.126005830E-01
 0.257298529E+00 0.256941110E+00 0.251408547E+00 0.244419560E+00 0.237840056E+00
 0.231603086E+00 0.225652516E+00 0.219939962E+00 0.214426205E+00 0.209080279E+00
 0.203877956E+00 0.198800281E+00 0.193832517E+00 0.188963056E+00 0.184182853E+00
 0.179484710E+00 0.174862862E+00 0.170312598E+00 0.165829942E+00 0.161411345E+00
 0.157053486E+00 0.152753025E+00 0.148506343E+00 0.144309387E+00 0.140157416E+00
 0.136044949E+00 0.131965488E+00 0.127911627E+00 0.123874985E+00 0.119846314E+00
 0.115815751E+00 0.111772962E+00 0.107707381E+00 0.103608318E+00 0.994649902E-01
 0.952663869E-01 0.910010040E-01 0.866564363E-01 0.822189227E-01 0.776728392E-01
 0.730002224E-01 0.681803226E-01 0.631892458E-01 0.579997189E-01 0.525810272E-01
 0.468992405E-01 0.409179963E-01 0.346002914E-01 0.279122833E-01 0.208310131E-01
 0.133604659E-01 0.556604750E-02-0.234798854E-02-0.986869913E-02-0.160676427E-01
-0.214835033E-01-0.262904018E-01-0.295927413E-01-0.309234802E-01-0.302386526E-01
-0.279741753E-01-0.240076818E-01-0.172864757E-01-0.893633161E-02 0.886258349E-04
 0.255003899E+00 0.254497677E+00 0.248854354E+00 0.241616130E+00 0.234743655E+00
 0.228203699E+00 0.221956357E+00 0.215961039E+00 0.210180834E+00 0.204584226E+00
 0.199145302E+00 0.193843231E+00 0.188661516E+00 0.183587193E+00 0.178610086E+00
 0.173722267E+00 0.168917492E+00 0.164190769E+00 0.159538060E+00 0.154955953E+00
 0.150441363E+00 0.145991370E+00 0.141602933E+00 0.137272775E+00 0.132997155E+00
 0.128771767E+00 0.124591596E+00 0.120450877E+00 0.116343021E+00 0.112260640E+00
 0.108195521E+00 0.104138650E+00 0.100080222E+00 0.960095450E-01 0.919149294E-01
 0.877834484E-01 0.836006328E-01 0.793500766E-01 0.750128850E-01 0.705671534E-01
 0.659872517E-01 0.612430722E-01 0.562991686E-01 0.511137061E-01 0.456372164E-01
 0.398110561E-01 0.335655026E-01 0.268172901E-01 0.194665026E-01 0.113924965E-01
 0.244850456E-02-0.754642254E-02-0.188246518E-01-0.317477100E-01-0.467711017E-01
-0.596854687E-01-0.692098439E-01-0.751852766E-01-0.772872567E-01-0.749704018E-01
-0.682424307E-01-0.552505217E-01-0.404326096E-01-0.259656478E-01-0.122425882E-01
 0.250623673E+00 0.249868736E+00 0.244136691E+00 0.236778989E+00 0.229796186E+00
 0.223153457E+00 0.216800168E+00 0.210690603E+00 0.204786524E+00 0.199057102E+00
 0.193477944E+00 0.188029960E+00 0.182698309E+00 0.177471548E+00 0.172340885E+00
 0.167299643E+00 0.162342727E+00 0.157466292E+00 0.152667359E+00 0.147943631E+00
 0.143293172E+00 0.138714224E+00 0.134205058E+00 0.129763722E+00 0.125387996E+00
 0.121075161E+00 0.116821915E+00 0.112624258E+00 0.108477429E+00 0.104375765E+00
 0.100312650E+00 0.962803811E-01 0.922700837E-01 0.882714987E-01 0.842727646E-01
 0.802601427E-01 0.762176216E-01 0.721264631E-01 0.679646656E-01 0.637062266E-01
 0.593203939E-01 0.547705963E-01 0.500131994E-01 0.449958593E-01 0.396553613E-01
 0.339146331E-01 0.276785754E-01 0.208279192E-01 0.132099232E-01 0.462357793E-02
-0.520521635E-02-0.166675374E-01-0.303515662E-01-0.471764877E-01-0.685071126E-01
-0.909665525E-01-0.106806338E+00-0.116161577E+00-0.119304143E+00-0.116133340E+00
-0.105471738E+00-0.864374116E-01-0.613114499E-01-0.395340808E-01-0.206697732E-01
 0.244235739E+00 0.243211195E+00 0.237135008E+00 0.229816169E+00 0.222970203E+00
 0.216462031E+00 0.210208133E+00 0.204154208E+00 0.198264241E+00 0.192513317E+00
 0.186883599E+00 0.181362063E+00 0.175939098E+00 0.170607671E+00 0.165362656E+00
 0.160200477E+00 0.155118719E+00 0.150115922E+00 0.145191237E+00 0.140344381E+00
 0.135575324E+00 0.130884230E+00 0.126271218E+00 0.121736318E+00 0.117279239E+00
 0.112899296E+00 0.108595259E+00 0.104365230E+00 0.100206517E+00 0.961154774E-01
 0.920873955E-01 0.881163031E-01 0.841947868E-01 0.803137571E-01 0.764621645E-01
 0.726266727E-01 0.687912628E-01 0.649367422E-01 0.610401966E-01 0.570742674E-01
 0.530063473E-01 0.487975329E-01 0.444012992E-01 0.397618189E-01 0.348116569E-01
 0.294687226E-01 0.236319620E-01 0.171752982E-01 0.993891247E-02 0.171657850E-02
-0.776257599E-02-0.188594274E-01-0.320567116E-01-0.479906835E-01-0.674688369E-01
-0.912544578E-01-0.110364012E+00-0.121840209E+00-0.126057640E+00-0.123136900E+00
-0.113252066E+00-0.952476785E-01-0.688196346E-01-0.423060991E-01-0.202173572E-01
 0.234434530E+00 0.232649952E+00 0.227105141E+00 0.220564634E+00 0.214350358E+00
 0.208296165E+00 0.202354342E+00 0.196505427E+00 0.190739602E+00 0.185051218E+00
 0.179436758E+00 0.173894107E+00 0.168422043E+00 0.163020179E+00 0.157688752E+00
 0.152428612E+00 0.147241101E+00 0.142127961E+00 0.137091294E+00 0.132133469E+00
 0.127257019E+00 0.122464538E+00 0.117758580E+00 0.113141574E+00 0.108615674E+00
 0.104182668E+00 0.998438299E-01 0.955997854E-01 0.914503634E-01 0.873944238E-01
 0.834296942E-01 0.795525536E-01 0.757578015E-01 0.720384270E-01 0.683852658E-01
 0.647867024E-01 0.612282604E-01 0.576921552E-01 0.541567951E-01 0.505961813E-01
 0.469792262E-01 0.432689339E-01 0.394214280E-01 0.353847072E-01 0.310971085E-01
 0.264853407E-01 0.214619711E-01 0.159222931E-01 0.974048954E-02 0.276522641E-02
-0.518478034E-02-0.143240122E-01-0.249001235E-01-0.371891409E-01-0.514923930E-01
-0.681919977E-01-0.857632235E-01-0.957457721E-01-0.992580429E-01-0.968980789E-01
-0.884444267E-01-0.744224265E-01-0.539318249E-01-0.286076888E-01-0.728141144E-02
 0.222168684E+00 0.218963891E+00 0.214810446E+00 0.209921002E+00 0.204642966E+00
 0.199180052E+00 0.193627521E+00 0.188034967E+00 0.182431564E+00 0.176836237E+00
 0.171262205E+00 0.165719405E+00 0.160215706E+00 0.154757842E+00 0.149351776E+00
 0.144003138E+00 0.138717309E+00 0.133499652E+00 0.128355548E+00 0.123290390E+00
 0.118309602E+00 0.113418624E+00 0.108622827E+00 0.103927463E+00 0.993375555E-01
 0.948578045E-01 0.904924497E-01 0.862451494E-01 0.821187869E-01 0.781153217E-01
 0.742355734E-01 0.704790056E-01 0.668434948E-01 0.633250251E-01 0.599174425E-01
 0.566121079E-01 0.533975326E-01 0.502589904E-01 0.471781120E-01 0.441324599E-01
 0.410950854E-01 0.380341038E-01 0.349122472E-01 0.316863842E-01 0.283070635E-01
 0.247180387E-01 0.208559837E-01 0.166505557E-01 0.120252632E-01 0.689992588E-02
 0.119612878E-02-0.515192607E-02-0.121767893E-01-0.198387615E-01-0.279483832E-01
-0.359983817E-01-0.428701192E-01-0.470563322E-01-0.476791970E-01-0.444999896E-01
-0.375558399E-01-0.270816348E-01-0.136329830E-01 0.161367981E-02 0.170147512E-01
 0.212250575E+00 0.208501220E+00 0.204360992E+00 0.199813679E+00 0.194927126E+00
 0.189794481E+00 0.184491873E+00 0.179075554E+00 0.173586249E+00 0.168053821E+00
 0.162500858E+00 0.156945020E+00 0.151400641E+00 0.145879850E+00 0.140393302E+00
 0.134950683E+00 0.129561052E+00 0.124233171E+00 0.118975587E+00 0.113796771E+00
 0.108705193E+00 0.103709325E+00 0.988176242E-01 0.940384790E-01 0.893801600E-01
 0.848507062E-01 0.804578140E-01 0.762086809E-01 0.721098557E-01 0.681670383E-01
 0.643848851E-01 0.607667193E-01 0.573143363E-01 0.540277027E-01 0.509047061E-01
 0.479408242E-01 0.451288223E-01 0.424583554E-01 0.399156250E-01 0.374831036E-01
 0.351393595E-01 0.328590237E-01 0.306129213E-01 0.283683632E-01 0.260895956E-01
 0.237385631E-01 0.212761071E-01 0.186639186E-01 0.158676747E-01 0.128620164E-01
 0.963838585E-02 0.621704897E-02 0.266502821E-02-0.878564606E-03-0.417106831E-02
-0.684070401E-02-0.840177108E-02-0.834839512E-02-0.628871564E-02-0.202378887E-02
 0.444278354E-02 0.129128741E-01 0.229979586E-01 0.341490991E-01 0.457581207E-01
 0.203525752E+00 0.199388430E+00 0.195029303E+00 0.190413252E+00 0.185547903E+00
 0.180473000E+00 0.175230205E+00 0.169858009E+00 0.164389640E+00 0.158853024E+00
 0.153271526E+00 0.147664845E+00 0.142049909E+00 0.136441633E+00 0.130853444E+00
 0.125297844E+00 0.119786665E+00 0.114331454E+00 0.108943567E+00 0.103634372E+00
 0.984153077E-01 0.932979435E-01 0.882939771E-01 0.834151879E-01 0.786734223E-01
 0.740804672E-01 0.696479306E-01 0.653871447E-01 0.613089316E-01 0.574234538E-01
 0.537399538E-01 0.502664782E-01 0.470095873E-01 0.439740978E-01 0.411628820E-01
 0.385766737E-01 0.362136550E-01 0.340689793E-01 0.321342871E-01 0.303974412E-01
 0.288425237E-01 0.274501536E-01 0.261982139E-01 0.250628628E-01 0.240195803E-01
 0.230445582E-01 0.221165139E-01 0.212190859E-01 0.203439984E-01 0.194952991E-01
 0.186949093E-01 0.179895945E-01 0.174589921E-01 0.172233023E-01 0.174474493E-01
 0.183363110E-01 0.201153792E-01 0.229964107E-01 0.271371547E-01 0.326087922E-01
 0.393787213E-01 0.473085158E-01 0.561656915E-01 0.656503290E-01 0.754350871E-01
 0.195366636E+00 0.190872937E+00 0.186238468E+00 0.181421176E+00 0.176414311E+00
 0.171238244E+00 0.165916696E+00 0.160474226E+00 0.154934600E+00 0.149319857E+00
 0.143650100E+00 0.137943566E+00 0.132216871E+00 0.126485422E+00 0.120763741E+00
 0.115065753E+00 0.109405123E+00 0.103795417E+00 0.982503369E-01 0.927838087E-01
 0.874101073E-01 0.821438655E-01 0.770001262E-01 0.719942823E-01 0.671420395E-01
 0.624593236E-01 0.579621792E-01 0.536665916E-01 0.495883487E-01 0.457428508E-01
 0.421448909E-01 0.388081782E-01 0.357448421E-01 0.329651572E-01 0.304776784E-01
 0.282896012E-01 0.264062434E-01 0.248297323E-01 0.235580038E-01 0.225842334E-01
 0.218967274E-01 0.214795154E-01 0.213140026E-01 0.213815793E-01 0.216642879E-01
 0.221464708E-01 0.228167679E-01 0.236701835E-01 0.247103069E-01 0.259517431E-01
 0.274227317E-01 0.291676763E-01 0.312490333E-01 0.337475464E-01 0.367595255E-01
 0.403898135E-01 0.447398424E-01 0.498918295E-01 0.558920018E-01 0.627364963E-01
 0.703631938E-01 0.786510929E-01 0.874277502E-01 0.964840055E-01 0.105593912E+00
 0.187465906E+00 0.182621434E+00 0.177682966E+00 0.172604650E+00 0.167375967E+00
 0.162009761E+00 0.156521156E+00 0.150926471E+00 0.145242363E+00 0.139485285E+00
 0.133671194E+00 0.127815425E+00 0.121932857E+00 0.116037965E+00 0.110145077E+00
 0.104268543E+00 0.984229594E-01 0.926233083E-01 0.868851468E-01 0.812246501E-01
 0.756587535E-01 0.702051446E-01 0.648822710E-01 0.597093552E-01 0.547062680E-01
 0.498934835E-01 0.452919453E-01 0.409229137E-01 0.368076824E-01 0.329676792E-01
 0.294248313E-01 0.262002256E-01 0.233123619E-01 0.207765214E-01 0.186054595E-01
 0.168146770E-01 0.154211465E-01 0.144373486E-01 0.138693564E-01 0.137158446E-01
 0.139671005E-01 0.146046225E-01 0.156041393E-01 0.169500578E-01 0.186253078E-01
 0.206155926E-01 0.229124650E-01 0.255148038E-01 0.284297336E-01 0.316733159E-01
 0.352709778E-01 0.392575003E-01 0.436761566E-01 0.485765375E-01 0.540106595E-01
 0.600269847E-01 0.666626021E-01 0.739341006E-01 0.818285421E-01 0.902959108E-01
 0.992447734E-01 0.108542264E+00 0.118019290E+00 0.127480775E+00 0.136720121E+00
 0.179630935E+00 0.174436867E+00 0.169171661E+00 0.163796753E+00 0.158299446E+00
 0.152689755E+00 0.146978319E+00 0.141176209E+00 0.135294795E+00 0.129345760E+00
 0.123340949E+00 0.117292419E+00 0.111212529E+00 0.105114065E+00 0.990103409E-01
 0.929154083E-01 0.868441686E-01 0.808125213E-01 0.748374835E-01 0.689372495E-01
 0.631312802E-01 0.574403182E-01 0.518863760E-01 0.464926958E-01 0.412836969E-01
 0.362847373E-01 0.315222405E-01 0.270237457E-01 0.228156559E-01 0.189240985E-01
 0.153828673E-01 0.122264847E-01 0.948190223E-02 0.716674840E-02 0.527936080E-02
 0.384812173E-02 0.292273588E-02 0.253255037E-02 0.269495114E-02 0.341725023E-02
 0.469279056E-02 0.648953579E-02 0.872651488E-02 0.114273727E-01 0.145609388E-01
 0.181036107E-01 0.220448915E-01 0.263845194E-01 0.311308913E-01 0.362999961E-01
 0.419144332E-01 0.480021276E-01 0.545944832E-01 0.617235713E-01 0.694182664E-01
 0.776991174E-01 0.865720809E-01 0.960214809E-01 0.106002606E+00 0.116434954E+00
 0.127197102E+00 0.138124689E+00 0.149013162E+00 0.159627005E+00 0.169716045E+00
 0.171730667E+00 0.166181520E+00 0.160569176E+00 0.154866174E+00 0.149068117E+00
 0.143181950E+00 0.137213796E+00 0.131169885E+00 0.125056744E+00 0.118881397E+00
 0.112651475E+00 0.106375426E+00 0.100062653E+00 0.937236696E-01 0.873702690E-01
 0.810156614E-01 0.746746212E-01 0.683635771E-01 0.621007495E-01 0.559061952E-01
 0.498018563E-01 0.438115858E-01 0.379611030E-01 0.322780088E-01 0.267920271E-01
 0.215330012E-01 0.165326949E-01 0.118328258E-01 0.746178580E-02 0.342243584E-02
-0.214785832E-03-0.337277167E-02-0.601040665E-02-0.810512155E-02-0.964257680E-02
-0.106061799E-01-0.109753720E-01-0.107296444E-01-0.984903704E-02-0.831444561E-02
-0.610959716E-02-0.322612748E-02 0.327340123E-03 0.451380480E-02 0.920773391E-02
 0.143571161E-01 0.199600179E-01 0.260229949E-01 0.325596482E-01 0.395894498E-01
 0.471366234E-01 0.552287772E-01 0.638950840E-01 0.731637254E-01 0.830584243E-01
 0.935939178E-01 0.104770206E+00 0.116565444E+00 0.128927454E+00 0.141763806E+00
 0.154931083E+00 0.168224469E+00 0.181371450E+00 0.194035873E+00 0.205840126E+00
 0.163626045E+00 0.157713339E+00 0.151729181E+00 0.145679742E+00 0.139566690E+00
 0.133390397E+00 0.127151489E+00 0.120850757E+00 0.114489354E+00 0.108069129E+00
 0.101592995E+00 0.950652659E-01 0.884918571E-01 0.818805471E-01 0.752411559E-01
 0.685856566E-01 0.619283393E-01 0.552859269E-01 0.486776568E-01 0.421253741E-01
 0.356535427E-01 0.292892586E-01 0.230620559E-01 0.170030054E-01 0.111543760E-01
 0.554397376E-02 0.180853094E-03-0.479686679E-02-0.931672566E-02-0.133379204E-01
-0.168255400E-01-0.197481625E-01-0.220811926E-01-0.238055475E-01-0.249053165E-01
-0.253654029E-01-0.251702629E-01-0.243032854E-01-0.227456093E-01-0.204745177E-01
-0.174623188E-01-0.136774089E-01-0.909056328E-02-0.369154825E-02 0.247517414E-02
 0.925628748E-02 0.165152121E-01 0.242706630E-01 0.325457789E-01 0.413675569E-01
 0.507665984E-01 0.607765876E-01 0.714333057E-01 0.827729777E-01 0.948297903E-01
 0.107632466E+00 0.121199325E+00 0.135531545E+00 0.150603563E+00 0.166349187E+00
 0.182641685E+00 0.199264765E+00 0.215873897E+00 0.231958121E+00 0.246845186E+00
 0.155121550E+00 0.148824602E+00 0.142480135E+00 0.136097133E+00 0.129677862E+00
 0.123219602E+00 0.116717540E+00 0.110165961E+00 0.103559352E+00 0.968932062E-01
 0.901647359E-01 0.833733082E-01 0.765208006E-01 0.696117878E-01 0.626537129E-01
 0.556570254E-01 0.486352555E-01 0.416051857E-01 0.345869921E-01 0.276043080E-01
 0.206842106E-01 0.138578704E-01 0.716181286E-02 0.596757687E-03-0.569182541E-02
-0.116051156E-01-0.170857906E-01-0.220824201E-01-0.265545715E-01-0.304687936E-01
-0.337937139E-01-0.364987031E-01-0.385547243E-01-0.399355032E-01-0.406184494E-01
-0.405852608E-01-0.398218706E-01-0.383175015E-01-0.360622928E-01-0.330435485E-01
-0.292409416E-01-0.246221330E-01-0.191419423E-01-0.127510140E-01-0.542255584E-02
 0.279091066E-02 0.116575798E-01 0.210417863E-01 0.309783351E-01 0.415026657E-01
 0.526535437E-01 0.644742101E-01 0.770127028E-01 0.903216228E-01 0.104457378E+00
 0.119478866E+00 0.135445207E+00 0.152412042E+00 0.170425355E+00 0.189510792E+00
 0.209654570E+00 0.230767637E+00 0.252611756E+00 0.274613857E+00 0.295395076E+00
 0.146092594E+00 0.139390364E+00 0.132684410E+00 0.125983208E+00 0.119283944E+00
 0.112575866E+00 0.105844401E+00 0.990736485E-01 0.922484845E-01 0.853559673E-01
 0.783861876E-01 0.713327676E-01 0.641930178E-01 0.569680668E-01 0.496628210E-01
 0.422859862E-01 0.348500907E-01 0.273715965E-01 0.198716279E-01 0.123758065E-01
 0.491169654E-02-0.248966995E-02-0.966473203E-02-0.165270362E-01-0.230123289E-01
-0.290729888E-01-0.346704125E-01-0.397663563E-01-0.443197116E-01-0.482848510E-01
-0.516121387E-01-0.542515032E-01-0.561558157E-01-0.572837628E-01-0.576021969E-01
-0.570878126E-01-0.557279363E-01-0.535201132E-01-0.504700430E-01-0.465874858E-01
-0.418794490E-01-0.363395140E-01-0.299365725E-01-0.226120278E-01-0.142922290E-01
-0.493247807E-02 0.538713299E-02 0.162956975E-01 0.277880151E-01 0.398983918E-01
 0.526697971E-01 0.661539659E-01 0.804120377E-01 0.955154896E-01 0.111547440E+00
 0.128604278E+00 0.146797642E+00 0.166256994E+00 0.187132567E+00 0.209599048E+00
 0.233859971E+00 0.260153353E+00 0.288759351E+00 0.319981992E+00 0.352165848E+00
 0.136340335E+00 0.129206628E+00 0.122148380E+00 0.115168348E+00 0.108250052E+00
 0.101364054E+00 0.944763571E-01 0.875537172E-01 0.805668831E-01 0.734920055E-01
 0.663110465E-01 0.590116754E-01 0.515868738E-01 0.440346524E-01 0.363577269E-01
 0.285633020E-01 0.206626672E-01 0.126697533E-01 0.460739853E-02-0.348755834E-02
-0.114499088E-01-0.191915222E-01-0.266505089E-01-0.337860994E-01-0.405646972E-01
-0.469500944E-01-0.528954193E-01-0.583415665E-01-0.632208362E-01-0.674601048E-01
-0.709842145E-01-0.737198442E-01-0.755995065E-01-0.765652806E-01-0.765721500E-01
-0.755906329E-01-0.736084282E-01-0.706308186E-01-0.666792989E-01-0.617879517E-01
-0.559969023E-01-0.493422374E-01-0.418417305E-01-0.334746242E-01-0.241668168E-01
-0.138162076E-01-0.237304159E-02 0.999191310E-02 0.229395404E-01 0.365061462E-01
 0.507388823E-01 0.656961799E-01 0.814492777E-01 0.980845019E-01 0.115706451E+00
 0.134442374E+00 0.154448196E+00 0.175917089E+00 0.199091583E+00 0.224281311E+00
 0.251889646E+00 0.282456189E+00 0.316732705E+00 0.355841249E+00 0.397514999E+00
 0.125539646E+00 0.117937915E+00 0.110566281E+00 0.103410289E+00 0.964120775E-01
 0.894958973E-01 0.825892761E-01 0.756318048E-01 0.685767233E-01 0.613894127E-01
 0.540453158E-01 0.465280786E-01 0.388281420E-01 0.309418458E-01 0.228709411E-01
 0.146228131E-01 0.621280819E-02-0.236949115E-02-0.109404577E-01-0.194042455E-01
-0.277005266E-01-0.357964411E-01-0.436694510E-01-0.512927771E-01-0.586229637E-01
-0.655997396E-01-0.721479356E-01-0.781797543E-01-0.835983157E-01-0.883017704E-01
-0.921879411E-01-0.951590836E-01-0.971265882E-01-0.980153456E-01-0.977676734E-01
-0.963465646E-01-0.937381461E-01-0.899531171E-01-0.850265175E-01-0.790153295E-01
-0.719929114E-01-0.640394017E-01-0.552271456E-01-0.456002727E-01-0.351472199E-01
-0.237716585E-01-0.113346586E-01 0.220098975E-02 0.164961517E-01 0.313744918E-01
 0.468864255E-01 0.630923063E-01 0.800661370E-01 0.978988931E-01 0.116702542E+00
 0.136615500E+00 0.157810330E+00 0.180504620E+00 0.204976380E+00 0.231586069E+00
 0.260807037E+00 0.293265939E+00 0.329787552E+00 0.371421635E+00 0.416977346E+00
 0.113100559E+00 0.104937792E+00 0.973939821E-01 0.903566107E-01 0.836059824E-01
 0.769483745E-01 0.702516586E-01 0.634311512E-01 0.564322583E-01 0.492191911E-01
 0.417684913E-01 0.340653285E-01 0.261013322E-01 0.178731605E-01 0.938117504E-02
 0.625075656E-03-0.828053150E-02-0.172168147E-01-0.261121839E-01-0.349348150E-01
-0.436730869E-01-0.523162186E-01-0.608361438E-01-0.691844299E-01-0.772921592E-01
-0.850709900E-01-0.924155712E-01-0.992072597E-01-0.105318822E+00-0.110619821E+00
-0.114982270E+00-0.118286014E+00-0.120423771E+00-0.121305406E+00-0.120861754E+00
-0.119047858E+00-0.115845896E+00-0.111267641E+00-0.105355933E+00-0.981844440E-01
-0.898543671E-01-0.804865733E-01-0.702077746E-01-0.591297001E-01-0.473202914E-01
-0.347660594E-01-0.213333368E-01-0.684927171E-02 0.864436477E-02 0.246765353E-01
 0.412771516E-01 0.584960245E-01 0.763991624E-01 0.950691476E-01 0.114607558E+00
 0.135139108E+00 0.156817630E+00 0.179834619E+00 0.204431415E+00 0.230916813E+00
 0.259693325E+00 0.291297704E+00 0.326465428E+00 0.366226465E+00 0.409782976E+00
 0.976135507E-01 0.884768143E-01 0.815497115E-01 0.756849945E-01 0.699091703E-01
 0.639622435E-01 0.577577390E-01 0.512541160E-01 0.444273017E-01 0.372620076E-01
 0.297483820E-01 0.218806341E-01 0.136566032E-01 0.507811084E-02-0.384051073E-02
-0.129378447E-01-0.221249256E-01-0.313606150E-01-0.406366214E-01-0.499581471E-01
-0.593205057E-01-0.686980635E-01-0.780420303E-01-0.872792378E-01-0.963124856E-01
-0.105022609E+00-0.113272391E+00-0.120911859E+00-0.127784744E+00-0.133735135E+00
-0.138614044E+00-0.142284870E+00-0.144627929E+00-0.145543739E+00-0.144955739E+00
-0.142812490E+00-0.139090464E+00-0.133797079E+00-0.126974359E+00-0.118701696E+00
-0.109096467E+00-0.983099043E-01-0.865158960E-01-0.738909617E-01-0.605842955E-01
-0.466779768E-01-0.321367793E-01-0.167702474E-01-0.406333857E-03 0.166910850E-01
 0.342232250E-01 0.522433408E-01 0.708090812E-01 0.899870247E-01 0.109855160E+00
 0.130505025E+00 0.152044013E+00 0.174598143E+00 0.198315293E+00 0.223369122E+00
 0.249964088E+00 0.278343886E+00 0.308813661E+00 0.341839224E+00 0.377391338E+00
 0.794425756E-01 0.684987158E-01 0.640580803E-01 0.606992021E-01 0.563715324E-01
 0.513473190E-01 0.457454398E-01 0.396210626E-01 0.330018997E-01 0.259024855E-01
 0.183306765E-01 0.102910893E-01 0.178658380E-02-0.709305517E-02-0.162195507E-01
-0.255190693E-01-0.349669866E-01-0.445710495E-01-0.543481931E-01-0.643010139E-01
-0.744106025E-01-0.846327171E-01-0.948952511E-01-0.105097458E+00-0.115111321E+00
-0.124785252E+00-0.133950010E+00-0.142426237E+00-0.150032669E+00-0.156594276E+00
-0.161948979E+00-0.165952727E+00-0.168482512E+00-0.169437811E+00-0.168741018E+00
-0.166337892E+00-0.162199065E+00-0.156323269E+00-0.148742601E+00-0.139529020E+00
-0.128800035E+00-0.116720490E+00-0.103496589E+00-0.893589333E-01-0.745325908E-01
-0.591945387E-01-0.434199460E-01-0.271171965E-01-0.100273667E-01 0.793275703E-02
 0.262197740E-01 0.448513180E-01 0.638609678E-01 0.832908154E-01 0.103188224E+00
 0.123603873E+00 0.144589588E+00 0.166195095E+00 0.188462153E+00 0.211414099E+00
 0.235036299E+00 0.259237707E+00 0.283770233E+00 0.308051676E+00 0.330872118E+00
 0.664757490E-01 0.548221879E-01 0.509836525E-01 0.482947044E-01 0.446535088E-01
 0.401901454E-01 0.349972956E-01 0.291383881E-01 0.226543657E-01 0.155706154E-01
 0.790187903E-02-0.341509673E-03-0.902311131E-02-0.180261265E-01-0.272878613E-01
-0.367932878E-01-0.465599820E-01-0.566140115E-01-0.669677854E-01-0.776128396E-01
-0.885145664E-01-0.996080786E-01-0.110795781E+00-0.121947482E+00-0.132903293E+00
-0.143479571E+00-0.153477341E+00-0.162692249E+00-0.170924693E+00-0.177988648E+00
-0.183718219E+00-0.187971145E+00-0.190629795E+00-0.191600397E+00-0.190811008E+00
-0.188209578E+00-0.183763430E+00-0.177461475E+00-0.169320047E+00-0.159392357E+00
-0.147780165E+00-0.134642854E+00-0.120199084E+00-0.104715802E+00-0.884808227E-01
-0.717586279E-01-0.547321625E-01-0.374344774E-01-0.196749605E-01-0.118478329E-02
 0.177995879E-01 0.369293429E-01 0.562407188E-01 0.757627264E-01 0.955188051E-01
 0.115525588E+00 0.135789678E+00 0.156302214E+00 0.177030593E+00 0.197905734E+00
 0.218803167E+00 0.239515692E+00 0.259718090E+00 0.278935283E+00 0.296547771E+00
 0.579909608E-01 0.459908247E-01 0.415398888E-01 0.388785265E-01 0.353902467E-01
 0.311021991E-01 0.260541737E-01 0.202809926E-01 0.138092665E-01 0.665721158E-02
-0.117568322E-02-0.952149183E-02-0.182661749E-01-0.273475628E-01-0.367519408E-01
-0.465010367E-01-0.566288978E-01-0.671592578E-01-0.780972019E-01-0.894226283E-01
-0.101084456E+00-0.112996303E+00-0.125034615E+00-0.137039959E+00-0.148822054E+00
-0.160168245E+00-0.170854762E+00-0.180659011E+00-0.189370885E+00-0.196800828E+00
-0.202785447E+00-0.207190096E+00-0.209908292E+00-0.210858598E+00-0.209979802E+00
-0.207226425E+00-0.202565983E+00-0.195979759E+00-0.187468261E+00-0.177062005E+00
-0.164836496E+00-0.150929317E+00-0.135551900E+00-0.118986741E+00-0.101565100E+00
-0.836231858E-01-0.654396042E-01-0.471607335E-01-0.287188608E-01-0.980485976E-02
 0.968955085E-02 0.291848648E-01 0.486917756E-01 0.682196170E-01 0.877714753E-01
 0.107340299E+00 0.126904786E+00 0.146424502E+00 0.165833518E+00 0.185032710E+00
 0.203880578E+00 0.222184241E+00 0.239693522E+00 0.256104171E+00 0.271076560E+00
 0.517373309E-01 0.394448750E-01 0.349035226E-01 0.321290828E-01 0.285720490E-01
 0.242425967E-01 0.191551819E-01 0.133224670E-01 0.675346982E-02-0.563277456E-03
-0.847212225E-02-0.168539155E-01-0.256381165E-01-0.348033085E-01-0.443682447E-01
-0.543723144E-01-0.648507476E-01-0.758238435E-01-0.872896984E-01-0.992170274E-01
-0.111538984E+00-0.124148957E+00-0.136899427E+00-0.149604812E+00-0.162048757E+00
-0.173995376E+00-0.185203135E+00-0.195438102E+00-0.204484284E+00-0.212152258E+00
-0.218284577E+00-0.222757459E+00-0.225478381E+00-0.226380616E+00-0.225415990E+00
-0.222547933E+00-0.217746675E+00-0.210988522E+00-0.202260718E+00-0.191572666E+00
-0.178973198E+00-0.164571583E+00-0.148558065E+00-0.131212711E+00-0.112890065E+00
-0.939779431E-01-0.748321936E-01-0.556958728E-01-0.366120115E-01-0.173390917E-01
 0.241728034E-02 0.222285613E-01 0.418862365E-01 0.613969564E-01 0.807565823E-01
 0.999479666E-01 0.118938468E+00 0.137677103E+00 0.156091481E+00 0.174084648E+00
 0.191532597E+00 0.208283424E+00 0.224159628E+00 0.238965169E+00 0.252498358E+00
 0.478085950E-01 0.353228077E-01 0.308139790E-01 0.278457664E-01 0.241001043E-01
 0.196075123E-01 0.143746296E-01 0.839566160E-02 0.165576849E-02-0.575389527E-02
-0.137058301E-01-0.221146103E-01-0.309424158E-01-0.401958004E-01-0.499125570E-01
-0.601377040E-01-0.709063709E-01-0.822361633E-01-0.941193774E-01-0.106515415E+00
-0.119344391E+00-0.132483155E+00-0.145764977E+00-0.158983961E+00-0.171904385E+00
-0.184274420E+00-0.195841193E+00-0.206363127E+00-0.215621144E+00-0.223427847E+00
-0.229632676E+00-0.234122664E+00-0.236818433E+00-0.237666845E+00-0.236631826E+00
-0.233685449E+00-0.228801578E+00-0.221953914E+00-0.213120103E+00-0.202293083E+00
-0.189499468E+00-0.174823418E+00-0.158431530E+00-0.140591130E+00-0.121664457E+00
-0.102070980E+00-0.822214559E-01-0.624324009E-01-0.428334773E-01-0.232749693E-01
-0.340025430E-02 0.166539885E-01 0.364203006E-01 0.559099577E-01 0.751189291E-01
 0.940282047E-01 0.112603270E+00 0.130793288E+00 0.148530290E+00 0.165728852E+00
 0.182286516E+00 0.198085710E+00 0.212997451E+00 0.226887465E+00 0.239624351E+00
 0.469194278E-01 0.344908349E-01 0.293261278E-01 0.259227585E-01 0.218411908E-01
 0.171102807E-01 0.117020849E-01 0.557737937E-02-0.128617801E-02-0.876156706E-02
-0.167476237E-01-0.251828879E-01-0.340504199E-01-0.433731116E-01-0.531980731E-01
-0.635724366E-01-0.745315701E-01-0.860914811E-01-0.982407779E-01-0.110932834E+00
-0.124079339E+00-0.137546510E+00-0.151155457E+00-0.164687678E+00-0.177895889E+00
-0.190519378E+00-0.202298418E+00-0.212986961E+00-0.222364575E+00-0.230245903E+00
-0.236485615E+00-0.240978420E+00-0.243654132E+00-0.244469017E+00-0.243395358E+00
-0.240411431E+00-0.235494092E+00-0.228615955E+00-0.219749048E+00-0.208875984E+00
-0.196008921E+00-0.181214839E+00-0.164642990E+00-0.146547794E+00-0.127290964E+00
-0.107307486E+00-0.870399550E-01-0.668503493E-01-0.469231866E-01-0.271705650E-01
-0.722675631E-02 0.129441693E-01 0.327554196E-01 0.522150770E-01 0.713175461E-01
 0.900432467E-01 0.108358338E+00 0.126214668E+00 0.143549949E+00 0.160288617E+00
 0.176343337E+00 0.191617578E+00 0.206009358E+00 0.219416082E+00 0.231740400E+00
 0.484940484E-01 0.366521366E-01 0.301304851E-01 0.257943776E-01 0.213980004E-01
 0.165236220E-01 0.110327415E-01 0.484739942E-02-0.205462868E-02-0.955304410E-02
-0.175539348E-01-0.260027666E-01-0.348886512E-01-0.442391522E-01-0.541038774E-01
-0.645307600E-01-0.755554363E-01-0.871936306E-01-0.994329602E-01-0.112225078E+00
-0.125479132E+00-0.139058098E+00-0.152779311E+00-0.166420341E+00-0.179730311E+00
-0.192445666E+00-0.204304382E+00-0.215058848E+00-0.224488109E+00-0.232407376E+00
-0.238672987E+00-0.243182197E+00-0.245867893E+00-0.246689513E+00-0.245622262E+00
-0.242646664E+00-0.237740740E+00-0.230876923E+00-0.222025424E+00-0.211165324E+00
-0.198303550E+00-0.183500573E+00-0.166898772E+00-0.148746625E+00-0.129403889E+00
-0.109309666E+00-0.889171660E-01-0.686047599E-01-0.485778190E-01-0.287727211E-01
-0.882777292E-02 0.113568651E-01 0.311579667E-01 0.505816750E-01 0.696215108E-01
 0.882577822E-01 0.106457308E+00 0.124173470E+00 0.141346738E+00 0.157905713E+00
 0.173768967E+00 0.188847661E+00 0.203049183E+00 0.216281518E+00 0.228458300E+00
 0.471790358E-01 0.347251855E-01 0.297341906E-01 0.264147781E-01 0.223845728E-01
 0.176869016E-01 0.123036625E-01 0.620257203E-02-0.649823865E-03-0.812365115E-02
-0.161146000E-01-0.245579313E-01-0.334337056E-01-0.427625813E-01-0.525907837E-01
-0.629657060E-01-0.739232004E-01-0.854799896E-01-0.976256356E-01-0.110314637E+00
-0.123459987E+00-0.136929244E+00-0.150544807E+00-0.164089218E+00-0.177315950E+00
-0.189964533E+00-0.201775238E+00-0.212501749E+00-0.221923068E+00-0.229853064E+00
-0.236145586E+00-0.240694508E+00-0.243428931E+00-0.244304612E+00-0.243293583E+00
-0.240374103E+00-0.235523134E+00-0.228713453E+00-0.219917133E+00-0.209116504E+00
-0.196322918E+00-0.181601927E+00-0.165100679E+00-0.147071049E+00-0.127872512E+00
-0.107939191E+00-0.877149776E-01-0.675660074E-01-0.476842746E-01-0.279931985E-01
-0.812999718E-02 0.119768372E-01 0.317186862E-01 0.511027835E-01 0.701234415E-01
 0.887614563E-01 0.106983729E+00 0.124743156E+00 0.141978875E+00 0.158617079E+00
 0.174572587E+00 0.189751387E+00 0.204054251E+00 0.217381507E+00 0.229638696E+00
 0.491060205E-01 0.366998464E-01 0.319029614E-01 0.289559625E-01 0.252472647E-01
 0.207867082E-01 0.155818211E-01 0.962945167E-02 0.291797821E-02-0.448314101E-02
-0.124415476E-01-0.208655540E-01-0.297110397E-01-0.389794111E-01-0.487056151E-01
-0.589347705E-01-0.697028935E-01-0.810289159E-01-0.929069072E-01-0.105298445E+00
-0.118126124E+00-0.131269395E+00-0.144564062E+00-0.157806382E+00-0.170762211E+00
-0.183180436E+00-0.194808260E+00-0.205403596E+00-0.214746445E+00-0.222647995E+00
-0.228956163E+00-0.233556375E+00-0.236367926E+00-0.237336636E+00-0.236425862E+00
-0.233607501E+00-0.228855491E+00-0.222143665E+00-0.213449508E+00-0.202765211E+00
-0.190115646E+00-0.175582021E+00-0.159326792E+00-0.141612619E+00-0.122798085E+00
-0.103301704E+00-0.835376754E-01-0.638316274E-01-0.443290472E-01-0.249042492E-01
-0.519781979E-02 0.147354295E-01 0.343657807E-01 0.537044816E-01 0.727483332E-01
 0.914795250E-01 0.109865099E+00 0.127856284E+00 0.145387858E+00 0.162377864E+00
 0.178728282E+00 0.194326773E+00 0.209050432E+00 0.222771466E+00 0.235365063E+00
 0.529833026E-01 0.407134257E-01 0.366039649E-01 0.338768996E-01 0.303488113E-01
 0.260429382E-01 0.209753495E-01 0.151603632E-01 0.860793982E-02 0.132376468E-02
-0.658281287E-02-0.149825895E-01-0.237944257E-01-0.329875387E-01-0.425741225E-01
-0.525914729E-01-0.630759373E-01-0.740495995E-01-0.855129957E-01-0.974378437E-01
-0.109760746E+00-0.122378804E+00-0.135148123E+00-0.147886440E+00-0.160379916E+00
-0.172394201E+00-0.183688134E+00-0.194027320E+00-0.203194588E+00-0.210998774E+00
-0.217280433E+00-0.221913606E+00-0.224803880E+00-0.225882962E+00-0.225101694E+00
-0.222422957E+00-0.217816696E+00-0.211258993E+00-0.202736378E+00-0.192256659E+00
-0.179865733E+00-0.165668398E+00-0.149849027E+00-0.132681876E+00-0.114517681E+00
-0.957445949E-01-0.767252147E-01-0.577175356E-01-0.387898088E-01-0.197350588E-01
-0.236297055E-03 0.194065683E-01 0.388613530E-01 0.581423827E-01 0.772489756E-01
 0.961660519E-01 0.114862904E+00 0.133291081E+00 0.151381686E+00 0.169042677E+00
 0.186156675E+00 0.202580243E+00 0.218146145E+00 0.232670054E+00 0.245962605E+00
 0.602044687E-01 0.482750908E-01 0.439183377E-01 0.412909873E-01 0.378190763E-01
 0.335393064E-01 0.284962524E-01 0.227281917E-01 0.162641481E-01 0.912430324E-02
 0.132158655E-02-0.703372667E-02-0.158122405E-01-0.249370839E-01-0.343825445E-01
-0.441630594E-01-0.543117821E-01-0.648546070E-01-0.757995397E-01-0.871301219E-01
-0.987994522E-01-0.110725686E+00-0.122789845E+00-0.134836778E+00-0.146679774E+00
-0.158108726E+00-0.168901086E+00-0.178834200E+00-0.187696844E+00-0.195297688E+00
-0.201471061E+00-0.206079885E+00-0.209015340E+00-0.210193917E+00-0.209552869E+00
-0.207045540E+00-0.202638507E+00-0.196311966E+00-0.188064769E+00-0.177924633E+00
-0.165962800E+00-0.152310982E+00-0.137174055E+00-0.120828934E+00-0.103604384E+00
-0.858397335E-01-0.678245053E-01-0.497256704E-01-0.315078236E-01-0.128787067E-01
 0.636248337E-02 0.255739447E-01 0.447827764E-01 0.639891922E-01 0.831922367E-01
 0.102383234E+00 0.121540792E+00 0.140625790E+00 0.159575328E+00 0.178295463E+00
 0.196652845E+00 0.214466289E+00 0.231501460E+00 0.247473896E+00 0.262066543E+00
 0.698476210E-01 0.583443716E-01 0.541280508E-01 0.514230281E-01 0.477620363E-01
 0.432740673E-01 0.380595811E-01 0.321853384E-01 0.256938934E-01 0.186119694E-01
 0.109561961E-01 0.273677870E-02-0.596949598E-02-0.150258895E-01-0.243504643E-01
-0.339143462E-01-0.437274538E-01-0.538157523E-01-0.641949996E-01-0.748607963E-01
-0.857832208E-01-0.969024673E-01-0.108126208E+00-0.119329281E+00-0.130356282E+00
-0.141027093E+00-0.151145056E+00-0.160506725E+00-0.168912083E+00-0.176173598E+00
-0.182123169E+00-0.186615989E+00-0.189531803E+00-0.190774366E+00-0.190269515E+00
-0.187963188E+00-0.183820754E+00-0.177828908E+00-0.170000970E+00-0.160386026E+00
-0.149080381E+00-0.136237100E+00-0.122068882E+00-0.106838793E+00-0.908352211E-01
-0.743302181E-01-0.575238056E-01-0.404784270E-01-0.230454300E-01-0.493727252E-02
 0.137622245E-01 0.325676575E-01 0.515176170E-01 0.706401244E-01 0.899566710E-01
 0.109481871E+00 0.129220694E+00 0.149163514E+00 0.169278413E+00 0.189499453E+00
 0.209709048E+00 0.229712725E+00 0.249206513E+00 0.267747372E+00 0.284758419E+00
 0.829143599E-01 0.721034110E-01 0.680729523E-01 0.645988211E-01 0.601622500E-01
 0.550594851E-01 0.494015999E-01 0.432379581E-01 0.365929119E-01 0.294793565E-01
 0.219047368E-01 0.138742076E-01 0.539283548E-02-0.352768274E-02-0.127246343E-01
-0.221066643E-01-0.316343643E-01-0.413063616E-01-0.511385687E-01-0.611379668E-01
-0.712905675E-01-0.815575123E-01-0.918723196E-01-0.102139801E+00-0.112237088E+00
-0.122016959E+00-0.131313473E+00-0.139949232E+00-0.147743657E+00-0.154521078E+00
-0.160117805E+00-0.164387420E+00-0.167204231E+00-0.168464795E+00-0.168088615E+00
-0.166018531E+00-0.162222058E+00-0.156694338E+00-0.149463162E+00-0.140595332E+00
-0.130202532E+00-0.118443914E+00-0.105521403E+00-0.916646346E-01-0.771033540E-01
-0.620273501E-01-0.465356037E-01-0.305752344E-01-0.139067182E-01 0.363616506E-02
 0.215985756E-01 0.398556180E-01 0.584427007E-01 0.774006471E-01 0.967738032E-01
 0.116608806E+00 0.136952862E+00 0.157850787E+00 0.179339722E+00 0.201439396E+00
 0.224133968E+00 0.247336477E+00 0.270814061E+00 0.294023752E+00 0.315840393E+00
 0.102241449E+00 0.933514610E-01 0.862756073E-01 0.801870748E-01 0.742657036E-01
 0.682212785E-01 0.619474053E-01 0.553926677E-01 0.485277362E-01 0.413343795E-01
 0.338009819E-01 0.259204470E-01 0.176890064E-01 0.910511892E-02 0.166217913E-03
-0.900530443E-02-0.182936899E-01-0.276351273E-01-0.370085016E-01-0.464149639E-01
-0.558542013E-01-0.653060451E-01-0.747275278E-01-0.840512887E-01-0.931856558E-01
-0.102016449E+00-0.110410511E+00-0.118220843E+00-0.125292838E+00-0.131471053E+00
-0.136605680E+00-0.140558407E+00-0.143207058E+00-0.144449174E+00-0.144204751E+00
-0.142418623E+00-0.139063060E+00-0.134140939E+00-0.127689123E+00-0.119781576E+00
-0.110530347E+00-0.100082450E+00-0.886100531E-01-0.762922615E-01-0.632873848E-01
-0.496957675E-01-0.355130918E-01-0.205810461E-01-0.469484786E-02 0.120395832E-01
 0.291794036E-01 0.467664674E-01 0.648511127E-01 0.834935755E-01 0.102765180E+00
 0.122749887E+00 0.143546253E+00 0.165269837E+00 0.188056171E+00 0.212064356E+00
 0.237481534E+00 0.264530778E+00 0.293491721E+00 0.324792445E+00 0.358401805E+00
 0.117776468E+00 0.109784275E+00 0.102265410E+00 0.951834992E-01 0.883740261E-01
 0.816587433E-01 0.749102533E-01 0.680442452E-01 0.610052943E-01 0.537566878E-01
 0.462742075E-01 0.385424271E-01 0.305525493E-01 0.223012101E-01 0.137900840E-01
 0.502722664E-02-0.396724278E-02-0.130243106E-01-0.220545996E-01-0.310108066E-01
-0.398738459E-01-0.486334376E-01-0.572677478E-01-0.657341257E-01-0.739694014E-01
-0.818905085E-01-0.893967152E-01-0.963730216E-01-0.102694757E+00-0.108232841E+00
-0.112859435E+00-0.116453409E+00-0.118905492E+00-0.120122746E+00-0.120032474E+00
-0.118585631E+00-0.115759790E+00-0.111561745E+00-0.106029175E+00-0.992308408E-01
-0.912639126E-01-0.822471455E-01-0.723084733E-01-0.615658760E-01-0.501008295E-01
-0.379235111E-01-0.249303021E-01-0.109398989E-01 0.410257559E-02 0.197568387E-01
 0.359363742E-01 0.526877679E-01 0.700716376E-01 0.881637707E-01 0.107057571E+00
 0.126867861E+00 0.147736415E+00 0.169839755E+00 0.193400383E+00 0.218702897E+00
 0.246118203E+00 0.276140720E+00 0.309448123E+00 0.346989930E+00 0.388019145E+00
 0.130482674E+00 0.123048350E+00 0.115729734E+00 0.108578518E+00 0.101567432E+00
 0.946269482E-01 0.876891613E-01 0.806964114E-01 0.736033916E-01 0.663762316E-01
 0.589907430E-01 0.514307544E-01 0.436867848E-01 0.357551351E-01 0.276372582E-01
 0.193393286E-01 0.108713750E-01 0.224389369E-02-0.645123050E-02-0.150725152E-01
-0.235400777E-01-0.318071544E-01-0.398460515E-01-0.476318263E-01-0.551274642E-01
-0.622780547E-01-0.690132827E-01-0.752495080E-01-0.808930323E-01-0.858441070E-01
-0.900015160E-01-0.932673216E-01-0.955516100E-01-0.967769772E-01-0.968825817E-01
-0.958275795E-01-0.935937837E-01-0.901873335E-01-0.856388956E-01-0.800017864E-01
-0.733471736E-01-0.657555535E-01-0.573035218E-01-0.480451547E-01-0.379868932E-01
-0.270562172E-01-0.151173165E-01-0.208481844E-02 0.118439412E-01 0.263212193E-01
 0.413928293E-01 0.571137816E-01 0.735518336E-01 0.907906070E-01 0.108933300E+00
 0.128107756E+00 0.148473561E+00 0.170232043E+00 0.193640500E+00 0.219032437E+00
 0.246845484E+00 0.277658045E+00 0.312229991E+00 0.351526022E+00 0.394428521E+00
 0.141642600E+00 0.134682506E+00 0.127695069E+00 0.120739147E+00 0.113827914E+00
 0.106934480E+00 0.100027248E+00 0.930750072E-01 0.860501006E-01 0.789299235E-01
 0.716973841E-01 0.643408969E-01 0.568540357E-01 0.492352732E-01 0.414877236E-01
 0.336189643E-01 0.256410036E-01 0.175705869E-01 0.943096355E-02 0.123306026E-02
-0.690240087E-02-0.148459068E-01-0.225210190E-01-0.298755839E-01-0.368723720E-01
-0.434760898E-01-0.496448725E-01-0.553244911E-01-0.604507998E-01-0.649533644E-01
-0.687587783E-01-0.717943311E-01-0.739919916E-01-0.752923265E-01-0.756479576E-01
-0.750263557E-01-0.734118447E-01-0.708062798E-01-0.672281682E-01-0.627096891E-01
-0.572909638E-01-0.510110557E-01-0.438949950E-01-0.359356962E-01-0.270738155E-01
-0.172089152E-01-0.625685230E-02 0.571999932E-02 0.182819366E-01 0.314390548E-01
 0.452293530E-01 0.597043633E-01 0.749288276E-01 0.909821242E-01 0.107960902E+00
 0.125983045E+00 0.145193279E+00 0.165771157E+00 0.187942386E+00 0.211995393E+00
 0.238306090E+00 0.267376900E+00 0.299905121E+00 0.336922973E+00 0.376298845E+00
 0.151837572E+00 0.145314679E+00 0.138686329E+00 0.132018536E+00 0.125335276E+00
 0.118626550E+00 0.111878946E+00 0.105077922E+00 0.982097313E-01 0.912627429E-01
 0.842282623E-01 0.771009922E-01 0.698792338E-01 0.625649914E-01 0.551639609E-01
 0.476855561E-01 0.401429906E-01 0.325533301E-01 0.249375906E-01 0.173202958E-01
 0.973363873E-02 0.219380180E-02-0.519524515E-02-0.123007735E-01-0.190487802E-01
-0.253803246E-01-0.312511958E-01-0.366230607E-01-0.414567627E-01-0.457099266E-01
-0.493360348E-01-0.522865020E-01-0.545144640E-01-0.559779815E-01-0.566425920E-01
-0.564832166E-01-0.554851964E-01-0.536442213E-01-0.509648025E-01-0.474568158E-01
-0.431296527E-01-0.379829556E-01-0.319947749E-01-0.251158662E-01-0.172756687E-01
-0.841372367E-02 0.144488260E-02 0.120487567E-01 0.231909938E-01 0.349147581E-01
 0.472645350E-01 0.602902249E-01 0.740493611E-01 0.886086524E-01 0.104045473E+00
 0.120449521E+00 0.137924865E+00 0.156592458E+00 0.176593304E+00 0.198092282E+00
 0.221283436E+00 0.246397391E+00 0.273714393E+00 0.303567559E+00 0.334450066E+00
 0.161374003E+00 0.155265465E+00 0.149005145E+00 0.142662033E+00 0.136262819E+00
 0.129804686E+00 0.123283543E+00 0.116694897E+00 0.110034622E+00 0.103299707E+00
 0.964888334E-01 0.896027833E-01 0.826447606E-01 0.756205469E-01 0.685386732E-01
 0.614105277E-01 0.542504266E-01 0.470757410E-01 0.399069637E-01 0.327678137E-01
 0.256854761E-01 0.186899342E-01 0.118187573E-01 0.510056503E-02-0.143594400E-02
-0.763561763E-02-0.134170335E-01-0.187269840E-01-0.235194098E-01-0.277580172E-01
-0.314119570E-01-0.344512872E-01-0.368473865E-01-0.385741554E-01-0.396090373E-01
-0.399336256E-01-0.395336673E-01-0.383984223E-01-0.365188122E-01-0.338841639E-01
-0.304777473E-01-0.262720454E-01-0.212261919E-01-0.152903516E-01-0.842435658E-02
-0.641624967E-03 0.790908001E-02 0.169654507E-01 0.265544318E-01 0.367082246E-01
 0.474633314E-01 0.588605739E-01 0.709451139E-01 0.837661922E-01 0.973764732E-01
 0.111830838E+00 0.127184391E+00 0.143489167E+00 0.160788596E+00 0.179107994E+00
 0.198437378E+00 0.218698815E+00 0.239677832E+00 0.260843784E+00 0.280876994E+00
 0.170450538E+00 0.164735809E+00 0.158850551E+00 0.152849391E+00 0.146757871E+00
 0.140577376E+00 0.134310231E+00 0.127958968E+00 0.121526606E+00 0.115016907E+00
 0.108434685E+00 0.101786062E+00 0.950786844E-01 0.883219093E-01 0.815269426E-01
 0.747069865E-01 0.678773373E-01 0.610555150E-01 0.542613491E-01 0.475170501E-01
 0.408472791E-01 0.342791490E-01 0.278422814E-01 0.215677433E-01 0.154898036E-01
 0.964907277E-02 0.406282768E-02-0.121333054E-02-0.606197817E-02-0.104232393E-01
-0.142642194E-01-0.175488666E-01-0.202482976E-01-0.223411731E-01-0.238113608E-01
-0.246451143E-01-0.248281788E-01-0.243451893E-01-0.231787562E-01-0.213079564E-01
-0.187068358E-01-0.153443208E-01-0.111879129E-01-0.621513743E-02-0.438859948E-03
 0.604419084E-02 0.129875699E-01 0.204193201E-01 0.283600446E-01 0.368344896E-01
 0.458712392E-01 0.555020235E-01 0.657605752E-01 0.766809210E-01 0.882950202E-01
 0.100629427E+00 0.113700710E+00 0.127509162E+00 0.142029852E+00 0.157199815E+00
 0.172899157E+00 0.188923642E+00 0.204947069E+00 0.220483258E+00 0.234889269E+00
 0.179247528E+00 0.173907056E+00 0.168396890E+00 0.162741289E+00 0.156957552E+00
 0.151054487E+00 0.145040467E+00 0.138924062E+00 0.132714272E+00 0.126420617E+00
 0.120053262E+00 0.113623008E+00 0.107141480E+00 0.100621179E+00 0.940756649E-01
 0.875196457E-01 0.809691623E-01 0.744416639E-01 0.679561272E-01 0.615331680E-01
 0.551950708E-01 0.489658117E-01 0.428710617E-01 0.369380862E-01 0.311958641E-01
 0.256749634E-01 0.204062536E-01 0.154261850E-01 0.107741756E-01 0.647408934E-02
 0.250115385E-02-0.102619384E-02-0.404594326E-02-0.652588112E-02-0.844894256E-02
-0.980431400E-02-0.105719259E-01-0.107306875E-01-0.102599384E-01-0.913931336E-02
-0.734949904E-02-0.487564085E-02-0.171508407E-02 0.210947753E-02 0.653346442E-02
 0.113738216E-01 0.166673921E-01 0.224195123E-01 0.286425631E-01 0.353548974E-01
 0.425797105E-01 0.503436178E-01 0.586747304E-01 0.676000491E-01 0.771420076E-01
 0.873140544E-01 0.981151089E-01 0.109522834E+00 0.121485665E+00 0.133913547E+00
 0.146667823E+00 0.159551457E+00 0.172302932E+00 0.184599876E+00 0.196080312E+00
 0.187971845E+00 0.183005422E+00 0.177840441E+00 0.172498614E+00 0.166997358E+00
 0.161347479E+00 0.155561700E+00 0.149654076E+00 0.143639401E+00 0.137532786E+00
 0.131349444E+00 0.125104532E+00 0.118813232E+00 0.112490773E+00 0.106152602E+00
 0.998145491E-01 0.934929773E-01 0.872049555E-01 0.809683800E-01 0.748021156E-01
 0.687260553E-01 0.627611503E-01 0.569294617E-01 0.512541160E-01 0.457592644E-01
 0.404700078E-01 0.354122035E-01 0.306126140E-01 0.260978248E-01 0.218922962E-01
 0.180196501E-01 0.145173157E-01 0.114182765E-01 0.874646939E-02 0.651635090E-02
 0.470271194E-02 0.337540731E-02 0.257428363E-02 0.232331874E-02 0.263644429E-02
 0.351761654E-02 0.495502632E-02 0.690716598E-02 0.927569624E-02 0.120977052E-01
 0.153359324E-01 0.189785194E-01 0.230245013E-01 0.274819992E-01 0.323670469E-01
 0.377024747E-01 0.435165092E-01 0.498407036E-01 0.567069799E-01 0.641435683E-01
 0.721698180E-01 0.807900131E-01 0.899865106E-01 0.997128785E-01 0.109887660E+00
 0.120389923E+00 0.131057754E+00 0.141691312E+00 0.152061984E+00 0.161928132E+00
 0.196760952E+00 0.192164525E+00 0.187326714E+00 0.182268471E+00 0.177010477E+00
 0.171568885E+00 0.165963337E+00 0.160215318E+00 0.154346764E+00 0.148379147E+00
 0.142333031E+00 0.136227787E+00 0.130081698E+00 0.123912171E+00 0.117735915E+00
 0.111569218E+00 0.105428234E+00 0.993291363E-01 0.932883918E-01 0.873228312E-01
 0.814498216E-01 0.756872818E-01 0.700537637E-01 0.645683929E-01 0.592508726E-01
 0.541213714E-01 0.492004082E-01 0.445086993E-01 0.400668792E-01 0.358953066E-01
 0.320144333E-01 0.284455828E-01 0.252085887E-01 0.223201066E-01 0.197932422E-01
 0.176383611E-01 0.158741307E-01 0.145166544E-01 0.135762077E-01 0.130561581E-01
 0.129521023E-01 0.132508101E-01 0.139299743E-01 0.149623435E-01 0.163336881E-01
 0.180294104E-01 0.200411435E-01 0.223683417E-01 0.250192508E-01 0.280115530E-01
 0.313727148E-01 0.351397432E-01 0.393580087E-01 0.440785997E-01 0.493538827E-01
 0.552310571E-01 0.617440045E-01 0.689042881E-01 0.766926482E-01 0.850523934E-01
 0.938861966E-01 0.103057235E+00 0.112395197E+00 0.121706985E+00 0.130790979E+00
 0.205807477E+00 0.201581672E+00 0.197045162E+00 0.192223549E+00 0.187144741E+00
 0.181837082E+00 0.176333562E+00 0.170667991E+00 0.164872482E+00 0.158976361E+00
 0.153005689E+00 0.146983579E+00 0.140930593E+00 0.134865209E+00 0.128804341E+00
 0.122763798E+00 0.116758630E+00 0.110803463E+00 0.104912743E+00 0.991009027E-01
 0.933825374E-01 0.877724364E-01 0.822856575E-01 0.769375190E-01 0.717435554E-01
 0.667194277E-01 0.618808605E-01 0.572434589E-01 0.528225824E-01 0.486331768E-01
 0.446896628E-01 0.410057344E-01 0.375937782E-01 0.344643816E-01 0.316261984E-01
 0.290862415E-01 0.268506184E-01 0.249230713E-01 0.233036578E-01 0.219879132E-01
 0.209664609E-01 0.202251393E-01 0.197459571E-01 0.195093583E-01 0.194975734E-01
 0.196954831E-01 0.200927798E-01 0.206862148E-01 0.214819647E-01 0.224981904E-01
 0.237676669E-01 0.253401566E-01 0.272838268E-01 0.296845995E-01 0.326420888E-01
 0.362609662E-01 0.406376831E-01 0.458442643E-01 0.519124158E-01 0.588214993E-01
 0.664929003E-01 0.747919902E-01 0.835377201E-01 0.925187841E-01 0.101513609E+00
 0.215380803E+00 0.211539224E+00 0.207265928E+00 0.202593371E+00 0.197576195E+00
 0.192273751E+00 0.186746508E+00 0.181048542E+00 0.175225347E+00 0.169314057E+00
 0.163344875E+00 0.157342568E+00 0.151327759E+00 0.145317987E+00 0.139328659E+00
 0.133373618E+00 0.127465636E+00 0.121616855E+00 0.115839042E+00 0.110143743E+00
 0.104542471E+00 0.990467519E-01 0.936681703E-01 0.884183496E-01 0.833089054E-01
 0.783513933E-01 0.735571682E-01 0.689372644E-01 0.645022690E-01 0.602620989E-01
 0.562258363E-01 0.524014756E-01 0.487956293E-01 0.454132371E-01 0.422573462E-01
 0.393289253E-01 0.366266705E-01 0.341465138E-01 0.318810679E-01 0.298192389E-01
 0.279460810E-01 0.262429640E-01 0.246881992E-01 0.232581440E-01 0.219286773E-01
 0.206767768E-01 0.194825828E-01 0.183320716E-01 0.172206033E-01 0.161575582E-01
 0.151723437E-01 0.143216839E-01 0.136975944E-01 0.134340748E-01 0.137085915E-01
 0.147325732E-01 0.167266186E-01 0.198833272E-01 0.243294481E-01 0.300993454E-01
 0.371238887E-01 0.452333316E-01 0.541738421E-01 0.636386201E-01 0.733096376E-01
 0.225949287E+00 0.222544372E+00 0.218433663E+00 0.213701189E+00 0.208498627E+00
 0.202968061E+00 0.197219297E+00 0.191329852E+00 0.185353786E+00 0.179329440E+00
 0.173284814E+00 0.167241022E+00 0.161214575E+00 0.155218929E+00 0.149265438E+00
 0.143364161E+00 0.137524232E+00 0.131754294E+00 0.126062691E+00 0.120457619E+00
 0.114947245E+00 0.109539710E+00 0.104243144E+00 0.990656540E-01 0.940152034E-01
 0.890995786E-01 0.843262300E-01 0.797021464E-01 0.752337053E-01 0.709264576E-01
 0.667849481E-01 0.628124624E-01 0.590107851E-01 0.553799123E-01 0.519177876E-01
 0.486200117E-01 0.454795100E-01 0.424861796E-01 0.396264829E-01 0.368831269E-01
 0.342348404E-01 0.316562951E-01 0.291182231E-01 0.265877899E-01 0.240291972E-01
 0.214046184E-01 0.186756793E-01 0.158057809E-01 0.127637861E-01 0.952984206E-02
 0.610439293E-02 0.252189022E-02-0.112911721E-02-0.467859069E-02-0.784418173E-02
-0.102161076E-01-0.112987822E-01-0.106270425E-01-0.788525585E-02-0.295425486E-02
 0.409131125E-02 0.129887275E-01 0.232949741E-01 0.344386660E-01 0.458431728E-01
 0.238509521E+00 0.235764429E+00 0.231393293E+00 0.225930259E+00 0.219985366E+00
 0.213838279E+00 0.207607120E+00 0.201350406E+00 0.195101187E+00 0.188879922E+00
 0.182700142E+00 0.176571339E+00 0.170500606E+00 0.164493620E+00 0.158555269E+00
 0.152690008E+00 0.146902174E+00 0.141196057E+00 0.135576069E+00 0.130046770E+00
 0.124612816E+00 0.119278997E+00 0.114050135E+00 0.108931012E+00 0.103926294E+00
 0.990403816E-01 0.942773148E-01 0.896405727E-01 0.851329416E-01 0.807562992E-01
 0.765114203E-01 0.723977312E-01 0.684130639E-01 0.645533651E-01 0.608124025E-01
 0.571814328E-01 0.536488295E-01 0.501996838E-01 0.468153544E-01 0.434730314E-01
 0.401452705E-01 0.367995203E-01 0.333976746E-01 0.298956055E-01 0.262427293E-01
 0.223816261E-01 0.182478856E-01 0.137704117E-01 0.887277257E-02 0.347648817E-02
-0.249201711E-02-0.908789691E-02-0.163223688E-01-0.241138991E-01-0.321878530E-01
-0.398588739E-01-0.458006263E-01-0.486903153E-01-0.479622036E-01-0.435103551E-01
-0.354399644E-01-0.240726005E-01-0.101390518E-01 0.495620025E-02 0.197376944E-01
 0.254438609E+00 0.253364861E+00 0.246667847E+00 0.238776386E+00 0.231414557E+00
 0.224339649E+00 0.217465863E+00 0.210754126E+00 0.204182535E+00 0.197737008E+00
 0.191407546E+00 0.185186744E+00 0.179069012E+00 0.173050225E+00 0.167127430E+00
 0.161298707E+00 0.155563012E+00 0.149920076E+00 0.144370288E+00 0.138914570E+00
 0.133554250E+00 0.128290951E+00 0.123126499E+00 0.118062720E+00 0.113101371E+00
 0.108243965E+00 0.103491634E+00 0.988449380E-01 0.943037048E-01 0.898668393E-01
 0.855321214E-01 0.812959522E-01 0.771531090E-01 0.730964839E-01 0.691167489E-01
 0.652019829E-01 0.613373183E-01 0.575044304E-01 0.536810271E-01 0.498402454E-01
 0.459499210E-01 0.419717357E-01 0.378601998E-01 0.335613303E-01 0.290110260E-01
 0.241329949E-01 0.188360773E-01 0.130109508E-01 0.652613351E-02-0.776430767E-03
-0.908549223E-02-0.186227784E-01-0.296412893E-01-0.424195491E-01-0.572673157E-01
-0.746511966E-01-0.894151852E-01-0.967357084E-01-0.978921503E-01-0.935550556E-01
-0.831890255E-01-0.672876462E-01-0.450240150E-01-0.212073419E-01-0.185392238E-02
 0.266029269E+00 0.265695184E+00 0.258389682E+00 0.249497965E+00 0.241254106E+00
 0.233503044E+00 0.226131663E+00 0.219062418E+00 0.212241396E+00 0.205629796E+00
 0.199198797E+00 0.192926481E+00 0.186796010E+00 0.180794358E+00 0.174911469E+00
 0.169139624E+00 0.163472980E+00 0.157907188E+00 0.152439117E+00 0.147066504E+00
 0.141787842E+00 0.136602089E+00 0.131508529E+00 0.126506537E+00 0.121595502E+00
 0.116774581E+00 0.112042554E+00 0.107397683E+00 0.102837481E+00 0.983585790E-01
 0.939565077E-01 0.896254778E-01 0.853581503E-01 0.811453685E-01 0.769758523E-01
 0.728358403E-01 0.687086806E-01 0.645743459E-01 0.604088753E-01 0.561836362E-01
 0.518645011E-01 0.474107452E-01 0.427736677E-01 0.378947593E-01 0.327032618E-01
 0.271127615E-01 0.210164692E-01 0.142804366E-01 0.673376629E-02-0.184563338E-02
-0.117514143E-01-0.233763438E-01-0.372447036E-01-0.540398918E-01-0.746136084E-01
-0.975559056E-01-0.113285773E+00-0.121725671E+00-0.123378552E+00-0.117930651E+00
-0.105555803E+00-0.850416198E-01-0.577380471E-01-0.337317623E-01-0.136228474E-01
 0.273534000E+00 0.273564786E+00 0.266155988E+00 0.257109284E+00 0.248630404E+00
 0.240645006E+00 0.233082294E+00 0.225876957E+00 0.218973175E+00 0.212324977E+00
 0.205895275E+00 0.199654415E+00 0.193578824E+00 0.187649816E+00 0.181852654E+00
 0.176175699E+00 0.170609817E+00 0.165147811E+00 0.159784004E+00 0.154513940E+00
 0.149334013E+00 0.144241229E+00 0.139232993E+00 0.134306923E+00 0.129460573E+00
 0.124691360E+00 0.119996332E+00 0.115372002E+00 0.110814236E+00 0.106318027E+00
 0.101877376E+00 0.974850878E-01 0.931325704E-01 0.888096094E-01 0.845041275E-01
 0.802018270E-01 0.758858770E-01 0.715364143E-01 0.671300367E-01 0.626391545E-01
 0.580311529E-01 0.532673821E-01 0.483018383E-01 0.430794358E-01 0.375336483E-01
 0.315832570E-01 0.251276772E-01 0.180400237E-01 0.101563679E-01 0.125831703E-02
-0.895686820E-02-0.209301617E-01-0.353384502E-01-0.532389320E-01-0.758952573E-01
-0.952123404E-01-0.108226255E+00-0.115167536E+00-0.115902752E+00-0.110365048E+00
-0.971005857E-01-0.750874281E-01-0.518605858E-01-0.318822600E-01-0.144977476E-01
 0.277485341E+00 0.277674943E+00 0.270722240E+00 0.261819631E+00 0.253442943E+00
 0.245553344E+00 0.238090500E+00 0.230993927E+00 0.224208862E+00 0.217688382E+00
 0.211393669E+00 0.205293104E+00 0.199361295E+00 0.193577871E+00 0.187926590E+00
 0.182394460E+00 0.176971108E+00 0.171648175E+00 0.166418880E+00 0.161277696E+00
 0.156219929E+00 0.151241526E+00 0.146338806E+00 0.141508266E+00 0.136746347E+00
 0.132049292E+00 0.127413005E+00 0.122832850E+00 0.118303537E+00 0.113819025E+00
 0.109372355E+00 0.104955584E+00 0.100559607E+00 0.961740240E-01 0.917869583E-01
 0.873847976E-01 0.829519480E-01 0.784704760E-01 0.739196762E-01 0.692756176E-01
 0.645105392E-01 0.595921129E-01 0.544826612E-01 0.491380580E-01 0.435064882E-01
 0.375268161E-01 0.311265942E-01 0.242194794E-01 0.167019460E-01 0.844904035E-02
-0.691391819E-03-0.109080793E-01-0.224524736E-01-0.358105265E-01-0.501192547E-01
-0.614619553E-01-0.695155933E-01-0.738944560E-01-0.745253190E-01-0.707395300E-01
-0.622907132E-01-0.483357571E-01-0.341071934E-01-0.203630719E-01-0.740098674E-02
 0.278920114E+00 0.279241085E+00 0.272312969E+00 0.263714820E+00 0.255714148E+00
 0.248214617E+00 0.241129473E+00 0.234386191E+00 0.227926835E+00 0.221705809E+00
 0.215687141E+00 0.209842458E+00 0.204149187E+00 0.198589355E+00 0.193148538E+00
 0.187815130E+00 0.182579696E+00 0.177434534E+00 0.172373235E+00 0.167390391E+00
 0.162481338E+00 0.157641828E+00 0.152867928E+00 0.148155734E+00 0.143501207E+00
 0.138900042E+00 0.134347454E+00 0.129838139E+00 0.125366107E+00 0.120924622E+00
 0.116506204E+00 0.112102576E+00 0.107704602E+00 0.103302307E+00 0.988847613E-01
 0.944399685E-01 0.899547115E-01 0.854143128E-01 0.808024257E-01 0.761006847E-01
 0.712884739E-01 0.663426071E-01 0.612370856E-01 0.559429415E-01 0.504283048E-01
 0.446587503E-01 0.385983922E-01 0.322122201E-01 0.254710000E-01 0.183612872E-01
 0.109064803E-01 0.321274041E-02-0.442696176E-02-0.113272322E-01-0.168092456E-01
-0.219292734E-01-0.261358004E-01-0.286925007E-01-0.293029938E-01-0.280991234E-01
-0.256106425E-01-0.208589435E-01-0.137025714E-01-0.533931470E-02 0.346726226E-02
 0.276813835E+00 0.277055979E+00 0.270519942E+00 0.262648165E+00 0.255460531E+00
 0.248731121E+00 0.242331997E+00 0.236187607E+00 0.230249718E+00 0.224485025E+00
 0.218869150E+00 0.213383481E+00 0.208013430E+00 0.202747256E+00 0.197575450E+00
 0.192490146E+00 0.187484786E+00 0.182553843E+00 0.177692562E+00 0.172896758E+00
 0.168162674E+00 0.163486749E+00 0.158865511E+00 0.154295340E+00 0.149772361E+00
 0.145292208E+00 0.140849933E+00 0.136439830E+00 0.132055432E+00 0.127689481E+00
 0.123334005E+00 0.118980438E+00 0.114619754E+00 0.110242620E+00 0.105839446E+00
 0.101400405E+00 0.969153941E-01 0.923738927E-01 0.877648368E-01 0.830764771E-01
 0.782963037E-01 0.734110773E-01 0.684070587E-01 0.632704347E-01 0.579881705E-01
 0.525494590E-01 0.469480790E-01 0.411861390E-01 0.352799930E-01 0.292691141E-01
 0.232286714E-01 0.172839779E-01 0.116168009E-01 0.643727789E-02 0.191169477E-02
-0.184926181E-02-0.470005954E-02-0.646278495E-02-0.700775301E-02-0.628387276E-02
-0.427733967E-02-0.986237079E-03 0.348191196E-02 0.886634178E-02 0.148544768E-01
 0.269445509E+00 0.268798739E+00 0.264303148E+00 0.258625507E+00 0.253028274E+00
 0.247512728E+00 0.242078602E+00 0.236724749E+00 0.231449276E+00 0.226249844E+00
 0.221123904E+00 0.216068700E+00 0.211081505E+00 0.206159517E+00 0.201300055E+00
 0.196500480E+00 0.191758260E+00 0.187070936E+00 0.182436213E+00 0.177851841E+00
 0.173315629E+00 0.168825343E+00 0.164378643E+00 0.159972861E+00 0.155604854E+00
 0.151270792E+00 0.146965936E+00 0.142684445E+00 0.138419315E+00 0.134162486E+00
 0.129905015E+00 0.125637531E+00 0.121350586E+00 0.117035210E+00 0.112683117E+00
 0.108286895E+00 0.103840008E+00 0.993366763E-01 0.947716311E-01 0.901400447E-01
 0.854374543E-01 0.806599632E-01 0.758046359E-01 0.708700791E-01 0.658575073E-01
 0.607721582E-01 0.556253344E-01 0.504371561E-01 0.452399999E-01 0.400824137E-01
 0.350326039E-01 0.301796794E-01 0.256301314E-01 0.214984398E-01 0.178962387E-01
 0.149276908E-01 0.126901763E-01 0.112701803E-01 0.107327737E-01 0.111129209E-01
 0.124117965E-01 0.145923318E-01 0.175726190E-01 0.212281030E-01 0.254086591E-01
 0.261353374E+00 0.259808600E+00 0.257204980E+00 0.253744483E+00 0.249752775E+00
 0.245475218E+00 0.241032556E+00 0.236496642E+00 0.231911242E+00 0.227304444E+00
 0.222695112E+00 0.218096182E+00 0.213516593E+00 0.208962515E+00 0.204438016E+00
 0.199945673E+00 0.195486978E+00 0.191062629E+00 0.186672851E+00 0.182317525E+00
 0.177996323E+00 0.173708797E+00 0.169454217E+00 0.165231600E+00 0.161039308E+00
 0.156874835E+00 0.152734295E+00 0.148612022E+00 0.144500270E+00 0.140389204E+00
 0.136267409E+00 0.132122964E+00 0.127944544E+00 0.123722374E+00 0.119448967E+00
 0.115119472E+00 0.110731602E+00 0.106285147E+00 0.101781331E+00 0.972223133E-01
 0.926112011E-01 0.879521891E-01 0.832510069E-01 0.785154402E-01 0.737560987E-01
 0.689874142E-01 0.642288849E-01 0.595065951E-01 0.548547171E-01 0.503168516E-01
 0.459466316E-01 0.418071300E-01 0.379686728E-01 0.345052518E-01 0.314904898E-01
 0.289939046E-01 0.270775557E-01 0.257923603E-01 0.251740050E-01 0.252391230E-01
 0.259824153E-01 0.273750238E-01 0.293647833E-01 0.318794250E-01 0.348329097E-01
 0.256715208E+00 0.255048066E+00 0.252850801E+00 0.250141859E+00 0.246997610E+00
 0.243539169E+00 0.239856601E+00 0.236004382E+00 0.232025132E+00 0.227957889E+00
 0.223832026E+00 0.219669715E+00 0.215487689E+00 0.211298347E+00 0.207110628E+00
 0.202930793E+00 0.198763132E+00 0.194610596E+00 0.190475255E+00 0.186358750E+00
 0.182262465E+00 0.178187802E+00 0.174136221E+00 0.170109153E+00 0.166107774E+00
 0.162132397E+00 0.158181638E+00 0.154251352E+00 0.150333166E+00 0.146413460E+00
 0.142474204E+00 0.138496444E+00 0.134463519E+00 0.130362585E+00 0.126185536E+00
 0.121930368E+00 0.117601477E+00 0.113207355E+00 0.108757399E+00 0.104260869E+00
 0.997275189E-01 0.951683223E-01 0.905958414E-01 0.860245377E-01 0.814710483E-01
 0.769546479E-01 0.724978447E-01 0.681271106E-01 0.638734922E-01 0.597730242E-01
 0.558666922E-01 0.521998182E-01 0.488207377E-01 0.457789749E-01 0.431229658E-01
 0.408976786E-01 0.391421653E-01 0.378871560E-01 0.371527858E-01 0.369466841E-01
 0.372626595E-01 0.380803123E-01 0.393657163E-01 0.410733484E-01 0.431491099E-01
 0.253684849E+00 0.252076834E+00 0.250122041E+00 0.247802153E+00 0.245129749E+00
 0.242166877E+00 0.238969624E+00 0.235590145E+00 0.232076049E+00 0.228450820E+00
 0.224737123E+00 0.220959902E+00 0.217139706E+00 0.213292032E+00 0.209427699E+00
 0.205553859E+00 0.201675251E+00 0.197795182E+00 0.193916291E+00 0.190041065E+00
 0.186171964E+00 0.182311818E+00 0.178464353E+00 0.174634546E+00 0.170828313E+00
 0.167051554E+00 0.163309187E+00 0.159603730E+00 0.155932367E+00 0.152277678E+00
 0.148595095E+00 0.144844830E+00 0.141003966E+00 0.137054399E+00 0.132981449E+00
 0.128780305E+00 0.124473825E+00 0.120098427E+00 0.115671560E+00 0.111205041E+00
 0.106712677E+00 0.102211080E+00 0.977191180E-01 0.932570398E-01 0.888460055E-01
 0.845079497E-01 0.802658871E-01 0.761442930E-01 0.721695572E-01 0.683702007E-01
 0.647768825E-01 0.614219792E-01 0.583388247E-01 0.555606484E-01 0.531192198E-01
 0.510433912E-01 0.493575521E-01 0.480801761E-01 0.472225174E-01 0.467876010E-01
 0.467696041E-01 0.471537896E-01 0.479170084E-01 0.490287915E-01 0.504529513E-01
 0.251583904E+00 0.250185609E+00 0.248502135E+00 0.246487945E+00 0.244136676E+00
 0.241476417E+00 0.238563672E+00 0.235468462E+00 0.232243612E+00 0.228932917E+00
 0.225540325E+00 0.222078532E+00 0.218570471E+00 0.215033397E+00 0.211474612E+00
 0.207897395E+00 0.204303190E+00 0.200692862E+00 0.197067797E+00 0.193430796E+00
 0.189786002E+00 0.186133638E+00 0.182477459E+00 0.178828880E+00 0.175201699E+00
 0.171610758E+00 0.168071449E+00 0.164599523E+00 0.161212385E+00 0.157930091E+00
 0.154591411E+00 0.151131928E+00 0.147545442E+00 0.143797666E+00 0.139858708E+00
 0.135689497E+00 0.131332994E+00 0.126943216E+00 0.122503757E+00 0.118020013E+00
 0.113510653E+00 0.109001659E+00 0.104521625E+00 0.100098535E+00 0.957582295E-01
 0.915241987E-01 0.874181762E-01 0.834610090E-01 0.796734244E-01 0.760765299E-01
 0.726920739E-01 0.695422590E-01 0.666493773E-01 0.640351623E-01 0.617199689E-01
 0.597218573E-01 0.580556579E-01 0.567320883E-01 0.557569712E-01 0.551306717E-01
 0.548477769E-01 0.548970960E-01 0.552619584E-01 0.559208579E-01 0.568483397E-01
 0.250102758E+00 0.249189660E+00 0.247917295E+00 0.246192411E+00 0.244018063E+00
 0.241470262E+00 0.238652974E+00 0.235660359E+00 0.232572198E+00 0.229448274E+00
 0.226284504E+00 0.223079100E+00 0.219847500E+00 0.216605499E+00 0.213348091E+00
 0.210069478E+00 0.206763551E+00 0.203424737E+00 0.200049594E+00 0.196639061E+00
 0.193200991E+00 0.189728230E+00 0.186224446E+00 0.182712421E+00 0.179216817E+00
 0.175763741E+00 0.172380120E+00 0.169093296E+00 0.165931344E+00 0.162917301E+00
 0.159883678E+00 0.156749383E+00 0.153490216E+00 0.150051266E+00 0.146370754E+00
 0.142383084E+00 0.138128519E+00 0.133763582E+00 0.129282787E+00 0.124708973E+00
 0.120086432E+00 0.115468137E+00 0.110904045E+00 0.106434658E+00 0.102090105E+00
 0.978924260E-01 0.938585103E-01 0.900025666E-01 0.863377303E-01 0.828770176E-01
 0.796337202E-01 0.766213834E-01 0.738535970E-01 0.713435039E-01 0.691032782E-01
 0.671435148E-01 0.654725730E-01 0.640960187E-01 0.630161688E-01 0.622316785E-01
 0.617373921E-01 0.615243129E-01 0.615797937E-01 0.618878938E-01 0.624298938E-01
 0.917197585E+00 0.924814224E+00 0.923096538E+00 0.924745321E+00 0.927274764E+00
 0.930489302E+00 0.934509993E+00 0.939472258E+00 0.945145786E+00 0.952847123E+00
 0.959398091E+00 0.967296183E+00 0.975256383E+00 0.985026479E+00 0.995360374E+00
 0.100644886E+01 0.101831686E+01 0.103114128E+01 0.104500782E+01 0.106001413E+01
 0.107603836E+01 0.109307027E+01 0.111126781E+01 0.113065279E+01 0.115143001E+01
 0.117359698E+01 0.119717169E+01 0.122229791E+01 0.124896085E+01 0.127734125E+01
 0.130748200E+01 0.133937168E+01 0.137335312E+01 0.140961242E+01 0.144794488E+01
 0.148876405E+01 0.153193665E+01 0.157747161E+01 0.162593126E+01 0.167762506E+01
 0.173221326E+01 0.179010761E+01 0.185110033E+01 0.191491437E+01 0.198310912E+01
 0.205522037E+01 0.213037300E+01 0.220919418E+01 0.229096770E+01 0.237681723E+01
 0.246553588E+01 0.255594563E+01 0.264768267E+01 0.274004865E+01 0.283268619E+01
 0.292467737E+01 0.301521444E+01 0.310661244E+01 0.319914937E+01 0.329665017E+01
 0.340164042E+01 0.352407742E+01 0.367325282E+01 0.386529613E+01 0.411787128E+01
   76  117
 0.101906943E+01-0.500000007E-01 0.102176487E+01 0.500000007E-01 0.103570712E+01
 0.100000001E+00 0.105777645E+01 0.150000006E+00 0.108574617E+01 0.200000003E+00
 0.111788988E+01 0.250000000E+00 0.115321243E+01 0.300000012E+00 0.118531251E+01
 0.342305213E+00 0.121187496E+01 0.375670999E+00 0.123843753E+01 0.407454401E+00
 0.127642369E+01 0.449999988E+00 0.131812501E+01 0.492853701E+00 0.134468746E+01
 0.518424332E+00 0.138031340E+01 0.550000012E+00 0.142437506E+01 0.586311936E+00
 0.145093751E+01 0.606256127E+00 0.150406253E+01 0.642802656E+00 0.153062499E+01
 0.659478307E+00 0.158375001E+01 0.689269543E+00 0.161031246E+01 0.702227533E+00
 0.166343749E+01 0.726336300E+00 0.171656251E+01 0.744809270E+00 0.174312496E+01
 0.752427638E+00 0.179624999E+01 0.765143871E+00 0.184937501E+01 0.771495223E+00
 0.190250003E+01 0.769308805E+00 0.195562506E+01 0.751807094E+00 0.198218751E+01
 0.735245287E+00 0.201219368E+01 0.699999988E+00 0.203958488E+01 0.649999976E+00
 0.206187510E+01 0.594213545E+00 0.208843756E+01 0.511384428E+00 0.210606956E+01
 0.449999988E+00 0.212018967E+01 0.400000006E+00 0.214156246E+01 0.320972532E+00
 0.215874791E+01 0.250000000E+00 0.216922903E+01 0.200000003E+00 0.218459392E+01
 0.100000001E+00 0.218916583E+01 0.000000000E+00 0.218211365E+01-0.100000001E+00
 0.216812491E+01-0.182615027E+00 0.215323973E+01-0.250000000E+00 0.214042115E+01
-0.300000012E+00 0.211500001E+01-0.391805172E+00 0.209765387E+01-0.449999988E+00
 0.208235598E+01-0.500000000E+00 0.206187510E+01-0.564144552E+00 0.203531241E+01
-0.633795977E+00 0.200874996E+01-0.684799612E+00 0.198218751E+01-0.719144821E+00
 0.193703544E+01-0.750000000E+00 0.190250003E+01-0.763306618E+00 0.184937501E+01
-0.769983292E+00 0.179624999E+01-0.766955137E+00 0.174312496E+01-0.757059932E+00
 0.171656251E+01-0.749981105E+00 0.166343749E+01-0.733763635E+00 0.161031246E+01
-0.712058544E+00 0.158375001E+01-0.699103594E+00 0.153062499E+01-0.671343565E+00
 0.149640679E+01-0.649999976E+00 0.145093751E+01-0.620005250E+00 0.142437506E+01
-0.599997520E+00 0.137125003E+01-0.557130396E+00 0.134468746E+01-0.533563316E+00
 0.130971181E+01-0.500000000E+00 0.126499999E+01-0.453280926E+00 0.123843753E+01
-0.423346311E+00 0.121187496E+01-0.391603976E+00 0.117886305E+01-0.349999994E+00
 0.114196384E+01-0.300000012E+00 0.110801232E+01-0.250000000E+00 0.107906246E+01
-0.202825934E+00 0.105250001E+01-0.152887806E+00 0.103080344E+01-0.100000001E+00
 0.101906943E+01-0.500000007E-01
 0.101600003E+01 0.000000000E+00 0.101600003E+01 0.963999987E+00 0.101600003E+01
 0.967999995E+00 0.101600003E+01 0.100100005E+01 0.101600003E+01 0.101900005E+01
 0.101600003E+01 0.107700002E+01 0.101600003E+01 0.107000005E+01 0.101600003E+01
 0.109599996E+01 0.101600003E+01 0.111300004E+01 0.101600003E+01 0.113800001E+01
 0.101600003E+01 0.114699996E+01 0.101199996E+01 0.116499996E+01 0.100100005E+01
 0.121700001E+01 0.102900004E+01 0.121700001E+01 0.104200006E+01 0.116240001E+01
 0.104600000E+01 0.116237998E+01 0.105599999E+01 0.116260004E+01 0.109700000E+01
 0.116450000E+01 0.110800004E+01 0.116594005E+01 0.111600006E+01 0.116591001E+01
 0.113399994E+01 0.116895998E+01 0.114800000E+01 0.117174995E+01 0.116199994E+01
 0.117556000E+01 0.118099999E+01 0.118299997E+01 0.118200004E+01 0.118350005E+01
 0.118499994E+01 0.118499994E+01 0.119000006E+01 0.118799996E+01 0.119500005E+01
 0.119099998E+01 0.120099998E+01 0.119599998E+01 0.120899999E+01 0.120200002E+01
 0.121500003E+01 0.120799994E+01 0.122200000E+01 0.121399999E+01 0.122800004E+01
 0.122099996E+01 0.123399997E+01 0.123099995E+01 0.123899996E+01 0.123800004E+01
 0.124199998E+01 0.124399996E+01 0.124800003E+01 0.125399995E+01 0.125800002E+01
 0.127800000E+01 0.126300001E+01 0.128999996E+01 0.127999997E+01 0.133099997E+01
 0.127999997E+01 0.134700000E+01 0.127999997E+01 0.134800005E+01 0.130999994E+01
 0.134800005E+01 0.132799995E+01 0.134800005E+01 0.136099994E+01 0.134800005E+01
 0.138000000E+01 0.134800005E+01 0.141900003E+01 0.134800005E+01 0.141900003E+01
 0.130999994E+01 0.137199998E+01 0.130999994E+01 0.137167001E+01 0.129237998E+01
 0.137003005E+01 0.128268003E+01 0.136688006E+01 0.125644004E+01 0.136719000E+01
 0.122955000E+01 0.137178004E+01 0.119576001E+01 0.137223995E+01 0.119402003E+01
 0.138662004E+01 0.116487002E+01 0.138707995E+01 0.116420996E+01 0.140382004E+01
 0.115696001E+01 0.141127002E+01 0.115730000E+01 0.141857004E+01 0.116131997E+01
 0.142100000E+01 0.116400003E+01 0.148662996E+01 0.124049997E+01 0.149730003E+01
 0.123458004E+01 0.149761999E+01 0.123427999E+01 0.149744999E+01 0.123174000E+01
 0.149275005E+01 0.121329999E+01 0.149259996E+01 0.121061003E+01 0.149260998E+01
 0.120485997E+01 0.149278998E+01 0.120213997E+01 0.149339998E+01 0.119641995E+01
 0.149469995E+01 0.118510997E+01 0.149621999E+01 0.116069996E+01 0.147981000E+01
 0.112425995E+01 0.148081994E+01 0.112256002E+01 0.148149002E+01 0.112137997E+01
 0.148645997E+01 0.111691999E+01 0.149094999E+01 0.111439002E+01 0.150304997E+01
 0.111243999E+01 0.159696996E+01 0.109489000E+01 0.162549996E+01 0.108529997E+01
 0.163751996E+01 0.107988000E+01 0.164699996E+01 0.107700002E+01 0.178499997E+01
 0.107700002E+01 0.206999993E+01 0.103999996E+01 0.212800002E+01 0.992999971E+00
 0.224499989E+01 0.708999991E+00 0.233956003E+01 0.461430013E+00 0.234707999E+01
 0.415829986E+00 0.234912992E+01 0.272179991E+00 0.235103011E+01 0.170179993E+00
 0.235157990E+01 0.701199993E-01 0.235124993E+01-0.317899995E-01 0.235050988E+01
-0.144350007E+00 0.234964991E+01-0.214829996E+00 0.234870005E+01-0.326689988E+00
 0.234759998E+01-0.386770010E+00 0.234019995E+01-0.453040004E+00 0.232942009E+01
-0.477569997E+00 0.213400006E+01-0.972999990E+00 0.178600001E+01-0.117400002E+01
 0.176800001E+01-0.121099997E+01 0.176800001E+01-0.125000000E+01 0.168200004E+01
-0.125000000E+01 0.137199998E+01-0.125000000E+01 0.137199998E+01-0.132900000E+01
 0.141999996E+01-0.132900000E+01 0.141999996E+01-0.136300004E+01 0.127300000E+01
-0.136300004E+01 0.115300000E+01-0.136300004E+01 0.101600003E+01-0.122300005E+01
 0.101600003E+01-0.122300005E+01 0.101600003E+01-0.829999983E+00 0.101600003E+01
-0.800000012E+00 0.101600003E+01-0.414999992E+00 0.101600003E+01-0.400000006E+00
 0.101600003E+01-0.100000005E-02 0.101600003E+01 0.000000000E+00
    0 0.000000000E+00    1
 0.000000000E+00 0.000000000E+00 0.000000000E+00 0.000000000E+00 0.000000000E+00
 0.000000000E+00 0.000000000E+00 0.000000000E+00 0.000000000E+00 0.000000000E+00
 0.000000000E+00 0.000000000E+00 0.000000000E+00 0.000000000E+00 0.000000000E+00
 0.000000000E+00 0.000000000E+00 0.000000000E+00 0.000000000E+00 0.000000000E+00
 0.000000000E+00 0.000000000E+00 0.000000000E+00 0.000000000E+00 0.000000000E+00
 0.000000000E+00 0.000000000E+00 0.000000000E+00 0.000000000E+00 0.000000000E+00
 0.000000000E+00 0.000000000E+00 0.000000000E+00 0.000000000E+00 0.000000000E+00
 0.000000000E+00 0.000000000E+00 0.000000000E+00 0.000000000E+00 0.000000000E+00
 0.000000000E+00 0.000000000E+00 0.000000000E+00 0.000000000E+00 0.000000000E+00
 0.000000000E+00 0.000000000E+00 0.000000000E+00 0.000000000E+00 0.000000000E+00
 0.000000000E+00 0.000000000E+00 0.000000000E+00 0.000000000E+00 0.000000000E+00
 0.000000000E+00 0.000000000E+00 0.000000000E+00 0.000000000E+00 0.000000000E+00
 0.000000000E+00 0.000000000E+00 0.000000000E+00 0.000000000E+00 0.000000000E+00
 0.000000000E+00 0.902371481E-01 0.128120914E+00 0.157089427E+00 0.181592196E+00
 0.203284308E+00 0.222953230E+00 0.241082653E+00 0.258060992E+00 0.272604764E+00
 0.287994772E+00 0.302590728E+00 0.316671759E+00 0.330331653E+00 0.343701363E+00
 0.356591940E+00 0.369136572E+00 0.381440192E+00 0.393511623E+00 0.405410051E+00
 0.417213649E+00 0.428789705E+00 0.440204144E+00 0.451563865E+00 0.462827712E+00
 0.474042594E+00 0.485239655E+00 0.496375650E+00 0.507476270E+00 0.518619001E+00
 0.529781222E+00 0.540908277E+00 0.552106738E+00 0.563413680E+00 0.574747026E+00
 0.586200297E+00 0.597725630E+00 0.609319389E+00 0.621057808E+00 0.632976592E+00
 0.645020247E+00 0.657260299E+00 0.669649005E+00 0.682124794E+00 0.694913507E+00
 0.707947850E+00 0.721137166E+00 0.734573662E+00 0.748194098E+00 0.762136638E+00
 0.776337981E+00 0.790753722E+00 0.805409372E+00 0.820304811E+00 0.835471570E+00
 0.850851178E+00 0.866373062E+00 0.882159173E+00 0.898099184E+00 0.914269388E+00
 0.930639684E+00 0.947323918E+00 0.964324176E+00 0.981791914E+00 0.100000000E+01
    1
 0.000000000E+00 0.000000000E+00 0.000000000E+00 0.000000000E+00 0.000000000E+00
 0.000000000E+00 0.000000000E+00 0.000000000E+00 0.000000000E+00 0.000000000E+00
 0.000000000E+00 0.000000000E+00 0.000000000E+00 0.000000000E+00 0.000000000E+00
 0.000000000E+00 0.000000000E+00 0.000000000E+00 0.000000000E+00 0.000000000E+00
 0.000000000E+00 0.000000000E+00 0.000000000E+00 0.000000000E+00 0.000000000E+00
 0.000000000E+00 0.000000000E+00 0.000000000E+00 0.000000000E+00 0.000000000E+00
 0.000000000E+00 0.000000000E+00 0.000000000E+00 0.000000000E+00 0.000000000E+00
 0.000000000E+00 0.000000000E+00 0.000000000E+00 0.000000000E+00 0.000000000E+00
 0.000000000E+00 0.000000000E+00 0.000000000E+00 0.000000000E+00 0.000000000E+00
 0.000000000E+00 0.000000000E+00 0.000000000E+00 0.000000000E+00 0.000000000E+00
 0.000000000E+00 0.000000000E+00 0.000000000E+00 0.000000000E+00 0.000000000E+00
 0.000000000E+00 0.000000000E+00 0.000000000E+00 0.000000000E+00 0.000000000E+00
 0.000000000E+00 0.000000000E+00 0.000000000E+00 0.000000000E+00 0.000000000E+00
