  EFITD    01/21/2000    #180519  4250ms           7  65  65
 0.170000005E+01 0.320000005E+01 0.169550002E+01 0.839999974E+00 0.000000000E+00
 0.181271303E+01-0.436316393E-01-0.223827705E+00 0.409795642E-01-0.197799957E+01
 0.876170625E+06-0.223827705E+00 0.000000000E+00 0.181271303E+01 0.000000000E+00
-0.436316393E-01 0.000000000E+00 0.409795642E-01 0.000000000E+00 0.000000000E+00
-0.338385391E+01-0.338029885E+01-0.337692595E+01-0.337373137E+01-0.337071157E+01
-0.336786246E+01-0.336518049E+01-0.336266160E+01-0.336030197E+01-0.335809779E+01
-0.335604501E+01-0.335413933E+01-0.335237718E+01-0.335075426E+01-0.334926677E+01
-0.334791017E+01-0.334668064E+01-0.334557390E+01-0.334458590E+01-0.334371257E+01
-0.334294939E+01-0.334229231E+01-0.334173703E+01-0.334127951E+01-0.334091544E+01
-0.334064031E+01-0.334045005E+01-0.334034061E+01-0.334030724E+01-0.334034586E+01
-0.334045219E+01-0.334062219E+01-0.334085107E+01-0.334113479E+01-0.334146905E+01
-0.334184957E+01-0.334227204E+01-0.334273195E+01-0.334322524E+01-0.334374738E+01
-0.334429455E+01-0.334486175E+01-0.334544539E+01-0.334604049E+01-0.334664345E+01
-0.334724951E+01-0.334785438E+01-0.334845424E+01-0.334904432E+01-0.334962058E+01
-0.335017848E+01-0.335071421E+01-0.335122323E+01-0.335170126E+01-0.335214400E+01
-0.335254741E+01-0.335290694E+01-0.335321879E+01-0.335347795E+01-0.335368085E+01
-0.335382295E+01-0.335390019E+01-0.335390782E+01-0.335384202E+01-0.335369849E+01
 0.104585156E+06 0.101975086E+06 0.993960000E+05 0.968478984E+05 0.943307734E+05
 0.918446250E+05 0.893894688E+05 0.869652891E+05 0.845720938E+05 0.822098750E+05
 0.798786406E+05 0.775783906E+05 0.753091250E+05 0.730708359E+05 0.708635312E+05
 0.686872031E+05 0.665418594E+05 0.644275000E+05 0.623441211E+05 0.602917227E+05
 0.582703086E+05 0.562798750E+05 0.543204219E+05 0.523919531E+05 0.504944648E+05
 0.486279570E+05 0.467924336E+05 0.449878906E+05 0.432143281E+05 0.414717500E+05
 0.397601523E+05 0.380795352E+05 0.364299023E+05 0.348112500E+05 0.332235781E+05
 0.316668906E+05 0.301411836E+05 0.286464590E+05 0.271827148E+05 0.257499531E+05
 0.243481738E+05 0.229773770E+05 0.216375605E+05 0.203287266E+05 0.190508730E+05
 0.178040020E+05 0.165881133E+05 0.154032070E+05 0.142492812E+05 0.131263379E+05
 0.120343760E+05 0.109733965E+05 0.994339844E+04 0.894438184E+04 0.797634717E+04
 0.703929443E+04 0.613322363E+04 0.525813428E+04 0.441402686E+04 0.360090112E+04
 0.281875732E+04 0.206759546E+04 0.134741516E+04 0.658216675E+03 0.000000000E+00
-0.298255682E+01-0.282916451E+01-0.267923617E+01-0.253277183E+01-0.238977146E+01
-0.225023532E+01-0.211416292E+01-0.198155475E+01-0.185241044E+01-0.172673011E+01
-0.160451388E+01-0.148576164E+01-0.137047338E+01-0.125864911E+01-0.115028882E+01
-0.104539263E+01-0.943960369E+00-0.845992148E+00-0.751487911E+00-0.660447657E+00
-0.572871447E+00-0.488759190E+00-0.408110976E+00-0.330926746E+00-0.257206529E+00
-0.186950326E+00-0.120158128E+00-0.568299219E-01 0.303427735E-02 0.594344735E-01
 0.112370662E+00 0.161842853E+00 0.207851037E+00 0.250395209E+00 0.289475381E+00
 0.325091571E+00 0.357243747E+00 0.385931909E+00 0.411156058E+00 0.432916224E+00
 0.451212376E+00 0.466044515E+00 0.477412671E+00 0.485316813E+00 0.489756972E+00
 0.490733087E+00 0.488245219E+00 0.482293367E+00 0.472877473E+00 0.459997594E+00
 0.443653703E+00 0.423845828E+00 0.400573939E+00 0.373838037E+00 0.343638152E+00
 0.309974253E+00 0.272846341E+00 0.232254431E+00 0.188198507E+00 0.140678599E+00
 0.896946713E-01 0.352467448E-01-0.226651821E-01-0.840411186E-01-0.148881048E+00
-0.634559125E+06-0.627071250E+06-0.619583438E+06-0.612095562E+06-0.604607750E+06
-0.597119875E+06-0.589632062E+06-0.582144250E+06-0.574656375E+06-0.567168562E+06
-0.559680688E+06-0.552192875E+06-0.544705000E+06-0.537217188E+06-0.529729312E+06
-0.522241500E+06-0.514753656E+06-0.507265812E+06-0.499777969E+06-0.492290125E+06
-0.484802281E+06-0.477314469E+06-0.469826625E+06-0.462338781E+06-0.454850938E+06
-0.447363094E+06-0.439875250E+06-0.432387406E+06-0.424899562E+06-0.417411719E+06
-0.409923875E+06-0.402436062E+06-0.394948219E+06-0.387460375E+06-0.379972531E+06
-0.372484688E+06-0.364996844E+06-0.357509000E+06-0.350021156E+06-0.342533312E+06
-0.335045469E+06-0.327557656E+06-0.320069812E+06-0.312581969E+06-0.305094125E+06
-0.297606281E+06-0.290118438E+06-0.282630594E+06-0.275142750E+06-0.267654906E+06
-0.260167078E+06-0.252679234E+06-0.245191391E+06-0.237703547E+06-0.230215719E+06
-0.222727875E+06-0.215240031E+06-0.207752188E+06-0.200264344E+06-0.192776516E+06
-0.185288672E+06-0.177800828E+06-0.170312984E+06-0.162825141E+06-0.155337312E+06
 0.125623807E+00 0.118271463E+00 0.110086642E+00 0.101013847E+00 0.911271274E-01
 0.806246027E-01 0.697916299E-01 0.589470640E-01 0.506556593E-01 0.475360118E-01
 0.439354032E-01 0.374380536E-01 0.296711549E-01 0.235291049E-01 0.185788441E-01
 0.146681061E-01 0.117941052E-01 0.100406324E-01 0.961791538E-02 0.109588485E-01
 0.148977824E-01 0.186725650E-01 0.201555733E-01 0.199831109E-01 0.184419695E-01
 0.156120360E-01 0.114191240E-01 0.562540535E-02-0.223290757E-02-0.128180142E-01
-0.209756382E-01-0.250042900E-01-0.254369583E-01-0.219891220E-01-0.145133343E-01
-0.247159298E-02 0.121557396E-01 0.241098423E-01 0.342066772E-01 0.429822579E-01
 0.508011580E-01 0.579215698E-01 0.645288080E-01 0.707544461E-01 0.766899735E-01
 0.823974088E-01 0.879173800E-01 0.932748690E-01 0.984833166E-01 0.103547409E+00
 0.108465165E+00 0.113229573E+00 0.117829971E+00 0.122253343E+00 0.126485527E+00
 0.130512416E+00 0.134321094E+00 0.137900770E+00 0.141243592E+00 0.144345179E+00
 0.147204831E+00 0.149825543E+00 0.152213678E+00 0.154378429E+00 0.156331241E+00
 0.125181496E+00 0.116648592E+00 0.106980100E+00 0.960288420E-01 0.837972313E-01
 0.705188885E-01 0.581076108E-01 0.493121743E-01 0.447040834E-01 0.444286317E-01
 0.431935824E-01 0.395231359E-01 0.347013474E-01 0.300770476E-01 0.259726197E-01
 0.225084070E-01 0.197804533E-01 0.178969633E-01 0.169899222E-01 0.172027219E-01
 0.185332503E-01 0.198677536E-01 0.201737620E-01 0.193741079E-01 0.174782090E-01
 0.144458236E-01 0.101488642E-01 0.432954589E-02-0.347817270E-02-0.138978064E-01
-0.220018607E-01-0.260429047E-01-0.264694449E-01-0.231415480E-01-0.158024728E-01
-0.382444006E-02 0.106751043E-01 0.227146186E-01 0.330453850E-01 0.421699733E-01
 0.504167117E-01 0.580124892E-01 0.651194081E-01 0.718547180E-01 0.783028230E-01
 0.845232084E-01 0.905560181E-01 0.964261442E-01 0.102146246E+00 0.107719019E+00
 0.113139048E+00 0.118394382E+00 0.123468086E+00 0.128339857E+00 0.132987738E+00
 0.137389898E+00 0.141526476E+00 0.145381138E+00 0.148942471E+00 0.152204782E+00
 0.155168459E+00 0.157839656E+00 0.160229698E+00 0.162354007E+00 0.164230838E+00
 0.127190158E+00 0.118112639E+00 0.107504480E+00 0.948583037E-01 0.799937695E-01
 0.675946176E-01 0.587803647E-01 0.537647270E-01 0.527133942E-01 0.521870553E-01
 0.506396405E-01 0.480695367E-01 0.448434651E-01 0.413729399E-01 0.379740037E-01
 0.348537490E-01 0.321441777E-01 0.299258363E-01 0.282286908E-01 0.270077474E-01
 0.261009727E-01 0.252275411E-01 0.240914393E-01 0.224821102E-01 0.202720277E-01
 0.173756480E-01 0.137214893E-01 0.924738124E-02 0.394032104E-02-0.185148313E-02
-0.645285519E-02-0.874029379E-02-0.848263036E-02-0.557133323E-02 0.700134769E-04
 0.835610181E-02 0.180789437E-01 0.275400523E-01 0.364275612E-01 0.447683185E-01
 0.526415892E-01 0.601314344E-01 0.673133805E-01 0.742504075E-01 0.809922293E-01
 0.875757635E-01 0.940259695E-01 0.100356728E+00 0.106571682E+00 0.112664960E+00
 0.118621945E+00 0.124420211E+00 0.130030766E+00 0.135419801E+00 0.140551016E+00
 0.145388409E+00 0.149899259E+00 0.154057086E+00 0.157843947E+00 0.161252022E+00
 0.164283842E+00 0.166951716E+00 0.169275969E+00 0.171282783E+00 0.173001811E+00
 0.132415816E+00 0.123775475E+00 0.113610290E+00 0.101549231E+00 0.880355090E-01
 0.784261003E-01 0.734058842E-01 0.703540370E-01 0.675601140E-01 0.647851527E-01
 0.618532784E-01 0.586997606E-01 0.553697571E-01 0.519725122E-01 0.486318693E-01
 0.454555079E-01 0.425217338E-01 0.398744307E-01 0.375190973E-01 0.354187079E-01
 0.334936865E-01 0.316332728E-01 0.297187809E-01 0.276479796E-01 0.253498014E-01
 0.227909088E-01 0.199835803E-01 0.170054678E-01 0.140386531E-01 0.114130834E-01
 0.957713183E-02 0.895160437E-02 0.981367379E-02 0.122835701E-01 0.163280591E-01
 0.217368081E-01 0.281255227E-01 0.350615941E-01 0.422220528E-01 0.494256392E-01
 0.565881357E-01 0.636790395E-01 0.706947893E-01 0.776437223E-01 0.845375881E-01
 0.913866758E-01 0.981968641E-01 0.104967639E+00 0.111690663E+00 0.118348591E+00
 0.124914236E+00 0.131350115E+00 0.137608871E+00 0.143634811E+00 0.149367109E+00
 0.154744416E+00 0.159710541E+00 0.164220273E+00 0.168244109E+00 0.171771109E+00
 0.174809337E+00 0.177383780E+00 0.179532483E+00 0.181301504E+00 0.182739988E+00
 0.141064882E+00 0.133765146E+00 0.125092179E+00 0.115202643E+00 0.105171122E+00
 0.979908928E-01 0.920133367E-01 0.868358761E-01 0.821873918E-01 0.778727978E-01
 0.737575069E-01 0.697637498E-01 0.658641830E-01 0.620686337E-01 0.584074222E-01
 0.549161769E-01 0.516245961E-01 0.485492125E-01 0.456893034E-01 0.430257507E-01
 0.405232348E-01 0.381361917E-01 0.358178616E-01 0.335304402E-01 0.312545300E-01
 0.289974492E-01 0.268011745E-01 0.247502699E-01 0.229772311E-01 0.216583423E-01
 0.209925324E-01 0.211657211E-01 0.223154407E-01 0.245079063E-01 0.277285203E-01
 0.318846703E-01 0.368243419E-01 0.423705652E-01 0.483582504E-01 0.546566546E-01
 0.611738861E-01 0.678508431E-01 0.746521577E-01 0.815579221E-01 0.885570794E-01
 0.956424698E-01 0.102806956E+00 0.110040128E+00 0.117325373E+00 0.124636799E+00
 0.131936148E+00 0.139169753E+00 0.146266386E+00 0.153137207E+00 0.159679532E+00
 0.165785283E+00 0.171353191E+00 0.176301792E+00 0.180580005E+00 0.184173077E+00
 0.187103122E+00 0.189423889E+00 0.191210642E+00 0.192548051E+00 0.193519488E+00
 0.153465942E+00 0.148401022E+00 0.140001521E+00 0.130836427E+00 0.122252353E+00
 0.114442408E+00 0.107428879E+00 0.101099700E+00 0.953205451E-01 0.899720266E-01
 0.849599019E-01 0.802172571E-01 0.757027864E-01 0.713961720E-01 0.672917292E-01
 0.633916855E-01 0.597002432E-01 0.562191717E-01 0.529451221E-01 0.498688668E-01
 0.469764285E-01 0.442519709E-01 0.416820385E-01 0.392605066E-01 0.369935967E-01
 0.349043719E-01 0.330361649E-01 0.314542204E-01 0.302442499E-01 0.295065716E-01
 0.293453727E-01 0.298547111E-01 0.311047826E-01 0.331318527E-01 0.359337851E-01
 0.394719653E-01 0.436793566E-01 0.484728292E-01 0.537663698E-01 0.594815426E-01
 0.655533895E-01 0.719319955E-01 0.785813257E-01 0.854765624E-01 0.926010981E-01
 0.999434739E-01 0.107494392E+00 0.115243636E+00 0.123176515E+00 0.131269455E+00
 0.139484137E+00 0.147759557E+00 0.156002566E+00 0.164078966E+00 0.171812579E+00
 0.179000780E+00 0.185446888E+00 0.190994486E+00 0.195550099E+00 0.199094370E+00
 0.201684520E+00 0.203443930E+00 0.204534128E+00 0.205119401E+00 0.205341667E+00
 0.164709598E+00 0.161150217E+00 0.153147623E+00 0.143888324E+00 0.135257393E+00
 0.127236530E+00 0.119797409E+00 0.112895861E+00 0.106474183E+00 0.100471385E+00
 0.948315561E-01 0.895084888E-01 0.844673142E-01 0.796839148E-01 0.751430169E-01
 0.708355904E-01 0.667563006E-01 0.629013404E-01 0.592670701E-01 0.558496155E-01
 0.526453368E-01 0.496522710E-01 0.468721427E-01 0.443128012E-01 0.419906229E-01
 0.399325006E-01 0.381770171E-01 0.367742814E-01 0.357839018E-01 0.352707841E-01
 0.352986082E-01 0.359220058E-01 0.371803269E-01 0.390944555E-01 0.416656025E-01
 0.448765531E-01 0.486951731E-01 0.530795231E-01 0.579835214E-01 0.633620545E-01
 0.691747516E-01 0.753882453E-01 0.819769800E-01 0.889230743E-01 0.962155610E-01
 0.103849202E+00 0.111823142E+00 0.120139085E+00 0.128798947E+00 0.137801081E+00
 0.147134021E+00 0.156764790E+00 0.166616946E+00 0.176529557E+00 0.186200753E+00
 0.195189431E+00 0.203058794E+00 0.209506571E+00 0.214369431E+00 0.217608988E+00
 0.219343394E+00 0.219882697E+00 0.219636813E+00 0.218943313E+00 0.218017668E+00
 0.173202977E+00 0.170489043E+00 0.162832573E+00 0.153816909E+00 0.145273149E+00
 0.137194842E+00 0.129571646E+00 0.122383051E+00 0.115601331E+00 0.109195188E+00
 0.103133343E+00 0.973873064E-01 0.919330418E-01 0.867515728E-01 0.818287581E-01
 0.771546438E-01 0.727225095E-01 0.685281381E-01 0.645692125E-01 0.608452335E-01
 0.573577918E-01 0.541113019E-01 0.511140190E-01 0.483792350E-01 0.459264852E-01
 0.437825248E-01 0.419819169E-01 0.405669808E-01 0.395868272E-01 0.390948728E-01
 0.391433425E-01 0.397702269E-01 0.409956425E-01 0.428286642E-01 0.452681482E-01
 0.483039059E-01 0.519183464E-01 0.560887307E-01 0.607898049E-01 0.659963936E-01
 0.716856271E-01 0.778387189E-01 0.844421610E-01 0.914885402E-01 0.989770442E-01
 0.106913850E+00 0.115312546E+00 0.124194622E+00 0.133590132E+00 0.143538579E+00
 0.154089585E+00 0.165303037E+00 0.177246734E+00 0.189985856E+00 0.203437030E+00
 0.215945780E+00 0.226183504E+00 0.234010443E+00 0.239295021E+00 0.241855472E+00
 0.241478994E+00 0.238905311E+00 0.236117318E+00 0.233445317E+00 0.230954856E+00
 0.179334953E+00 0.177099824E+00 0.169918895E+00 0.161184892E+00 0.152798027E+00
 0.144769892E+00 0.137101620E+00 0.129786223E+00 0.122811481E+00 0.116162233E+00
 0.109822221E+00 0.103775673E+00 0.980083346E-01 0.925081894E-01 0.872656927E-01
 0.822738558E-01 0.775280446E-01 0.730258748E-01 0.687670633E-01 0.647535548E-01
 0.609897003E-01 0.574826747E-01 0.542430691E-01 0.512854829E-01 0.486292616E-01
 0.462991782E-01 0.443262197E-01 0.427487530E-01 0.416145958E-01 0.409857221E-01
 0.409491025E-01 0.415387079E-01 0.427307487E-01 0.445193276E-01 0.468960591E-01
 0.498512723E-01 0.533729866E-01 0.574476421E-01 0.620611869E-01 0.672003403E-01
 0.728537962E-01 0.790134594E-01 0.856755972E-01 0.928419977E-01 0.100521162E+00
 0.108729750E+00 0.117494412E+00 0.126854345E+00 0.136865079E+00 0.147604227E+00
 0.159180850E+00 0.171751440E+00 0.185549214E+00 0.200939536E+00 0.218167767E+00
 0.233963579E+00 0.246610165E+00 0.256056577E+00 0.262182057E+00 0.264612943E+00
 0.263152421E+00 0.257741004E+00 0.252048135E+00 0.247158840E+00 0.243001863E+00
 0.183680296E+00 0.181730837E+00 0.174912587E+00 0.166429713E+00 0.158220783E+00
 0.150301516E+00 0.142670661E+00 0.135324955E+00 0.128259808E+00 0.121469580E+00
 0.114947870E+00 0.108688064E+00 0.102683820E+00 0.969295651E-01 0.914208442E-01
 0.861545801E-01 0.811292231E-01 0.763448477E-01 0.718032867E-01 0.675082654E-01
 0.634655878E-01 0.596833900E-01 0.561723970E-01 0.529462583E-01 0.500217900E-01
 0.474192128E-01 0.451623127E-01 0.432784669E-01 0.417984352E-01 0.407555439E-01
 0.405471399E-01 0.412170887E-01 0.424287692E-01 0.442341119E-01 0.466131680E-01
 0.495601818E-01 0.530660301E-01 0.571220964E-01 0.617211051E-01 0.668572634E-01
 0.725266933E-01 0.787281692E-01 0.854640901E-01 0.927416459E-01 0.100574277E+00
 0.108983390E+00 0.118000679E+00 0.127671257E+00 0.138058126E+00 0.149248526E+00
 0.161363363E+00 0.174570844E+00 0.189105347E+00 0.205287546E+00 0.223515600E+00
 0.241940960E+00 0.256762296E+00 0.267822295E+00 0.275139511E+00 0.278657705E+00
 0.277957410E+00 0.272897780E+00 0.264805496E+00 0.258105993E+00 0.252677232E+00
 0.186588153E+00 0.184862912E+00 0.178046435E+00 0.169793099E+00 0.161811292E+00
 0.154058084E+00 0.146523669E+00 0.139208212E+00 0.132114619E+00 0.125245616E+00
 0.118602872E+00 0.112187058E+00 0.105998218E+00 0.100036159E+00 0.943009183E-01
 0.887930617E-01 0.835139602E-01 0.784660354E-01 0.736529231E-01 0.690796375E-01
 0.647527352E-01 0.606804267E-01 0.568727106E-01 0.533414111E-01 0.501001701E-01
 0.471643060E-01 0.445504673E-01 0.422759838E-01 0.403577052E-01 0.391629562E-01
 0.387134962E-01 0.390261598E-01 0.401040055E-01 0.420276970E-01 0.444591120E-01
 0.474589989E-01 0.510071628E-01 0.550970845E-01 0.597277358E-01 0.648993850E-01
 0.706131384E-01 0.768714175E-01 0.836788863E-01 0.910435915E-01 0.989782363E-01
 0.107501626E+00 0.116640463E+00 0.126431584E+00 0.136924803E+00 0.148186654E+00
 0.160304993E+00 0.173394471E+00 0.187602222E+00 0.203112721E+00 0.220152259E+00
 0.238903761E+00 0.255194575E+00 0.267577738E+00 0.276144385E+00 0.280926913E+00
 0.282035947E+00 0.279030949E+00 0.271869779E+00 0.264363259E+00 0.258582205E+00
 0.187280610E+00 0.185375929E+00 0.179150268E+00 0.171455368E+00 0.163840473E+00
 0.156311885E+00 0.148904458E+00 0.141643912E+00 0.134548128E+00 0.127629697E+00
 0.120897539E+00 0.114358105E+00 0.108016208E+00 0.101875715E+00 0.959400386E-01
 0.902125835E-01 0.846970454E-01 0.793976858E-01 0.743195117E-01 0.694684684E-01
 0.648515075E-01 0.604766607E-01 0.563530773E-01 0.524909422E-01 0.489013307E-01
 0.455959365E-01 0.425866432E-01 0.398848690E-01 0.378420725E-01 0.364743024E-01
 0.358001553E-01 0.358391181E-01 0.366111845E-01 0.381401516E-01 0.404362679E-01
 0.435886197E-01 0.472288728E-01 0.513821840E-01 0.560687333E-01 0.612965934E-01
 0.670702532E-01 0.733925924E-01 0.802667439E-01 0.876974165E-01 0.956917778E-01
 0.104260236E+00 0.113417163E+00 0.123181641E+00 0.133578047E+00 0.144636497E+00
 0.156392679E+00 0.168886796E+00 0.182161212E+00 0.196257398E+00 0.211216450E+00
 0.227109909E+00 0.243160024E+00 0.255500942E+00 0.264571220E+00 0.270601630E+00
 0.273481041E+00 0.273451835E+00 0.270130128E+00 0.264268219E+00 0.259832144E+00
 0.187749967E+00 0.185597241E+00 0.179533407E+00 0.172199935E+00 0.164796069E+00
 0.157397375E+00 0.150063127E+00 0.142829910E+00 0.135721713E+00 0.128755152E+00
 0.121942408E+00 0.115292653E+00 0.108813204E+00 0.102510162E+00 0.963889584E-01
 0.904547721E-01 0.847128257E-01 0.791686252E-01 0.738281384E-01 0.686979145E-01
 0.637851879E-01 0.590978786E-01 0.546445586E-01 0.504343770E-01 0.464768521E-01
 0.427816324E-01 0.393581167E-01 0.365445428E-01 0.343524143E-01 0.327978246E-01
 0.319003053E-01 0.316820852E-01 0.321680456E-01 0.333866253E-01 0.353714749E-01
 0.381698720E-01 0.418370552E-01 0.460067801E-01 0.507452413E-01 0.560377203E-01
 0.618849657E-01 0.682836249E-01 0.752308071E-01 0.827247649E-01 0.907645524E-01
 0.993496999E-01 0.108479820E+00 0.118154019E+00 0.128369749E+00 0.139120847E+00
 0.150394112E+00 0.162163749E+00 0.174381658E+00 0.186960563E+00 0.199741066E+00
 0.212419450E+00 0.224420309E+00 0.235000283E+00 0.243706614E+00 0.250383586E+00
 0.255010247E+00 0.257664353E+00 0.258574754E+00 0.258252889E+00 0.257421881E+00
 0.188520506E+00 0.186484724E+00 0.180017710E+00 0.172439113E+00 0.164940447E+00
 0.157511011E+00 0.150161028E+00 0.142905250E+00 0.135757774E+00 0.128730685E+00
 0.121834069E+00 0.115076430E+00 0.108465105E+00 0.102006622E+00 0.957070962E-01
 0.895724520E-01 0.836086571E-01 0.778219029E-01 0.722187459E-01 0.668061823E-01
 0.615916811E-01 0.565832295E-01 0.517892502E-01 0.472185016E-01 0.428799354E-01
 0.387824550E-01 0.352521427E-01 0.322968848E-01 0.299301464E-01 0.281698108E-01
 0.270371996E-01 0.265562423E-01 0.267528910E-01 0.276546720E-01 0.292901006E-01
 0.316874497E-01 0.348699354E-01 0.388464704E-01 0.437144674E-01 0.490933880E-01
 0.550497361E-01 0.615578033E-01 0.686061755E-01 0.761879012E-01 0.842951015E-01
 0.929176211E-01 0.102042258E+00 0.111651704E+00 0.121722750E+00 0.132223681E+00
 0.143110305E+00 0.154320374E+00 0.165765509E+00 0.177320436E+00 0.188809738E+00
 0.199997902E+00 0.210597858E+00 0.220314682E+00 0.228907317E+00 0.236225024E+00
 0.242212430E+00 0.246906281E+00 0.250433564E+00 0.252998143E+00 0.254835725E+00
 0.187750608E+00 0.185664937E+00 0.179336578E+00 0.171687290E+00 0.164116174E+00
 0.156630903E+00 0.149234772E+00 0.141932622E+00 0.134730354E+00 0.127634183E+00
 0.120650344E+00 0.113784932E+00 0.107043870E+00 0.100432985E+00 0.939581096E-01
 0.876251832E-01 0.814403668E-01 0.754101351E-01 0.695413649E-01 0.638413653E-01
 0.583179370E-01 0.529793315E-01 0.478342175E-01 0.428915918E-01 0.381606258E-01
 0.339557715E-01 0.302820988E-01 0.271511059E-01 0.245795436E-01 0.225883424E-01
 0.212015975E-01 0.204456355E-01 0.203481745E-01 0.209375415E-01 0.222419146E-01
 0.242885146E-01 0.271028709E-01 0.307091009E-01 0.351339392E-01 0.403872170E-01
 0.465676039E-01 0.532476678E-01 0.604428090E-01 0.681599230E-01 0.763889402E-01
 0.851124302E-01 0.943078622E-01 0.103947230E+00 0.113995403E+00 0.124407940E+00
 0.135128230E+00 0.146084160E+00 0.157184422E+00 0.168315113E+00 0.179338142E+00
 0.190093741E+00 0.200409710E+00 0.210117415E+00 0.219070509E+00 0.227160349E+00
 0.234324604E+00 0.240549281E+00 0.245865002E+00 0.250336915E+00 0.254049003E+00
 0.186180949E+00 0.184036672E+00 0.177569896E+00 0.169858724E+00 0.162241757E+00
 0.154717714E+00 0.147284597E+00 0.139941126E+00 0.132687449E+00 0.125525177E+00
 0.118457109E+00 0.111486927E+00 0.104618907E+00 0.978578180E-01 0.912088603E-01
 0.846776441E-01 0.782702118E-01 0.719931051E-01 0.658533722E-01 0.598586276E-01
 0.540170521E-01 0.483373962E-01 0.428289324E-01 0.375013910E-01 0.326576903E-01
 0.283005461E-01 0.244399738E-01 0.210921410E-01 0.182782747E-01 0.160235856E-01
 0.143562127E-01 0.133062070E-01 0.129045919E-01 0.131824976E-01 0.141704436E-01
 0.158978328E-01 0.183928255E-01 0.216828883E-01 0.257963203E-01 0.307645202E-01
 0.366318747E-01 0.434493087E-01 0.507864766E-01 0.586935095E-01 0.671235099E-01
 0.760432631E-01 0.854221806E-01 0.952268392E-01 0.105417758E+00 0.115947306E+00
 0.126758084E+00 0.137781367E+00 0.148935914E+00 0.160127506E+00 0.171249643E+00
 0.182186320E+00 0.192816913E+00 0.203022838E+00 0.212694973E+00 0.221740067E+00
 0.230085194E+00 0.237679616E+00 0.244494066E+00 0.250517964E+00 0.255755156E+00
 0.183526024E+00 0.181269974E+00 0.174655750E+00 0.166908920E+00 0.159284428E+00
 0.151760697E+00 0.144323647E+00 0.136964187E+00 0.129677728E+00 0.122462817E+00
 0.115320228E+00 0.108252160E+00 0.101261817E+00 0.943531767E-01 0.875308588E-01
 0.808000937E-01 0.741667226E-01 0.676372349E-01 0.612188056E-01 0.549193285E-01
 0.487474613E-01 0.427126177E-01 0.368249640E-01 0.313757099E-01 0.263652727E-01
 0.218022708E-01 0.177024752E-01 0.140877496E-01 0.109849637E-01 0.842488930E-02
 0.644107535E-02 0.506873243E-02 0.434365449E-02 0.430122484E-02 0.497555220E-02
 0.639879843E-02 0.860076211E-02 0.116087515E-01 0.154476566E-01 0.201399140E-01
 0.257046521E-01 0.321525633E-01 0.394749939E-01 0.477583446E-01 0.565245077E-01
 0.657642409E-01 0.754582658E-01 0.855790004E-01 0.960897952E-01 0.106945686E+00
 0.118093736E+00 0.129473075E+00 0.141014755E+00 0.152641907E+00 0.164270297E+00
 0.175809592E+00 0.187165245E+00 0.198240861E+00 0.208940536E+00 0.219171047E+00
 0.228843361E+00 0.237873897E+00 0.246185571E+00 0.253709197E+00 0.260385841E+00
 0.179387048E+00 0.176915199E+00 0.170421362E+00 0.162753627E+00 0.155224487E+00
 0.147781685E+00 0.140397757E+00 0.133061454E+00 0.125768974E+00 0.118519910E+00
 0.111315601E+00 0.104158372E+00 0.970512554E-01 0.899978951E-01 0.830025002E-01
 0.760699436E-01 0.692058057E-01 0.624164343E-01 0.557090454E-01 0.490917861E-01
 0.425737947E-01 0.361652561E-01 0.301453453E-01 0.245118067E-01 0.192715302E-01
 0.144396201E-01 0.100384373E-01 0.609657448E-02 0.264776032E-02-0.270308374E-03
-0.261719851E-02-0.435100589E-02-0.542961620E-02-0.581191340E-02-0.545887090E-02
-0.433447398E-02-0.240640854E-02 0.353525684E-03 0.396930054E-02 0.846085232E-02
 0.138446707E-01 0.201351438E-01 0.273484848E-01 0.355139188E-01 0.446652472E-01
 0.543083064E-01 0.644286349E-01 0.750067979E-01 0.860062838E-01 0.973832086E-01
 0.109089069E+00 0.121071212E+00 0.133272603E+00 0.145631582E+00 0.158081502E+00
 0.170550600E+00 0.182961613E+00 0.195231289E+00 0.207269356E+00 0.218977273E+00
 0.230246618E+00 0.240958214E+00 0.250982881E+00 0.260185391E+00 0.268432707E+00
 0.173674941E+00 0.170764029E+00 0.164545536E+00 0.157381848E+00 0.150158703E+00
 0.142897129E+00 0.135618880E+00 0.128336608E+00 0.121058241E+00 0.113789178E+00
 0.106533483E+00 0.992945284E-01 0.920755118E-01 0.848797411E-01 0.777109489E-01
 0.705734566E-01 0.634723753E-01 0.564137176E-01 0.494045615E-01 0.424531624E-01
 0.355690457E-01 0.290190298E-01 0.227974653E-01 0.169087499E-01 0.113665750E-01
 0.619312515E-02 0.141820218E-02-0.292178104E-02-0.678493036E-02-0.101251332E-01
-0.128934421E-01-0.150395399E-01-0.165132508E-01-0.172660202E-01-0.172523018E-01
-0.164307766E-01-0.147653166E-01-0.122256111E-01-0.878740940E-02-0.443228055E-02
 0.853198289E-03 0.707896985E-02 0.142539497E-01 0.223893039E-01 0.315008834E-01
 0.416145995E-01 0.522449575E-01 0.634230524E-01 0.750777796E-01 0.871564224E-01
 0.996131971E-01 0.112404317E+00 0.125485674E+00 0.138811529E+00 0.152333409E+00
 0.165998831E+00 0.179749444E+00 0.193518221E+00 0.207225502E+00 0.220773354E+00
 0.234038755E+00 0.246865928E+00 0.259061009E+00 0.270393461E+00 0.280610859E+00
 0.167648196E+00 0.164327443E+00 0.158367142E+00 0.151506290E+00 0.144484669E+00
 0.137356430E+00 0.130162507E+00 0.122926578E+00 0.115662016E+00 0.108376481E+00
 0.101074465E+00 0.937588736E-01 0.864319429E-01 0.790958554E-01 0.717532039E-01
 0.644072518E-01 0.570622049E-01 0.497233868E-01 0.423974022E-01 0.350923091E-01
 0.280623715E-01 0.212975536E-01 0.147986459E-01 0.857672375E-02 0.265259272E-02
-0.294387620E-02-0.817455724E-02-0.129940575E-01-0.173508991E-01-0.211889166E-01
-0.244488288E-01-0.270699691E-01-0.289921053E-01-0.301572848E-01-0.305115879E-01
-0.300067235E-01-0.286013316E-01-0.262619201E-01-0.229633320E-01-0.186887160E-01
-0.134289367E-01-0.718151266E-02 0.507742079E-04 0.826114044E-02 0.174390208E-01
 0.275677852E-01 0.386158638E-01 0.506622344E-01 0.631722659E-01 0.761255994E-01
 0.894969255E-01 0.103259556E+00 0.117386863E+00 0.131852657E+00 0.146630898E+00
 0.161694422E+00 0.177012920E+00 0.192549169E+00 0.208253115E+00 0.224052474E+00
 0.239838213E+00 0.255442888E+00 0.270610929E+00 0.284968972E+00 0.298028499E+00
 0.162108809E+00 0.158579111E+00 0.152467981E+00 0.145494372E+00 0.138444886E+00
 0.131330714E+00 0.124161638E+00 0.116945058E+00 0.109685168E+00 0.102383547E+00
 0.950401649E-01 0.876543149E-01 0.802252442E-01 0.727526769E-01 0.652370900E-01
 0.576800071E-01 0.500841700E-01 0.424536988E-01 0.347942896E-01 0.273477249E-01
 0.200984795E-01 0.130423820E-01 0.618636329E-02-0.451825006E-03-0.684397575E-02
-0.129519468E-01-0.187283847E-01-0.241177008E-01-0.290573277E-01-0.334792621E-01
-0.373118818E-01-0.404820107E-01-0.429171212E-01-0.445476212E-01-0.453091003E-01
-0.451443829E-01-0.440052599E-01-0.418537855E-01-0.386630408E-01-0.344172195E-01
-0.291110855E-01-0.227487590E-01-0.153418770E-01-0.690720277E-02 0.253640115E-02
 0.129720988E-01 0.243919455E-01 0.368113257E-01 0.502620600E-01 0.641916245E-01
 0.785824358E-01 0.934196934E-01 0.108692706E+00 0.124395907E+00 0.140529260E+00
 0.157097980E+00 0.174111605E+00 0.191581950E+00 0.209519148E+00 0.227924034E+00
 0.246774241E+00 0.265997052E+00 0.285413593E+00 0.304597944E+00 0.322519511E+00
 0.156265646E+00 0.152523637E+00 0.146122202E+00 0.139033362E+00 0.131930083E+00
 0.124803714E+00 0.117646381E+00 0.110449143E+00 0.103202850E+00 0.958987847E-01
 0.885291472E-01 0.810873061E-01 0.735680163E-01 0.659674779E-01 0.582833886E-01
 0.505149662E-01 0.426630229E-01 0.347300321E-01 0.269458387E-01 0.192883797E-01
 0.117471740E-01 0.432333723E-02-0.297038327E-02-0.101096267E-01-0.170585625E-01
-0.237702373E-01-0.301871989E-01-0.362424478E-01-0.418607667E-01-0.469604395E-01
-0.514553674E-01-0.552575029E-01-0.582795590E-01-0.604378507E-01-0.616551079E-01
-0.618631355E-01-0.610050745E-01-0.590371639E-01-0.559297912E-01-0.516677536E-01
-0.462496579E-01-0.396864302E-01-0.319989882E-01-0.232150666E-01-0.133652519E-01
-0.247821957E-02 0.942486990E-02 0.223364010E-01 0.362664908E-01 0.512481704E-01
 0.667235106E-01 0.826850086E-01 0.991342887E-01 0.116085187E+00 0.133564427E+00
 0.151612490E+00 0.170285180E+00 0.189655676E+00 0.209817216E+00 0.230886042E+00
 0.253004968E+00 0.276347786E+00 0.301125079E+00 0.327571154E+00 0.354445070E+00
 0.149541810E+00 0.145538032E+00 0.139069170E+00 0.131903663E+00 0.124787301E+00
 0.117694855E+00 0.110597022E+00 0.103465691E+00 0.962762609E-01 0.890082791E-01
 0.816453323E-01 0.741745755E-01 0.665861741E-01 0.588728711E-01 0.510296151E-01
 0.430533141E-01 0.349426903E-01 0.269168541E-01 0.189465452E-01 0.110139102E-01
 0.311275898E-02-0.475109741E-02-0.125594903E-01-0.202816091E-01-0.278738867E-01
-0.352801383E-01-0.424320474E-01-0.492500588E-01-0.556447990E-01-0.615189746E-01
-0.667698160E-01-0.712919757E-01-0.749808252E-01-0.777359530E-01-0.794647038E-01
-0.800855979E-01-0.795312226E-01-0.777506009E-01-0.747106001E-01-0.703964457E-01
-0.648110658E-01-0.579733551E-01-0.499154218E-01-0.406787992E-01-0.303099249E-01
-0.188549310E-01-0.635404419E-02 0.716416445E-02 0.216883924E-01 0.372303799E-01
 0.538312756E-01 0.709254816E-01 0.885166228E-01 0.106636032E+00 0.125334606E+00
 0.144683316E+00 0.164777264E+00 0.185742483E+00 0.207745403E+00 0.231006488E+00
 0.255820453E+00 0.282588452E+00 0.311875015E+00 0.344526887E+00 0.378836691E+00
 0.141871855E+00 0.137580678E+00 0.131004199E+00 0.123855621E+00 0.116852090E+00
 0.109923452E+00 0.103003427E+00 0.960385501E-01 0.889880508E-01 0.818215460E-01
 0.745164827E-01 0.670561343E-01 0.594280884E-01 0.516231470E-01 0.436345711E-01
 0.354575738E-01 0.273027401E-01 0.191337261E-01 0.109249316E-01 0.266192504E-02
-0.565792900E-02-0.140247578E-01-0.224154629E-01-0.307930913E-01-0.391064025E-01
-0.472897477E-01-0.552633777E-01-0.629342571E-01-0.701975375E-01-0.769386142E-01
-0.830359980E-01-0.883646905E-01-0.928001478E-01-0.962226242E-01-0.985215455E-01
-0.995998159E-01-0.993775651E-01-0.977952108E-01-0.948153660E-01-0.904236585E-01
-0.846280530E-01-0.774569139E-01-0.689557269E-01-0.591826811E-01-0.482033938E-01
-0.360849574E-01-0.228896048E-01-0.866834540E-02 0.654520607E-02 0.227402616E-01
 0.399323553E-01 0.581615455E-01 0.767998472E-01 0.959261805E-01 0.115615308E+00
 0.135955319E+00 0.157058999E+00 0.179074436E+00 0.202197567E+00 0.226689205E+00
 0.252898157E+00 0.281291574E+00 0.312488794E+00 0.347281188E+00 0.384772331E+00
 0.132772103E+00 0.128127649E+00 0.121397190E+00 0.114555903E+00 0.107977398E+00
 0.101475582E+00 0.949358791E-01 0.882879496E-01 0.814869925E-01 0.745030716E-01
 0.673153996E-01 0.599090718E-01 0.522731431E-01 0.443993174E-01 0.362810455E-01
 0.281240176E-01 0.198861863E-01 0.115348995E-01 0.304751820E-02-0.558771519E-02
-0.143706389E-01-0.232880376E-01-0.323125198E-01-0.414014757E-01-0.504962988E-01
-0.595219396E-01-0.683869720E-01-0.769842863E-01-0.851925835E-01-0.928786322E-01
-0.999004841E-01-0.106111437E+00-0.111364797E+00-0.115519069E+00-0.118443429E+00
-0.120022982E+00-0.120163612E+00-0.118795767E+00-0.115877166E+00-0.111393802E+00
-0.105359465E+00-0.978134349E-01-0.888166800E-01-0.784467161E-01-0.667913109E-01
-0.539415255E-01-0.399842151E-01-0.249941107E-01-0.902541634E-02 0.789798982E-02
 0.257957224E-01 0.447526015E-01 0.641720667E-01 0.840584636E-01 0.104449175E+00
 0.125410557E+00 0.147038087E+00 0.169460416E+00 0.192847297E+00 0.217422277E+00
 0.243482143E+00 0.271427274E+00 0.301810205E+00 0.335407525E+00 0.371618986E+00
 0.120308533E+00 0.114766732E+00 0.109235115E+00 0.103793405E+00 0.982871130E-01
 0.925928131E-01 0.866658688E-01 0.804833174E-01 0.740304217E-01 0.672964677E-01
 0.602730885E-01 0.529537573E-01 0.453335755E-01 0.374082737E-01 0.293842275E-01
 0.212166719E-01 0.128679927E-01 0.430860091E-02-0.448191911E-02-0.135134673E-01
-0.227839258E-01-0.322775804E-01-0.419635326E-01-0.517942458E-01-0.617043413E-01
-0.716097802E-01-0.814076439E-01-0.909766778E-01-0.100178719E+00-0.108861171E+00
-0.116860516E+00-0.124006987E+00-0.130130038E+00-0.135064617E+00-0.138657779E+00
-0.140775055E+00-0.141306549E+00-0.140171647E+00-0.137322485E+00-0.132745400E+00
-0.126460567E+00-0.118519343E+00-0.108999982E+00-0.980015919E-01-0.856369138E-01
-0.720244423E-01-0.572800748E-01-0.415089130E-01-0.247973241E-01-0.720568979E-02
 0.112376707E-01 0.305397324E-01 0.507382266E-01 0.712672248E-01 0.921427533E-01
 0.113410823E+00 0.135137409E+00 0.157406539E+00 0.180321291E+00 0.204006270E+00
 0.228611171E+00 0.254317045E+00 0.281352997E+00 0.310070753E+00 0.340450257E+00
 0.106808811E+00 0.100009538E+00 0.963704064E-01 0.929694548E-01 0.887721851E-01
 0.839950219E-01 0.787413567E-01 0.730620176E-01 0.669829249E-01 0.605169795E-01
 0.536698662E-01 0.464439914E-01 0.388440378E-01 0.310852602E-01 0.231249519E-01
 0.149239860E-01 0.644825306E-02-0.232973741E-02-0.114291543E-01-0.208590031E-01
-0.306161698E-01-0.406833887E-01-0.510272160E-01-0.615961142E-01-0.723188221E-01
-0.831031352E-01-0.938353613E-01-0.104380637E+00-0.114584312E+00-0.124274500E+00
-0.133266002E+00-0.141365513E+00-0.148378015E+00-0.154113993E+00-0.158397362E+00
-0.161073074E+00-0.162014440E+00-0.161128983E+00-0.158362746E+00-0.153702214E+00
-0.147174060E+00-0.138842344E+00-0.128803432E+00-0.117179215E+00-0.104108848E+00
-0.897398219E-01-0.742188022E-01-0.576827936E-01-0.402510948E-01-0.220183786E-01
-0.304933311E-02 0.166246444E-01 0.370058082E-01 0.581266768E-01 0.793315917E-01
 0.100682683E+00 0.122224107E+00 0.143992156E+00 0.166015595E+00 0.188309461E+00
 0.210860968E+00 0.233600780E+00 0.256342202E+00 0.278647631E+00 0.299607068E+00
 0.974930301E-01 0.902549475E-01 0.870630443E-01 0.842631087E-01 0.807219595E-01
 0.765361711E-01 0.717786923E-01 0.665006936E-01 0.607352033E-01 0.545012020E-01
 0.478055291E-01 0.406405479E-01 0.332554057E-01 0.256184936E-01 0.176935177E-01
 0.944451056E-02 0.838838576E-03-0.815049373E-02-0.175426882E-01-0.273469519E-01
-0.375601798E-01-0.481645502E-01-0.591250882E-01-0.703873411E-01-0.818753019E-01
-0.934898183E-01-0.105107687E+00-0.116581745E+00-0.127742067E+00-0.138398677E+00
-0.148345768E+00-0.157367393E+00-0.165244728E+00-0.171764314E+00-0.176727131E+00
-0.179957643E+00-0.181312203E+00-0.180686265E+00-0.178019360E+00-0.173297793E+00
-0.166554332E+00-0.157865286E+00-0.147344783E+00-0.135137081E+00-0.121407248E+00
-0.106331177E+00-0.900853351E-01-0.728370324E-01-0.547355711E-01-0.359043628E-01
-0.164338667E-01 0.362560013E-02 0.242734589E-01 0.455764420E-01 0.668838099E-01
 0.881555900E-01 0.109376714E+00 0.130532444E+00 0.151594847E+00 0.172510818E+00
 0.193186730E+00 0.213467538E+00 0.233110011E+00 0.251758635E+00 0.268949747E+00
 0.913898125E-01 0.839564353E-01 0.804900974E-01 0.778264552E-01 0.745334402E-01
 0.706343874E-01 0.661608726E-01 0.611412153E-01 0.555978939E-01 0.495481566E-01
 0.430075340E-01 0.359987281E-01 0.287398100E-01 0.211773664E-01 0.132664414E-01
 0.496737193E-02-0.375443441E-02-0.129273972E-01-0.225719847E-01-0.326985382E-01
-0.433047861E-01-0.543731861E-01-0.658681840E-01-0.777335018E-01-0.898897126E-01
-0.102232255E+00-0.114630207E+00-0.126926094E+00-0.138936982E+00-0.150457188E+00
-0.161262736E+00-0.171117529E+00-0.179781258E+00-0.187018707E+00-0.192609787E+00
-0.196359858E+00-0.198109403E+00-0.197742209E+00-0.195191368E+00-0.190442339E+00
-0.183533013E+00-0.174550414E+00-0.163624540E+00-0.150919810E+00-0.136624753E+00
-0.120940968E+00-0.104071960E+00-0.862126723E-01-0.675401166E-01-0.482056141E-01
-0.283287354E-01-0.799328275E-02 0.127537772E-01 0.338974223E-01 0.554346032E-01
 0.766636506E-01 0.975969434E-01 0.118214786E+00 0.138472766E+00 0.158299923E+00
 0.177593097E+00 0.196210504E+00 0.213967383E+00 0.230638474E+00 0.245972231E+00
 0.870299786E-01 0.794518441E-01 0.759873241E-01 0.733480081E-01 0.701342896E-01
 0.663542971E-01 0.620198287E-01 0.571417511E-01 0.517272688E-01 0.457777940E-01
 0.392857268E-01 0.324886031E-01 0.253632162E-01 0.178746153E-01 0.998442620E-02
 0.165485626E-02-0.714875245E-02-0.164557230E-01-0.262877792E-01-0.366565920E-01
-0.475610606E-01-0.589844286E-01-0.708912686E-01-0.832244977E-01-0.959026143E-01
-0.108817421E+00-0.121832497E+00-0.134782746E+00-0.147475392E+00-0.159692615E+00
-0.171196163E+00-0.181733862E+00-0.191048101E+00-0.198885813E+00-0.205009490E+00
-0.209208459E+00-0.211309597E+00-0.211186469E+00-0.208766013E+00-0.204032287E+00
-0.197026551E+00-0.187843949E+00-0.176626876E+00-0.163555801E+00-0.148838133E+00
-0.132696286E+00-0.115355797E+00-0.970340744E-01-0.779306442E-01-0.582189597E-01
-0.380400531E-01-0.174974967E-01 0.334703107E-02 0.244799815E-01 0.459498838E-01
 0.670654476E-01 0.877528638E-01 0.107959948E+00 0.127631590E+00 0.146698847E+00
 0.165073708E+00 0.182647347E+00 0.199291497E+00 0.214863732E+00 0.229217350E+00
 0.843447372E-01 0.766872019E-01 0.732903630E-01 0.706179291E-01 0.673964396E-01
 0.636437163E-01 0.593662560E-01 0.545653291E-01 0.492388979E-01 0.433826707E-01
 0.369907878E-01 0.302978922E-01 0.232590735E-01 0.158311669E-01 0.797230471E-02
-0.357218552E-03-0.919348653E-02-0.185671449E-01-0.285012368E-01-0.390087329E-01
-0.500897355E-01-0.617284700E-01-0.738901123E-01-0.865176097E-01-0.995287225E-01
-0.112813495E+00-0.126232535E+00-0.139616370E+00-0.152766258E+00-0.165456831E+00
-0.177440703E+00-0.188455194E+00-0.198231116E+00-0.206503227E+00-0.213021874E+00
-0.217564926E+00-0.219949245E+00-0.220040426E+00-0.217760220E+00-0.213090509E+00
-0.206073746E+00-0.196809575E+00-0.185447961E+00-0.172179565E+00-0.157224193E+00
-0.140818208E+00-0.123202175E+00-0.104609117E+00-0.852545425E-01-0.653282553E-01
-0.449883863E-01-0.243576095E-01-0.352175091E-02 0.174684264E-01 0.385896601E-01
 0.598244965E-01 0.804198906E-01 0.100378923E+00 0.119674847E+00 0.138259441E+00
 0.156067133E+00 0.173018187E+00 0.189022630E+00 0.203985393E+00 0.217813075E+00
 0.836515799E-01 0.760578513E-01 0.723506063E-01 0.695058927E-01 0.661825985E-01
 0.623969361E-01 0.581362657E-01 0.533840358E-01 0.481257848E-01 0.423494317E-01
 0.360449106E-01 0.294360742E-01 0.224744081E-01 0.151138110E-01 0.731045101E-02
-0.976687414E-03-0.978467148E-02-0.191450007E-01-0.290815551E-01-0.396081582E-01
-0.507258065E-01-0.624196120E-01-0.746555850E-01-0.873773843E-01-0.100503251E+00
-0.113923393E+00-0.127498120E+00-0.141057089E+00-0.154400036E+00-0.167299256E+00
-0.179504231E+00-0.190748364E+00-0.200757802E+00-0.209262043E+00-0.216005832E+00
-0.220761314E+00-0.223339900E+00-0.223602340E+00-0.221466422E+00-0.216911331E+00
-0.209978178E+00-0.200766802E+00-0.189428881E+00-0.176158264E+00-0.161179200E+00
-0.144733652E+00-0.127068594E+00-0.108424179E+00-0.890235454E-01-0.690645427E-01
-0.487135835E-01-0.281016007E-01-0.732171396E-02 0.135720372E-01 0.345661938E-01
 0.556928143E-01 0.761487857E-01 0.959188938E-01 0.114974573E+00 0.133273497E+00
 0.150761023E+00 0.167372867E+00 0.183038607E+00 0.197686031E+00 0.211246237E+00
 0.845785514E-01 0.773413181E-01 0.729434043E-01 0.696526840E-01 0.662297681E-01
 0.624459833E-01 0.582285002E-01 0.535401925E-01 0.483571999E-01 0.426616184E-01
 0.364386216E-01 0.299111847E-01 0.230317265E-01 0.157553628E-01 0.803912804E-02
-0.157448885E-03-0.887109339E-02-0.181331132E-01-0.279673431E-01-0.383877419E-01
-0.493956469E-01-0.609767735E-01-0.730980486E-01-0.857043639E-01-0.987156034E-01
-0.112023972E+00-0.125492156E+00-0.138952523E+00-0.152207807E+00-0.165033460E+00
-0.177182153E+00-0.188390344E+00-0.198386893E+00-0.206903502E+00-0.213686407E+00
-0.218508407E+00-0.221180528E+00-0.221562192E+00-0.219568878E+00-0.215176538E+00
-0.208422482E+00-0.199402198E+00-0.188262939E+00-0.175194159E+00-0.160416037E+00
-0.144167036E+00-0.126691297E+00-0.108226925E+00-0.889958441E-01-0.691954270E-01
-0.489924029E-01-0.285186563E-01-0.786890183E-02 0.129005909E-01 0.337734148E-01
 0.547778830E-01 0.751112774E-01 0.947571844E-01 0.113686472E+00 0.131857127E+00
 0.149215952E+00 0.165701270E+00 0.181246385E+00 0.195783764E+00 0.209249556E+00
 0.841739550E-01 0.766352266E-01 0.731365606E-01 0.704669803E-01 0.673068911E-01
 0.636823848E-01 0.595864281E-01 0.550048500E-01 0.499229170E-01 0.443249978E-01
 0.381911881E-01 0.317397416E-01 0.249432083E-01 0.177643858E-01 0.101636751E-01
 0.210248306E-02-0.645458000E-02-0.155377490E-01-0.251700114E-01-0.353647470E-01
-0.461231060E-01-0.574311130E-01-0.692566335E-01-0.815463215E-01-0.942227244E-01
-0.107181787E+00-0.120291114E+00-0.133389190E+00-0.146286026E+00-0.158765435E+00
-0.170589328E+00-0.181503862E+00-0.191247717E+00-0.199562013E+00-0.206201315E+00
-0.210945234E+00-0.213609517E+00-0.214055732E+00-0.212198749E+00-0.208011106E+00
-0.201523960E+00-0.192824379E+00-0.182049215E+00-0.169376343E+00-0.155013710E+00
-0.139187455E+00-0.122129858E+00-0.104068041E+00-0.852139518E-01-0.657561645E-01
-0.458537377E-01-0.256321430E-01-0.518172281E-02 0.154405432E-01 0.362029448E-01
 0.570766702E-01 0.773088560E-01 0.968975797E-01 0.115813375E+00 0.134008303E+00
 0.151420668E+00 0.167978764E+00 0.183604687E+00 0.198218942E+00 0.211745694E+00
 0.858330876E-01 0.783629566E-01 0.750162527E-01 0.725986063E-01 0.696621239E-01
 0.662134215E-01 0.622592382E-01 0.578018725E-01 0.528411157E-01 0.473762751E-01
 0.414094068E-01 0.349530503E-01 0.282090548E-01 0.211248249E-01 0.136561906E-01
 0.576402852E-02-0.258614146E-02-0.114232125E-01-0.207688436E-01-0.306353699E-01
-0.410233773E-01-0.519190468E-01-0.632913336E-01-0.750891641E-01-0.872387663E-01
-0.996414274E-01-0.112171911E+00-0.124677807E+00-0.136980161E+00-0.148875669E+00
-0.160140619E+00-0.170536652E+00-0.179818317E+00-0.187742293E+00-0.194077432E+00
-0.198615447E+00-0.201181173E+00-0.201641485E+00-0.199912250E+00-0.195962548E+00
-0.189815611E+00-0.181546628E+00-0.171277225E+00-0.159167513E+00-0.145406157E+00
-0.130199358E+00-0.113759637E+00-0.962951630E-01-0.780000612E-01-0.590462722E-01
-0.395767167E-01-0.196996946E-01 0.516486994E-03 0.210503228E-01 0.419389904E-01
 0.624785013E-01 0.825806856E-01 0.102181844E+00 0.121219486E+00 0.139622450E+00
 0.157307342E+00 0.174178407E+00 0.190129995E+00 0.205051616E+00 0.218834877E+00
 0.888350233E-01 0.814876929E-01 0.785650834E-01 0.763078704E-01 0.735051557E-01
 0.701706037E-01 0.663148612E-01 0.619479902E-01 0.570773147E-01 0.517060459E-01
 0.458315015E-01 0.394406691E-01 0.327670760E-01 0.257831849E-01 0.184563175E-01
 0.107532274E-01 0.264293584E-02-0.590096088E-02-0.148982108E-01-0.243597776E-01
-0.342855640E-01-0.446619615E-01-0.554593392E-01-0.666294917E-01-0.781033337E-01
-0.897888914E-01-0.101569980E+00-0.113305718E+00-0.124831162E+00-0.135959372E+00
-0.146484971E+00-0.156189397E+00-0.164847672E+00-0.172236577E+00-0.178143665E+00
-0.182376787E+00-0.184773147E+00-0.185207322E+00-0.183597565E+00-0.179909587E+00
-0.174157619E+00-0.166402519E+00-0.156747177E+00-0.145329461E+00-0.132313415E+00
-0.117879458E+00-0.102214225E+00-0.855007842E-01-0.679097399E-01-0.495915599E-01
-0.306703243E-01-0.112386616E-01 0.864650495E-02 0.289684571E-01 0.497572497E-01
 0.702474937E-01 0.904156342E-01 0.110219747E+00 0.129599392E+00 0.148473322E+00
 0.166737020E+00 0.184261873E+00 0.200896800E+00 0.216474459E+00 0.230822340E+00
 0.939709023E-01 0.868657604E-01 0.838487893E-01 0.816788748E-01 0.789298043E-01
 0.756242052E-01 0.717897564E-01 0.674505085E-01 0.626246706E-01 0.573245436E-01
 0.515574291E-01 0.453275405E-01 0.386404768E-01 0.317095295E-01 0.245004985E-01
 0.169799421E-01 0.911727920E-02 0.887229398E-03-0.772864278E-02-0.167402849E-01
-0.261472370E-01-0.359365307E-01-0.460804738E-01-0.565344803E-01-0.672350824E-01
-0.780982599E-01-0.890183672E-01-0.998678058E-01-0.110497706E+00-0.120739795E+00
-0.130409613E+00-0.139311120E+00-0.147242591E+00-0.154003754E+00-0.159403577E+00
-0.163268417E+00-0.165449947E+00-0.165832058E+00-0.164336309E+00-0.160925314E+00
-0.155603841E+00-0.148417234E+00-0.139447615E+00-0.128807858E+00-0.116634078E+00
-0.103076972E+00-0.882928744E-01-0.724349692E-01-0.556452535E-01-0.380476080E-01
-0.197424721E-01-0.803466188E-03 0.187233575E-01 0.388167500E-01 0.594733171E-01
 0.799720362E-01 0.100327790E+00 0.120520577E+00 0.140500188E+00 0.160184011E+00
 0.179450959E+00 0.198134407E+00 0.216017231E+00 0.232834682E+00 0.248290926E+00
 0.100771978E+00 0.939661115E-01 0.910669789E-01 0.888732225E-01 0.860235468E-01
 0.825975686E-01 0.786580816E-01 0.742472410E-01 0.693919659E-01 0.641088411E-01
 0.584076419E-01 0.522936732E-01 0.457692407E-01 0.388335399E-01 0.317028798E-01
 0.243395660E-01 0.167087931E-01 0.878595840E-02 0.553870399E-03-0.799675193E-02
-0.168656558E-01-0.260411706E-01-0.354983099E-01-0.451969393E-01-0.550801009E-01
-0.650727078E-01-0.750806853E-01-0.849908218E-01-0.946714655E-01-0.103974186E+00
-0.112736613E+00-0.120786391E+00-0.127946228E+00-0.134039864E+00-0.138898700E+00
-0.142368615E+00-0.144316599E+00-0.144636571E+00-0.143254027E+00-0.140128925E+00
-0.135256648E+00-0.128666937E+00-0.120420620E+00-0.110604718E+00-0.993259847E-01
-0.867034569E-01-0.728605688E-01-0.579171255E-01-0.419816859E-01-0.251446050E-01
-0.747208018E-02 0.109982025E-01 0.302582998E-01 0.503232665E-01 0.705857426E-01
 0.910190940E-01 0.111610919E+00 0.132344857E+00 0.153187945E+00 0.174077392E+00
 0.194902956E+00 0.215482444E+00 0.235530406E+00 0.254629701E+00 0.272236198E+00
 0.109877847E+00 0.103540994E+00 0.100766607E+00 0.981245488E-01 0.948069245E-01
 0.910009891E-01 0.867803469E-01 0.821784362E-01 0.772117078E-01 0.718884617E-01
 0.662125796E-01 0.601853244E-01 0.538059473E-01 0.470713899E-01 0.399747118E-01
 0.327375643E-01 0.252981838E-01 0.176465604E-01 0.976954494E-02 0.165780273E-02
-0.668977248E-02-0.152639048E-01-0.240433067E-01-0.329931974E-01-0.420639887E-01
-0.511902422E-01-0.602900982E-01-0.692652166E-01-0.780014619E-01-0.863704383E-01
-0.942318588E-01-0.101436906E+00-0.107832424E+00-0.113265887E+00-0.117590792E+00
-0.120672278E+00-0.122392535E+00-0.122655623E+00-0.121391237E+00-0.118557185E+00
-0.114140213E+00-0.108155206E+00-0.100642599E+00-0.916642696E-01-0.812981948E-01
-0.696320236E-01-0.567560755E-01-0.427559838E-01-0.277051255E-01-0.116568198E-01
 0.536431652E-02 0.233737901E-01 0.424467996E-01 0.619676039E-01 0.819243491E-01
 0.102327436E+00 0.123200886E+00 0.144574732E+00 0.166477010E+00 0.188922822E+00
 0.211896136E+00 0.235315233E+00 0.258961290E+00 0.282321662E+00 0.304330885E+00
 0.123083003E+00 0.117996708E+00 0.113385640E+00 0.109108970E+00 0.104849473E+00
 0.100439288E+00 0.958168954E-01 0.909523591E-01 0.858283937E-01 0.804340020E-01
 0.747618601E-01 0.688071474E-01 0.625672191E-01 0.560421534E-01 0.492366850E-01
 0.421655327E-01 0.347993523E-01 0.273415949E-01 0.197613686E-01 0.120372018E-01
 0.416304637E-02-0.385573134E-02-0.120026497E-01-0.202492140E-01-0.285539329E-01
-0.368615575E-01-0.451026745E-01-0.531937890E-01-0.610379837E-01-0.685262308E-01
-0.755394325E-01-0.819511712E-01-0.876311660E-01-0.924492404E-01-0.962797254E-01
-0.990059003E-01-0.100524396E+00-0.100748971E+00-0.996136516E-01-0.970746726E-01
-0.931112617E-01-0.877249837E-01-0.809377134E-01-0.727883503E-01-0.633282885E-01
-0.526160821E-01-0.407113358E-01-0.276681837E-01-0.135286218E-01 0.168391515E-02
 0.179695655E-01 0.353526138E-01 0.538687371E-01 0.728954822E-01 0.925166979E-01
 0.112810396E+00 0.133863255E+00 0.155777857E+00 0.178677350E+00 0.202709362E+00
 0.228050530E+00 0.254913986E+00 0.283568770E+00 0.314426899E+00 0.347464949E+00
 0.134317711E+00 0.129903197E+00 0.124937706E+00 0.119951747E+00 0.115088880E+00
 0.110226355E+00 0.105279811E+00 0.100195058E+00 0.949372426E-01 0.894835815E-01
 0.838189796E-01 0.779335201E-01 0.718208849E-01 0.654774606E-01 0.589012913E-01
 0.520902611E-01 0.450366437E-01 0.377303846E-01 0.304015279E-01 0.229976531E-01
 0.155249732E-01 0.798899122E-02 0.401129626E-03-0.721726287E-02-0.148334913E-01
-0.224028174E-01-0.298682451E-01-0.371607020E-01-0.441996567E-01-0.508942939E-01
-0.571451820E-01-0.628465638E-01-0.678890795E-01-0.721629709E-01-0.755615309E-01
-0.779846013E-01-0.793420300E-01-0.795566738E-01-0.785668194E-01-0.763278306E-01
-0.728127137E-01-0.680117011E-01-0.619306341E-01-0.545883216E-01-0.460128821E-01
-0.362371802E-01-0.252935141E-01-0.132074887E-01 0.912024097E-05 0.143672591E-01
 0.299132653E-01 0.467504263E-01 0.642872751E-01 0.825387985E-01 0.101567604E+00
 0.121467754E+00 0.142363325E+00 0.164413869E+00 0.187824592E+00 0.212861940E+00
 0.239876881E+00 0.269341052E+00 0.301903784E+00 0.338476658E+00 0.378360838E+00
 0.143793821E+00 0.139796540E+00 0.134953618E+00 0.129918113E+00 0.124909863E+00
 0.119880810E+00 0.114787139E+00 0.109593071E+00 0.104271390E+00 0.988021940E-01
 0.931713060E-01 0.873688608E-01 0.813883170E-01 0.752257034E-01 0.688790753E-01
 0.623482838E-01 0.556353107E-01 0.487471484E-01 0.417019352E-01 0.344732776E-01
 0.272931810E-01 0.201450884E-01 0.130228028E-01 0.593707431E-02-0.108941831E-02
-0.802260824E-02-0.148176048E-01-0.214190502E-01-0.277616773E-01-0.337713361E-01
-0.393664390E-01-0.444597788E-01-0.489607267E-01-0.527777262E-01-0.558209494E-01
-0.580050386E-01-0.592517294E-01-0.594921969E-01-0.586689562E-01-0.567371361E-01
-0.536649637E-01-0.494334623E-01-0.440352075E-01-0.374722593E-01-0.297532640E-01
-0.208898261E-01-0.108922981E-01 0.234927313E-03 0.124983490E-01 0.259200670E-01
 0.405410454E-01 0.564195812E-01 0.729489177E-01 0.902306363E-01 0.108365618E+00
 0.127470925E+00 0.147691205E+00 0.169210181E+00 0.192265227E+00 0.217167243E+00
 0.244328365E+00 0.274298340E+00 0.307805717E+00 0.345782936E+00 0.387191653E+00
 0.152374551E+00 0.148734897E+00 0.144173339E+00 0.139272809E+00 0.134315655E+00
 0.129289582E+00 0.124179706E+00 0.118971877E+00 0.113653816E+00 0.108215459E+00
 0.102648936E+00 0.969484001E-01 0.911098048E-01 0.851307958E-01 0.790104792E-01
 0.727494061E-01 0.663493946E-01 0.598132499E-01 0.531431809E-01 0.463352911E-01
 0.393825434E-01 0.325525887E-01 0.257989466E-01 0.191405509E-01 0.125925532E-01
 0.618053740E-02-0.619150305E-04-0.609242357E-02-0.118595771E-01-0.173041541E-01
-0.223604143E-01-0.269575454E-01-0.310214199E-01-0.344765037E-01-0.372478701E-01
-0.392632224E-01-0.404548794E-01-0.407616049E-01-0.401300602E-01-0.385157913E-01
-0.358836502E-01-0.322075002E-01-0.274693016E-01-0.216574501E-01-0.147644896E-01
-0.678418018E-02 0.229197904E-02 0.124787427E-01 0.238016415E-01 0.363021381E-01
 0.500437431E-01 0.644929260E-01 0.796806216E-01 0.956662893E-01 0.112530157E+00
 0.130373731E+00 0.149324223E+00 0.169541866E+00 0.191230506E+00 0.214653239E+00
 0.240155980E+00 0.268205494E+00 0.299458861E+00 0.334911585E+00 0.372595370E+00
 0.160636097E+00 0.157351330E+00 0.153036803E+00 0.148314357E+00 0.143468693E+00
 0.138507277E+00 0.133436829E+00 0.128261879E+00 0.122984625E+00 0.117605507E+00
 0.112123981E+00 0.106539153E+00 0.100850306E+00 0.950573012E-01 0.891608000E-01
 0.831625164E-01 0.770653039E-01 0.708733127E-01 0.645921379E-01 0.582295023E-01
 0.517983250E-01 0.453229249E-01 0.387729369E-01 0.324221738E-01 0.262274053E-01
 0.202141050E-01 0.144010037E-01 0.881554931E-02 0.349787762E-02-0.150566397E-02
-0.614333898E-02-0.103585888E-01-0.140917543E-01-0.172815230E-01-0.198662151E-01
-0.217851065E-01-0.229799058E-01-0.233962387E-01-0.229848679E-01-0.217024405E-01
-0.195117518E-01-0.163814835E-01-0.122854300E-01-0.720117148E-02-0.110819924E-02
 0.601451611E-02 0.141914589E-01 0.234538596E-01 0.338436961E-01 0.454186611E-01
 0.576618724E-01 0.705982819E-01 0.842620581E-01 0.986995101E-01 0.113969520E+00
 0.130144075E+00 0.147309467E+00 0.165567949E+00 0.185040012E+00 0.205866888E+00
 0.228213176E+00 0.252269089E+00 0.278249979E+00 0.306355000E+00 0.335083336E+00
 0.168866634E+00 0.165946737E+00 0.161873549E+00 0.157304734E+00 0.152541488E+00
 0.147621825E+00 0.142577946E+00 0.137432113E+00 0.132198110E+00 0.126883909E+00
 0.121493794E+00 0.116030037E+00 0.110494010E+00 0.104886942E+00 0.992105007E-01
 0.934671611E-01 0.876605064E-01 0.817955211E-01 0.758789033E-01 0.699194372E-01
 0.639284402E-01 0.579195693E-01 0.519060791E-01 0.459125936E-01 0.399059989E-01
 0.341797583E-01 0.286815297E-01 0.234087668E-01 0.184119474E-01 0.137254559E-01
 0.938654691E-02 0.544062583E-02 0.193454931E-02-0.108387612E-02-0.356553262E-02
-0.546013564E-02-0.671730610E-02-0.728866784E-02-0.712908059E-02-0.619709678E-02
-0.445490982E-02-0.186795508E-02 0.159579981E-02 0.596690830E-02 0.112759788E-01
 0.175559241E-01 0.248449650E-01 0.331882238E-01 0.426405519E-01 0.526971705E-01
 0.633776113E-01 0.747051314E-01 0.867072940E-01 0.994162112E-01 0.112868041E+00
 0.127101734E+00 0.142156929E+00 0.158070564E+00 0.174871206E+00 0.192569315E+00
 0.211139947E+00 0.230490401E+00 0.250395298E+00 0.270342052E+00 0.289159983E+00
 0.177441642E+00 0.174938694E+00 0.171079740E+00 0.166510388E+00 0.161671042E+00
 0.156677425E+00 0.151587516E+00 0.146429837E+00 0.141218692E+00 0.135961235E+00
 0.130660832E+00 0.125319034E+00 0.119936667E+00 0.114514604E+00 0.109054223E+00
 0.103557795E+00 0.980287716E-01 0.924720392E-01 0.868941322E-01 0.813034996E-01
 0.757106766E-01 0.701284856E-01 0.645722449E-01 0.590608753E-01 0.536162406E-01
 0.482799001E-01 0.430477858E-01 0.378770009E-01 0.330729745E-01 0.285884961E-01
 0.244256947E-01 0.206403621E-01 0.172656234E-01 0.143316491E-01 0.118725765E-01
 0.992913079E-02 0.854837522E-02 0.777447317E-02 0.764796603E-02 0.820679590E-02
 0.948738027E-02 0.115254810E-01 0.143568562E-01 0.180177186E-01 0.225452147E-01
 0.279795863E-01 0.343750305E-01 0.417905413E-01 0.497339331E-01 0.582244880E-01
 0.672814101E-01 0.769243687E-01 0.871734768E-01 0.980484188E-01 0.109566800E+00
 0.121741369E+00 0.134575993E+00 0.148059994E+00 0.162159860E+00 0.176807523E+00
 0.191883236E+00 0.207191259E+00 0.222427934E+00 0.237151429E+00 0.250788182E+00
 0.187548369E+00 0.186029270E+00 0.181426361E+00 0.176040828E+00 0.170778587E+00
 0.165549636E+00 0.160336584E+00 0.155131802E+00 0.149930134E+00 0.144727454E+00
 0.139520183E+00 0.134305477E+00 0.129081234E+00 0.123846330E+00 0.118600719E+00
 0.113345593E+00 0.108083524E+00 0.102818578E+00 0.975564569E-01 0.923046172E-01
 0.870723948E-01 0.818711594E-01 0.767144263E-01 0.716180205E-01 0.666000396E-01
 0.616807304E-01 0.568776019E-01 0.522114448E-01 0.477247946E-01 0.434130877E-01
 0.392285921E-01 0.355070345E-01 0.321949720E-01 0.292780455E-01 0.267640781E-01
 0.246831886E-01 0.231098700E-01 0.220845062E-01 0.216376763E-01 0.217987839E-01
 0.225992445E-01 0.240739286E-01 0.262618549E-01 0.292053409E-01 0.329438746E-01
 0.374915078E-01 0.429576226E-01 0.488710962E-01 0.552562959E-01 0.621318147E-01
 0.695144385E-01 0.774203837E-01 0.858649760E-01 0.948612168E-01 0.104417324E+00
 0.114533201E+00 0.125195891E+00 0.136373848E+00 0.148010105E+00 0.160014138E+00
 0.172253177E+00 0.184543908E+00 0.196647599E+00 0.208274007E+00 0.219100460E+00
 0.196274355E+00 0.195372552E+00 0.190684065E+00 0.184857503E+00 0.179280192E+00
 0.173868537E+00 0.168568462E+00 0.163346469E+00 0.158180833E+00 0.153056622E+00
 0.147963136E+00 0.142892674E+00 0.137839764E+00 0.132800847E+00 0.127774104E+00
 0.122759283E+00 0.117757745E+00 0.112772420E+00 0.107807815E+00 0.102870069E+00
 0.979670063E-01 0.931081474E-01 0.883047804E-01 0.835699365E-01 0.789183676E-01
 0.743663833E-01 0.699316338E-01 0.656339377E-01 0.614960380E-01 0.575393997E-01
 0.537920855E-01 0.503121801E-01 0.471188128E-01 0.442119986E-01 0.415718332E-01
 0.391397849E-01 0.372948050E-01 0.359846801E-01 0.351977535E-01 0.349425562E-01
 0.352399424E-01 0.361216106E-01 0.376337245E-01 0.398479477E-01 0.428879075E-01
 0.463184938E-01 0.502176359E-01 0.545597151E-01 0.593380220E-01 0.645560622E-01
 0.702235922E-01 0.763542801E-01 0.829635859E-01 0.900662914E-01 0.976732075E-01
 0.105787069E+00 0.114397600E+00 0.123476051E+00 0.132969618E+00 0.142796442E+00
 0.152842000E+00 0.162957951E+00 0.172964945E+00 0.182660550E+00 0.191832900E+00
 0.203032464E+00 0.202470019E+00 0.198019594E+00 0.192262709E+00 0.186698362E+00
 0.181303039E+00 0.176044405E+00 0.170894474E+00 0.165830687E+00 0.160835400E+00
 0.155895010E+00 0.150999308E+00 0.146140799E+00 0.141314313E+00 0.136516675E+00
 0.131746531E+00 0.127004117E+00 0.122291297E+00 0.117611356E+00 0.112969093E+00
 0.108370736E+00 0.103823952E+00 0.993378684E-01 0.949230045E-01 0.905913115E-01
 0.863561332E-01 0.822322294E-01 0.782359168E-01 0.743851885E-01 0.706995726E-01
 0.672010407E-01 0.639140233E-01 0.608582683E-01 0.580499433E-01 0.555061959E-01
 0.532555729E-01 0.513651781E-01 0.498646758E-01 0.487718806E-01 0.481018648E-01
 0.478699692E-01 0.480923168E-01 0.487845615E-01 0.499572605E-01 0.516026355E-01
 0.536581948E-01 0.560998879E-01 0.589116476E-01 0.620870069E-01 0.656286627E-01
 0.695476606E-01 0.738624334E-01 0.785973445E-01 0.837803483E-01 0.894394070E-01
 0.955975056E-01 0.102266409E+00 0.109439865E+00 0.117087178E+00 0.125148281E+00
 0.133531451E+00 0.142114341E+00 0.150749013E+00 0.159270585E+00 0.167508930E+00
 0.208579555E+00 0.208350241E+00 0.203942657E+00 0.198366478E+00 0.192977548E+00
 0.187747553E+00 0.182654619E+00 0.177676842E+00 0.172794566E+00 0.167991340E+00
 0.163253874E+00 0.158571854E+00 0.153937563E+00 0.149345502E+00 0.144792080E+00
 0.140275419E+00 0.135795206E+00 0.131352440E+00 0.126949504E+00 0.122589968E+00
 0.118278585E+00 0.114021301E+00 0.109825157E+00 0.105698310E+00 0.101650022E+00
 0.976906568E-01 0.938316360E-01 0.900855213E-01 0.864659324E-01 0.829875618E-01
 0.796660557E-01 0.765176564E-01 0.735584050E-01 0.708044171E-01 0.682732463E-01
 0.659856796E-01 0.639661178E-01 0.622341223E-01 0.608043075E-01 0.596875697E-01
 0.588919036E-01 0.584224015E-01 0.582804047E-01 0.584617294E-01 0.589543916E-01
 0.597381890E-01 0.607960150E-01 0.621160343E-01 0.636938214E-01 0.655342042E-01
 0.676529333E-01 0.700781718E-01 0.728512257E-01 0.760258436E-01 0.796650276E-01
 0.838345662E-01 0.885932297E-01 0.939808115E-01 0.100006528E+00 0.106640235E+00
 0.113808520E+00 0.121396393E+00 0.129254699E+00 0.137212500E+00 0.145092383E+00
 0.212581560E+00 0.212544918E+00 0.208561927E+00 0.203272596E+00 0.198162600E+00
 0.193209767E+00 0.188387871E+00 0.183674321E+00 0.179050803E+00 0.174502835E+00
 0.170019180E+00 0.165591240E+00 0.161212608E+00 0.156878740E+00 0.152586669E+00
 0.148334786E+00 0.144122735E+00 0.139951199E+00 0.135821894E+00 0.131737456E+00
 0.127701372E+00 0.123718001E+00 0.119792439E+00 0.115930602E+00 0.112139143E+00
 0.108425468E+00 0.104797699E+00 0.101264678E+00 0.978359208E-01 0.945215449E-01
 0.913321897E-01 0.882788375E-01 0.853726566E-01 0.826250017E-01 0.800475329E-01
 0.776521489E-01 0.754503831E-01 0.734518245E-01 0.716632828E-01 0.700885057E-01
 0.687279701E-01 0.675786436E-01 0.666336566E-01 0.658819452E-01 0.653084293E-01
 0.648952052E-01 0.646245256E-01 0.644816160E-01 0.644577891E-01 0.645540506E-01
 0.647855923E-01 0.651870593E-01 0.658183247E-01 0.667693242E-01 0.681610331E-01
 0.701385066E-01 0.728527755E-01 0.764336884E-01 0.809623972E-01 0.864520371E-01
 0.928397998E-01 0.999892578E-01 0.107702687E+00 0.115744203E+00 0.123870544E+00
 0.215429142E+00 0.215557486E+00 0.211886793E+00 0.206989646E+00 0.202294871E+00
 0.197743133E+00 0.193295911E+00 0.188930973E+00 0.184634402E+00 0.180396706E+00
 0.176211074E+00 0.172072485E+00 0.167977348E+00 0.163923159E+00 0.159908444E+00
 0.155932590E+00 0.151995704E+00 0.148098603E+00 0.144242689E+00 0.140429899E+00
 0.136662692E+00 0.132943958E+00 0.129277036E+00 0.125665680E+00 0.122114003E+00
 0.118626565E+00 0.115208276E+00 0.111864433E+00 0.108600669E+00 0.105422929E+00
 0.102337383E+00 0.993503332E-01 0.964681059E-01 0.936968923E-01 0.910425931E-01
 0.885104612E-01 0.861046687E-01 0.838275924E-01 0.816792324E-01 0.796566904E-01
 0.777536854E-01 0.759602115E-01 0.742621347E-01 0.726410598E-01 0.710744709E-01
 0.695363805E-01 0.679987222E-01 0.664333403E-01 0.648149401E-01 0.631255135E-01
 0.613610521E-01 0.595415682E-01 0.577258319E-01 0.560313761E-01 0.546570383E-01
 0.538940504E-01 0.540957414E-01 0.555927940E-01 0.586064197E-01 0.632142350E-01
 0.693523064E-01 0.768195167E-01 0.852833837E-01 0.943181887E-01 0.103495024E+00
 0.216786966E+00 0.216872513E+00 0.213624090E+00 0.209534422E+00 0.205503151E+00
 0.201492786E+00 0.197508574E+00 0.193554223E+00 0.189631611E+00 0.185741469E+00
 0.181883991E+00 0.178059205E+00 0.174267247E+00 0.170508370E+00 0.166783109E+00
 0.163092256E+00 0.159436807E+00 0.155818000E+00 0.152237177E+00 0.148695841E+00
 0.145195529E+00 0.141737878E+00 0.138324514E+00 0.134957075E+00 0.131637275E+00
 0.128366828E+00 0.125147492E+00 0.121981107E+00 0.118869610E+00 0.115814999E+00
 0.112819344E+00 0.109884702E+00 0.107013009E+00 0.104205951E+00 0.101464704E+00
 0.987895951E-01 0.961797088E-01 0.936323106E-01 0.911423117E-01 0.887016132E-01
 0.862985253E-01 0.839171037E-01 0.815365389E-01 0.791305229E-01 0.766667649E-01
 0.741066411E-01 0.714050904E-01 0.685108900E-01 0.653677657E-01 0.619168319E-01
 0.581017546E-01 0.538786426E-01 0.492347404E-01 0.442241281E-01 0.390410870E-01
 0.341790915E-01 0.305990595E-01 0.292591248E-01 0.305648446E-01 0.345862918E-01
 0.412396379E-01 0.502833836E-01 0.611776486E-01 0.728911981E-01 0.843413919E-01
 0.217398345E+00 0.217232317E+00 0.214858681E+00 0.211628407E+00 0.208237395E+00
 0.204759032E+00 0.201238930E+00 0.197702333E+00 0.194163814E+00 0.190632403E+00
 0.187114090E+00 0.183613300E+00 0.180133462E+00 0.176677510E+00 0.173248023E+00
 0.169847339E+00 0.166477501E+00 0.163140342E+00 0.159837380E+00 0.156569764E+00
 0.153338298E+00 0.150143400E+00 0.146985039E+00 0.143862799E+00 0.140775844E+00
 0.137723044E+00 0.134702951E+00 0.131713897E+00 0.128754139E+00 0.125821814E+00
 0.122915089E+00 0.120032132E+00 0.117171057E+00 0.114329830E+00 0.111506045E+00
 0.108696602E+00 0.105897292E+00 0.103102237E+00 0.100303270E+00 0.974892005E-01
 0.946450084E-01 0.917509049E-01 0.887813121E-01 0.857036784E-01 0.824771151E-01
 0.790507048E-01 0.753615648E-01 0.713323355E-01 0.668683276E-01 0.618542396E-01
 0.561511777E-01 0.495949537E-01 0.419973359E-01 0.331503078E-01 0.228220858E-01
 0.106657594E-01 0.437922892E-03-0.434731692E-02-0.462976703E-02-0.904261426E-03
 0.721517485E-02 0.193639807E-01 0.361416973E-01 0.540343560E-01 0.686470419E-01
 0.219035059E+00 0.219048887E+00 0.216844574E+00 0.213904664E+00 0.210887417E+00
 0.207807288E+00 0.204681516E+00 0.201525301E+00 0.198350653E+00 0.195167020E+00
 0.191982016E+00 0.188802049E+00 0.185632706E+00 0.182478949E+00 0.179345191E+00
 0.176235244E+00 0.173152342E+00 0.170099020E+00 0.167077079E+00 0.164087489E+00
 0.161130399E+00 0.158205017E+00 0.155309647E+00 0.152441695E+00 0.149597675E+00
 0.146773353E+00 0.143963769E+00 0.141163528E+00 0.138366878E+00 0.135567933E+00
 0.132760897E+00 0.129940197E+00 0.127100542E+00 0.124236926E+00 0.121344447E+00
 0.118418060E+00 0.115452103E+00 0.112439722E+00 0.109372154E+00 0.106237829E+00
 0.103021435E+00 0.997027457E-01 0.962552726E-01 0.926447213E-01 0.888269320E-01
 0.847453028E-01 0.803272426E-01 0.754791498E-01 0.700792670E-01 0.639672279E-01
 0.569291115E-01 0.486771911E-01 0.388260186E-01 0.268721301E-01 0.121874269E-01
-0.420657080E-02-0.153245628E-01-0.211166386E-01-0.219551306E-01-0.176146645E-01
-0.822413620E-02 0.710040145E-02 0.273729712E-01 0.452303253E-01 0.602323264E-01
 0.220651388E+00 0.220855936E+00 0.218834579E+00 0.216164604E+00 0.213457361E+00
 0.210711643E+00 0.207930595E+00 0.205118850E+00 0.202282116E+00 0.199426770E+00
 0.196559727E+00 0.193688065E+00 0.190818861E+00 0.187958911E+00 0.185114428E+00
 0.182290927E+00 0.179492965E+00 0.176723987E+00 0.173986286E+00 0.171280801E+00
 0.168607101E+00 0.165963247E+00 0.163345784E+00 0.160749763E+00 0.158168718E+00
 0.155594856E+00 0.153019175E+00 0.150431782E+00 0.147822231E+00 0.145179942E+00
 0.142494604E+00 0.139756635E+00 0.136957392E+00 0.134089440E+00 0.131146416E+00
 0.128122896E+00 0.125013828E+00 0.121813893E+00 0.118516654E+00 0.115113527E+00
 0.111592710E+00 0.107937887E+00 0.104126915E+00 0.100130185E+00 0.959087089E-01
 0.914115831E-01 0.865725353E-01 0.813048705E-01 0.754936561E-01 0.689830855E-01
 0.615546219E-01 0.528875142E-01 0.424867570E-01 0.295761246E-01 0.132233324E-01
-0.676917611E-03-0.997349899E-02-0.148428632E-01-0.151927108E-01-0.109762987E-01
-0.113016414E-02 0.150982505E-01 0.322156325E-01 0.469670184E-01 0.598283932E-01
 0.221989915E+00 0.222377941E+00 0.220677614E+00 0.218293071E+00 0.215895012E+00
 0.213475436E+00 0.211025968E+00 0.208542407E+00 0.206025124E+00 0.203478292E+00
 0.200908959E+00 0.198325858E+00 0.195738450E+00 0.193156138E+00 0.190587714E+00
 0.188040867E+00 0.185521930E+00 0.183035672E+00 0.180585131E+00 0.178171426E+00
 0.175793722E+00 0.173449039E+00 0.171132132E+00 0.168835461E+00 0.166549161E+00
 0.164261147E+00 0.161957353E+00 0.159622118E+00 0.157238811E+00 0.154790610E+00
 0.152261272E+00 0.149636075E+00 0.146902516E+00 0.144050866E+00 0.141074270E+00
 0.137968630E+00 0.134732008E+00 0.131363645E+00 0.127862975E+00 0.124228232E+00
 0.120455280E+00 0.116536304E+00 0.112458654E+00 0.108203679E+00 0.103745572E+00
 0.990501344E-01 0.940733179E-01 0.887594894E-01 0.830392465E-01 0.768266171E-01
 0.700153261E-01 0.624725670E-01 0.540210009E-01 0.443131849E-01 0.339663140E-01
 0.257791728E-01 0.199680589E-01 0.168149192E-01 0.163696334E-01 0.191112533E-01
 0.252149757E-01 0.353425294E-01 0.457097664E-01 0.557548851E-01 0.652501509E-01
 0.223142371E+00 0.223749876E+00 0.222273797E+00 0.220214620E+00 0.218174070E+00
 0.216116279E+00 0.214016214E+00 0.211861223E+00 0.209649697E+00 0.207388133E+00
 0.205087975E+00 0.202763230E+00 0.200428486E+00 0.198097765E+00 0.195783675E+00
 0.193497002E+00 0.191246420E+00 0.189038411E+00 0.186877102E+00 0.184764147E+00
 0.182698637E+00 0.180676788E+00 0.178691775E+00 0.176733434E+00 0.174788088E+00
 0.172838479E+00 0.170863926E+00 0.168840885E+00 0.166743785E+00 0.164546415E+00
 0.162223533E+00 0.159752622E+00 0.157115579E+00 0.154299811E+00 0.151298925E+00
 0.148112416E+00 0.144744858E+00 0.141204268E+00 0.137500450E+00 0.133642986E+00
 0.129639700E+00 0.125495240E+00 0.121210195E+00 0.116780601E+00 0.112197809E+00
 0.107448906E+00 0.102517635E+00 0.973864794E-01 0.920405984E-01 0.864755660E-01
 0.807133391E-01 0.748367086E-01 0.690668821E-01 0.639161617E-01 0.598740354E-01
 0.560826473E-01 0.529301465E-01 0.509593040E-01 0.503834672E-01 0.510949194E-01
 0.526922755E-01 0.559555925E-01 0.610323958E-01 0.670313388E-01 0.733824149E-01
 0.223706499E+00 0.224537924E+00 0.223444477E+00 0.221870840E+00 0.220328122E+00
 0.218725115E+00 0.217016354E+00 0.215190500E+00 0.213257387E+00 0.211237833E+00
 0.209156990E+00 0.207040444E+00 0.204912066E+00 0.202792853E+00 0.200700507E+00
 0.198649436E+00 0.196650892E+00 0.194713175E+00 0.192841694E+00 0.191039056E+00
 0.189304844E+00 0.187635243E+00 0.186022624E+00 0.184454829E+00 0.182914525E+00
 0.181378633E+00 0.179818064E+00 0.178198010E+00 0.176479176E+00 0.174619988E+00
 0.172579706E+00 0.170322180E+00 0.167819351E+00 0.165054113E+00 0.162021548E+00
 0.158728629E+00 0.155192286E+00 0.151436284E+00 0.147487655E+00 0.143373370E+00
 0.139117807E+00 0.134741113E+00 0.130258694E+00 0.125681385E+00 0.121016398E+00
 0.116268821E+00 0.111443974E+00 0.106550664E+00 0.101606049E+00 0.966425091E-01
 0.917171538E-01 0.869223550E-01 0.823897868E-01 0.782679990E-01 0.746671557E-01
 0.716522336E-01 0.693161562E-01 0.677806586E-01 0.671357289E-01 0.674170777E-01
 0.686384663E-01 0.708107278E-01 0.738641992E-01 0.776114091E-01 0.818226263E-01
 0.223083586E+00 0.224021047E+00 0.223886788E+00 0.223338380E+00 0.222607851E+00
 0.221596092E+00 0.220291540E+00 0.218739286E+00 0.216997787E+00 0.215124100E+00
 0.213169456E+00 0.211177722E+00 0.209185019E+00 0.207220122E+00 0.205305278E+00
 0.203457475E+00 0.201689452E+00 0.200010568E+00 0.198427320E+00 0.196943626E+00
 0.195560560E+00 0.194275990E+00 0.193083525E+00 0.191971362E+00 0.190920547E+00
 0.189903185E+00 0.188880712E+00 0.187802896E+00 0.186608672E+00 0.185229376E+00
 0.183595031E+00 0.181642532E+00 0.179324061E+00 0.176613480E+00 0.173509464E+00
 0.170034632E+00 0.166230693E+00 0.162150994E+00 0.157852322E+00 0.153388202E+00
 0.148804754E+00 0.144139230E+00 0.139420524E+00 0.134670764E+00 0.129907399E+00
 0.125145718E+00 0.120401554E+00 0.115694135E+00 0.111049391E+00 0.106503300E+00
 0.102104664E+00 0.979161263E-01 0.940114334E-01 0.904683992E-01 0.873611271E-01
 0.847573802E-01 0.827204213E-01 0.813069940E-01 0.805601254E-01 0.805029795E-01
 0.811360702E-01 0.824334025E-01 0.843364671E-01 0.867548063E-01 0.895780846E-01
 0.222323865E+00 0.223467797E+00 0.224457338E+00 0.225345641E+00 0.225999147E+00
 0.225445524E+00 0.224313706E+00 0.222798795E+00 0.221032634E+00 0.219116807E+00
 0.217132047E+00 0.215140745E+00 0.213188648E+00 0.211307824E+00 0.209520116E+00
 0.207840592E+00 0.206280038E+00 0.204846710E+00 0.203547239E+00 0.202387184E+00
 0.201370776E+00 0.200500414E+00 0.199775338E+00 0.199189678E+00 0.198729411E+00
 0.198368236E+00 0.198062122E+00 0.197743654E+00 0.197318271E+00 0.196666837E+00
 0.195658341E+00 0.194170937E+00 0.192113474E+00 0.189440548E+00 0.186159208E+00
 0.182327300E+00 0.178041741E+00 0.173417971E+00 0.168567896E+00 0.163585305E+00
 0.158541411E+00 0.153487176E+00 0.148458153E+00 0.143479407E+00 0.138569772E+00
 0.133745238E+00 0.129021794E+00 0.124417707E+00 0.119955495E+00 0.115663402E+00
 0.111576118E+00 0.107734539E+00 0.104184173E+00 0.100972705E+00 0.981471837E-01
 0.957516283E-01 0.938250124E-01 0.923989266E-01 0.914948657E-01 0.911215097E-01
 0.912725180E-01 0.919251144E-01 0.930398554E-01 0.945626646E-01 0.964291990E-01
 0.222228318E+00 0.223754451E+00 0.225461692E+00 0.227476791E+00 0.229756057E+00
 0.230534256E+00 0.229495972E+00 0.227554813E+00 0.225400656E+00 0.223154366E+00
 0.220922410E+00 0.218779936E+00 0.216769278E+00 0.214910224E+00 0.213211074E+00
 0.211675569E+00 0.210306466E+00 0.209107444E+00 0.208083913E+00 0.207243294E+00
 0.206595048E+00 0.206150174E+00 0.205920115E+00 0.205914840E+00 0.206139475E+00
 0.206588149E+00 0.207233548E+00 0.208009109E+00 0.208783358E+00 0.209339187E+00
 0.209395692E+00 0.208686188E+00 0.207025677E+00 0.204330161E+00 0.200620562E+00
 0.196032569E+00 0.190805152E+00 0.185210198E+00 0.179467544E+00 0.173718408E+00
 0.168043241E+00 0.162485540E+00 0.157068461E+00 0.151804745E+00 0.146702558E+00
 0.141768917E+00 0.137011841E+00 0.132441744E+00 0.128072411E+00 0.123921469E+00
 0.120010450E+00 0.116364330E+00 0.113010570E+00 0.109977752E+00 0.107294030E+00
 0.104985401E+00 0.103074118E+00 0.101576969E+00 0.100503750E+00 0.998558477E-01
 0.996252149E-01 0.997940004E-01 0.100334853E+00 0.101212218E+00 0.102384381E+00
 0.221924692E+00 0.223661557E+00 0.225672051E+00 0.228100553E+00 0.231064379E+00
 0.233005017E+00 0.233475253E+00 0.232427418E+00 0.229869604E+00 0.226890847E+00
 0.224157318E+00 0.221748859E+00 0.219641462E+00 0.217799798E+00 0.216196179E+00
 0.214812115E+00 0.213637248E+00 0.212668315E+00 0.211908564E+00 0.211367682E+00
 0.211061910E+00 0.211014330E+00 0.211254761E+00 0.211819634E+00 0.212751657E+00
 0.214098230E+00 0.215906113E+00 0.218205288E+00 0.220956251E+00 0.223841578E+00
 0.225972295E+00 0.226646498E+00 0.225620106E+00 0.222791240E+00 0.218129873E+00
 0.211785659E+00 0.204473093E+00 0.197107002E+00 0.190013766E+00 0.183254734E+00
 0.176825374E+00 0.170705289E+00 0.164873064E+00 0.159310713E+00 0.154004827E+00
 0.148946494E+00 0.144131109E+00 0.139558196E+00 0.135231063E+00 0.131156653E+00
 0.127345100E+00 0.123809122E+00 0.120563231E+00 0.117622785E+00 0.115002908E+00
 0.112717330E+00 0.110777229E+00 0.109190166E+00 0.107959092E+00 0.107081562E+00
 0.106549256E+00 0.106347807E+00 0.106457137E+00 0.106852107E+00 0.107503667E+00
 0.221123189E+00 0.222882226E+00 0.224797830E+00 0.226868227E+00 0.229076296E+00
 0.231352895E+00 0.233140305E+00 0.233447805E+00 0.232128501E+00 0.229053035E+00
 0.225952014E+00 0.223469704E+00 0.221427590E+00 0.219723597E+00 0.218299329E+00
 0.217120349E+00 0.216167599E+00 0.215433419E+00 0.214919776E+00 0.214637995E+00
 0.214609891E+00 0.214872018E+00 0.215473711E+00 0.216477647E+00 0.217967540E+00
 0.220056653E+00 0.222902074E+00 0.226731390E+00 0.231902435E+00 0.238956690E+00
 0.244265020E+00 0.246655345E+00 0.246478096E+00 0.243501097E+00 0.237598941E+00
 0.228334889E+00 0.217039913E+00 0.207446709E+00 0.198965594E+00 0.191280201E+00
 0.184203953E+00 0.177620411E+00 0.171454638E+00 0.165656984E+00 0.160193577E+00
 0.155040875E+00 0.150182635E+00 0.145608261E+00 0.141311690E+00 0.137290716E+00
 0.133546218E+00 0.130081624E+00 0.126902029E+00 0.124013498E+00 0.121422239E+00
 0.119133726E+00 0.117151923E+00 0.115478538E+00 0.114112355E+00 0.113048784E+00
 0.112279549E+00 0.111792609E+00 0.111572325E+00 0.111599855E+00 0.111853749E+00
 0.219923899E+00 0.221776381E+00 0.223581195E+00 0.225254893E+00 0.226763681E+00
 0.228100285E+00 0.229249254E+00 0.230161369E+00 0.230080962E+00 0.227949694E+00
 0.225516036E+00 0.223532319E+00 0.221896946E+00 0.220542133E+00 0.219430774E+00
 0.218538448E+00 0.217850268E+00 0.217359737E+00 0.217068896E+00 0.216988981E+00
 0.217141584E+00 0.217573479E+00 0.218344957E+00 0.219528526E+00 0.221223965E+00
 0.223568380E+00 0.226754919E+00 0.231066093E+00 0.236927480E+00 0.244831368E+00
 0.250993371E+00 0.254013926E+00 0.254201323E+00 0.251406819E+00 0.245392606E+00
 0.235647067E+00 0.223790064E+00 0.213698834E+00 0.204846233E+00 0.196869418E+00
 0.189554900E+00 0.182778716E+00 0.176465794E+00 0.170566201E+00 0.165043280E+00
 0.159868598E+00 0.155019820E+00 0.150479689E+00 0.146235406E+00 0.142278016E+00
 0.138601705E+00 0.135203212E+00 0.132081166E+00 0.129235297E+00 0.126665905E+00
 0.124373078E+00 0.122356184E+00 0.120613284E+00 0.119140677E+00 0.117932588E+00
 0.116980948E+00 0.116275296E+00 0.115802899E+00 0.115548946E+00 0.115496866E+00
 0.680211127E+00 0.694330096E+00 0.704544723E+00 0.716733098E+00 0.729475319E+00
 0.742823362E+00 0.756736994E+00 0.771260619E+00 0.786309421E+00 0.801973522E+00
 0.818301082E+00 0.834947944E+00 0.852121711E+00 0.870341122E+00 0.889282644E+00
 0.908960044E+00 0.929405928E+00 0.950540960E+00 0.972690344E+00 0.995808721E+00
 0.101986158E+01 0.104495537E+01 0.107111061E+01 0.109839416E+01 0.112685645E+01
 0.115667546E+01 0.118784285E+01 0.122046840E+01 0.125463712E+01 0.129029429E+01
 0.132762790E+01 0.136704648E+01 0.140837824E+01 0.145171881E+01 0.149718320E+01
 0.154491293E+01 0.159543407E+01 0.164869702E+01 0.170477819E+01 0.176357722E+01
 0.182587099E+01 0.189202166E+01 0.196175468E+01 0.203528643E+01 0.211311460E+01
 0.219602013E+01 0.228378510E+01 0.237632179E+01 0.247518539E+01 0.257994771E+01
 0.269073868E+01 0.280940390E+01 0.293524814E+01 0.306849337E+01 0.321172214E+01
 0.336335516E+01 0.352604818E+01 0.370030332E+01 0.388889194E+01 0.409258842E+01
 0.431902552E+01 0.457192802E+01 0.486774111E+01 0.527621937E+01 0.684218407E+01
   86  117
 0.111343360E+01-0.200000003E+00 0.109882712E+01-0.150000006E+00 0.108497059E+01
-0.500000007E-01 0.109369028E+01 0.500000007E-01 0.110752678E+01 0.100000001E+00
 0.113218749E+01 0.162795395E+00 0.115875006E+01 0.216178745E+00 0.118531251E+01
 0.262828737E+00 0.121187496E+01 0.305249721E+00 0.124283099E+01 0.349999994E+00
 0.127986765E+01 0.400000006E+00 0.131812501E+01 0.446660429E+00 0.134468746E+01
 0.477288306E+00 0.137125003E+01 0.506300926E+00 0.141555774E+01 0.550000012E+00
 0.145093751E+01 0.581596494E+00 0.147749996E+01 0.603797019E+00 0.153062499E+01
 0.642689049E+00 0.155718756E+01 0.660709023E+00 0.161031246E+01 0.691682994E+00
 0.163687503E+01 0.705900252E+00 0.169000006E+01 0.729322851E+00 0.174312496E+01
 0.747890711E+00 0.176968753E+01 0.756401956E+00 0.182281256E+01 0.767876387E+00
 0.187593746E+01 0.772815049E+00 0.192906249E+01 0.770155668E+00 0.198218751E+01
 0.755436659E+00 0.200874996E+01 0.740241647E+00 0.205210519E+01 0.699999988E+00
 0.208541656E+01 0.649999976E+00 0.211024141E+01 0.600000024E+00 0.213130116E+01
 0.550000012E+00 0.215054131E+01 0.500000000E+00 0.216880441E+01 0.449999988E+00
 0.219468760E+01 0.374542207E+00 0.221916151E+01 0.300000012E+00 0.223540020E+01
 0.250000000E+00 0.225055194E+01 0.200000003E+00 0.227311373E+01 0.100000001E+00
 0.228041220E+01 0.500000007E-01 0.228239775E+01-0.500000007E-01 0.227437496E+01
-0.116015173E+00 0.225650716E+01-0.200000003E+00 0.224204040E+01-0.250000000E+00
 0.222125006E+01-0.314350545E+00 0.219468760E+01-0.386612713E+00 0.216960382E+01
-0.449999988E+00 0.214750957E+01-0.500000000E+00 0.212329888E+01-0.550000012E+00
 0.209660506E+01-0.600000024E+00 0.206701565E+01-0.649999976E+00 0.203531241E+01
-0.697624266E+00 0.200874996E+01-0.735878229E+00 0.198218751E+01-0.772186637E+00
 0.195562506E+01-0.806507409E+00 0.191931343E+01-0.850000024E+00 0.187834406E+01
-0.899999976E+00 0.184937501E+01-0.933874547E+00 0.182281256E+01-0.964668989E+00
 0.178980422E+01-0.100000000E+01 0.174742997E+01-0.104999995E+01 0.171656251E+01
-0.108610260E+01 0.169000006E+01-0.111813426E+01 0.164493752E+01-0.116490304E+01
 0.162643754E+01-0.118596613E+01 0.160543191E+01-0.114999998E+01 0.157558775E+01
-0.110000002E+01 0.154674351E+01-0.104999995E+01 0.151829588E+01-0.100000000E+01
 0.149002945E+01-0.949999988E+00 0.146185470E+01-0.899999976E+00 0.143375731E+01
-0.850000024E+00 0.140577745E+01-0.800000012E+00 0.137799215E+01-0.750000000E+00
 0.135049844E+01-0.699999988E+00 0.132339835E+01-0.649999976E+00 0.129678714E+01
-0.600000024E+00 0.127074528E+01-0.550000012E+00 0.124533522E+01-0.500000000E+00
 0.122060490E+01-0.449999988E+00 0.119660771E+01-0.400000006E+00 0.117345154E+01
-0.349999994E+00 0.115139937E+01-0.300000012E+00 0.113105083E+01-0.250000000E+00
 0.111343360E+01-0.200000003E+00
 0.101600003E+01 0.000000000E+00 0.101600003E+01 0.963999987E+00 0.101600003E+01
 0.967999995E+00 0.101600003E+01 0.100100005E+01 0.101600003E+01 0.101900005E+01
 0.101600003E+01 0.107700002E+01 0.101600003E+01 0.107000005E+01 0.101600003E+01
 0.109599996E+01 0.101600003E+01 0.111300004E+01 0.101600003E+01 0.113800001E+01
 0.101600003E+01 0.114699996E+01 0.101199996E+01 0.116499996E+01 0.100100005E+01
 0.121700001E+01 0.102900004E+01 0.121700001E+01 0.104200006E+01 0.116240001E+01
 0.104600000E+01 0.116237998E+01 0.105599999E+01 0.116260004E+01 0.109700000E+01
 0.116450000E+01 0.110800004E+01 0.116594005E+01 0.111600006E+01 0.116591001E+01
 0.113399994E+01 0.116895998E+01 0.114800000E+01 0.117174995E+01 0.116199994E+01
 0.117556000E+01 0.118099999E+01 0.118299997E+01 0.118200004E+01 0.118350005E+01
 0.118499994E+01 0.118499994E+01 0.119000006E+01 0.118799996E+01 0.119500005E+01
 0.119099998E+01 0.120099998E+01 0.119599998E+01 0.120899999E+01 0.120200002E+01
 0.121500003E+01 0.120799994E+01 0.122200000E+01 0.121399999E+01 0.122800004E+01
 0.122099996E+01 0.123399997E+01 0.123099995E+01 0.123899996E+01 0.123800004E+01
 0.124199998E+01 0.124399996E+01 0.124800003E+01 0.125399995E+01 0.125800002E+01
 0.127800000E+01 0.126300001E+01 0.128999996E+01 0.127999997E+01 0.133099997E+01
 0.127999997E+01 0.134700000E+01 0.127999997E+01 0.134800005E+01 0.130999994E+01
 0.134800005E+01 0.132799995E+01 0.134800005E+01 0.136099994E+01 0.134800005E+01
 0.138000000E+01 0.134800005E+01 0.141900003E+01 0.134800005E+01 0.141900003E+01
 0.130999994E+01 0.137199998E+01 0.130999994E+01 0.137167001E+01 0.129237998E+01
 0.137003005E+01 0.128268003E+01 0.136688006E+01 0.125644004E+01 0.136719000E+01
 0.122955000E+01 0.137178004E+01 0.119576001E+01 0.137223995E+01 0.119402003E+01
 0.138662004E+01 0.116487002E+01 0.138707995E+01 0.116420996E+01 0.140382004E+01
 0.115696001E+01 0.141127002E+01 0.115730000E+01 0.141857004E+01 0.116131997E+01
 0.142100000E+01 0.116400003E+01 0.148662996E+01 0.124049997E+01 0.149730003E+01
 0.123458004E+01 0.149761999E+01 0.123427999E+01 0.149744999E+01 0.123174000E+01
 0.149275005E+01 0.121329999E+01 0.149259996E+01 0.121061003E+01 0.149260998E+01
 0.120485997E+01 0.149278998E+01 0.120213997E+01 0.149339998E+01 0.119641995E+01
 0.149469995E+01 0.118510997E+01 0.149621999E+01 0.116069996E+01 0.147981000E+01
 0.112425995E+01 0.148081994E+01 0.112256002E+01 0.148149002E+01 0.112137997E+01
 0.148645997E+01 0.111691999E+01 0.149094999E+01 0.111439002E+01 0.150304997E+01
 0.111243999E+01 0.159696996E+01 0.109489000E+01 0.162549996E+01 0.108529997E+01
 0.163751996E+01 0.107988000E+01 0.164699996E+01 0.107700002E+01 0.178499997E+01
 0.107700002E+01 0.206999993E+01 0.103999996E+01 0.212800002E+01 0.992999971E+00
 0.224499989E+01 0.708999991E+00 0.233956003E+01 0.461430013E+00 0.234707999E+01
 0.415829986E+00 0.234912992E+01 0.272179991E+00 0.235103011E+01 0.170179993E+00
 0.235157990E+01 0.701199993E-01 0.235124993E+01-0.317899995E-01 0.235050988E+01
-0.144350007E+00 0.234964991E+01-0.214829996E+00 0.234870005E+01-0.326689988E+00
 0.234759998E+01-0.386770010E+00 0.234019995E+01-0.453040004E+00 0.232942009E+01
-0.477569997E+00 0.213400006E+01-0.972999990E+00 0.178600001E+01-0.117400002E+01
 0.176800001E+01-0.121099997E+01 0.176800001E+01-0.125000000E+01 0.168200004E+01
-0.125000000E+01 0.137199998E+01-0.125000000E+01 0.137199998E+01-0.132900000E+01
 0.141999996E+01-0.132900000E+01 0.141999996E+01-0.136300004E+01 0.127300000E+01
-0.136300004E+01 0.115300000E+01-0.136300004E+01 0.101600003E+01-0.122300005E+01
 0.101600003E+01-0.122300005E+01 0.101600003E+01-0.829999983E+00 0.101600003E+01
-0.800000012E+00 0.101600003E+01-0.414999992E+00 0.101600003E+01-0.400000006E+00
 0.101600003E+01-0.100000005E-02 0.101600003E+01 0.000000000E+00
    0 0.170000005E+01    1
 0.000000000E+00 0.000000000E+00 0.000000000E+00 0.000000000E+00 0.000000000E+00
 0.000000000E+00 0.000000000E+00 0.000000000E+00 0.000000000E+00 0.000000000E+00
 0.000000000E+00 0.000000000E+00 0.000000000E+00 0.000000000E+00 0.000000000E+00
 0.000000000E+00 0.000000000E+00 0.000000000E+00 0.000000000E+00 0.000000000E+00
 0.000000000E+00 0.000000000E+00 0.000000000E+00 0.000000000E+00 0.000000000E+00
 0.000000000E+00 0.000000000E+00 0.000000000E+00 0.000000000E+00 0.000000000E+00
 0.000000000E+00 0.000000000E+00 0.000000000E+00 0.000000000E+00 0.000000000E+00
 0.000000000E+00 0.000000000E+00 0.000000000E+00 0.000000000E+00 0.000000000E+00
 0.000000000E+00 0.000000000E+00 0.000000000E+00 0.000000000E+00 0.000000000E+00
 0.000000000E+00 0.000000000E+00 0.000000000E+00 0.000000000E+00 0.000000000E+00
 0.000000000E+00 0.000000000E+00 0.000000000E+00 0.000000000E+00 0.000000000E+00
 0.000000000E+00 0.000000000E+00 0.000000000E+00 0.000000000E+00 0.000000000E+00
 0.000000000E+00 0.000000000E+00 0.000000000E+00 0.000000000E+00 0.000000000E+00
 0.000000000E+00 0.749856234E-01 0.106843688E+00 0.131540924E+00 0.152666688E+00
 0.171558917E+00 0.188874066E+00 0.205005690E+00 0.220258683E+00 0.234784573E+00
 0.247533873E+00 0.261136264E+00 0.274280816E+00 0.287030905E+00 0.299631268E+00
 0.311952859E+00 0.324012429E+00 0.335920960E+00 0.347646296E+00 0.359311640E+00
 0.370879233E+00 0.382315695E+00 0.393717378E+00 0.405068606E+00 0.416384816E+00
 0.427699953E+00 0.438998103E+00 0.450321525E+00 0.461690396E+00 0.473041892E+00
 0.484439403E+00 0.495953619E+00 0.507517338E+00 0.519156933E+00 0.530882835E+00
 0.542697310E+00 0.554655492E+00 0.566753209E+00 0.578993797E+00 0.591338277E+00
 0.603864253E+00 0.616606295E+00 0.629526138E+00 0.642633319E+00 0.655939579E+00
 0.669525802E+00 0.683363020E+00 0.697421730E+00 0.711791754E+00 0.726458073E+00
 0.741416454E+00 0.756751239E+00 0.772420108E+00 0.788435936E+00 0.804896474E+00
 0.821743429E+00 0.839034200E+00 0.856794298E+00 0.875071585E+00 0.893855274E+00
 0.913248420E+00 0.933299780E+00 0.954119742E+00 0.976003289E+00 0.100000000E+01
    1
 0.000000000E+00 0.000000000E+00 0.000000000E+00 0.000000000E+00 0.000000000E+00
 0.000000000E+00 0.000000000E+00 0.000000000E+00 0.000000000E+00 0.000000000E+00
 0.000000000E+00 0.000000000E+00 0.000000000E+00 0.000000000E+00 0.000000000E+00
 0.000000000E+00 0.000000000E+00 0.000000000E+00 0.000000000E+00 0.000000000E+00
 0.000000000E+00 0.000000000E+00 0.000000000E+00 0.000000000E+00 0.000000000E+00
 0.000000000E+00 0.000000000E+00 0.000000000E+00 0.000000000E+00 0.000000000E+00
 0.000000000E+00 0.000000000E+00 0.000000000E+00 0.000000000E+00 0.000000000E+00
 0.000000000E+00 0.000000000E+00 0.000000000E+00 0.000000000E+00 0.000000000E+00
 0.000000000E+00 0.000000000E+00 0.000000000E+00 0.000000000E+00 0.000000000E+00
 0.000000000E+00 0.000000000E+00 0.000000000E+00 0.000000000E+00 0.000000000E+00
 0.000000000E+00 0.000000000E+00 0.000000000E+00 0.000000000E+00 0.000000000E+00
 0.000000000E+00 0.000000000E+00 0.000000000E+00 0.000000000E+00 0.000000000E+00
 0.000000000E+00 0.000000000E+00 0.000000000E+00 0.000000000E+00 0.000000000E+00
&BASIS
 EE2BDRY= 32*0.00000000      ,
 EEBDRY= 32*0.00000000      ,
 EEKNT= 32*0.00000000      ,
 EETENS=  5.00000000    ,
 FF2BDRY= 64*0.00000000      ,
 FFBDRY=  2.98255682    , -9.92795563    ,  7.09427977    , 61*0.00000000      ,
 FFKNT= 64*0.00000000      ,
 FFTENS=  0.00000000    ,
 KEE2BDRY= 32*0          ,
 KEEBDRY= 32*0          ,
 KEEFNC=          0,
 KEEKNT=          0,
 KFF2BDRY= 64*0          ,
 KFFBDRY= 64*0          ,
 KFFFNC=          0,
 KFFKNT=          0,
 KPP2BDRY= 64*0          ,
 KPPBDRY= 64*0          ,
 KPPFNC=          0,
 KPPKNT=          0,
 KWW2BDRY= 64*0          ,
 KWWBDRY= 64*0          ,
 KWWFNC=          0,
 KWWKNT=          0,
 PP2BDRY= 64*0.00000000      ,
 PPBDRY=  634559.125    , -479221.812    , 62*0.00000000      ,
 PPKNT= 64*0.00000000      ,
 PPTENS=  0.00000000    ,
 WW2BDRY= 64*0.00000000      ,
 WWBDRY= -991.366821    , -59251.8438    , 62*0.00000000      ,
 WWKNT= 64*0.00000000      ,
 WWTENS=  0.00000000    ,
 /
