  EFITD    01/21/2000    #180533  2800ms           7  65  65
 0.170000005E+01 0.320000005E+01 0.169550002E+01 0.839999974E+00 0.000000000E+00
 0.179394853E+01-0.507688113E-01-0.273878932E+00 0.901188515E-02-0.196871090E+01
 0.886918938E+06-0.273878932E+00 0.000000000E+00 0.179394853E+01 0.000000000E+00
-0.507688113E-01 0.000000000E+00 0.901188515E-02 0.000000000E+00 0.000000000E+00
-0.341519856E+01-0.340943456E+01-0.340391946E+01-0.339864898E+01-0.339361858E+01
-0.338882375E+01-0.338426018E+01-0.337992334E+01-0.337580848E+01-0.337191081E+01
-0.336822557E+01-0.336474824E+01-0.336147356E+01-0.335839653E+01-0.335551262E+01
-0.335281610E+01-0.335030246E+01-0.334796643E+01-0.334580255E+01-0.334380579E+01
-0.334197068E+01-0.334029222E+01-0.333876467E+01-0.333738303E+01-0.333614182E+01
-0.333503532E+01-0.333405852E+01-0.333320570E+01-0.333247137E+01-0.333185005E+01
-0.333133602E+01-0.333092403E+01-0.333060861E+01-0.333038378E+01-0.333024430E+01
-0.333018446E+01-0.333019853E+01-0.333028126E+01-0.333042669E+01-0.333062959E+01
-0.333088398E+01-0.333118463E+01-0.333152556E+01-0.333190155E+01-0.333230662E+01
-0.333273530E+01-0.333318233E+01-0.333364153E+01-0.333410788E+01-0.333457518E+01
-0.333503842E+01-0.333549166E+01-0.333592963E+01-0.333634639E+01-0.333673668E+01
-0.333709455E+01-0.333741474E+01-0.333769178E+01-0.333791971E+01-0.333809352E+01
-0.333820701E+01-0.333825493E+01-0.333823156E+01-0.333813167E+01-0.333794928E+01
 0.823730703E+05 0.804812109E+05 0.786085547E+05 0.767550938E+05 0.749208281E+05
 0.731057656E+05 0.713098984E+05 0.695332344E+05 0.677757734E+05 0.660375078E+05
 0.643184414E+05 0.626185781E+05 0.609379102E+05 0.592764414E+05 0.576341719E+05
 0.560111055E+05 0.544072344E+05 0.528225664E+05 0.512570938E+05 0.497108242E+05
 0.481837539E+05 0.466758789E+05 0.451872070E+05 0.437177344E+05 0.422674609E+05
 0.408363828E+05 0.394245078E+05 0.380318320E+05 0.366583555E+05 0.353040781E+05
 0.339690000E+05 0.326531230E+05 0.313564453E+05 0.300789648E+05 0.288206855E+05
 0.275816035E+05 0.263617227E+05 0.251610410E+05 0.239795586E+05 0.228172754E+05
 0.216741914E+05 0.205503066E+05 0.194456211E+05 0.183601367E+05 0.172938496E+05
 0.162467627E+05 0.152188760E+05 0.142101875E+05 0.132206992E+05 0.122504102E+05
 0.112993203E+05 0.103674297E+05 0.945473926E+04 0.856124707E+04 0.768695508E+04
 0.683186230E+04 0.599596875E+04 0.517927490E+04 0.438178027E+04 0.360348511E+04
 0.284438916E+04 0.210449292E+04 0.138379578E+04 0.682298218E+03 0.000000000E+00
-0.455020428E+01-0.434902382E+01-0.415205717E+01-0.395930481E+01-0.377076602E+01
-0.358644128E+01-0.340633035E+01-0.323043346E+01-0.305875015E+01-0.289128089E+01
-0.272802567E+01-0.256898427E+01-0.241415668E+01-0.226354289E+01-0.211714315E+01
-0.197495723E+01-0.183698523E+01-0.170322704E+01-0.157368279E+01-0.144835246E+01
-0.132723606E+01-0.121033347E+01-0.109764481E+01-0.989169955E+00-0.884909093E+00
-0.784862041E+00-0.689028919E+00-0.597409725E+00-0.510004342E+00-0.426812917E+00
-0.347835332E+00-0.273071676E+00-0.202521876E+00-0.136185974E+00-0.740639716E-01
-0.161558483E-01 0.375383832E-01 0.870187208E-01 0.132285178E+00 0.173337743E+00
 0.210176408E+00 0.242801189E+00 0.271212101E+00 0.295409083E+00 0.315392196E+00
 0.331161439E+00 0.342716783E+00 0.350058228E+00 0.353185773E+00 0.352099448E+00
 0.346799225E+00 0.337285131E+00 0.323557109E+00 0.305615216E+00 0.283459455E+00
 0.257089794E+00 0.226506233E+00 0.191708788E+00 0.152697444E+00 0.109472230E+00
 0.620331131E-01 0.103801107E-01-0.454867817E-01-0.105567560E+00-0.169862226E+00
-0.430178125E+06-0.425834531E+06-0.421490938E+06-0.417147344E+06-0.412803750E+06
-0.408460156E+06-0.404116562E+06-0.399773000E+06-0.395429406E+06-0.391085812E+06
-0.386742219E+06-0.382398625E+06-0.378055031E+06-0.373711438E+06-0.369367875E+06
-0.365024281E+06-0.360680688E+06-0.356337094E+06-0.351993500E+06-0.347649906E+06
-0.343306344E+06-0.338962750E+06-0.334619156E+06-0.330275562E+06-0.325931969E+06
-0.321588375E+06-0.317244781E+06-0.312901219E+06-0.308557625E+06-0.304214031E+06
-0.299870438E+06-0.295526844E+06-0.291183250E+06-0.286839656E+06-0.282496094E+06
-0.278152500E+06-0.273808906E+06-0.269465312E+06-0.265121719E+06-0.260778141E+06
-0.256434547E+06-0.252090953E+06-0.247747375E+06-0.243403781E+06-0.239060188E+06
-0.234716609E+06-0.230373016E+06-0.226029422E+06-0.221685828E+06-0.217342250E+06
-0.212998656E+06-0.208655062E+06-0.204311484E+06-0.199967891E+06-0.195624297E+06
-0.191280719E+06-0.186937125E+06-0.182593531E+06-0.178249938E+06-0.173906359E+06
-0.169562766E+06-0.165219172E+06-0.160875594E+06-0.156532000E+06-0.152188406E+06
 0.955318138E-01 0.879757032E-01 0.796226189E-01 0.704301670E-01 0.604789257E-01
 0.499699153E-01 0.391925387E-01 0.284747314E-01 0.204680115E-01 0.178910531E-01
 0.149532268E-01 0.923779048E-02 0.226299628E-02-0.330991228E-02-0.786260609E-02
-0.115251290E-01-0.142942155E-01-0.160898920E-01-0.167187043E-01-0.157857891E-01
-0.125317872E-01-0.948030222E-02-0.857838336E-02-0.925455801E-02-0.112601975E-01
-0.145411985E-01-0.191928335E-01-0.254739076E-01-0.338731930E-01-0.450817719E-01
-0.537686460E-01-0.581732988E-01-0.588449948E-01-0.554848909E-01-0.479351133E-01
-0.356341638E-01-0.206285343E-01-0.835999567E-02 0.201357971E-02 0.110420370E-01
 0.190960169E-01 0.264356174E-01 0.332463868E-01 0.396599248E-01 0.457680859E-01
 0.516337045E-01 0.572985299E-01 0.627888888E-01 0.681196526E-01 0.732969791E-01
 0.783203915E-01 0.831843615E-01 0.878796801E-01 0.923947096E-01 0.967166051E-01
 0.100832470E+00 0.104730397E+00 0.108400479E+00 0.111835517E+00 0.115031593E+00
 0.117988266E+00 0.120708592E+00 0.123198830E+00 0.125467986E+00 0.127527207E+00
 0.944775343E-01 0.857399777E-01 0.758860260E-01 0.647726357E-01 0.524064973E-01
 0.390292257E-01 0.266134366E-01 0.179935079E-01 0.137613788E-01 0.140731968E-01
 0.134813003E-01 0.104655279E-01 0.625929097E-02 0.212875125E-02-0.161023065E-02
-0.483406149E-02-0.744626159E-02-0.934260618E-02-0.103996769E-01-0.104857171E-01
-0.960364658E-02-0.877251569E-02-0.893952977E-02-0.101832682E-01-0.125071723E-01
-0.159655064E-01-0.207010508E-01-0.269884467E-01-0.353157856E-01-0.463322960E-01
-0.549409278E-01-0.593341030E-01-0.599754937E-01-0.567188933E-01-0.492968485E-01
-0.370580964E-01-0.221930798E-01-0.985728391E-02 0.725355407E-03 0.100724129E-01
 0.185203645E-01 0.263004079E-01 0.335768685E-01 0.404682308E-01 0.470597446E-01
 0.534116700E-01 0.595650151E-01 0.655456632E-01 0.713673905E-01 0.770341456E-01
 0.825418904E-01 0.878801271E-01 0.930334702E-01 0.979831591E-01 0.102708772E+00
 0.107189909E+00 0.111407936E+00 0.115347549E+00 0.118998043E+00 0.122354120E+00
 0.125416234E+00 0.128190398E+00 0.130687520E+00 0.132922426E+00 0.134912789E+00
 0.958025381E-01 0.864968598E-01 0.756777823E-01 0.628260076E-01 0.477547944E-01
 0.352896638E-01 0.265795942E-01 0.218393430E-01 0.212341323E-01 0.212107785E-01
 0.201640390E-01 0.180721544E-01 0.152821681E-01 0.121847261E-01 0.908052363E-02
 0.616776664E-02 0.357357971E-02 0.137604284E-02-0.394636678E-03-0.177814183E-02
-0.292232283E-02-0.408477848E-02-0.553838629E-02-0.747960713E-02-0.100308172E-01
-0.132778268E-01-0.172950625E-01-0.221484993E-01-0.278534144E-01-0.340509862E-01
-0.390086509E-01-0.415641889E-01-0.414783545E-01-0.386384651E-01-0.329649337E-01
-0.245456677E-01-0.146307237E-01-0.497825956E-02 0.408799946E-02 0.125943478E-01
 0.206209458E-01 0.282527469E-01 0.355658978E-01 0.426238067E-01 0.494765304E-01
 0.561613552E-01 0.627037212E-01 0.691181645E-01 0.754091740E-01 0.815719366E-01
 0.875931680E-01 0.934519768E-01 0.991211310E-01 0.104568779E+00 0.109760597E+00
 0.114662491E+00 0.119243458E+00 0.123478323E+00 0.127350032E+00 0.130851001E+00
 0.133983612E+00 0.136759460E+00 0.139197901E+00 0.141323939E+00 0.143166021E+00
 0.100243241E+00 0.913552940E-01 0.809905529E-01 0.687635392E-01 0.551178530E-01
 0.455608778E-01 0.407841466E-01 0.380731896E-01 0.356538929E-01 0.332695805E-01
 0.307273306E-01 0.279465504E-01 0.249580257E-01 0.218584109E-01 0.187614001E-01
 0.157674048E-01 0.129503608E-01 0.103525752E-01 0.798090361E-02 0.580285769E-02
 0.374662457E-02 0.171145820E-02-0.410935289E-03-0.271392288E-02-0.526200887E-02
-0.808392838E-02-0.111636650E-01-0.144191580E-01-0.176612027E-01-0.205480326E-01
-0.226154998E-01-0.234280042E-01-0.226985477E-01-0.203025285E-01-0.162741952E-01
-0.108311959E-01-0.437140604E-02 0.265703001E-02 0.991914701E-02 0.172263663E-01
 0.244903341E-01 0.316781700E-01 0.387848839E-01 0.458179042E-01 0.527884141E-01
 0.597063936E-01 0.665776655E-01 0.734019056E-01 0.801712647E-01 0.868692398E-01
 0.934698880E-01 0.999374464E-01 0.106226742E+00 0.112284765E+00 0.118053600E+00
 0.123474889E+00 0.128495157E+00 0.133071244E+00 0.137174815E+00 0.140795067E+00
 0.143939197E+00 0.146630585E+00 0.148905084E+00 0.150806457E+00 0.152381703E+00
 0.107897937E+00 0.100320585E+00 0.915217847E-01 0.816243738E-01 0.716718808E-01
 0.647077784E-01 0.590090640E-01 0.541472360E-01 0.498334393E-01 0.458586514E-01
 0.420763269E-01 0.383981317E-01 0.347873978E-01 0.312459655E-01 0.277977306E-01
 0.244736280E-01 0.213005207E-01 0.182940122E-01 0.154543817E-01 0.127653517E-01
 0.101960339E-01 0.770642608E-02 0.525582815E-02 0.281242724E-02 0.362418155E-03
-0.208168710E-02-0.447279494E-02-0.672081904E-02-0.868688244E-02-0.101873754E-01
-0.110156341E-01-0.109787034E-01-0.993387401E-02-0.781237660E-02-0.462920079E-02
-0.480220013E-03 0.447705388E-02 0.100590894E-01 0.160944648E-01 0.224471260E-01
 0.290210862E-01 0.357541926E-01 0.426088348E-01 0.495634079E-01 0.566056073E-01
 0.637273341E-01 0.709207729E-01 0.781751499E-01 0.854737908E-01 0.927912071E-01
 0.100090079E+00 0.107318521E+00 0.114408053E+00 0.121273734E+00 0.127817720E+00
 0.133937255E+00 0.139536083E+00 0.144536555E+00 0.148889482E+00 0.152579948E+00
 0.155627772E+00 0.158082843E+00 0.160015807E+00 0.161506802E+00 0.162635431E+00
 0.118784040E+00 0.113239944E+00 0.105059594E+00 0.962914154E-01 0.880671516E-01
 0.806108937E-01 0.739502832E-01 0.679709688E-01 0.625341162E-01 0.575152598E-01
 0.528149828E-01 0.483613648E-01 0.441084579E-01 0.400318876E-01 0.361226648E-01
 0.323806405E-01 0.288087074E-01 0.254084300E-01 0.221773963E-01 0.191083811E-01
 0.161903333E-01 0.134110590E-01 0.107612051E-01 0.823899452E-02 0.585507881E-02
 0.363696809E-02 0.163251476E-02-0.883973989E-04-0.143526646E-02-0.230294140E-02
-0.258263224E-02-0.217630225E-02-0.101081736E-02 0.951665454E-03 0.370909227E-02
 0.722150644E-02 0.114193717E-01 0.162163433E-01 0.215229280E-01 0.272573307E-01
 0.333515480E-01 0.397530608E-01 0.464235842E-01 0.533364266E-01 0.604733489E-01
 0.678214803E-01 0.753702670E-01 0.831083804E-01 0.910202265E-01 0.990816206E-01
 0.107254155E+00 0.115477815E+00 0.123662151E+00 0.131678447E+00 0.139359161E+00
 0.146512613E+00 0.152952880E+00 0.158531442E+00 0.163158596E+00 0.166814014E+00
 0.169549346E+00 0.171478584E+00 0.172752619E+00 0.173526585E+00 0.173936233E+00
 0.128865764E+00 0.124710329E+00 0.117082849E+00 0.108486526E+00 0.100416981E+00
 0.928863361E-01 0.858867317E-01 0.793853551E-01 0.733303949E-01 0.676636323E-01
 0.623300895E-01 0.572834834E-01 0.524883196E-01 0.479196832E-01 0.435615890E-01
 0.394046009E-01 0.354434066E-01 0.316747651E-01 0.280962046E-01 0.247055665E-01
 0.215014834E-01 0.184846856E-01 0.156599432E-01 0.130383847E-01 0.106398016E-01
 0.849459693E-02 0.664490554E-02 0.514438516E-02 0.405615242E-02 0.344844209E-02
 0.338796619E-02 0.393185858E-02 0.512131210E-02 0.697825523E-02 0.950412918E-02
 0.126811620E-01 0.164759904E-01 0.208449531E-01 0.257399455E-01 0.311137103E-01
 0.369237512E-01 0.431346409E-01 0.497189015E-01 0.566568337E-01 0.639357194E-01
 0.715486109E-01 0.794928595E-01 0.877682939E-01 0.963747129E-01 0.105308145E+00
 0.114554465E+00 0.124078199E+00 0.133801654E+00 0.143567502E+00 0.153088987E+00
 0.161953330E+00 0.169751734E+00 0.176197723E+00 0.181133747E+00 0.184520498E+00
 0.186465353E+00 0.187253177E+00 0.187263429E+00 0.186814725E+00 0.186116651E+00
 0.136811256E+00 0.133461371E+00 0.126247153E+00 0.117967464E+00 0.110061012E+00
 0.102537617E+00 0.954004601E-01 0.886402577E-01 0.822379142E-01 0.761684701E-01
 0.704051480E-01 0.649226010E-01 0.596989654E-01 0.547168143E-01 0.499631986E-01
 0.454291962E-01 0.411091745E-01 0.370001011E-01 0.331011117E-01 0.294133760E-01
 0.259404369E-01 0.226888824E-01 0.196693391E-01 0.168976244E-01 0.143958898E-01
 0.121935625E-01 0.103278831E-01 0.884381402E-02 0.779301906E-02 0.723132445E-02
 0.721308403E-02 0.777794095E-02 0.894711353E-02 0.107303280E-01 0.131266145E-01
 0.161255300E-01 0.197088141E-01 0.238527395E-01 0.285308175E-01 0.337164700E-01
 0.393853411E-01 0.455170944E-01 0.520966575E-01 0.591150112E-01 0.665696710E-01
 0.744650215E-01 0.828126445E-01 0.916316286E-01 0.100949071E+00 0.110800460E+00
 0.121229790E+00 0.132288322E+00 0.144029558E+00 0.156493276E+00 0.169567093E+00
 0.181744084E+00 0.191804439E+00 0.199585080E+00 0.204946190E+00 0.207717404E+00
 0.207717329E+00 0.205622360E+00 0.203220800E+00 0.200857580E+00 0.198627338E+00
 0.142921597E+00 0.140048221E+00 0.133293316E+00 0.125302166E+00 0.117562503E+00
 0.110095367E+00 0.102912694E+00 0.960181057E-01 0.894088000E-01 0.830773860E-01
 0.770138502E-01 0.712072328E-01 0.656469986E-01 0.603240058E-01 0.552310161E-01
 0.503629223E-01 0.457167961E-01 0.412918292E-01 0.370893553E-01 0.331129394E-01
 0.293686595E-01 0.258655101E-01 0.226159580E-01 0.196365565E-01 0.169486161E-01
 0.145788770E-01 0.125602828E-01 0.109330788E-01 0.974694081E-02 0.906568952E-02
 0.897829887E-02 0.951971300E-02 0.106662354E-01 0.124121811E-01 0.147492038E-01
 0.176674668E-01 0.211546086E-01 0.251964740E-01 0.297782570E-01 0.348857529E-01
 0.405066498E-01 0.466317311E-01 0.532560833E-01 0.603802055E-01 0.680112243E-01
 0.761642456E-01 0.848641470E-01 0.941479802E-01 0.104068570E+00 0.114699975E+00
 0.126146272E+00 0.138556555E+00 0.152152598E+00 0.167282850E+00 0.184188530E+00
 0.199698046E+00 0.212179780E+00 0.221579298E+00 0.227771789E+00 0.230391130E+00
 0.229254708E+00 0.224238083E+00 0.218886226E+00 0.214278385E+00 0.210362196E+00
 0.147687361E+00 0.145114765E+00 0.138695642E+00 0.130927235E+00 0.123328313E+00
 0.115925930E+00 0.108733490E+00 0.101760820E+00 0.950142369E-01 0.884968042E-01
 0.822089761E-01 0.761494339E-01 0.703159794E-01 0.647062883E-01 0.593185052E-01
 0.541517064E-01 0.492061749E-01 0.444836505E-01 0.399875119E-01 0.357229896E-01
 0.316973664E-01 0.279202517E-01 0.244038645E-01 0.211633015E-01 0.182168093E-01
 0.155859673E-01 0.132958274E-01 0.113748983E-01 0.985490531E-02 0.876991451E-02
 0.852336362E-02 0.915879756E-02 0.103351176E-01 0.121050812E-01 0.144487238E-01
 0.173602737E-01 0.208304264E-01 0.248502586E-01 0.294120647E-01 0.345095135E-01
 0.401380956E-01 0.462958626E-01 0.529844202E-01 0.602100976E-01 0.679853782E-01
 0.763306171E-01 0.852763802E-01 0.948664844E-01 0.105162516E+00 0.116250217E+00
 0.128249064E+00 0.141326472E+00 0.155718118E+00 0.171751484E+00 0.189841807E+00
 0.208158612E+00 0.222910166E+00 0.233954474E+00 0.241316751E+00 0.244939581E+00
 0.244391114E+00 0.239507347E+00 0.231593713E+00 0.225076094E+00 0.219824597E+00
 0.151464373E+00 0.149134994E+00 0.142736793E+00 0.135122716E+00 0.127646446E+00
 0.120301925E+00 0.113103874E+00 0.106069006E+00 0.992116034E-01 0.925424471E-01
 0.860690996E-01 0.797966570E-01 0.737285465E-01 0.678672865E-01 0.622150749E-01
 0.567742921E-01 0.515478887E-01 0.465396903E-01 0.417546369E-01 0.371989794E-01
 0.328804590E-01 0.288084447E-01 0.249940380E-01 0.214501098E-01 0.181912724E-01
 0.152336927E-01 0.125947176E-01 0.102921827E-01 0.834319182E-02 0.712031685E-02
 0.664378097E-02 0.692924531E-02 0.797899719E-02 0.987464841E-02 0.122750588E-01
 0.152416481E-01 0.187541377E-01 0.228059329E-01 0.273958519E-01 0.325239450E-01
 0.381910317E-01 0.443991721E-01 0.511526279E-01 0.584589988E-01 0.663305148E-01
 0.747855082E-01 0.838502273E-01 0.935611352E-01 0.103967883E+00 0.115137167E+00
 0.127157718E+00 0.140146255E+00 0.154253870E+00 0.169671774E+00 0.186635956E+00
 0.205340847E+00 0.221606582E+00 0.233988076E+00 0.242580831E+00 0.247416884E+00
 0.248602524E+00 0.245686948E+00 0.238618225E+00 0.231214702E+00 0.225549802E+00
 0.153821617E+00 0.151443660E+00 0.145447701E+00 0.138124570E+00 0.130774364E+00
 0.123455398E+00 0.116220981E+00 0.109105706E+00 0.102132656E+00 0.953178853E-01
 0.886728391E-01 0.822059214E-01 0.759235397E-01 0.698309094E-01 0.639326274E-01
 0.582331531E-01 0.527371764E-01 0.474498980E-01 0.423772521E-01 0.375260524E-01
 0.329041220E-01 0.285203364E-01 0.243846234E-01 0.205078796E-01 0.169017855E-01
 0.135785025E-01 0.105501954E-01 0.782834087E-02 0.576902740E-02 0.438611489E-02
 0.369625096E-02 0.371728535E-02 0.446802983E-02 0.597174745E-02 0.823877752E-02
 0.113602197E-01 0.149650387E-01 0.190787613E-01 0.237217546E-01 0.289021656E-01
 0.346244946E-01 0.408915766E-01 0.477064997E-01 0.550738983E-01 0.630008876E-01
 0.714978725E-01 0.805793032E-01 0.902644768E-01 0.100578271E+00 0.111551650E+00
 0.123221770E+00 0.135631084E+00 0.148825228E+00 0.162849948E+00 0.177751601E+00
 0.193607494E+00 0.209641784E+00 0.221976355E+00 0.231053978E+00 0.237106755E+00
 0.240021482E+00 0.240038395E+00 0.236768112E+00 0.230962127E+00 0.226599798E+00
 0.156654492E+00 0.154356286E+00 0.148025274E+00 0.140507564E+00 0.133018285E+00
 0.125578463E+00 0.118224651E+00 0.110982507E+00 0.103870124E+00 0.969007909E-01
 0.900846794E-01 0.834298208E-01 0.769428834E-01 0.706297159E-01 0.644957200E-01
 0.585462376E-01 0.527867898E-01 0.472232923E-01 0.418621935E-01 0.367106050E-01
 0.317763127E-01 0.270678140E-01 0.225942247E-01 0.183651596E-01 0.143905114E-01
 0.106801437E-01 0.724347727E-02 0.442283740E-02 0.222718506E-02 0.670164358E-03
-0.230998674E-03-0.456155976E-03 0.178265636E-04 0.121813500E-02 0.317782722E-02
 0.594456168E-02 0.957505405E-02 0.137029123E-01 0.183945745E-01 0.236355420E-01
 0.294267815E-01 0.357651599E-01 0.426480025E-01 0.500738174E-01 0.580419414E-01
 0.665522218E-01 0.756046474E-01 0.851988122E-01 0.953328088E-01 0.106001399E+00
 0.117192656E+00 0.128882423E+00 0.141024709E+00 0.153534681E+00 0.166255355E+00
 0.178885013E+00 0.190848857E+00 0.201402873E+00 0.210094199E+00 0.216767251E+00
 0.221400961E+00 0.224072516E+00 0.225010440E+00 0.224726796E+00 0.223946214E+00
 0.159048855E+00 0.156962067E+00 0.150097594E+00 0.142119795E+00 0.134321764E+00
 0.126663879E+00 0.119134828E+00 0.111734435E+00 0.104466662E+00 0.973366871E-01
 0.903498381E-01 0.835113004E-01 0.768261328E-01 0.702993348E-01 0.639360249E-01
 0.577415340E-01 0.517215766E-01 0.458823107E-01 0.402304418E-01 0.347732455E-01
 0.295185801E-01 0.244748350E-01 0.196508504E-01 0.150557552E-01 0.106987692E-01
 0.658892281E-02 0.305586983E-02 0.104868392E-03-0.225325744E-02-0.400325982E-02
-0.512642832E-02-0.560133532E-02-0.540433498E-02-0.450988347E-02-0.289094937E-02
-0.520079338E-03 0.262599438E-02 0.655726949E-02 0.113742920E-01 0.166966580E-01
 0.225914251E-01 0.290332437E-01 0.360111818E-01 0.435188226E-01 0.515488721E-01
 0.600917488E-01 0.691347867E-01 0.786611736E-01 0.886482298E-01 0.990648419E-01
 0.109867647E+00 0.120995395E+00 0.132360980E+00 0.143840462E+00 0.155259803E+00
 0.166384712E+00 0.176929012E+00 0.186598495E+00 0.195152700E+00 0.202441484E+00
 0.208410084E+00 0.213095814E+00 0.216626376E+00 0.219206452E+00 0.221072510E+00
 0.159321710E+00 0.157212734E+00 0.150482059E+00 0.142361701E+00 0.134392366E+00
 0.126571387E+00 0.118890643E+00 0.111344770E+00 0.103931203E+00 0.966495052E-01
 0.895007551E-01 0.824871436E-01 0.756117031E-01 0.688781664E-01 0.622908771E-01
 0.558548123E-01 0.495755672E-01 0.434593596E-01 0.375130698E-01 0.317442007E-01
 0.261608772E-01 0.207717679E-01 0.155859934E-01 0.106129711E-01 0.586223276E-02
 0.165127474E-02-0.201729266E-02-0.513450569E-02-0.768624200E-02-0.965431053E-02
-0.110174501E-01-0.117522050E-01-0.118336845E-01-0.112362308E-01-0.993403234E-02
-0.790173654E-02-0.511498982E-02-0.154990377E-02 0.282127131E-02 0.801078696E-02
 0.141225699E-01 0.207285732E-01 0.278451350E-01 0.354801007E-01 0.436244011E-01
 0.522615500E-01 0.613697246E-01 0.709212124E-01 0.808809549E-01 0.912045538E-01
 0.101835608E+00 0.112702414E+00 0.123714313E+00 0.134758219E+00 0.145697013E+00
 0.156371921E+00 0.166611806E+00 0.176249102E+00 0.185138613E+00 0.193172872E+00
 0.200290829E+00 0.206479907E+00 0.211772099E+00 0.216233999E+00 0.219950899E+00
 0.158472985E+00 0.156320065E+00 0.149433076E+00 0.141218767E+00 0.133155778E+00
 0.125237659E+00 0.117456123E+00 0.109803423E+00 0.102273732E+00 0.948634818E-01
 0.875711590E-01 0.803969875E-01 0.733425394E-01 0.664105713E-01 0.596048236E-01
 0.529299378E-01 0.463914014E-01 0.399955399E-01 0.337494761E-01 0.276611205E-01
 0.217391346E-01 0.159928650E-01 0.104322610E-01 0.506773544E-02 0.204717100E-03
-0.415615086E-02-0.800699927E-02-0.113339406E-01-0.141182262E-01-0.163373593E-01
-0.179661475E-01-0.189776886E-01-0.193442535E-01-0.190380402E-01-0.180317555E-01
-0.162989441E-01-0.138138896E-01-0.105508231E-01-0.648207730E-02-0.157548988E-02
 0.421595527E-02 0.109479921E-01 0.181949921E-01 0.260081701E-01 0.343424976E-01
 0.431667715E-01 0.524517335E-01 0.621634871E-01 0.722613707E-01 0.826966837E-01
 0.934113413E-01 0.104336418E+00 0.115390897E+00 0.126481056E+00 0.137501195E+00
 0.148336291E+00 0.158866853E+00 0.168975651E+00 0.178555116E+00 0.187513769E+00
 0.195780680E+00 0.203307301E+00 0.210066766E+00 0.216050863E+00 0.221265763E+00
 0.156271696E+00 0.154011235E+00 0.146964177E+00 0.138701081E+00 0.130609527E+00
 0.122662924E+00 0.114842243E+00 0.107133657E+00 0.995282531E-01 0.920208767E-01
 0.846091285E-01 0.772926137E-01 0.700725242E-01 0.629512817E-01 0.559324399E-01
 0.490205735E-01 0.422212481E-01 0.355410054E-01 0.289873723E-01 0.225688592E-01
 0.162949357E-01 0.101760058E-01 0.422333553E-02-0.126993132E-02-0.630489271E-02
-0.108744288E-01-0.149643812E-01-0.185547192E-01-0.216207039E-01-0.241340697E-01
-0.260641687E-01-0.273790881E-01-0.280466992E-01-0.280355550E-01-0.273156408E-01
-0.258588679E-01-0.236392710E-01-0.206328779E-01-0.168173295E-01-0.121715507E-01
-0.667620543E-02-0.318323437E-03 0.689838827E-02 0.150694754E-01 0.237219594E-01
 0.328524522E-01 0.424476080E-01 0.524746627E-01 0.628916994E-01 0.736503974E-01
 0.846961215E-01 0.959674120E-01 0.107395425E+00 0.118903778E+00 0.130409017E+00
 0.141821831E+00 0.153048933E+00 0.163995460E+00 0.174567387E+00 0.184673801E+00
 0.194228455E+00 0.203151003E+00 0.211368039E+00 0.218814328E+00 0.225434884E+00
 0.152323931E+00 0.149836972E+00 0.142929435E+00 0.134753376E+00 0.126759887E+00
 0.118888952E+00 0.111107759E+00 0.103401519E+00 0.957636684E-01 0.881915838E-01
 0.806847289E-01 0.732439086E-01 0.658709705E-01 0.585687272E-01 0.513408966E-01
 0.441921949E-01 0.371283814E-01 0.301563088E-01 0.232839938E-01 0.165206660E-01
 0.987680256E-02 0.336414040E-02-0.273686321E-02-0.842929073E-02-0.137069281E-01
-0.185553506E-01-0.229530297E-01-0.268724896E-01-0.302815288E-01-0.331444852E-01
-0.354235545E-01-0.370800868E-01-0.380758494E-01-0.383741818E-01-0.379409939E-01
-0.367455110E-01-0.347607657E-01-0.319637358E-01-0.283351913E-01-0.238591451E-01
-0.185219292E-01-0.123103848E-01-0.520728761E-02 0.282121100E-02 0.118202660E-01
 0.213197097E-01 0.313550420E-01 0.418576039E-01 0.527744815E-01 0.640571192E-01
 0.756563693E-01 0.875201598E-01 0.995923802E-01 0.111812301E+00 0.124114282E+00
 0.136427566E+00 0.148676142E+00 0.160778239E+00 0.172645569E+00 0.184182212E+00
 0.195283204E+00 0.205833852E+00 0.215710506E+00 0.224784419E+00 0.232929468E+00
 0.146552950E+00 0.143589482E+00 0.136998072E+00 0.129388794E+00 0.121736653E+00
 0.114062369E+00 0.106388599E+00 0.987281203E-01 0.910886526E-01 0.834751651E-01
 0.758912265E-01 0.683397949E-01 0.608237498E-01 0.533463210E-01 0.459113680E-01
 0.385236330E-01 0.311889332E-01 0.239143129E-01 0.167082027E-01 0.958051998E-02
 0.254278234E-02-0.413768226E-02-0.104666464E-01-0.164394882E-01-0.220421087E-01
-0.272518992E-01-0.320387892E-01-0.363664292E-01-0.401934907E-01-0.434750877E-01
-0.461642928E-01-0.482137203E-01-0.495770611E-01-0.502105728E-01-0.500743873E-01
-0.491335876E-01-0.473589525E-01-0.447273292E-01-0.412215814E-01-0.368300863E-01
-0.315457657E-01-0.253647007E-01-0.182844959E-01-0.103034107E-01-0.142411701E-02
 0.833622739E-02 0.190714896E-01 0.302503146E-01 0.418497548E-01 0.538388640E-01
 0.661821663E-01 0.788410082E-01 0.917739645E-01 0.104936831E+00 0.118282109E+00
 0.131758019E+00 0.145306945E+00 0.158862799E+00 0.172347307E+00 0.185664788E+00
 0.198695645E+00 0.211289510E+00 0.223260328E+00 0.234388262E+00 0.244433627E+00
 0.140366077E+00 0.136950210E+00 0.130673870E+00 0.123423092E+00 0.116004042E+00
 0.108478807E+00 0.100893535E+00 0.932747647E-01 0.856374502E-01 0.779901296E-01
 0.703378618E-01 0.626839399E-01 0.550309978E-01 0.473817363E-01 0.397394262E-01
 0.321082659E-01 0.244936738E-01 0.169025213E-01 0.934332702E-02 0.182645209E-02
-0.539425015E-02-0.123283537E-01-0.189740267E-01-0.253187008E-01-0.313398018E-01
-0.370055884E-01-0.422761850E-01-0.471047759E-01-0.514390320E-01-0.552227497E-01
-0.583976246E-01-0.609051846E-01-0.626887158E-01-0.636951774E-01-0.638769194E-01
-0.631931126E-01-0.616108738E-01-0.591058098E-01-0.556621030E-01-0.512719937E-01
-0.459346473E-01-0.396544896E-01-0.324389674E-01-0.242958516E-01-0.152297169E-01
-0.523576746E-02 0.571399555E-02 0.176632144E-01 0.300661270E-01 0.428969376E-01
 0.561289005E-01 0.697350800E-01 0.836888328E-01 0.979638845E-01 0.112533905E+00
 0.127371386E+00 0.142445505E+00 0.157718584E+00 0.173140243E+00 0.188638389E+00
 0.204105332E+00 0.219377294E+00 0.234207109E+00 0.248237804E+00 0.261006743E+00
 0.134739682E+00 0.131100640E+00 0.124668211E+00 0.117303327E+00 0.109858900E+00
 0.102348916E+00 0.947856456E-01 0.871785432E-01 0.795333236E-01 0.718526989E-01
 0.641375259E-01 0.563878603E-01 0.486037284E-01 0.407857075E-01 0.329353325E-01
 0.250554085E-01 0.171502791E-01 0.922605023E-02 0.129081740E-02-0.641512405E-02
-0.139065459E-01-0.211860072E-01-0.282442216E-01-0.350604542E-01-0.416030623E-01
-0.478302054E-01-0.536908284E-01-0.591259152E-01-0.640700683E-01-0.684533939E-01
-0.722036213E-01-0.752485022E-01-0.775182173E-01-0.789478421E-01-0.794796050E-01
-0.790648088E-01-0.776653439E-01-0.752545670E-01-0.718174800E-01-0.673501790E-01
-0.618585311E-01-0.553560704E-01-0.478611812E-01-0.393935964E-01-0.299701467E-01
-0.195997506E-01-0.827796012E-02 0.401666947E-02 0.173271932E-01 0.311056897E-01
 0.453314409E-01 0.599874929E-01 0.750615001E-01 0.905464515E-01 0.106440797E+00
 0.122748092E+00 0.139475882E+00 0.156633615E+00 0.174228415E+00 0.192257494E+00
 0.210693926E+00 0.229459614E+00 0.248370662E+00 0.267006606E+00 0.284395069E+00
 0.128803134E+00 0.124939524E+00 0.118196070E+00 0.110707156E+00 0.103202030E+00
 0.956727713E-01 0.881124958E-01 0.805132166E-01 0.728666410E-01 0.651648343E-01
 0.574006997E-01 0.495683588E-01 0.416633748E-01 0.336829089E-01 0.256258175E-01
 0.174927749E-01 0.928639248E-02 0.101137243E-02-0.710517494E-02-0.150846699E-01
-0.229358505E-01-0.306548048E-01-0.382249914E-01-0.456173606E-01-0.527906492E-01
-0.596919656E-01-0.662576780E-01-0.724147409E-01-0.780824497E-01-0.831746086E-01
-0.876021385E-01-0.912759528E-01-0.941100866E-01-0.960248038E-01-0.969495624E-01
-0.968255997E-01-0.956079736E-01-0.932668075E-01-0.897876993E-01-0.851711482E-01
-0.794309974E-01-0.725919232E-01-0.646861047E-01-0.557491444E-01-0.458153673E-01
-0.349127725E-01-0.230577085E-01-0.102495914E-01 0.353474636E-02 0.183474552E-01
 0.336390436E-01 0.493997186E-01 0.656290054E-01 0.823386535E-01 0.995531753E-01
 0.117310517E+00 0.135663390E+00 0.154681101E+00 0.174451783E+00 0.195084870E+00
 0.216713428E+00 0.239496410E+00 0.263618708E+00 0.289258689E+00 0.315171093E+00
 0.121939577E+00 0.117799319E+00 0.110984206E+00 0.103408560E+00 0.958808288E-01
 0.883757323E-01 0.808638409E-01 0.733170360E-01 0.657108128E-01 0.580249578E-01
 0.502434038E-01 0.423537679E-01 0.343468599E-01 0.262162369E-01 0.179579128E-01
 0.957016181E-02 0.105346669E-02-0.737713976E-02-0.157508682E-01-0.240842476E-01
-0.323808342E-01-0.406308323E-01-0.488107577E-01-0.568832159E-01-0.647969022E-01
-0.724870041E-01-0.798759907E-01-0.868749693E-01-0.933856219E-01-0.993027613E-01
-0.104517400E+00-0.108920388E+00-0.112406239E+00-0.114877202E+00-0.116247065E+00
-0.116444588E+00-0.115416259E+00-0.113128029E+00-0.109566033E+00-0.104736000E+00
-0.986614302E-01-0.913806409E-01-0.829427615E-01-0.734028965E-01-0.628166944E-01
-0.512346178E-01-0.386959650E-01-0.252229366E-01-0.108146053E-01 0.455928408E-02
 0.209651813E-01 0.378456786E-01 0.552023314E-01 0.730643868E-01 0.914804637E-01
 0.110518798E+00 0.130271211E+00 0.150859520E+00 0.172444761E+00 0.195240423E+00
 0.219532207E+00 0.245709971E+00 0.274325430E+00 0.306215286E+00 0.339733630E+00
 0.114098020E+00 0.109654278E+00 0.102721065E+00 0.951534808E-01 0.877308249E-01
 0.803812593E-01 0.730370358E-01 0.656436980E-01 0.581599027E-01 0.505549796E-01
 0.428063273E-01 0.348973535E-01 0.268159490E-01 0.185534321E-01 0.101038106E-01
 0.146334735E-02-0.716274278E-02-0.158118010E-01-0.245090928E-01-0.332672447E-01
-0.420854948E-01-0.509488620E-01-0.598273762E-01-0.686754510E-01-0.774315521E-01
-0.860183015E-01-0.943431333E-01-0.102299683E+00-0.109769851E+00-0.116626807E+00
-0.122738637E+00-0.127972737E+00-0.132200733E+00-0.135303438E+00-0.137175918E+00
-0.137731954E+00-0.136907592E+00-0.134663686E+00-0.130986854E+00-0.125889003E+00
-0.119405158E+00-0.111589931E+00-0.102512628E+00-0.922514647E-01-0.808870941E-01
-0.684957951E-01-0.551426224E-01-0.408746749E-01-0.257148091E-01-0.965609215E-02
 0.734177046E-02 0.253508314E-01 0.437466241E-01 0.626066104E-01 0.820038468E-01
 0.102024294E+00 0.122778051E+00 0.144409731E+00 0.167110965E+00 0.191137075E+00
 0.216830254E+00 0.244649902E+00 0.275206864E+00 0.309284240E+00 0.346015483E+00
 0.104787007E+00 0.999734178E-01 0.928645357E-01 0.856037885E-01 0.786067173E-01
 0.716817826E-01 0.647117496E-01 0.576248653E-01 0.503754951E-01 0.429332294E-01
 0.352769569E-01 0.273915976E-01 0.192661360E-01 0.108923465E-01 0.226391782E-02
-0.641982257E-02-0.152033158E-01-0.241203234E-01-0.331931151E-01-0.424313806E-01
-0.518309735E-01-0.613725670E-01-0.710203797E-01-0.807210729E-01-0.904029831E-01
-0.999758989E-01-0.109331496E+00-0.118344672E+00-0.126875803E+00-0.134774119E+00
-0.141882017E+00-0.148040429E+00-0.153094754E+00-0.156901225E+00-0.159333199E+00
-0.160286888E+00-0.159686148E+00-0.157485709E+00-0.153672636E+00-0.148265913E+00
-0.141313925E+00-0.132890135E+00-0.123087242E+00-0.112010106E+00-0.997680277E-01
-0.864665732E-01-0.721994117E-01-0.570400842E-01-0.410335399E-01-0.241865236E-01
-0.645451946E-02 0.122800041E-01 0.314531475E-01 0.510692373E-01 0.711650997E-01
 0.918060765E-01 0.113086127E+00 0.135131836E+00 0.158110276E+00 0.182241589E+00
 0.207818225E+00 0.235235080E+00 0.265037119E+00 0.297990143E+00 0.333512068E+00
 0.919889361E-01 0.862383544E-01 0.803780556E-01 0.745527372E-01 0.686446577E-01
 0.625332594E-01 0.561744086E-01 0.495451167E-01 0.426304489E-01 0.354193412E-01
 0.279030334E-01 0.200745407E-01 0.119284727E-01 0.346006383E-02-0.513109937E-02
-0.138937021E-01-0.228681676E-01-0.320855491E-01-0.415660962E-01-0.513176098E-01
-0.613336191E-01-0.715914667E-01-0.820504725E-01-0.926503092E-01-0.103309713E+00
-0.113925867E+00-0.124374539E+00-0.134511307E+00-0.144173950E+00-0.153186217E+00
-0.161362827E+00-0.168515861E+00-0.174461886E+00-0.179029852E+00-0.182068855E+00
-0.183455408E+00-0.183099493E+00-0.180948734E+00-0.176990554E+00-0.171251684E+00
-0.163795352E+00-0.154716074E+00-0.144132659E+00-0.132179767E+00-0.118998855E+00
-0.104728721E+00-0.894964114E-01-0.734086335E-01-0.565440170E-01-0.389462076E-01
-0.206183214E-01-0.152011844E-02 0.184273347E-01 0.386830755E-01 0.592634678E-01
 0.802146494E-01 0.101602443E+00 0.123510413E+00 0.146040946E+00 0.169317707E+00
 0.193489328E+00 0.218735501E+00 0.245283455E+00 0.273480982E+00 0.303311735E+00
 0.782101601E-01 0.711753741E-01 0.672195330E-01 0.634562373E-01 0.588699803E-01
 0.536806285E-01 0.479934923E-01 0.418602116E-01 0.353068709E-01 0.283460971E-01
 0.209830068E-01 0.132192168E-01 0.505840452E-02-0.329059688E-02-0.118758297E-01
-0.207409188E-01-0.299233757E-01-0.394527055E-01-0.493483320E-01-0.596173480E-01
-0.702521354E-01-0.812278688E-01-0.925001353E-01-0.104002692E+00-0.115645669E+00
-0.127314463E+00-0.138869554E+00-0.150147527E+00-0.160963550E+00-0.171115488E+00
-0.180389628E+00-0.188568026E+00-0.195437089E+00-0.200796828E+00-0.204470530E+00
-0.206313491E+00-0.206220582E+00-0.204131588E+00-0.200033978E+00-0.193962485E+00
-0.185995921E+00-0.176251069E+00-0.164874345E+00-0.152032048E+00-0.137899637E+00
-0.122651048E+00-0.106448539E+00-0.894335806E-01-0.717191175E-01-0.533833168E-01
-0.344651155E-01-0.149618415E-01 0.517044123E-02 0.260130521E-01 0.469213650E-01
 0.679589286E-01 0.891710892E-01 0.110595219E+00 0.132261172E+00 0.154185414E+00
 0.176357210E+00 0.198710561E+00 0.221064627E+00 0.242992848E+00 0.263605893E+00
 0.687009692E-01 0.612134412E-01 0.576952323E-01 0.545307025E-01 0.505999029E-01
 0.459999666E-01 0.408043005E-01 0.350641832E-01 0.288123712E-01 0.220672041E-01
 0.148345921E-01 0.710572721E-02-0.875403697E-03-0.914686639E-02-0.177508797E-01
-0.267285705E-01-0.361166820E-01-0.459448881E-01-0.562332086E-01-0.669892877E-01
-0.782055631E-01-0.898562595E-01-0.101894490E+00-0.114249431E+00-0.126824036E+00
-0.139493376E+00-0.152104139E+00-0.164475307E+00-0.176400825E+00-0.187653795E+00
-0.197993055E+00-0.207171336E+00-0.214945167E+00-0.221085891E+00-0.225390747E+00
-0.227693543E+00-0.227873653E+00-0.225862548E+00-0.221647233E+00-0.215270072E+00
-0.206825063E+00-0.196450919E+00-0.184321389E+00-0.170633972E+00-0.155597657E+00
-0.139420837E+00-0.122299910E+00-0.104409344E+00-0.858932436E-01-0.668584555E-01
-0.473687798E-01-0.274390243E-01-0.702643627E-02 0.139863985E-01 0.349900685E-01
 0.559470616E-01 0.768443868E-01 0.976692885E-01 0.118396014E+00 0.138974041E+00
 0.159313157E+00 0.179262921E+00 0.198586583E+00 0.216937289E+00 0.233862132E+00
 0.624504574E-01 0.547572300E-01 0.509595051E-01 0.479255617E-01 0.442380495E-01
 0.399198197E-01 0.350019038E-01 0.295119174E-01 0.234714281E-01 0.168964621E-01
 0.980098452E-02 0.220568525E-02-0.567903882E-02-0.139134489E-01-0.225489773E-01
-0.316311121E-01-0.411992520E-01-0.512851663E-01-0.619107448E-01-0.730851889E-01
-0.848019347E-01-0.970353186E-01-0.109737143E+00-0.122833498E+00-0.136221871E+00
-0.149769083E+00-0.163310319E+00-0.176649705E+00-0.189562723E+00-0.201800793E+00
-0.213098273E+00-0.223181486E+00-0.231779873E+00-0.238638356E+00-0.243530080E+00
-0.246268660E+00-0.246718630E+00-0.244803205E+00-0.240508333E+00-0.233882710E+00
-0.225033820E+00-0.214120001E+00-0.201339662E+00-0.186918586E+00-0.171096161E+00
-0.154111952E+00-0.136193275E+00-0.117544472E+00-0.983382389E-01-0.787090808E-01
-0.587488562E-01-0.385044254E-01-0.179780293E-01 0.286671054E-02 0.240841378E-01
 0.449896082E-01 0.655975118E-01 0.858901590E-01 0.105825394E+00 0.125334874E+00
 0.144318670E+00 0.162638903E+00 0.180115581E+00 0.196528941E+00 0.211633369E+00
 0.579882637E-01 0.501427576E-01 0.463400595E-01 0.433253013E-01 0.397125892E-01
 0.355089083E-01 0.307249259E-01 0.253702588E-01 0.194507334E-01 0.129661467E-01
 0.590697629E-02-0.149358308E-02-0.926631875E-02-0.174535941E-01-0.261008330E-01
-0.352522433E-01-0.449478850E-01-0.552210175E-01-0.660952851E-01-0.775816143E-01
-0.896748155E-01-0.102349930E+00-0.115558460E+00-0.129224762E+00-0.143242791E+00
-0.157473624E+00-0.171744123E+00-0.185847268E+00-0.199544504E+00-0.212570429E+00
-0.224640131E+00-0.235458925E+00-0.244734362E+00-0.252189785E+00-0.257578403E+00
-0.260696828E+00-0.261396796E+00-0.259593904E+00-0.255272359E+00-0.248485237E+00
-0.239350080E+00-0.228040531E+00-0.214774519E+00-0.199800357E+00-0.183381796E+00
-0.165783539E+00-0.147257850E+00-0.128033206E+00-0.108305320E+00-0.882304236E-01
-0.679208189E-01-0.474417731E-01-0.268088281E-01-0.598288141E-02 0.151432203E-01
 0.359194800E-01 0.562729798E-01 0.761529058E-01 0.955058634E-01 0.114264943E+00
 0.132344559E+00 0.149638683E+00 0.166022167E+00 0.181355968E+00 0.195496753E+00
 0.552367866E-01 0.473073386E-01 0.435676314E-01 0.405173860E-01 0.368951038E-01
 0.327169225E-01 0.279877745E-01 0.227074325E-01 0.168722924E-01 0.104763061E-01
 0.351151824E-02-0.379264774E-02-0.114888437E-01-0.196279567E-01-0.282592811E-01
-0.374293178E-01-0.471799336E-01-0.575460494E-01-0.685529262E-01-0.802130252E-01
-0.925224796E-01-0.105457269E+00-0.118969284E+00-0.132982418E+00-0.147389054E+00
-0.162047312E+00-0.176779464E+00-0.191372052E+00-0.205578148E+00-0.219121993E+00
-0.231706604E+00-0.243023798E+00-0.252766877E+00-0.260644704E+00-0.266396880E+00
-0.269808054E+00-0.270720512E+00-0.269043684E+00-0.264759332E+00-0.257922053E+00
-0.248654947E+00-0.237140670E+00-0.223609164E+00-0.208322987E+00-0.191561684E+00
-0.173606426E+00-0.154726192E+00-0.135165900E+00-0.115137368E+00-0.948127061E-01
-0.743205175E-01-0.537442267E-01-0.331227332E-01-0.124538317E-01 0.829700474E-02
 0.291740317E-01 0.494226255E-01 0.690470040E-01 0.880216062E-01 0.106299572E+00
 0.123816885E+00 0.140495598E+00 0.156247616E+00 0.170979828E+00 0.184600726E+00
 0.545042343E-01 0.466361344E-01 0.425891504E-01 0.393695720E-01 0.356483273E-01
 0.314394645E-01 0.267287623E-01 0.214982890E-01 0.157322790E-01 0.941727031E-02
 0.254156301E-02-0.467590615E-02-0.122915125E-01-0.203593932E-01-0.289310701E-01
-0.380545259E-01-0.477726720E-01-0.581212975E-01-0.691264868E-01-0.808015093E-01
-0.931433439E-01-0.106128819E+00-0.119710602E+00-0.133813187E+00-0.148329318E+00
-0.163117096E+00-0.177998260E+00-0.192758173E+00-0.207147926E+00-0.220889077E+00
-0.233680964E+00-0.245211050E+00-0.255167514E+00-0.263253748E+00-0.269203573E+00
-0.272796065E+00-0.273868501E+00-0.272326112E+00-0.268147737E+00-0.261386365E+00
-0.252165020E+00-0.240667865E+00-0.227127776E+00-0.211811453E+00-0.195003659E+00
-0.176991612E+00-0.158050835E+00-0.138433322E+00-0.118358172E+00-0.980051234E-01
-0.775105581E-01-0.569656976E-01-0.364163145E-01-0.158630870E-01 0.473887287E-02
 0.254846625E-01 0.455775522E-01 0.650019869E-01 0.837295949E-01 0.101718575E+00
 0.118915081E+00 0.135255724E+00 0.150671065E+00 0.165089920E+00 0.178444281E+00
 0.554173663E-01 0.479015820E-01 0.431775898E-01 0.395247899E-01 0.357119665E-01
 0.315109864E-01 0.268483367E-01 0.216860231E-01 0.159994848E-01 0.977053493E-02
 0.298461248E-02-0.413740287E-02-0.116523569E-01-0.196142830E-01-0.280742254E-01
-0.370794944E-01-0.466722958E-01-0.568877719E-01-0.677515268E-01-0.792766213E-01
-0.914601237E-01-0.104279384E+00-0.117688045E+00-0.131612197E+00-0.145946756E+00
-0.160552680E+00-0.175255269E+00-0.189844027E+00-0.204074815E+00-0.217674285E+00
-0.230347082E+00-0.241785854E+00-0.251683503E+00-0.259747356E+00-0.265714109E+00
-0.269364297E+00-0.270535052E+00-0.269129872E+00-0.265124232E+00-0.258566439E+00
-0.249573708E+00-0.238323748E+00-0.225042671E+00-0.209990636E+00-0.193446308E+00
-0.175691649E+00-0.156997979E+00-0.137614146E+00-0.117757350E+00-0.976065248E-01
-0.772983208E-01-0.569251738E-01-0.365348943E-01-0.161309112E-01 0.432833331E-02
 0.249340851E-01 0.448901914E-01 0.641795695E-01 0.827729627E-01 0.100628488E+00
 0.117693216E+00 0.133905798E+00 0.149199858E+00 0.163508177E+00 0.176767141E+00
 0.550612137E-01 0.472488515E-01 0.434279963E-01 0.404033065E-01 0.368613005E-01
 0.328270495E-01 0.282924194E-01 0.232420489E-01 0.176602583E-01 0.115318568E-01
 0.484203594E-02-0.217328477E-02-0.956778880E-02-0.173915140E-01-0.256918315E-01
-0.345128998E-01-0.438942686E-01-0.538688824E-01-0.644605905E-01-0.756812170E-01
-0.875272527E-01-0.999762565E-01-0.112983137E+00-0.126476437E+00-0.140355006E+00
-0.154485375E+00-0.168700173E+00-0.182798132E+00-0.196546048E+00-0.209683046E+00
-0.221927390E+00-0.232985824E+00-0.242565244E+00-0.250385880E+00-0.256195366E+00
-0.259782344E+00-0.260988712E+00-0.259718567E+00-0.255943984E+00-0.249705777E+00
-0.241110221E+00-0.230321199E+00-0.217549101E+00-0.203037366E+00-0.187047914E+00
-0.169846654E+00-0.151690215E+00-0.132814497E+00-0.113425627E+00-0.936934352E-01
-0.737473220E-01-0.536743738E-01-0.335196555E-01-0.132892570E-01 0.704137003E-02
 0.275054816E-01 0.473495498E-01 0.665723458E-01 0.851448849E-01 0.103019461E+00
 0.120134436E+00 0.136417985E+00 0.151792005E+00 0.166176751E+00 0.179496035E+00
 0.568163060E-01 0.490808114E-01 0.454206839E-01 0.426569022E-01 0.393479429E-01
 0.354990959E-01 0.311152898E-01 0.261959955E-01 0.207358785E-01 0.147240767E-01
 0.814094022E-02 0.122904754E-02-0.604352448E-02-0.137150129E-01-0.218255557E-01
-0.304143000E-01-0.395169668E-01-0.491634309E-01-0.593751036E-01-0.701620579E-01
-0.815199018E-01-0.934264213E-01-0.105838180E+00-0.118687160E+00-0.131877765E+00
-0.145284534E+00-0.158750758E+00-0.172088608E+00-0.185081065E+00-0.197485834E+00
-0.209041640E+00-0.219476759E+00-0.228519559E+00-0.235910475E+00-0.241414800E+00
-0.244834885E+00-0.246021271E+00-0.244880974E+00-0.241382658E+00-0.235557720E+00
-0.227497399E+00-0.217345938E+00-0.205290705E+00-0.191550121E+00-0.176360354E+00
-0.159962118E+00-0.142588273E+00-0.124453008E+00-0.105743036E+00-0.866109133E-01
-0.671702921E-01-0.474925153E-01-0.276035927E-01-0.747895101E-02 0.129700853E-01
 0.330874585E-01 0.527892448E-01 0.720144287E-01 0.907016546E-01 0.108779937E+00
 0.126165494E+00 0.142761886E+00 0.158462644E+00 0.173156336E+00 0.186733693E+00
 0.599639006E-01 0.523627251E-01 0.491366759E-01 0.465449169E-01 0.433821790E-01
 0.396616012E-01 0.353934430E-01 0.305875130E-01 0.252512526E-01 0.193895139E-01
 0.130060613E-01 0.610830868E-02-0.109152286E-02-0.863190647E-02-0.165512599E-01
-0.248863474E-01-0.336703658E-01-0.429307744E-01-0.526868999E-01-0.629473031E-01
-0.737069771E-01-0.849443525E-01-0.966183320E-01-0.108665377E+00-0.120996967E+00
-0.133497640E+00-0.146023974E+00-0.158404857E+00-0.170443237E+00-0.181919843E+00
-0.192598701E+00-0.202234730E+00-0.210583031E+00-0.217409328E+00-0.222501084E+00
-0.225678265E+00-0.226802930E+00-0.225786626E+00-0.222594976E+00-0.217248783E+00
-0.209821701E+00-0.200434521E+00-0.189246669E+00-0.176445708E+00-0.162235707E+00
-0.146825418E+00-0.130417094E+00-0.113196433E+00-0.953242853E-01-0.769301057E-01
-0.581072941E-01-0.389106907E-01-0.193567146E-01 0.570878503E-03 0.209011771E-01
 0.409426913E-01 0.606897771E-01 0.801049247E-01 0.991275609E-01 0.117674969E+00
 0.135640904E+00 0.152894959E+00 0.169284329E+00 0.184639946E+00 0.198787615E+00
 0.652925298E-01 0.579479598E-01 0.546420254E-01 0.521499291E-01 0.490532331E-01
 0.453753844E-01 0.411451310E-01 0.363877639E-01 0.311230160E-01 0.253652446E-01
 0.191245656E-01 0.124080880E-01 0.521984650E-02-0.223007379E-02-0.998004247E-02
-0.180661939E-01-0.265207347E-01-0.353699625E-01-0.446320586E-01-0.543148406E-01
-0.644133687E-01-0.749074891E-01-0.857593268E-01-0.969108790E-01-0.108281963E+00
-0.119768701E+00-0.131242767E+00-0.142551824E+00-0.153521150E+00-0.163956970E+00
-0.173651323E+00-0.182388514E+00-0.189953044E+00-0.196138531E+00-0.200757027E+00
-0.203648075E+00-0.204686895E+00-0.203790590E+00-0.200922146E+00-0.196091518E+00
-0.189353794E+00-0.180804595E+00-0.170573026E+00-0.158812761E+00-0.145692199E+00
-0.131384119E+00-0.116055734E+00-0.998595208E-01-0.829252005E-01-0.653528869E-01
-0.472072102E-01-0.285115261E-01-0.924020354E-02 0.106967604E-01 0.306766704E-01
 0.506375283E-01 0.705373511E-01 0.903300121E-01 0.109952547E+00 0.129315495E+00
 0.148293704E+00 0.166717499E+00 0.184367225E+00 0.200975552E+00 0.216244027E+00
 0.723438114E-01 0.653166026E-01 0.621415004E-01 0.596346520E-01 0.564448759E-01
 0.526549779E-01 0.483305827E-01 0.435162000E-01 0.382406749E-01 0.325222984E-01
 0.263723936E-01 0.197975710E-01 0.128009412E-01 0.538278883E-02-0.224040053E-02
-0.101062749E-01-0.182482451E-01-0.266934410E-01-0.354601964E-01-0.445565097E-01
-0.539783947E-01-0.637079924E-01-0.737115741E-01-0.839376822E-01-0.943154916E-01
-0.104753710E+00-0.115140118E+00-0.125342071E+00-0.135208100E+00-0.144570708E+00
-0.153250560E+00-0.161061913E+00-0.167819172E+00-0.173344180E+00-0.177473962E+00
-0.180068076E+00-0.181015268E+00-0.180238709E+00-0.177699223E+00-0.173396394E+00
-0.167367145E+00-0.159682125E+00-0.150439948E+00-0.139760032E+00-0.127774149E+00
-0.114617817E+00-0.100421466E+00-0.853022635E-01-0.693566203E-01-0.526537411E-01
-0.352304541E-01-0.170882754E-01 0.180431898E-02 0.214954577E-01 0.413315631E-01
 0.613441914E-01 0.815407038E-01 0.101910695E+00 0.122422390E+00 0.143012613E+00
 0.163570166E+00 0.183911458E+00 0.203748986E+00 0.222662657E+00 0.240104318E+00
 0.817781910E-01 0.752435476E-01 0.721983090E-01 0.692386553E-01 0.655745268E-01
 0.614015013E-01 0.567978956E-01 0.517997704E-01 0.464251675E-01 0.406833962E-01
 0.345790274E-01 0.281137936E-01 0.212874133E-01 0.140979150E-01 0.654164702E-02
-0.115188956E-02-0.902116019E-02-0.170987658E-01-0.254035294E-01-0.339437984E-01
-0.427171476E-01-0.517088808E-01-0.608903728E-01-0.702175573E-01-0.796296969E-01
-0.890485942E-01-0.983784124E-01-0.107506208E+00-0.116303369E+00-0.124628067E+00
-0.132328674E+00-0.139248222E+00-0.145229727E+00-0.150122046E+00-0.153785974E+00
-0.156100214E+00-0.156966656E+00-0.156314507E+00-0.154103041E+00-0.150322467E+00
-0.144992948E+00-0.138161764E+00-0.129898816E+00-0.120290741E+00-0.109434091E+00
-0.974279419E-01-0.843662992E-01-0.703306198E-01-0.553824678E-01-0.395560600E-01
-0.228498634E-01-0.521487463E-02 0.134659223E-01 0.326014534E-01 0.521751158E-01
 0.722054020E-01 0.927243307E-01 0.113767549E+00 0.135366753E+00 0.157539472E+00
 0.180271327E+00 0.203481615E+00 0.226951391E+00 0.250165522E+00 0.272051305E+00
 0.954514146E-01 0.902220979E-01 0.852901861E-01 0.806356445E-01 0.759952664E-01
 0.712000653E-01 0.661882609E-01 0.609297045E-01 0.554068945E-01 0.496084802E-01
 0.435265675E-01 0.371552743E-01 0.304898862E-01 0.235260893E-01 0.162589662E-01
 0.868097693E-02 0.103582011E-02-0.673982175E-02-0.146498401E-01-0.226999242E-01
-0.308901798E-01-0.392105170E-01-0.476386249E-01-0.561386831E-01-0.646605045E-01
-0.731390864E-01-0.814946368E-01-0.896331519E-01-0.974477008E-01-0.104820445E+00
-0.111625455E+00-0.117732294E+00-0.123010159E+00-0.127332553E+00-0.130582005E+00
-0.132654741E+00-0.133464754E+00-0.132947147E+00-0.131060153E+00-0.127786025E+00
-0.123130187E+00-0.117119208E+00-0.109797142E+00-0.101220913E+00-0.914547220E-01
-0.805638880E-01-0.686084107E-01-0.556365177E-01-0.416784100E-01-0.267406702E-01
-0.108017204E-01 0.619081827E-02 0.243199840E-01 0.429672599E-01 0.622204505E-01
 0.821617693E-01 0.102882005E+00 0.124487482E+00 0.147104770E+00 0.170884907E+00
 0.196008325E+00 0.222692475E+00 0.251211703E+00 0.281984955E+00 0.314992249E+00
 0.107122943E+00 0.102616273E+00 0.972855315E-01 0.918661579E-01 0.865897387E-01
 0.813255236E-01 0.759843662E-01 0.705091730E-01 0.648632497E-01 0.590225123E-01
 0.529709198E-01 0.466978624E-01 0.401967242E-01 0.334643461E-01 0.265014675E-01
 0.193148702E-01 0.119232005E-01 0.429804204E-02-0.332874083E-02-0.109843081E-01
-0.186850335E-01-0.264297165E-01-0.342042111E-01-0.419815890E-01-0.497223176E-01
-0.573742501E-01-0.648728684E-01-0.721418634E-01-0.790942311E-01-0.856339484E-01
-0.916581750E-01-0.970601290E-01-0.101732269E+00-0.105569877E+00-0.108474731E+00
-0.110358611E+00-0.111146443E+00-0.110778816E+00-0.109213606E+00-0.106426626E+00
-0.102411054E+00-0.971757919E-01-0.907426849E-01-0.831427649E-01-0.744116828E-01
-0.645844713E-01-0.536898039E-01-0.417439267E-01-0.287443306E-01-0.146637242E-01
 0.554229424E-03 0.169926789E-01 0.341279767E-01 0.519925319E-01 0.706542358E-01
 0.902088806E-01 0.110781707E+00 0.132533759E+00 0.155672461E+00 0.180467471E+00
 0.207274556E+00 0.236572176E+00 0.269019544E+00 0.305541873E+00 0.345441639E+00
 0.116864771E+00 0.112798072E+00 0.107586049E+00 0.102113709E+00 0.966881216E-01
 0.912573934E-01 0.857744589E-01 0.802008137E-01 0.745071247E-01 0.686719120E-01
 0.626799017E-01 0.565206446E-01 0.501875058E-01 0.436769798E-01 0.369881876E-01
 0.301221311E-01 0.230797660E-01 0.158560574E-01 0.844321866E-02 0.110753218E-02
-0.620639790E-02-0.134880058E-01-0.207291171E-01-0.279097296E-01-0.350001156E-01
-0.419601835E-01-0.487396903E-01-0.552786328E-01-0.615080185E-01-0.673512071E-01
-0.727257058E-01-0.775453597E-01-0.817228407E-01-0.851723477E-01-0.878123567E-01
-0.895682350E-01-0.903746337E-01-0.901773423E-01-0.889345258E-01-0.866171941E-01
-0.832088217E-01-0.787040070E-01-0.731063187E-01-0.664252713E-01-0.586725622E-01
-0.498576015E-01-0.399822742E-01-0.290346220E-01-0.169806127E-01-0.375176058E-02
 0.107765999E-01 0.260588359E-01 0.421107784E-01 0.589803383E-01 0.767441168E-01
 0.955079570E-01 0.115411438E+00 0.136636317E+00 0.159419894E+00 0.184074596E+00
 0.211015970E+00 0.240800217E+00 0.274167001E+00 0.312066466E+00 0.353466481E+00
 0.125563517E+00 0.121866703E+00 0.116962425E+00 0.111637838E+00 0.106275775E+00
 0.100862354E+00 0.953802019E-01 0.898127854E-01 0.841457397E-01 0.783674046E-01
 0.724688172E-01 0.664435551E-01 0.602875613E-01 0.539989658E-01 0.475779437E-01
 0.410265997E-01 0.343489684E-01 0.275515616E-01 0.206464492E-01 0.136575736E-01
 0.655514421E-02-0.396534801E-03-0.724545354E-02-0.139706181E-01-0.205542091E-01
-0.269677378E-01-0.331749357E-01-0.391312279E-01-0.447837561E-01-0.500728823E-01
-0.549337529E-01-0.592979975E-01-0.630956441E-01-0.662571564E-01-0.687154531E-01
-0.704077557E-01-0.712773725E-01-0.712750554E-01-0.703599602E-01-0.684999675E-01
-0.656713322E-01-0.618576854E-01-0.570482537E-01-0.512355193E-01-0.444122441E-01
-0.365680642E-01-0.276857894E-01-0.177377667E-01-0.668285880E-02 0.553515693E-02
 0.189868193E-01 0.330848172E-01 0.479136482E-01 0.635504499E-01 0.800804645E-01
 0.976060405E-01 0.116253972E+00 0.136183664E+00 0.157598004E+00 0.180758908E+00
 0.206011057E+00 0.233820736E+00 0.264848590E+00 0.300107539E+00 0.337648034E+00
 0.133841470E+00 0.130510703E+00 0.125862867E+00 0.120735697E+00 0.115508795E+00
 0.110186346E+00 0.104771748E+00 0.992665738E-01 0.936706960E-01 0.879829228E-01
 0.822016373E-01 0.763254836E-01 0.703537911E-01 0.642869920E-01 0.581268854E-01
 0.518768430E-01 0.455421209E-01 0.391301773E-01 0.326511003E-01 0.261174291E-01
 0.195414163E-01 0.129469326E-01 0.630383333E-02-0.108806998E-03-0.633499026E-02
-0.123482076E-01-0.181291904E-01-0.236502495E-01-0.288714729E-01-0.337475762E-01
-0.382289253E-01-0.422622450E-01-0.457924642E-01-0.487642214E-01-0.511230938E-01
-0.528167859E-01-0.537963547E-01-0.540173799E-01-0.534407124E-01-0.520326979E-01
-0.497648418E-01-0.466128699E-01-0.425552838E-01-0.375713296E-01-0.316384286E-01
-0.247291289E-01-0.168076679E-01-0.782679673E-02 0.227336399E-02 0.135598863E-01
 0.255154464E-01 0.381546281E-01 0.515156575E-01 0.656503364E-01 0.806216151E-01
 0.965039134E-01 0.113384493E+00 0.131365344E+00 0.150565147E+00 0.171121314E+00
 0.193191305E+00 0.216952026E+00 0.242591739E+00 0.270242304E+00 0.298349917E+00
 0.141952455E+00 0.138990179E+00 0.134599045E+00 0.129658088E+00 0.124553293E+00
 0.119314201E+00 0.113967180E+00 0.108530596E+00 0.103015833E+00 0.974293649E-01
 0.917747468E-01 0.860540271E-01 0.802688301E-01 0.744210482E-01 0.685133860E-01
 0.625497401E-01 0.565354750E-01 0.504776873E-01 0.443853214E-01 0.382691883E-01
 0.321417823E-01 0.260176212E-01 0.199108422E-01 0.138472216E-01 0.779397320E-02
 0.205164938E-02-0.343479263E-02-0.866934936E-02-0.136023806E-01-0.182015877E-01
-0.224326141E-01-0.262537636E-01-0.296229124E-01-0.324980021E-01-0.348365977E-01
-0.365958773E-01-0.377335511E-01-0.382096656E-01-0.379875042E-01-0.370336026E-01
-0.353172235E-01-0.328093544E-01-0.294813793E-01-0.253032874E-01-0.202412792E-01
-0.142543213E-01-0.728865759E-02 0.731620414E-03 0.992020033E-02 0.197310299E-01
 0.301627591E-01 0.412323661E-01 0.529683419E-01 0.654062778E-01 0.785861015E-01
 0.925498158E-01 0.107339017E+00 0.122991242E+00 0.139534041E+00 0.156974852E+00
 0.175282985E+00 0.194356278E+00 0.213956013E+00 0.233560666E+00 0.252039045E+00
 0.150203422E+00 0.147638917E+00 0.143519655E+00 0.138655111E+00 0.133547336E+00
 0.128298372E+00 0.122961111E+00 0.117561877E+00 0.112114049E+00 0.106624462E+00
 0.101096593E+00 0.955323651E-01 0.899332464E-01 0.843009353E-01 0.786378607E-01
 0.729475021E-01 0.672346726E-01 0.615057163E-01 0.557686090E-01 0.500331149E-01
 0.443108752E-01 0.386156254E-01 0.329634957E-01 0.273741726E-01 0.218702387E-01
 0.164941587E-01 0.112414546E-01 0.606810069E-02 0.128453702E-02-0.316125574E-02
-0.727098528E-02-0.109921964E-01-0.142965484E-01-0.171594638E-01-0.195529908E-01
-0.214430708E-01-0.227896888E-01-0.235560443E-01-0.237089936E-01-0.232177172E-01
-0.220522713E-01-0.201822855E-01-0.175757483E-01-0.141979503E-01-0.100106383E-01
-0.497145159E-02 0.967554923E-03 0.786828808E-02 0.157885887E-01 0.241503622E-01
 0.330195688E-01 0.424403138E-01 0.524471514E-01 0.630694032E-01 0.743315816E-01
 0.862515196E-01 0.988367125E-01 0.112078749E+00 0.125945210E+00 0.140368029E+00
 0.155226678E+00 0.170324907E+00 0.185360834E+00 0.199900180E+00 0.213385016E+00
 0.159769833E+00 0.158113301E+00 0.153400943E+00 0.147881016E+00 0.142455518E+00
 0.137049720E+00 0.131652340E+00 0.126258940E+00 0.120866433E+00 0.115472198E+00
 0.110073946E+00 0.104669966E+00 0.992592722E-01 0.938418284E-01 0.884187147E-01
 0.829922482E-01 0.775661394E-01 0.721455887E-01 0.667373464E-01 0.613498278E-01
 0.559932105E-01 0.506795421E-01 0.454228818E-01 0.402394719E-01 0.351476334E-01
 0.301676597E-01 0.253167190E-01 0.206149928E-01 0.161043406E-01 0.117779737E-01
 0.758493878E-02 0.386502617E-02 0.557728345E-03-0.235737860E-02-0.487828255E-02
-0.698066410E-02-0.859584473E-02-0.969007611E-02-0.102396505E-01-0.102220373E-01
-0.961256027E-02-0.838276930E-02-0.649919547E-02-0.392242149E-02-0.607653288E-03
 0.348913227E-02 0.838772953E-02 0.142091550E-01 0.204571262E-01 0.271515474E-01
 0.343188941E-01 0.419859067E-01 0.501773618E-01 0.589143671E-01 0.682119876E-01
 0.780758709E-01 0.884977728E-01 0.994498506E-01 0.110877931E+00 0.122693591E+00
 0.134765819E+00 0.146913201E+00 0.158899918E+00 0.170440152E+00 0.181217015E+00
 0.168153822E+00 0.167095408E+00 0.162338555E+00 0.156450465E+00 0.150780395E+00
 0.145253539E+00 0.139822468E+00 0.134458393E+00 0.129143015E+00 0.123863921E+00
 0.118612476E+00 0.113382608E+00 0.108170316E+00 0.102973342E+00 0.977910236E-01
 0.926242322E-01 0.874753147E-01 0.823481306E-01 0.772480145E-01 0.721818134E-01
 0.671579242E-01 0.621863045E-01 0.572785176E-01 0.524477176E-01 0.477085635E-01
 0.430770628E-01 0.385702811E-01 0.342071839E-01 0.300093461E-01 0.259966068E-01
 0.221951250E-01 0.186611526E-01 0.154104829E-01 0.124391206E-01 0.972277578E-02
 0.719823083E-02 0.524333538E-02 0.379828387E-02 0.284465076E-02 0.238432665E-02
 0.243098149E-02 0.300743547E-02 0.414675102E-02 0.589738134E-02 0.833553635E-02
 0.115934862E-01 0.152250165E-01 0.193132851E-01 0.238336194E-01 0.287822001E-01
 0.341683440E-01 0.400091000E-01 0.463252366E-01 0.531376787E-01 0.604635812E-01
 0.683118030E-01 0.766776651E-01 0.855372399E-01 0.948416591E-01 0.104512058E+00
 0.114436060E+00 0.124466829E+00 0.134426147E+00 0.144112512E+00 0.153314754E+00
 0.174724191E+00 0.174003676E+00 0.169498324E+00 0.163708255E+00 0.158086821E+00
 0.152613908E+00 0.147261038E+00 0.142003730E+00 0.136822432E+00 0.131702021E+00
 0.126631021E+00 0.121601030E+00 0.116606079E+00 0.111642323E+00 0.106707752E+00
 0.101802014E+00 0.969262570E-01 0.920830742E-01 0.872764140E-01 0.825115666E-01
 0.777951255E-01 0.731349811E-01 0.685403049E-01 0.640215054E-01 0.595902242E-01
 0.552592799E-01 0.510426871E-01 0.469557680E-01 0.430152342E-01 0.392390601E-01
 0.356473364E-01 0.322623439E-01 0.291011911E-01 0.261770394E-01 0.235037804E-01
 0.211066026E-01 0.190493036E-01 0.173575357E-01 0.160450172E-01 0.151229622E-01
 0.146033904E-01 0.145001849E-01 0.148290945E-01 0.156064136E-01 0.168443359E-01
 0.185373276E-01 0.206242055E-01 0.230844188E-01 0.259068273E-01 0.290917996E-01
 0.326509215E-01 0.366056971E-01 0.409855582E-01 0.458249301E-01 0.511591174E-01
 0.570187047E-01 0.634227991E-01 0.703716353E-01 0.778396726E-01 0.857703686E-01
 0.940736905E-01 0.102627315E+00 0.111281790E+00 0.119869605E+00 0.128217161E+00
 0.180173993E+00 0.179787755E+00 0.175340533E+00 0.169746637E+00 0.164319798E+00
 0.159034073E+00 0.153869972E+00 0.148808122E+00 0.143831238E+00 0.138924956E+00
 0.134077907E+00 0.129281402E+00 0.124529108E+00 0.119816735E+00 0.115141757E+00
 0.110503167E+00 0.105901353E+00 0.101337954E+00 0.968157873E-01 0.923387408E-01
 0.879117548E-01 0.835407823E-01 0.792327523E-01 0.749955103E-01 0.708378553E-01
 0.667694658E-01 0.628009215E-01 0.589436740E-01 0.552100725E-01 0.516132638E-01
 0.481671281E-01 0.448859148E-01 0.417834111E-01 0.388732888E-01 0.361704938E-01
 0.336931311E-01 0.314628817E-01 0.294965860E-01 0.278063212E-01 0.264008995E-01
 0.252869949E-01 0.244696457E-01 0.239520650E-01 0.237347223E-01 0.238136053E-01
 0.241779964E-01 0.248102788E-01 0.256979112E-01 0.268361699E-01 0.282308180E-01
 0.299003460E-01 0.318777040E-01 0.342110917E-01 0.369630754E-01 0.402070321E-01
 0.440199673E-01 0.484717675E-01 0.536121204E-01 0.594578162E-01 0.659831986E-01
 0.731157884E-01 0.807380602E-01 0.886953697E-01 0.968091413E-01 0.104893237E+00
 0.184164315E+00 0.183977023E+00 0.179955378E+00 0.174655735E+00 0.169517457E+00
 0.164520204E+00 0.159639984E+00 0.154856324E+00 0.150152877E+00 0.145516917E+00
 0.140938714E+00 0.136411026E+00 0.131928593E+00 0.127487853E+00 0.123086661E+00
 0.118724130E+00 0.114400402E+00 0.110116616E+00 0.105874740E+00 0.101677559E+00
 0.975285619E-01 0.934319347E-01 0.893925130E-01 0.854157433E-01 0.815076753E-01
 0.776749179E-01 0.739246532E-01 0.702645853E-01 0.667029247E-01 0.632482991E-01
 0.599096753E-01 0.566962101E-01 0.536170974E-01 0.506815873E-01 0.478991419E-01
 0.452794544E-01 0.428318605E-01 0.405638553E-01 0.384803899E-01 0.365837179E-01
 0.348733775E-01 0.333461687E-01 0.319959670E-01 0.308134891E-01 0.297861826E-01
 0.288986508E-01 0.281343758E-01 0.274794381E-01 0.269263536E-01 0.264784098E-01
 0.261547752E-01 0.259964485E-01 0.260725562E-01 0.264855660E-01 0.273723025E-01
 0.288962126E-01 0.312274750E-01 0.345133245E-01 0.388478786E-01 0.442510396E-01
 0.506597869E-01 0.579306446E-01 0.658530742E-01 0.741745457E-01 0.826340318E-01
 0.187067613E+00 0.187052831E+00 0.183346018E+00 0.178438678E+00 0.173715755E+00
 0.169121474E+00 0.164620027E+00 0.160191178E+00 0.155822605E+00 0.151506111E+00
 0.147235960E+00 0.143008143E+00 0.138819829E+00 0.134669259E+00 0.130555540E+00
 0.126478478E+00 0.122438543E+00 0.118436754E+00 0.114474602E+00 0.110553995E+00
 0.106677212E+00 0.102846846E+00 0.990657806E-01 0.953371674E-01 0.916644186E-01
 0.880511850E-01 0.845013410E-01 0.810189992E-01 0.776084661E-01 0.742742121E-01
 0.710208118E-01 0.678528547E-01 0.647748485E-01 0.617910847E-01 0.589055046E-01
 0.561214201E-01 0.534410551E-01 0.508649424E-01 0.483913608E-01 0.460158996E-01
 0.437310599E-01 0.415259264E-01 0.393858291E-01 0.372921415E-01 0.352222919E-01
 0.331502296E-01 0.310476460E-01 0.288861971E-01 0.266408585E-01 0.242949240E-01
 0.218474511E-01 0.193243288E-01 0.167943146E-01 0.143907936E-01 0.123361871E-01
 0.109538138E-01 0.106345937E-01 0.117444117E-01 0.145292636E-01 0.190779287E-01
 0.253242087E-01 0.330517255E-01 0.419003889E-01 0.514080450E-01 0.611087345E-01
 0.188560992E+00 0.188519925E+00 0.185230061E+00 0.181109741E+00 0.177035749E+00
 0.172974586E+00 0.168932721E+00 0.164914683E+00 0.160922989E+00 0.156958982E+00
 0.153023407E+00 0.149116814E+00 0.145239770E+00 0.141392931E+00 0.137577131E+00
 0.133793354E+00 0.130042762E+00 0.126326561E+00 0.122646026E+00 0.119002439E+00
 0.115397029E+00 0.111830927E+00 0.108305193E+00 0.104820751E+00 0.101378426E+00
 0.979789421E-01 0.946229324E-01 0.913110003E-01 0.880436823E-01 0.848215073E-01
 0.816449597E-01 0.785144269E-01 0.754301101E-01 0.723918974E-01 0.693991408E-01
 0.664503202E-01 0.635426715E-01 0.606716275E-01 0.578303002E-01 0.550088584E-01
 0.521938987E-01 0.493678153E-01 0.465081111E-01 0.435867570E-01 0.405695587E-01
 0.374157578E-01 0.340778753E-01 0.305020902E-01 0.266295280E-01 0.223991200E-01
 0.177533533E-01 0.126492288E-01 0.707864575E-02 0.110723218E-02-0.504598394E-02
-0.108357025E-01-0.152074806E-01-0.171109401E-01-0.160995852E-01-0.120942798E-01
-0.518515985E-02 0.436455477E-02 0.159656014E-01 0.284927078E-01 0.407646187E-01
 0.189373046E+00 0.189112797E+00 0.186658472E+00 0.183359012E+00 0.179904148E+00
 0.176362842E+00 0.172778666E+00 0.169175938E+00 0.165568843E+00 0.161966279E+00
 0.158374310E+00 0.154797405E+00 0.151239127E+00 0.147702485E+00 0.144190133E+00
 0.140704378E+00 0.137247220E+00 0.133820295E+00 0.130424857E+00 0.127061710E+00
 0.123731166E+00 0.120433018E+00 0.117166512E+00 0.113930352E+00 0.110722728E+00
 0.107541367E+00 0.104383580E+00 0.101246372E+00 0.981265008E-01 0.950205997E-01
 0.919251963E-01 0.888367966E-01 0.857518017E-01 0.826664194E-01 0.795764774E-01
 0.764770731E-01 0.733621716E-01 0.702240467E-01 0.670526177E-01 0.638347194E-01
 0.605532005E-01 0.571859777E-01 0.537049137E-01 0.500745140E-01 0.462504476E-01
 0.421777591E-01 0.377887227E-01 0.330002755E-01 0.277110338E-01 0.217980072E-01
 0.151136592E-01 0.748444162E-02-0.128755195E-02-0.114199277E-01-0.231548063E-01
-0.368594751E-01-0.484283268E-01-0.540224612E-01-0.546621308E-01-0.508859791E-01
-0.422754996E-01-0.292326864E-01-0.111093279E-01 0.825829152E-02 0.240745135E-01
 0.191144928E+00 0.191074312E+00 0.188788116E+00 0.185771316E+00 0.182681873E+00
 0.179532409E+00 0.176338688E+00 0.173114866E+00 0.169872314E+00 0.166620016E+00
 0.163365334E+00 0.160114482E+00 0.156872943E+00 0.153645560E+00 0.150436580E+00
 0.147249654E+00 0.144087791E+00 0.140953183E+00 0.137847260E+00 0.134770483E+00
 0.131722361E+00 0.128701374E+00 0.125704929E+00 0.122729428E+00 0.119770251E+00
 0.116821855E+00 0.113877937E+00 0.110931553E+00 0.107975379E+00 0.105001889E+00
 0.102003589E+00 0.989731625E-01 0.959035903E-01 0.927881300E-01 0.896201506E-01
 0.863928795E-01 0.830988809E-01 0.797294974E-01 0.762740374E-01 0.727188662E-01
 0.690463483E-01 0.652335882E-01 0.612510182E-01 0.570606068E-01 0.526137054E-01
 0.478481874E-01 0.426846221E-01 0.370209217E-01 0.307246801E-01 0.236221626E-01
 0.154826175E-01 0.599715533E-02-0.524596311E-02-0.187823363E-01-0.352787711E-01
-0.536014326E-01-0.661163628E-01-0.727564991E-01-0.739224032E-01-0.693707690E-01
-0.592517927E-01-0.426162332E-01-0.205542725E-01-0.110594009E-02 0.152412429E-01
 0.192862913E+00 0.192989543E+00 0.190889463E+00 0.188143253E+00 0.185363129E+00
 0.182547241E+00 0.179698095E+00 0.176819682E+00 0.173917189E+00 0.170996606E+00
 0.168064475E+00 0.165127620E+00 0.162192881E+00 0.159266800E+00 0.156355366E+00
 0.153463781E+00 0.150596261E+00 0.147755861E+00 0.144944370E+00 0.142162114E+00
 0.139407918E+00 0.136678979E+00 0.133970842E+00 0.131277382E+00 0.128590822E+00
 0.125901893E+00 0.123199992E+00 0.120473526E+00 0.117710240E+00 0.114897728E+00
 0.112023816E+00 0.109077059E+00 0.106047057E+00 0.102924630E+00 0.997017771E-01
 0.963714570E-01 0.929270387E-01 0.893615931E-01 0.856669471E-01 0.818326399E-01
 0.778446496E-01 0.736840740E-01 0.693256035E-01 0.647357553E-01 0.598707311E-01
 0.546735860E-01 0.490704216E-01 0.429647863E-01 0.362291485E-01 0.286911596E-01
 0.201102737E-01 0.101359058E-01-0.176764256E-02-0.164306890E-01-0.348341502E-01
-0.505028069E-01-0.610513426E-01-0.666502193E-01-0.671913177E-01-0.626297072E-01
-0.518311150E-01-0.340185054E-01-0.152226966E-01 0.984744169E-03 0.151161011E-01
 0.194281220E+00 0.194596604E+00 0.192821756E+00 0.190363973E+00 0.187895343E+00
 0.185407758E+00 0.182892591E+00 0.180345371E+00 0.177766144E+00 0.175158784E+00
 0.172530055E+00 0.169888392E+00 0.167243004E+00 0.164603010E+00 0.161976904E+00
 0.159372061E+00 0.156794414E+00 0.154248312E+00 0.151736200E+00 0.149258599E+00
 0.146813825E+00 0.144397944E+00 0.142004609E+00 0.139624923E+00 0.137247518E+00
 0.134858608E+00 0.132442206E+00 0.129980668E+00 0.127455235E+00 0.124846883E+00
 0.122137249E+00 0.119309559E+00 0.116349421E+00 0.113245361E+00 0.109989025E+00
 0.106574975E+00 0.103000022E+00 0.992622897E-01 0.953599364E-01 0.912898555E-01
 0.870462134E-01 0.826191306E-01 0.779933259E-01 0.731468126E-01 0.680495650E-01
 0.626620501E-01 0.569334514E-01 0.507995151E-01 0.441797227E-01 0.369735248E-01
 0.290549900E-01 0.202638712E-01 0.103822872E-01-0.100097212E-02-0.131649747E-01
-0.228149518E-01-0.296429079E-01-0.333542712E-01-0.338918231E-01-0.307087786E-01
-0.236083381E-01-0.120770251E-01-0.400500721E-03 0.108308755E-01 0.213998649E-01
 0.195496976E+00 0.196036384E+00 0.194489643E+00 0.192360699E+00 0.190252945E+00
 0.188130602E+00 0.185968697E+00 0.183754489E+00 0.181486204E+00 0.179170117E+00
 0.176817447E+00 0.174441904E+00 0.172057852E+00 0.169679016E+00 0.167317748E+00
 0.164984524E+00 0.162687689E+00 0.160433292E+00 0.158224940E+00 0.156063661E+00
 0.153947711E+00 0.151872352E+00 0.149829522E+00 0.147807613E+00 0.145791188E+00
 0.143760994E+00 0.141694054E+00 0.139564320E+00 0.137343556E+00 0.135002822E+00
 0.132514209E+00 0.129852742E+00 0.126998156E+00 0.123936154E+00 0.120659009E+00
 0.117165349E+00 0.113459162E+00 0.109548137E+00 0.105441719E+00 0.101149075E+00
 0.966773033E-01 0.920299739E-01 0.872060657E-01 0.821994022E-01 0.769984722E-01
 0.715866908E-01 0.659432858E-01 0.600452647E-01 0.538711697E-01 0.474087670E-01
 0.406709537E-01 0.337303542E-01 0.267977957E-01 0.203785449E-01 0.150256893E-01
 0.101601705E-01 0.625590840E-02 0.387143390E-02 0.323995925E-02 0.427962514E-02
 0.660160603E-02 0.107677411E-01 0.167404562E-01 0.236068685E-01 0.307864156E-01
 0.196110591E+00 0.196877494E+00 0.195716411E+00 0.194076017E+00 0.192469344E+00
 0.190805599E+00 0.189039588E+00 0.187159985E+00 0.185176477E+00 0.183109626E+00
 0.180984318E+00 0.178825915E+00 0.176658005E+00 0.174501389E+00 0.172373548E+00
 0.170288727E+00 0.168257907E+00 0.166289091E+00 0.164387330E+00 0.162554681E+00
 0.160790041E+00 0.159088701E+00 0.157441795E+00 0.155835643E+00 0.154250994E+00
 0.152662396E+00 0.151037917E+00 0.149339542E+00 0.147524387E+00 0.145547107E+00
 0.143363327E+00 0.140933558E+00 0.138227075E+00 0.135224894E+00 0.131921142E+00
 0.128322706E+00 0.124447107E+00 0.120319135E+00 0.115966983E+00 0.111418664E+00
 0.106699236E+00 0.101829112E+00 0.968233868E-01 0.916921049E-01 0.864411741E-01
 0.810740292E-01 0.755940750E-01 0.700081661E-01 0.643318221E-01 0.585966818E-01
 0.528611131E-01 0.472227968E-01 0.418266244E-01 0.368489735E-01 0.324488953E-01
 0.287536941E-01 0.259093456E-01 0.240706038E-01 0.233425312E-01 0.237577017E-01
 0.253025405E-01 0.279362258E-01 0.315330140E-01 0.358639807E-01 0.406732373E-01
 0.195527673E+00 0.196400374E+00 0.196199700E+00 0.195585936E+00 0.194793388E+00
 0.193724379E+00 0.192367733E+00 0.190768287E+00 0.188984081E+00 0.187071666E+00
 0.185081914E+00 0.183058366E+00 0.181036949E+00 0.179046258E+00 0.177108541E+00
 0.175240725E+00 0.173455551E+00 0.171762303E+00 0.170167401E+00 0.168674469E+00
 0.167284191E+00 0.165993720E+00 0.164795712E+00 0.163676918E+00 0.162616432E+00
 0.161583707E+00 0.160536736E+00 0.159420997E+00 0.158170283E+00 0.156710282E+00
 0.154965296E+00 0.152867094E+00 0.150363892E+00 0.147427291E+00 0.144055590E+00
 0.140272811E+00 0.136123404E+00 0.131664306E+00 0.126955956E+00 0.122055098E+00
 0.117010392E+00 0.111860812E+00 0.106636211E+00 0.101359069E+00 0.960468650E-01
 0.907147527E-01 0.853785574E-01 0.800580233E-01 0.747805759E-01 0.695852339E-01
 0.645263791E-01 0.596758425E-01 0.551215559E-01 0.509613901E-01 0.472947396E-01
 0.442168005E-01 0.418154933E-01 0.401652753E-01 0.393174775E-01 0.392930321E-01
 0.400799215E-01 0.416316651E-01 0.438658223E-01 0.466691144E-01 0.499121547E-01
 0.194801569E+00 0.195877984E+00 0.196798667E+00 0.197617501E+00 0.198203996E+00
 0.197597370E+00 0.196420684E+00 0.194867447E+00 0.193068400E+00 0.191124320E+00
 0.189115286E+00 0.187103301E+00 0.185134009E+00 0.183239460E+00 0.181441754E+00
 0.179756224E+00 0.178194016E+00 0.176763684E+00 0.175472200E+00 0.174325302E+00
 0.173327267E+00 0.172480345E+00 0.171783313E+00 0.171229422E+00 0.170803115E+00
 0.170475617E+00 0.170199111E+00 0.169900656E+00 0.169478104E+00 0.168802962E+00
 0.167734027E+00 0.166140035E+00 0.163922921E+00 0.161033928E+00 0.157480791E+00
 0.153325900E+00 0.148673579E+00 0.143647909E+00 0.138368934E+00 0.132936910E+00
 0.127427578E+00 0.121894740E+00 0.116375461E+00 0.110895611E+00 0.105474427E+00
 0.100128330E+00 0.948740691E-01 0.897313580E-01 0.847252160E-01 0.798877850E-01
 0.752595440E-01 0.708893239E-01 0.668330714E-01 0.631511062E-01 0.599046201E-01
 0.571518727E-01 0.549443923E-01 0.533229560E-01 0.523136184E-01 0.519244559E-01
 0.521436073E-01 0.529388264E-01 0.542588457E-01 0.560370460E-01 0.581971519E-01
 0.194738165E+00 0.196193457E+00 0.197826698E+00 0.199764699E+00 0.201965451E+00
 0.202683464E+00 0.201607227E+00 0.199640915E+00 0.197467163E+00 0.195205733E+00
 0.192962065E+00 0.190810919E+00 0.188794628E+00 0.186933458E+00 0.185236365E+00
 0.183707908E+00 0.182351708E+00 0.181172326E+00 0.180176020E+00 0.179371029E+00
 0.178767562E+00 0.178377196E+00 0.178211927E+00 0.178282037E+00 0.178592518E+00
 0.179136604E+00 0.179884508E+00 0.180764198E+00 0.181633934E+00 0.182259783E+00
 0.182339311E+00 0.181585535E+00 0.179799840E+00 0.176892459E+00 0.172886759E+00
 0.167929649E+00 0.162279099E+00 0.156228155E+00 0.150013342E+00 0.143785968E+00
 0.137631550E+00 0.131595567E+00 0.125701517E+00 0.119961798E+00 0.114384137E+00
 0.108975366E+00 0.103743903E+00 0.987013727E-01 0.938636959E-01 0.892517865E-01
 0.848917291E-01 0.808142945E-01 0.770539567E-01 0.736472160E-01 0.706305280E-01
 0.680379272E-01 0.658985674E-01 0.642343387E-01 0.630577132E-01 0.623700842E-01
 0.621608458E-01 0.624073818E-01 0.630760193E-01 0.641240254E-01 0.655023083E-01
 0.194472343E+00 0.196131706E+00 0.198062316E+00 0.200409308E+00 0.203290254E+00
 0.205163866E+00 0.205587611E+00 0.204513878E+00 0.201950118E+00 0.198973387E+00
 0.196242660E+00 0.193837300E+00 0.191734344E+00 0.189899907E+00 0.188307837E+00
 0.186941192E+00 0.185791075E+00 0.184855804E+00 0.184140161E+00 0.183655351E+00
 0.183419079E+00 0.183455855E+00 0.183797136E+00 0.184481427E+00 0.185554028E+00
 0.187065408E+00 0.189065382E+00 0.191586033E+00 0.194584712E+00 0.197719589E+00
 0.200032949E+00 0.200769290E+00 0.199667171E+00 0.196618721E+00 0.191593468E+00
 0.184754387E+00 0.176872954E+00 0.168935925E+00 0.161294609E+00 0.154013813E+00
 0.147086680E+00 0.140489012E+00 0.134195447E+00 0.128184631E+00 0.122440569E+00
 0.116952695E+00 0.111715749E+00 0.106729507E+00 0.101998627E+00 0.975322798E-01
 0.933437422E-01 0.894496813E-01 0.858692303E-01 0.826227516E-01 0.797304511E-01
 0.772108510E-01 0.750792250E-01 0.733461455E-01 0.720162541E-01 0.710873008E-01
 0.705497265E-01 0.703866109E-01 0.705742911E-01 0.710833743E-01 0.718801618E-01
 0.193715230E+00 0.195381686E+00 0.197207555E+00 0.199195474E+00 0.201330319E+00
 0.203543127E+00 0.205280155E+00 0.205558881E+00 0.204231828E+00 0.201169610E+00
 0.198083699E+00 0.195611566E+00 0.193578392E+00 0.191885859E+00 0.190477744E+00
 0.189321637E+00 0.188400626E+00 0.187709242E+00 0.187251836E+00 0.187042236E+00
 0.187104627E+00 0.187476486E+00 0.188208714E+00 0.189367980E+00 0.191043437E+00
 0.193356022E+00 0.196474016E+00 0.200642020E+00 0.206245646E+00 0.213869333E+00
 0.219600871E+00 0.222178817E+00 0.221984565E+00 0.218771785E+00 0.212409392E+00
 0.202429920E+00 0.190270960E+00 0.179958597E+00 0.170855820E+00 0.162618905E+00
 0.155042946E+00 0.147998273E+00 0.141400099E+00 0.135191604E+00 0.129333928E+00
 0.123800300E+00 0.118572772E+00 0.113640226E+00 0.108997159E+00 0.104642741E+00
 0.100580007E+00 0.968150198E-01 0.933559686E-01 0.902122036E-01 0.873931795E-01
 0.849074200E-01 0.827614665E-01 0.809589475E-01 0.794998035E-01 0.783796906E-01
 0.775897205E-01 0.771164373E-01 0.769420937E-01 0.770452246E-01 0.774014145E-01
 0.192561299E+00 0.194281518E+00 0.195971623E+00 0.197557792E+00 0.199006975E+00
 0.200306103E+00 0.201431826E+00 0.202328503E+00 0.202243954E+00 0.200128719E+00
 0.197711751E+00 0.195737049E+00 0.194107637E+00 0.192762077E+00 0.191665009E+00
 0.190794334E+00 0.190137848E+00 0.189692035E+00 0.189462051E+00 0.189462528E+00
 0.189719051E+00 0.190276727E+00 0.191195861E+00 0.192553788E+00 0.194456100E+00
 0.197048113E+00 0.200535610E+00 0.205221072E+00 0.211562067E+00 0.220089316E+00
 0.226723358E+00 0.229958817E+00 0.230134606E+00 0.227098644E+00 0.220603406E+00
 0.210104898E+00 0.197354987E+00 0.186536446E+00 0.177078590E+00 0.168584526E+00
 0.160816014E+00 0.153630883E+00 0.146940693E+00 0.140686244E+00 0.134824827E+00
 0.129324406E+00 0.124160796E+00 0.119316198E+00 0.114778228E+00 0.110539004E+00
 0.106594361E+00 0.102943033E+00 0.995858386E-01 0.965248644E-01 0.937626287E-01
 0.913013369E-01 0.891421139E-01 0.872843564E-01 0.857252181E-01 0.844592005E-01
 0.834779665E-01 0.827702731E-01 0.823221132E-01 0.821170360E-01 0.821365342E-01
 0.614667714E+00 0.627785385E+00 0.636742771E+00 0.647608221E+00 0.659058928E+00
 0.671202302E+00 0.683802009E+00 0.696971297E+00 0.710650742E+00 0.724887848E+00
 0.739735723E+00 0.755033195E+00 0.770838141E+00 0.787376404E+00 0.804641306E+00
 0.822808087E+00 0.841742277E+00 0.861347735E+00 0.881743312E+00 0.903119385E+00
 0.925417721E+00 0.948757768E+00 0.973135233E+00 0.998594701E+00 0.102521145E+01
 0.105301797E+01 0.108218479E+01 0.111280739E+01 0.114493597E+01 0.117863119E+01
 0.121396470E+01 0.125098825E+01 0.129001939E+01 0.133127725E+01 0.137467194E+01
 0.142022717E+01 0.146821630E+01 0.151910949E+01 0.157294226E+01 0.162983930E+01
 0.168977904E+01 0.175338280E+01 0.182111418E+01 0.189281499E+01 0.196862411E+01
 0.204969239E+01 0.213557386E+01 0.222712922E+01 0.232441044E+01 0.242860222E+01
 0.253906775E+01 0.265697336E+01 0.278371716E+01 0.291804433E+01 0.306188393E+01
 0.321662760E+01 0.338102698E+01 0.355964303E+01 0.375101233E+01 0.396119142E+01
 0.419262743E+01 0.445080900E+01 0.475131226E+01 0.516144753E+01 0.673900223E+01
   86  117
 0.110850215E+01-0.200000003E+00 0.109406817E+01-0.150000006E+00 0.108075845E+01
-0.500000007E-01 0.108920169E+01 0.500000007E-01 0.110562503E+01 0.108605534E+00
 0.113218749E+01 0.172778353E+00 0.115875006E+01 0.224788189E+00 0.118531251E+01
 0.270627886E+00 0.121187496E+01 0.312537581E+00 0.123843753E+01 0.351397902E+00
 0.127525878E+01 0.400000006E+00 0.131620777E+01 0.449999988E+00 0.134468746E+01
 0.481357455E+00 0.137125003E+01 0.509329617E+00 0.141368115E+01 0.550000012E+00
 0.145093751E+01 0.582556129E+00 0.147749996E+01 0.604206741E+00 0.153062499E+01
 0.642289639E+00 0.155718756E+01 0.660002768E+00 0.161031246E+01 0.690629721E+00
 0.163687503E+01 0.704768360E+00 0.169000006E+01 0.728346765E+00 0.174312496E+01
 0.747450531E+00 0.176968753E+01 0.756399214E+00 0.182281256E+01 0.769101322E+00
 0.187593746E+01 0.775881708E+00 0.192906249E+01 0.775976598E+00 0.198218751E+01
 0.765866160E+00 0.201399040E+01 0.750000000E+00 0.206187510E+01 0.704318583E+00
 0.208843756E+01 0.658752680E+00 0.211227703E+01 0.600000024E+00 0.213077974E+01
 0.550000012E+00 0.214836144E+01 0.500000000E+00 0.216812491E+01 0.441203982E+00
 0.219468760E+01 0.362902701E+00 0.221486902E+01 0.300000012E+00 0.223092747E+01
 0.250000000E+00 0.224781251E+01 0.191514418E+00 0.226918983E+01 0.100000001E+00
 0.227688909E+01 0.500000007E-01 0.227980304E+01-0.500000007E-01 0.227437496E+01
-0.104975559E+00 0.225546360E+01-0.200000003E+00 0.224148178E+01-0.250000000E+00
 0.222125006E+01-0.314361721E+00 0.219468760E+01-0.388037324E+00 0.217053866E+01
-0.449999988E+00 0.214871716E+01-0.500000000E+00 0.212476158E+01-0.550000012E+00
 0.209833884E+01-0.600000024E+00 0.206913137E+01-0.649999976E+00 0.203690124E+01
-0.699999988E+00 0.200874996E+01-0.739270985E+00 0.198218751E+01-0.775134444E+00
 0.195562506E+01-0.809205830E+00 0.192129064E+01-0.850000024E+00 0.188014233E+01
-0.899999976E+00 0.184937501E+01-0.935993195E+00 0.182281256E+01-0.966940463E+00
 0.179188371E+01-0.100000000E+01 0.174941790E+01-0.104999995E+01 0.171656251E+01
-0.108851659E+01 0.169000006E+01-0.112120605E+01 0.164574826E+01-0.116668451E+01
 0.162805891E+01-0.118741727E+01 0.160521138E+01-0.114999998E+01 0.157509446E+01
-0.110000002E+01 0.154596531E+01-0.104999995E+01 0.151721644E+01-0.100000000E+01
 0.148861980E+01-0.949999988E+00 0.146007740E+01-0.899999976E+00 0.143157434E+01
-0.850000024E+00 0.140315711E+01-0.800000012E+00 0.137491477E+01-0.750000000E+00
 0.134696054E+01-0.699999988E+00 0.131941497E+01-0.649999976E+00 0.129239190E+01
-0.600000024E+00 0.126598907E+01-0.550000012E+00 0.124028349E+01-0.500000000E+00
 0.121533513E+01-0.449999988E+00 0.119120491E+01-0.400000006E+00 0.116800380E+01
-0.349999994E+00 0.114599121E+01-0.300000012E+00 0.112575197E+01-0.250000000E+00
 0.110850215E+01-0.200000003E+00
 0.101600003E+01 0.000000000E+00 0.101600003E+01 0.963999987E+00 0.101600003E+01
 0.967999995E+00 0.101600003E+01 0.100100005E+01 0.101600003E+01 0.101900005E+01
 0.101600003E+01 0.107700002E+01 0.101600003E+01 0.107000005E+01 0.101600003E+01
 0.109599996E+01 0.101600003E+01 0.111300004E+01 0.101600003E+01 0.113800001E+01
 0.101600003E+01 0.114699996E+01 0.101199996E+01 0.116499996E+01 0.100100005E+01
 0.121700001E+01 0.102900004E+01 0.121700001E+01 0.104200006E+01 0.116240001E+01
 0.104600000E+01 0.116237998E+01 0.105599999E+01 0.116260004E+01 0.109700000E+01
 0.116450000E+01 0.110800004E+01 0.116594005E+01 0.111600006E+01 0.116591001E+01
 0.113399994E+01 0.116895998E+01 0.114800000E+01 0.117174995E+01 0.116199994E+01
 0.117556000E+01 0.118099999E+01 0.118299997E+01 0.118200004E+01 0.118350005E+01
 0.118499994E+01 0.118499994E+01 0.119000006E+01 0.118799996E+01 0.119500005E+01
 0.119099998E+01 0.120099998E+01 0.119599998E+01 0.120899999E+01 0.120200002E+01
 0.121500003E+01 0.120799994E+01 0.122200000E+01 0.121399999E+01 0.122800004E+01
 0.122099996E+01 0.123399997E+01 0.123099995E+01 0.123899996E+01 0.123800004E+01
 0.124199998E+01 0.124399996E+01 0.124800003E+01 0.125399995E+01 0.125800002E+01
 0.127800000E+01 0.126300001E+01 0.128999996E+01 0.127999997E+01 0.133099997E+01
 0.127999997E+01 0.134700000E+01 0.127999997E+01 0.134800005E+01 0.130999994E+01
 0.134800005E+01 0.132799995E+01 0.134800005E+01 0.136099994E+01 0.134800005E+01
 0.138000000E+01 0.134800005E+01 0.141900003E+01 0.134800005E+01 0.141900003E+01
 0.130999994E+01 0.137199998E+01 0.130999994E+01 0.137167001E+01 0.129237998E+01
 0.137003005E+01 0.128268003E+01 0.136688006E+01 0.125644004E+01 0.136719000E+01
 0.122955000E+01 0.137178004E+01 0.119576001E+01 0.137223995E+01 0.119402003E+01
 0.138662004E+01 0.116487002E+01 0.138707995E+01 0.116420996E+01 0.140382004E+01
 0.115696001E+01 0.141127002E+01 0.115730000E+01 0.141857004E+01 0.116131997E+01
 0.142100000E+01 0.116400003E+01 0.148662996E+01 0.124049997E+01 0.149730003E+01
 0.123458004E+01 0.149761999E+01 0.123427999E+01 0.149744999E+01 0.123174000E+01
 0.149275005E+01 0.121329999E+01 0.149259996E+01 0.121061003E+01 0.149260998E+01
 0.120485997E+01 0.149278998E+01 0.120213997E+01 0.149339998E+01 0.119641995E+01
 0.149469995E+01 0.118510997E+01 0.149621999E+01 0.116069996E+01 0.147981000E+01
 0.112425995E+01 0.148081994E+01 0.112256002E+01 0.148149002E+01 0.112137997E+01
 0.148645997E+01 0.111691999E+01 0.149094999E+01 0.111439002E+01 0.150304997E+01
 0.111243999E+01 0.159696996E+01 0.109489000E+01 0.162549996E+01 0.108529997E+01
 0.163751996E+01 0.107988000E+01 0.164699996E+01 0.107700002E+01 0.178499997E+01
 0.107700002E+01 0.206999993E+01 0.103999996E+01 0.212800002E+01 0.992999971E+00
 0.224499989E+01 0.708999991E+00 0.233956003E+01 0.461430013E+00 0.234707999E+01
 0.415829986E+00 0.234912992E+01 0.272179991E+00 0.235103011E+01 0.170179993E+00
 0.235157990E+01 0.701199993E-01 0.235124993E+01-0.317899995E-01 0.235050988E+01
-0.144350007E+00 0.234964991E+01-0.214829996E+00 0.234870005E+01-0.326689988E+00
 0.234759998E+01-0.386770010E+00 0.234019995E+01-0.453040004E+00 0.232942009E+01
-0.477569997E+00 0.213400006E+01-0.972999990E+00 0.178600001E+01-0.117400002E+01
 0.176800001E+01-0.121099997E+01 0.176800001E+01-0.125000000E+01 0.168200004E+01
-0.125000000E+01 0.137199998E+01-0.125000000E+01 0.137199998E+01-0.132900000E+01
 0.141999996E+01-0.132900000E+01 0.141999996E+01-0.136300004E+01 0.127300000E+01
-0.136300004E+01 0.115300000E+01-0.136300004E+01 0.101600003E+01-0.122300005E+01
 0.101600003E+01-0.122300005E+01 0.101600003E+01-0.829999983E+00 0.101600003E+01
-0.800000012E+00 0.101600003E+01-0.414999992E+00 0.101600003E+01-0.400000006E+00
 0.101600003E+01-0.100000005E-02 0.101600003E+01 0.000000000E+00
    0 0.170000005E+01    1
 0.000000000E+00 0.000000000E+00 0.000000000E+00 0.000000000E+00 0.000000000E+00
 0.000000000E+00 0.000000000E+00 0.000000000E+00 0.000000000E+00 0.000000000E+00
 0.000000000E+00 0.000000000E+00 0.000000000E+00 0.000000000E+00 0.000000000E+00
 0.000000000E+00 0.000000000E+00 0.000000000E+00 0.000000000E+00 0.000000000E+00
 0.000000000E+00 0.000000000E+00 0.000000000E+00 0.000000000E+00 0.000000000E+00
 0.000000000E+00 0.000000000E+00 0.000000000E+00 0.000000000E+00 0.000000000E+00
 0.000000000E+00 0.000000000E+00 0.000000000E+00 0.000000000E+00 0.000000000E+00
 0.000000000E+00 0.000000000E+00 0.000000000E+00 0.000000000E+00 0.000000000E+00
 0.000000000E+00 0.000000000E+00 0.000000000E+00 0.000000000E+00 0.000000000E+00
 0.000000000E+00 0.000000000E+00 0.000000000E+00 0.000000000E+00 0.000000000E+00
 0.000000000E+00 0.000000000E+00 0.000000000E+00 0.000000000E+00 0.000000000E+00
 0.000000000E+00 0.000000000E+00 0.000000000E+00 0.000000000E+00 0.000000000E+00
 0.000000000E+00 0.000000000E+00 0.000000000E+00 0.000000000E+00 0.000000000E+00
 0.000000000E+00 0.734529421E-01 0.104688346E+00 0.128925264E+00 0.149646968E+00
 0.168143198E+00 0.185134917E+00 0.200959206E+00 0.215919688E+00 0.230186328E+00
 0.243872568E+00 0.256043702E+00 0.268929183E+00 0.281477898E+00 0.293771684E+00
 0.305891573E+00 0.317803770E+00 0.329484433E+00 0.341065973E+00 0.352499217E+00
 0.363851905E+00 0.375158101E+00 0.386392415E+00 0.397584379E+00 0.408762366E+00
 0.419901758E+00 0.431060374E+00 0.442257315E+00 0.453475684E+00 0.464732736E+00
 0.476054549E+00 0.487417936E+00 0.498857528E+00 0.510432005E+00 0.522104025E+00
 0.533857465E+00 0.545729816E+00 0.557776392E+00 0.569967151E+00 0.582338035E+00
 0.594854236E+00 0.607561052E+00 0.620516300E+00 0.633676946E+00 0.647052228E+00
 0.660720706E+00 0.674617708E+00 0.688843668E+00 0.703352869E+00 0.718213022E+00
 0.733382344E+00 0.748942077E+00 0.764921129E+00 0.781267762E+00 0.798053205E+00
 0.815356255E+00 0.833074331E+00 0.851379514E+00 0.870190978E+00 0.889648378E+00
 0.909716010E+00 0.930516005E+00 0.952176690E+00 0.974982798E+00 0.100000000E+01
    1
 0.000000000E+00 0.000000000E+00 0.000000000E+00 0.000000000E+00 0.000000000E+00
 0.000000000E+00 0.000000000E+00 0.000000000E+00 0.000000000E+00 0.000000000E+00
 0.000000000E+00 0.000000000E+00 0.000000000E+00 0.000000000E+00 0.000000000E+00
 0.000000000E+00 0.000000000E+00 0.000000000E+00 0.000000000E+00 0.000000000E+00
 0.000000000E+00 0.000000000E+00 0.000000000E+00 0.000000000E+00 0.000000000E+00
 0.000000000E+00 0.000000000E+00 0.000000000E+00 0.000000000E+00 0.000000000E+00
 0.000000000E+00 0.000000000E+00 0.000000000E+00 0.000000000E+00 0.000000000E+00
 0.000000000E+00 0.000000000E+00 0.000000000E+00 0.000000000E+00 0.000000000E+00
 0.000000000E+00 0.000000000E+00 0.000000000E+00 0.000000000E+00 0.000000000E+00
 0.000000000E+00 0.000000000E+00 0.000000000E+00 0.000000000E+00 0.000000000E+00
 0.000000000E+00 0.000000000E+00 0.000000000E+00 0.000000000E+00 0.000000000E+00
 0.000000000E+00 0.000000000E+00 0.000000000E+00 0.000000000E+00 0.000000000E+00
 0.000000000E+00 0.000000000E+00 0.000000000E+00 0.000000000E+00 0.000000000E+00
&BASIS
 EE2BDRY= 32*0.00000000      ,
 EEBDRY= 32*0.00000000      ,
 EEKNT= 32*0.00000000      ,
 EETENS=  5.00000000    ,
 FF2BDRY= 64*0.00000000      ,
 FFBDRY=  4.55020428    , -13.0103874    ,  8.63004494    , 61*0.00000000      ,
 FFKNT= 64*0.00000000      ,
 FFTENS=  0.00000000    ,
 KEE2BDRY= 32*0          ,
 KEEBDRY= 32*0          ,
 KEEFNC=          0,
 KEEKNT=          0,
 KFF2BDRY= 64*0          ,
 KFFBDRY= 64*0          ,
 KFFFNC=          0,
 KFFKNT=          0,
 KPP2BDRY= 64*0          ,
 KPPBDRY= 64*0          ,
 KPPFNC=          0,
 KPPKNT=          0,
 KWW2BDRY= 64*0          ,
 KWWBDRY= 64*0          ,
 KWWFNC=          0,
 KWWKNT=          0,
 PP2BDRY= 64*0.00000000      ,
 PPBDRY=  430178.125    , -277989.688    , 62*0.00000000      ,
 PPKNT= 64*0.00000000      ,
 PPTENS=  0.00000000    ,
 WW2BDRY= 64*0.00000000      ,
 WWBDRY= -635.633301    , -37352.4258    , 62*0.00000000      ,
 WWKNT= 64*0.00000000      ,
 WWTENS=  0.00000000    ,
 /
